2.624296 600 150 16 -4 599.9733321 0.0266678519572 1 0
2.597265 584 146 16 -4 583.9726015 0.0273985456855 1 0
2.569483 568 142 16 -4 567.9718296 0.0281704112184 1 0
2.540907 552 138 16 -4 551.971013 0.0289870294346 1 0
2.511490 536 134 16 -4 535.9701476 0.0298524088924 1 0
2.481181 520 130 16 -4 519.9692289 0.0307710516493 1 0
2.449925 504 126 16 -4 503.968252 0.031748031622 1 0
2.417659 488 122 16 -4 487.9672109 0.0327890883695 1 0
2.384318 472 118 16 -4 471.9660993 0.033900739958 1 0
2.349827 456 114 16 -4 455.9649096 0.0350904195999 1 0
2.314103 440 110 16 -4 439.9636334 0.0363666421197 1 0
2.277056 424 106 16 -4 423.9622608 0.0377392081317 1 0
2.238582 408 102 16 -4 407.9607805 0.0392194562886 1 0
2.198569 392 98 16 -4 391.9591794 0.0408205773458 1 0
2.156887 376 94 16 -4 375.957442 0.0425580084683 1 0
2.113392 360 90 16 -4 359.9555501 0.0444499327681 1 0
2.067918 344 86 16 -4 343.9534821 0.0465179183626 1 0
2.020276 328 82 16 -4 327.9512123 0.0487877446464 1 0
1.970250 312 78 16 -4 311.9487095 0.0512904830566 1 0
1.917588 296 74 16 -4 295.9459361 0.0540639287446 1 0
1.861997 280 70 16 -4 279.9428455 0.0571545237128 1 0
1.803131 264 66 16 -4 263.93938 0.0606199802349 1 0
1.740580 248 62 16 -4 247.9354671 0.0645329213627 1 0
1.673851 232 58 16 -4 231.931014 0.0689860304845 1 0
1.602347 216 54 16 -4 215.9259005 0.0740994941437 1 0
1.525862 600 150 -48 12 600.0799893 -0.0799893361768 1 0
1.525328 200 50 16 -4 199.919968 0.0800320256256 1 0
1.498841 584 146 -48 12 584.0821802 -0.0821802164589 1 0
1.471069 568 142 -48 12 568.0844945 -0.0844944730352 1 0
1.442505 552 138 -48 12 552.0869428 -0.0869428277983 1 0
1.441874 184 46 16 -4 183.9130023 0.0869976553915 1 0
1.413100 536 134 -48 12 536.0895373 -0.0895372818566 1 0
1.382805 520 130 -48 12 520.0922913 -0.0922913121418 1 0
1.351564 504 126 -48 12 504.0952201 -0.0952201054197 1 0
1.350808 168 42 16 -4 167.9047079 0.0952921463879 1 0
1.319316 488 122 -48 12 488.0983408 -0.0983408382777 1 0
1.285993 472 118 -48 12 472.101673 -0.101673013979 1 0
1.251523 456 114 -48 12 456.1052389 -0.105238870132 1 0
1.250599 152 38 16 -4 151.8946638 0.105336155959 1 0
1.224806 592 148 -64 16 592.1080884 -0.108088373148 1 0
1.224441 592 148 64 -16 591.8918721 0.108127857489 1 0
1.215822 440 110 -48 12 440.1090639 -0.109063875162 1 0
1.197417 576 144 -64 16 576.1110897 -0.111089685906 1 0
1.197032 576 144 64 -16 575.8888674 0.111132552855 1 0
1.178799 424 106 -48 12 424.1131773 -0.113177337006 1 0
1.169258 560 140 -64 16 560.1142624 -0.114262400186 1 0
1.168850 560 140 64 -16 559.885691 0.114309047426 1 0
1.140354 408 102 -48 12 408.1176132 -0.117613154769 1 0
1.140282 544 136 -64 16 544.1176216 -0.117621627119 1 0
1.139850 544 136 64 -16 543.8823275 0.117672512537 1 0
1.139200 136 34 16 -4 135.882251 0.117749006091 1 0
1.110443 528 132 -64 16 528.1211843 -0.121184307507 1 0
1.109984 528 132 64 -16 527.87876 0.12123996047 1 0
1.100373 392 98 -48 12 392.1224108 -0.1224107541 1 0
1.079686 512 128 -64 16 512.1249695 -0.124969497314 1 0
1.079197 512 128 64 -16 511.8749695 0.125030532488 1 0
1.058727 376 94 -48 12 376.1276163 -0.127616260878 1 0
1.047953 496 124 -64 16 496.1289987 -0.128998708333 1 0
1.047433 496 124 64 -16 495.8709342 0.129065842725 1 0
1.015273 360 90 -48 12 360.133284 -0.133283987163 1 0
1.015181 480 120 -64 16 480.1332963 -0.133296316858 1 0
1.014681 600 150 80 -20 599.866637 0.133362976139 1 0
1.014625 480 120 64 -16 479.8666296 0.133370390961 1 0
1.013790 120 30 16 -4 119.8665182 0.133481811617 1 0
0.987640 584 146 80 -20 583.8629816 0.137018448725 1 0
0.981299 464 116 -64 16 464.1378901 -0.137890056751 1 0
0.980704 464 116 64 -16 463.8620279 0.137972060969 1 0
0.969846 344 86 -48 12 344.1394783 -0.1394783308 1 0
0.959847 568 142 80 -20 567.85912 0.140880012637 1 0
0.946229 448 112 -64 16 448.1428116 -0.14281161795 1 0
0.945591 448 112 64 -16 447.8570973 0.142902725868 1 0
0.931259 552 138 80 -20 551.8550344 0.144965606933 1 0
0.922258 328 82 -48 12 328.1462762 -0.146276229466 1 0
0.909885 432 108 -64 16 432.1480974 -0.148097377701 1 0
0.909199 432 108 64 -16 431.851801 0.148198988287 1 0
0.901829 536 134 80 -20 535.8507047 0.149295315469 1 0
0.872295 312 78 -48 12 312.1537704 -0.153770367545 1 0
0.872172 416 104 -64 16 416.1537893 -0.153789300123 1 0
0.871506 520 130 80 -20 519.8461083 0.153891697413 1 0
0.871432 416 104 64 -16 415.8460969 0.153903091735 1 0
0.870320 104 26 16 -4 103.8459256 0.154074412737 1 0
0.840235 504 126 80 -20 503.8412198 0.158780180845 1 0
0.832981 400 100 -64 16 400.1599361 -0.159936051149 1 0
0.832181 400 100 64 -16 399.8399359 0.160064051251 1 0
0.819706 296 74 -48 12 296.1620734 -0.162073419617 1 0
0.807953 488 122 80 -20 487.8360105 0.163989533949 1 0
0.792193 384 96 -64 16 384.1665944 -0.166594391429 1 0
0.791325 384 96 64 -16 383.8332609 0.166739067491 1 0
0.774593 472 118 80 -20 471.8304476 0.169552432261 1 0
0.764200 280 70 -48 12 280.1713237 -0.171323743482 1 0
0.749672 368 92 -64 16 368.1738309 -0.173830931541 1 0
0.748727 368 92 64 -16 367.8260047 0.173995310783 1 0
0.740081 456 114 80 -20 455.8244939 0.17550614563 1 0
0.705436 264 66 -48 12 264.1816931 -0.181693134866 1 0
0.705264 352 88 -64 16 352.1817244 -0.181724364362 1 0
0.704335 440 110 80 -20 439.8181066 0.181893375455 1 0
0.704231 352 88 64 -16 351.8180878 0.181912193313 1 0
0.702676 88 22 16 -4 87.8178046 0.182195399587 1 0
0.678742 600 150 -112 28 600.1866086 -0.1866086287 1 0
0.667262 424 106 80 -20 423.8112367 0.18876328202 1 0
0.658794 336 84 -64 16 336.1903683 -0.190368333029 1 0
0.657661 336 84 64 -16 335.8094157 0.190584292776 1 0
0.651730 584 146 -112 28 584.1917179 -0.191717883995 1 0
0.643007 248 62 -48 12 248.1933976 -0.19339757008 1 0
0.628760 408 102 80 -20 407.8038272 0.196172754288 1 0
0.623970 568 142 -112 28 568.1971147 -0.197114693306 1 0
0.610062 320 80 -64 16 320.1998752 -0.199875156006 1 0
0.608812 320 80 64 -16 319.7998748 0.200125156495 1 0
0.595417 552 138 -112 28 552.202824 -0.202824026113 1 0
0.588714 392 98 80 -20 391.795812 0.204187991673 1 0
0.576427 232 58 -48 12 232.2067124 -0.206712370672 1 0
0.566025 536 134 -112 28 536.2088738 -0.208873827843 1 0
0.558836 304 76 -64 16 304.2103807 -0.210380723524 1 0
0.557451 304 76 64 -16 303.7893277 0.210672311918 1 0
0.546996 376 94 80 -20 375.7871135 0.212886491112 1 0
0.535744 520 130 -112 28 520.2152955 -0.215295476649 1 0
0.531841 592 148 -128 32 592.2161373 -0.216137305178 1 0
0.531111 592 148 128 -32 591.7837048 0.216295242622 1 0
0.525328 200 -150 16 -36 199.919968 0.0800320256256 2 0
0.525328 200 -150 16 -100 199.919968 0.0800320256256 2 0
0.505105 216 54 -48 12 216.2219941 -0.221994067749 1 0
0.504848 288 72 -64 16 288.222051 -0.22205101856 1 0
0.504518 504 126 -112 28 504.2221243 -0.222124326951 1 0
0.504463 576 144 -128 32 576.2221366 -0.222136554429 1 0
0.503691 576 144 128 -32 575.777692 0.222308022321 1 0
0.503460 360 90 80 -20 359.7776404 0.222359566046 1 0
0.503305 288 72 64 -16 287.777606 0.222393955109 1 0
0.500977 72 18 16 -4 71.77708764 0.222912360003 1 0
0.476314 560 140 -128 32 560.2284782 -0.228478210192 1 0
0.475498 560 140 128 -32 559.7713352 0.228664799269 1 0
0.472287 488 122 -112 28 488.2294004 -0.22940035958 1 0
0.457938 344 86 80 -20 343.7672844 0.232715571329 1 0
0.447783 272 68 -64 16 272.2350909 -0.235090927411 1 0
0.447351 544 136 -128 32 544.2351924 -0.235192434777 1 0
0.446486 544 136 128 -32 543.764604 0.235395976592 1 0
0.446053 272 68 64 -16 271.764502 0.235498012183 1 0
0.441874 184 -138 16 -36 183.9130023 0.0869976553915 2 0
0.441874 184 -138 16 -100 183.9130023 0.0869976553915 2 0
0.438982 472 118 -112 28 472.237169 -0.237168963734 1 0
0.428314 200 50 -48 12 200.2397127 -0.239712689133 1 0
0.428314 200 -150 -48 108 200.2397127 -0.239712689133 1 0
0.426716 600 150 144 -36 599.7599039 0.240096076877 1 0
0.417525 528 132 -128 32 528.242313 -0.24231303862 1 0
0.416607 528 132 128 -32 527.7574643 0.242535650647 1 0
0.410243 328 82 80 -20 327.7559159 0.24408407633 1 0
0.406059 11 3 -1 0 11.09016994 -0.0901699437495 2 0
0.404532 456 114 -112 28 456.2454819 -0.245481882994 1 0
0.399665 584 146 144 -36 583.7533205 0.246679539032 1 0
0.387269 256 64 -64 16 256.2497563 -0.249756335051 1 0
0.386782 512 128 -128 32 512.249878 -0.249878048751 1 0
0.385806 512 128 128 -32 511.7498778 0.250122189668 1 0
0.385316 256 64 64 -16 255.7497554 0.25024461863 1 0
0.371861 568 142 144 -36 567.7463656 0.253634384509 1 0
0.368854 440 110 -112 28 440.2543984 -0.254398366979 1 0
0.360154 312 78 80 -20 311.7433787 0.256621328546 1 0
0.355066 496 124 -128 32 496.2579304 -0.257930386926 1 0
0.354025 496 124 128 -32 495.7418011 0.258198924768 1 0
0.350808 168 -126 16 -36 167.9047079 0.0952921463879 2 0
0.350808 168 -126 16 -100 167.9047079 0.0952921463879 2 0
0.345150 184 46 -48 12 184.2605008 -0.260500757366 1 0
0.345150 184 -138 -48 108 184.2605008 -0.260500757366 1 0
0.343262 552 138 144 -36 551.739007 0.260992966175 1 0
0.331857 424 106 -112 28 424.2639866 -0.263986582746 1 0
0.322865 240 60 -64 16 240.266371 -0.266371026983 1 0
0.322311 480 120 -128 32 480.2665187 -0.266518682899 1 0
0.321200 480 120 128 -32 479.733185 0.266814979653 1 0
0.320643 240 60 64 -16 239.7330364 0.266963623234 1 0
0.313819 536 134 144 -36 535.7312085 0.268791509096 1 0
0.307418 296 74 80 -20 295.7294825 0.270517499045 1 0
0.293440 408 102 -112 28 408.2743254 -0.274325356859 1 0
0.288448 464 116 -128 32 464.2756983 -0.275698255328 1 0
0.287259 464 116 128 -32 463.7239737 0.276026272636 1 0
0.283483 520 130 144 -36 519.7229293 0.277070708033 1 0
0.254459 168 42 -48 12 168.28523 -0.285230022822 1 0
0.254459 168 -126 -48 108 168.28523 -0.285230022822 1 0
0.254036 224 56 -64 16 224.2853508 -0.285350780946 1 0
0.253491 392 98 -112 28 392.2855063 -0.285506342165 1 0
0.253400 448 112 -128 32 448.2855323 -0.285532302019 1 0
0.252196 504 126 144 -36 503.7141236 0.285876439164 1 0
0.252125 448 112 128 -32 447.7141033 0.285896734247 1 0
0.251741 280 70 80 -20 279.7139936 0.286006427416 1 0
0.251485 224 56 64 -16 223.7139204 0.286079649848 1 0
0.250599 152 -114 16 -36 151.8946638 0.105336155959 2 0
0.250599 152 -114 16 -100 151.8946638 0.105336155959 2 0
0.247621 56 14 16 -4 55.71281292 0.287187078898 1 0
0.226934 600 150 -176 44 600.2931901 -0.293190065975 1 0
0.219897 488 122 144 -36 487.7047394 0.295260612355 1 0
0.217080 432 108 -128 32 432.2960934 -0.296093353532 1 0
0.215709 432 108 128 -32 431.7035002 0.296499796596 1 0
0.211882 376 94 -112 28 376.2976367 -0.297636735037 1 0
0.199933 584 146 -176 44 584.3012145 -0.301214503122 1 0
0.192773 264 66 80 -20 263.6966211 0.303378934765 1 0
0.186519 472 118 144 -36 471.6947178 0.3052821975 1 0
0.180131 208 52 -64 16 208.3072385 -0.307238483242 1 0
0.179394 416 104 -128 32 416.3074651 -0.307465060665 1 0
0.177915 416 104 128 -32 415.6920798 0.307920228045 1 0
0.177172 208 52 64 -16 207.6918512 0.308148825474 1 0
0.172183 568 142 -176 44 568.3096903 -0.30969030267 1 0
0.168468 360 90 -112 28 360.3108427 -0.310842713354 1 0
0.154751 152 38 -48 12 152.3151361 -0.315136113356 1 0
0.154751 152 -114 -48 108 152.3151361 -0.315136113356 1 0
0.151986 456 114 144 -36 455.6839915 0.316008467877 1 0
0.143641 552 138 -176 44 552.3186566 -0.318656626729 1 0
0.140233 400 100 -128 32 400.3197444 -0.319744408783 1 0
0.139200 136 -102 16 -36 135.882251 0.117749006091 2 0
0.139200 136 -102 16 -100 135.882251 0.117749006091 2 0
0.138633 400 100 128 -32 399.6797436 0.320256410421 1 0
0.130099 248 62 80 -20 247.6769987 0.323001330078 1 0
0.126559 592 148 -192 48 592.3241468 -0.324146839234 1 0
0.125463 592 148 192 -48 591.6754978 0.324502198779 1 0
0.123088 344 86 -112 28 344.3252738 -0.325273828304 1 0
0.116217 440 110 144 -36 439.6724835 0.327516516064 1 0
0.114262 536 134 -176 44 536.3281573 -0.328157299975 1 0
0.100344 192 48 -64 16 192.3327566 -0.332756630338 1 0
0.099479 384 96 -128 32 384.3330445 -0.333044482741 1 0
0.099190 576 144 -192 48 576.3331407 -0.333140655042 1 0
0.098033 576 144 192 -48 575.6664735 0.333526458157 1 0
0.097743 384 96 128 -32 383.6663768 0.333623188625 1 0
0.096872 192 48 64 -16 191.6660859 0.333914055189 1 0
0.083995 520 130 -176 44 520.3382415 -0.338241524368 1 0
0.079118 424 106 144 -36 423.6601049 0.339895114833 1 0
0.075554 328 82 -112 28 328.3411087 -0.341108673393 1 0
0.071053 560 140 -192 48 560.3426475 -0.342647486964 1 0
0.069829 560 140 192 -48 559.6569327 0.343067312823 1 0
0.063221 232 58 80 -20 231.6546584 0.345341641592 1 0
0.058813 600 150 208 -52 599.6531328 0.346867194751 1 0
0.056997 368 92 -128 32 368.3474979 -0.347497948847 1 0
0.055106 368 92 128 -32 367.6518445 0.348155468016 1 0
0.052784 504 126 -176 44 504.3489647 -0.3489647294 1 0
0.044039 136 34 -48 12 136.35203 -0.35202996254 1 0
0.044039 136 -102 -48 108 136.35203 -0.35202996254 1 0
0.042102 544 136 -192 48 544.3527125 -0.352712488787 1 0
0.040804 544 136 192 -48 543.6468295 0.353170458406 1 0
0.040588 408 102 144 -36 407.646753 0.353247018274 1 0
0.031752 584 146 208 -52 583.6436181 0.356381863069 1 0
0.025653 312 78 -112 28 312.3585623 -0.358562285537 1 0
0.020570 488 122 -176 44 488.3603896 -0.36038958882 1 0
0.013790 120 -90 16 -36 119.8665182 0.133481811617 2 0
0.013790 120 -90 16 -100 119.8665182 0.133481811617 2 0
0.013661 176 44 -64 16 176.3628881 -0.362888137498 1 0
0.012632 352 88 -128 32 352.3632615 -0.363261480389 1 0
0.012289 528 132 -192 48 528.3633863 -0.363386269733 1 0
0.010911 528 132 192 -48 527.6361129 0.363887147455 1 0
0.010566 352 88 128 -32 351.6359872 0.364012799199 1 0
0.009528 176 44 64 -16 175.6356092 0.364390799173 1 0
0.003938 568 142 208 -52 567.6335664 0.366433580227 1 0
0.000510 392 98 144 -36 391.6323082 0.3676918298 1 0
-0.008467 216 54 80 -20 215.6289924 0.37100762341 1 0
-0.012716 472 118 -176 44 472.3725872 -0.372587243107 1 0
-0.018439 512 128 -192 48 512.3747257 -0.374725743393 1 0
-0.019904 512 128 192 -48 511.6247249 0.375275061273 1 0
-0.024673 552 138 208 -52 551.6229308 0.377069168765 1 0
-0.026864 296 74 -112 28 296.3778959 -0.377895927931 1 0
-0.033787 336 84 -128 32 336.3805214 -0.380521438793 1 0
-0.036055 336 84 128 -32 335.6186147 0.381385281944 1 0
-0.041244 376 94 144 -36 375.6166304 0.383369607063 1 0
-0.047146 456 114 -176 44 456.3856388 -0.385638777923 1 0
-0.050140 496 124 -192 48 496.3867951 -0.38679514016 1 0
-0.051701 496 124 192 -48 495.6126006 0.387399351325 1 0
-0.054129 536 134 208 -52 535.6116589 0.388341061156 1 0
-0.080392 120 30 -48 12 120.3986755 -0.398675482166 1 0
-0.080392 120 -90 -48 108 120.3986755 -0.398675482166 1 0
-0.081219 160 40 -64 16 160.399005 -0.399004968967 1 0
-0.082284 280 70 -112 28 280.3994302 -0.399430198274 1 0
-0.082462 320 80 -128 32 320.3995012 -0.399501246107 1 0
-0.082801 440 110 -176 44 440.399637 -0.399637023295 1 0
-0.082877 480 120 -192 48 480.3996672 -0.399667221068 1 0
-0.083043 600 150 -240 60 600.3997337 -0.399733688297 1 0
-0.084479 520 130 208 -52 519.5996918 0.400308166593 1 0
-0.084544 480 120 192 -48 479.5996661 0.400333890049 1 0
-0.084822 360 90 144 -36 359.5995546 0.400445434851 1 0
-0.084962 320 80 128 -32 319.5994987 0.40050125392 1 0
-0.085715 200 50 80 -20 199.5991968 0.40080321609 1 0
-0.086219 160 40 64 -16 159.598995 0.40100503147 1 0
-0.093863 40 10 16 -4 39.59591794 0.404082057735 1 0
-0.110035 584 146 -240 60 584.4106701 -0.410670119953 1 0
-0.115782 504 126 208 -52 503.5869631 0.413036903738 1 0
-0.116720 464 116 -192 48 464.4134247 -0.413424741343 1 0
-0.118504 464 116 192 -48 463.5858372 0.414162781918 1 0
-0.119773 424 106 -176 44 424.4146888 -0.414688757628 1 0
-0.129680 104 -78 16 -36 103.8459256 0.154074412737 2 0
-0.129680 104 -78 16 -100 103.8459256 0.154074412737 2 0
-0.130391 344 86 144 -36 343.5808847 0.419115283782 1 0
-0.133620 304 76 -128 32 304.4204711 -0.420471066061 1 0
-0.136390 304 76 128 -32 303.5783626 0.421637428029 1 0
-0.137774 568 142 -240 60 568.4222214 -0.422221354099 1 0
-0.140947 264 66 -112 28 264.4235629 -0.423562857975 1 0
-0.148097 488 122 208 -52 487.5733976 0.426602437787 1 0
-0.151747 448 112 -192 48 448.4281622 -0.428162225689 1 0
-0.153660 448 112 192 -48 447.5710178 0.428982200286 1 0
-0.158161 408 102 -176 44 408.4309174 -0.43091742689 1 0
-0.160941 592 148 -256 64 592.432117 -0.432117018382 1 0
-0.162402 592 148 256 -64 591.5672512 0.432748769421 1 0
-0.166304 552 138 -240 60 552.4344407 -0.434440690736 1 0
-0.169462 184 46 80 -20 183.5641851 0.435814861923 1 0
-0.178141 328 82 144 -36 327.5603864 0.439613597913 1 0
-0.181494 472 118 208 -52 471.5589098 0.441090170633 1 0
-0.185998 144 36 -64 16 144.4430811 -0.443081105099 1 0
-0.187530 288 72 -128 32 288.4437607 -0.443760682142 1 0
-0.188043 432 108 -192 48 432.4439881 -0.443988135499 1 0
-0.188299 576 144 -256 64 576.444102 -0.444102037119 1 0
-0.189842 576 144 256 -64 575.5552121 0.444787910217 1 0
-0.190100 432 108 192 -48 431.5550974 0.44490263508 1 0
-0.190617 288 72 128 -32 287.5548676 0.445132440589 1 0
-0.192171 144 36 64 -16 143.5541753 0.445824720007 1 0
-0.195670 536 134 -240 60 536.4473878 -0.447387769 1 0
-0.198079 392 98 -176 44 392.4484665 -0.448466524939 1 0
-0.203254 248 62 -112 28 248.4507935 -0.450793488832 1 0
-0.209629 600 150 272 -68 599.5463236 0.453676370415 1 0
-0.216047 456 114 208 -52 455.5434025 0.456597546754 1 0
-0.216425 560 140 -256 64 560.4567703 -0.45677028733 1 0
-0.218058 560 140 256 -64 559.5424834 0.457516645502 1 0
-0.222401 104 26 -48 12 104.4595082 -0.459508194416 1 0
-0.222401 104 -78 -48 108 104.4595082 -0.459508194416 1 0
-0.225702 416 104 -192 48 416.4610275 -0.461027532726 1 0
-0.225924 520 130 -240 60 520.4611295 -0.461129537595 1 0
-0.227921 416 104 192 -48 415.5379483 0.462051662834 1 0
-0.228293 312 78 144 -36 311.5377768 0.462223238211 1 0
-0.236700 584 146 272 -68 583.5338745 0.466125467382 1 0
-0.239652 376 94 -176 44 376.4675038 -0.467503830236 1 0
-0.244503 272 68 -128 32 272.4697769 -0.469776873856 1 0
-0.245364 544 136 -256 64 544.4701819 -0.470181854822 1 0
-0.247094 544 136 256 -64 543.529004 0.470996024366 1 0
-0.247963 272 68 128 -32 271.5285948 0.471405231221 1 0
-0.251839 440 110 208 -52 439.5267637 0.473236255804 1 0
-0.257119 504 126 -240 60 504.4757414 -0.475741408952 1 0
-0.260909 168 42 80 -20 167.5224521 0.477547928716 1 0
-0.264525 568 142 272 -68 567.5207223 0.47927765329 1 0
-0.264833 400 100 -192 48 400.4794254 -0.479425378267 1 0
-0.267233 400 100 192 -48 399.5194226 0.480577386561 1 0
-0.269687 232 58 -112 28 232.4817582 -0.481758228488 1 0
-0.275164 528 132 -256 64 528.4844041 -0.484404077065 1 0
-0.277001 528 132 256 -64 527.5147055 0.48529452799 1 0
-0.281101 296 74 144 -36 295.5127113 0.487288683314 1 0
-0.283025 360 90 -176 44 360.4882268 -0.488226762856 1 0
-0.287088 22 6 -4 0 22.18033989 -0.180339887499 2 0
-0.288964 424 106 208 -52 423.5088651 0.491134937563 1 0
-0.289317 488 122 -240 60 488.4913086 -0.491308638978 1 0
-0.293148 552 138 272 -68 551.5068057 0.493194276439 1 0
-0.297324 88 -66 16 -36 87.8178046 0.182195399587 2 0
-0.297324 88 -66 16 -100 87.8178046 0.182195399587 2 0
-0.302969 128 32 -64 16 128.498062 -0.498061986388 1 0
-0.304905 256 64 -128 32 256.4990272 -0.499027233672 1 0
-0.305553 384 96 -192 48 384.4993506 -0.499350648255 1 0
-0.305878 512 128 -256 64 512.4995127 -0.499512670102 1 0
-0.307831 512 128 256 -64 511.4995108 0.500489237259 1 0
-0.308157 384 96 192 -48 383.4993473 0.500652742627 1 0
-0.308812 256 64 128 -32 255.4990196 0.500980395926 1 0
-0.310782 128 32 64 -16 127.4980315 0.50196853445 1 0
-0.319255 600 150 -304 76 600.5062395 -0.506239535887 1 0
-0.322584 472 118 -240 60 472.507928 -0.507927985512 1 0
-0.322616 536 134 272 -68 535.492056 0.507944043192 1 0
-0.327523 408 102 208 -52 407.4895575 0.51044252837 1 0
-0.328358 344 86 -176 44 344.5108692 -0.510869222783 1 0
-0.336866 280 70 144 -36 279.4847662 0.515233806698 1 0
-0.337563 496 124 -256 64 496.5155931 -0.515593072145 1 0
-0.339644 496 124 256 -64 495.4833328 0.516667227872 1 0
-0.340829 216 54 -112 28 216.5172797 -0.517279730004 1 0
-0.346237 584 146 -304 76 584.5200848 -0.520084780516 1 0
-0.347998 368 92 -192 48 368.5210015 -0.521001514733 1 0
-0.350833 368 92 192 -48 367.4775191 0.522480941125 1 0
-0.352981 520 130 272 -68 519.4763958 0.52360415637 1 0
-0.356994 456 114 -240 60 456.5257097 -0.525709713371 1 0
-0.361627 152 38 80 -20 151.4718491 0.528150943547 1 0
-0.367633 392 98 208 -52 391.4686676 0.53133243407 1 0
-0.369176 240 60 -128 32 240.5321534 -0.532153386555 1 0
-0.370282 480 120 -256 64 480.5327421 -0.532742053967 1 0
-0.372504 480 120 256 -64 479.4660728 0.533927246468 1 0
-0.373621 240 60 128 -32 239.4654762 0.534523815455 1 0
-0.373965 568 142 -304 76 568.5347079 -0.53470790046 1 0
-0.375838 328 82 -176 44 328.5357104 -0.535710409625 1 0
-0.383903 592 148 -320 80 592.5400479 -0.54004788561 1 0
-0.384298 504 126 272 -68 503.4597383 0.540261671973 1 0
-0.385729 592 148 320 -80 591.458965 0.54103499809 1 0
-0.387723 88 22 -48 12 88.5421149 -0.54211490264 1 0
-0.387723 88 -66 -48 108 88.5421149 -0.54211490264 1 0
-0.392318 352 88 -192 48 352.5446119 -0.544611925711 1 0
-0.392627 440 110 -240 60 440.54478 -0.544780033444 1 0
-0.395417 352 88 192 -48 351.4536976 0.54630240431 1 0
-0.395937 264 66 144 -36 263.4534138 0.54658619876 1 0
-0.402483 552 138 -304 76 552.5501763 -0.550176279098 1 0
-0.404106 464 116 -256 64 464.5510697 -0.551069659978 1 0
-0.406484 464 116 256 -64 463.4476183 0.552381736169 1 0
-0.409423 376 94 208 -52 375.4459922 0.55400777824 1 0
-0.411250 576 144 -320 80 576.5550207 -0.555020749943 1 0
-0.413179 576 144 320 -80 575.4439076 0.556092428453 1 0
-0.416631 488 122 272 -68 487.4419849 0.558015124753 1 0
-0.417393 200 50 -112 28 200.5584407 -0.558440719812 1 0
-0.421116 600 150 336 -84 599.4394764 0.560523644594 1 0
-0.425678 312 78 -176 44 312.5630863 -0.563086326247 1 0
-0.429573 424 106 -240 60 424.5652841 -0.565284089383 1 0
-0.431837 536 134 -304 76 536.5665653 -0.566565305512 1 0
-0.435321 112 28 -64 16 112.5685425 -0.568542494924 1 0
-0.437843 224 56 -128 32 224.5699782 -0.569978235762 1 0
-0.438688 336 84 -192 48 336.57046 -0.570460045644 1 0
-0.439111 448 112 -256 64 448.5707016 -0.570701561891 1 0
-0.439365 560 140 -320 80 560.5708467 -0.570846668003 1 0
-0.441406 560 140 320 -80 559.4279871 0.572012854832 1 0
-0.441662 448 112 256 -64 447.4278407 0.572159299697 1 0
-0.442089 336 84 192 -48 335.4275963 0.572403708349 1 0
-0.442945 224 56 128 -32 223.4271062 0.572893782527 1 0
-0.445526 112 30 64 -4 111.4256258 0.574374157796 1 0
-0.445526 112 28 64 -16 111.4256258 0.574374157796 1 0
-0.448197 584 146 336 -84 583.4240896 0.575910398608 1 0
-0.450046 472 118 272 -68 471.4230235 0.576976487005 1 0
-0.453043 360 90 208 -52 359.4212919 0.578708063954 1 0
-0.458734 248 62 144 -36 247.417989 0.582011035668 1 0
-0.462077 520 130 -304 76 520.5839596 -0.583959598437 1 0
-0.467933 408 102 -240 60 408.5873896 -0.587389640711 1 0
-0.468292 544 136 -320 80 544.5876006 -0.587600598413 1 0
-0.470455 544 136 320 -80 543.4111273 0.588872741002 1 0
-0.473725 136 34 80 -20 135.4091982 0.590801814589 1 0
-0.475383 432 108 -256 64 432.5917819 -0.591781930894 1 0
-0.476033 568 142 336 -84 567.4078333 0.592166657306 1 0
-0.478122 296 74 -176 44 296.593405 -0.593404968054 1 0
-0.478126 432 108 256 -64 431.4065923 0.59340771462 1 0
-0.484620 456 114 272 -68 455.4027265 0.59727354317 1 0
-0.487305 320 80 -192 48 320.5988792 -0.598879199078 1 0
-0.491055 320 80 192 -48 319.3988708 0.60112923863 1 0
-0.493257 504 126 -304 76 504.6024545 -0.602454461551 1 0
-0.498079 528 132 -320 80 528.6053665 -0.60536653666 1 0
-0.498659 344 86 208 -52 343.3942823 0.605717714972 1 0
-0.499023 72 -54 16 -36 71.77708764 0.222912360003 2 0
-0.499023 72 -54 16 -100 71.77708764 0.222912360003 2 0
-0.500271 184 46 -112 28 184.6066952 -0.606695222322 1 0
-0.500375 528 132 320 -80 527.3932421 0.606757869531 1 0
-0.504668 552 138 336 -84 551.3906316 0.609368351064 1 0
-0.507819 392 98 -240 60 392.6112916 -0.611291639112 1 0
-0.510133 600 150 -368 92 600.6127076 -0.612707648895 1 0
-0.511547 208 52 -128 32 208.6135746 -0.613574644976 1 0
-0.513016 416 104 -256 64 416.614477 -0.614476966485 1 0
-0.515975 416 104 256 -64 415.3837023 0.616297650948 1 0
-0.517464 208 52 128 -32 207.3827839 0.617216133439 1 0
-0.520435 440 110 272 -68 439.3809472 0.619052787167 1 0
-0.525438 488 122 -304 76 488.6221576 -0.62215762273 1 0
-0.525762 232 58 144 -36 231.3776408 0.622359185152 1 0
-0.528778 512 128 -320 80 512.6242389 -0.624238917527 1 0
-0.531219 512 128 320 -80 511.3742352 0.625764807802 1 0
-0.533457 280 70 -176 44 280.6271666 -0.627166649976 1 0
-0.534149 536 134 336 -84 535.3723995 0.627600526906 1 0
-0.537105 584 146 -368 92 584.6294585 -0.62945853075 1 0
-0.538397 304 76 -192 48 304.6302722 -0.630272226711 1 0
-0.542552 304 76 192 -48 303.3671034 0.632896572604 1 0
-0.546463 328 82 208 -52 327.3646229 0.635377146703 1 0
-0.549356 376 94 -240 60 376.637218 -0.637217960826 1 0
-0.552117 400 100 -256 64 400.6389793 -0.638979263751 1 0
-0.555317 400 100 256 -64 399.3589727 0.641027289966 1 0
-0.557585 424 106 272 -68 423.357517 0.642482982033 1 0
-0.558687 472 118 -304 76 472.6431913 -0.643191323985 1 0
-0.560447 496 124 -320 80 496.6443243 -0.644324286721 1 0
-0.563048 496 124 320 -80 495.3539973 0.646002660155 1 0
-0.564527 520 130 336 -84 519.3530412 0.646958760843 1 0
-0.564823 568 142 -368 92 568.64715 -0.647149994515 1 0
-0.566042 592 148 -384 96 592.6479395 -0.647939483827 1 0
-0.568233 592 148 384 -96 591.3506391 0.649360928404 1 0
-0.571686 200 -150 -48 300 200.2397127 -0.239712689133 2 0
-0.585402 72 18 -48 12 72.66060556 -0.660605559647 1 0
-0.585402 72 -54 -48 108 72.66060556 -0.660605559647 1 0
-0.587662 96 24 -64 16 96.66210024 -0.662100242386 1 0
-0.590590 168 42 -112 28 168.664042 -0.664041954067 1 0
-0.591081 192 48 -128 32 192.6643678 -0.664367788757 1 0
-0.592019 264 66 -176 44 264.6649916 -0.664991614216 1 0
-0.592228 288 72 -192 48 288.6651306 -0.665130560201 1 0
-0.592688 360 90 -240 60 360.6654367 -0.665436650179 1 0
-0.592803 384 96 -256 64 384.6655133 -0.665513260677 1 0
-0.593076 456 114 -304 76 456.6656948 -0.665694847303 1 0
-0.593149 480 120 -320 80 480.6657433 -0.665743303861 1 0
-0.593329 552 138 -368 92 552.6658635 -0.665863452649 1 0
-0.593379 576 144 -384 96 576.6658968 -0.665896842699 1 0
-0.595648 600 150 400 -100 599.3325909 0.667409058085 1 0
-0.595694 576 144 384 -96 575.3325599 0.667440062912 1 0
-0.595860 504 126 336 -84 503.3324492 0.66755084152 1 0
-0.595927 480 120 320 -80 479.3324048 0.667595173575 1 0
-0.596173 408 102 272 -68 407.3322404 0.667759565779 1 0
-0.596276 384 96 256 -64 383.3321719 0.667828110378 1 0
-0.596679 312 78 208 -52 311.3319027 0.668097288419 1 0
-0.596858 288 72 192 -48 287.3317829 0.668217062649 1 0
-0.597636 216 54 144 -36 215.3312629 0.66873708001 1 0
-0.598025 192 48 128 -32 191.3310023 0.668997697496 1 0
-0.600137 120 30 80 -20 119.3295879 0.670412103235 1 0
-0.601553 96 24 64 -16 95.32863826 0.671361735203 1 0
-0.621484 560 140 -384 96 560.6848767 -0.684876685581 1 0
-0.622670 536 134 -368 92 536.68569 -0.685689979947 1 0
-0.622738 584 146 400 -100 583.3142633 0.68573670347 1 0
-0.623547 24 6 16 -4 23.3137085 0.686291501015 1 0
-0.623933 560 140 384 -96 559.313444 0.686555998463 1 0
-0.626953 464 116 -320 80 464.6886332 -0.688633155984 1 0
-0.628210 488 122 336 -84 487.3105012 0.689498788071 1 0
-0.628686 440 110 -304 76 440.6898276 -0.68982758614 1 0
-0.629926 464 116 320 -80 463.3093167 0.690683283185 1 0
-0.635209 368 92 -256 64 368.6943421 -0.694342089843 1 0
-0.636315 392 98 272 -68 391.3048899 0.695110148261 1 0
-0.637975 344 86 -240 60 344.6962652 -0.696265159383 1 0
-0.638990 368 92 256 -64 367.3030278 0.696972201766 1 0
-0.649108 272 68 -192 48 272.7040599 -0.70405992508 1 0
-0.649561 296 74 208 -52 295.2956211 0.704378883824 1 0
-0.650398 544 136 -384 96 544.7049688 -0.704968784949 1 0
-0.650585 568 142 400 -100 567.2948994 0.705100645988 1 0
-0.652896 520 130 -368 92 520.7067318 -0.706731788805 1 0
-0.652993 544 136 384 -96 543.2931993 0.706800674989 1 0
-0.654206 248 62 -176 44 248.7076581 -0.707658144959 1 0
-0.654299 272 68 192 -48 271.2922762 0.707723797698 1 0
-0.654850 184 -138 -48 300 184.2605008 -0.260500757366 2 0
-0.661644 472 118 336 -84 471.2870587 0.712941282356 1 0
-0.661937 448 112 -320 80 448.7131505 -0.71315048301 1 0
-0.665126 448 112 320 -80 447.2845718 0.715428208754 1 0
-0.665608 424 106 -304 76 424.7157728 -0.715772804933 1 0
-0.675116 200 50 144 -36 199.2773892 0.722610832073 1 0
-0.677439 176 44 -128 32 176.7242921 -0.724292051275 1 0
-0.678142 376 94 272 -68 375.2751986 0.724801428486 1 0
-0.679232 552 138 400 -100 551.2744085 0.725591454636 1 0
-0.679487 352 88 -256 64 352.7257763 -0.725776274996 1 0
-0.680172 528 132 -384 96 528.7262737 -0.726273724389 1 0
-0.682927 528 132 384 -96 527.2717228 0.728277249531 1 0
-0.683619 352 88 256 -64 351.2712184 0.728781598347 1 0
-0.684061 504 126 -368 92 504.729104 -0.729103982901 1 0
-0.685402 328 82 -240 60 328.7300823 -0.730082255792 1 0
-0.685704 176 44 128 -32 175.2696969 0.730303082914 1 0
-0.689806 152 38 -112 28 152.7333044 -0.733304373004 1 0
-0.692553 33 9 -9 0 33.27050983 -0.270509831248 2 0
-0.696238 456 114 336 -84 455.2619634 0.738036618531 1 0
-0.698185 432 108 -320 80 432.7394749 -0.739474946305 1 0
-0.701615 432 108 320 -80 431.2579848 0.742015246821 1 0
-0.703939 408 102 -304 76 408.7437423 -0.743742273116 1 0
-0.705412 280 70 208 -52 279.2551615 0.744838515766 1 0
-0.708726 536 134 400 -100 535.2526894 0.747310584159 1 0
-0.709401 256 64 -192 48 256.7478155 -0.747815515449 1 0
-0.710856 512 128 -384 96 512.7489046 -0.748904574099 1 0
-0.713786 512 128 384 -96 511.2488981 0.751101863299 1 0
-0.715261 256 64 192 -48 255.2477898 0.752210235305 1 0
-0.716226 488 122 -368 92 488.7529367 -0.752936652454 1 0
-0.720493 232 58 -176 44 232.7561562 -0.756156154611 1 0
-0.721803 360 90 272 -68 359.242852 0.757147980735 1 0
-0.725806 336 84 -256 64 336.7601849 -0.760184877832 1 0
-0.730342 336 84 256 -64 335.2363597 0.763640317065 1 0
-0.732077 440 110 336 -84 439.2350337 0.764966303284 1 0
-0.735179 312 78 -240 60 312.7673435 -0.767343538123 1 0
-0.735792 416 104 -320 80 416.7678136 -0.767813611198 1 0
-0.739118 520 130 400 -100 519.2296279 0.770372063686 1 0
-0.739490 416 104 320 -80 415.2293416 0.770658448182 1 0
-0.742509 496 124 -384 96 496.7729889 -0.772988887459 1 0
-0.743793 392 98 -304 76 392.773982 -0.773982019982 1 0
-0.745116 104 26 80 -20 103.2249939 0.775006100537 1 0
-0.745541 168 -126 -48 300 168.28523 -0.285230022822 2 0
-0.745631 496 124 384 -96 495.2245942 0.775405754201 1 0
-0.749456 472 118 -368 92 472.7783774 -0.77837739118 1 0
-0.752379 56 -42 16 -36 55.71281292 0.287187078898 2 0
-0.752379 56 -42 16 -100 55.71281292 0.287187078898 2 0
-0.759158 184 46 144 -36 183.214034 0.785965992069 1 0
-0.764587 264 66 208 -52 263.2097557 0.790244265146 1 0
-0.767003 80 20 -64 16 80.79215611 -0.792156108742 1 0
-0.767467 344 86 272 -68 343.2074765 0.792523527738 1 0
-0.769252 424 106 336 -84 423.2060605 0.793939480895 1 0
-0.770467 504 126 400 -100 503.2050955 0.794904510279 1 0
-0.771894 160 40 -128 32 160.7960395 -0.796039506897 1 0
-0.773540 240 60 -192 48 240.797351 -0.797350964332 1 0
-0.774366 320 80 -256 64 320.7980099 -0.798009937934 1 0
-0.774862 400 100 -320 80 400.7984064 -0.798406368178 1 0
-0.775194 480 120 -384 96 480.7986711 -0.798671092679 1 0
-0.778527 480 120 384 -96 479.1986622 0.801337796383 1 0
-0.778862 400 100 320 -80 399.1983936 0.80160643218 1 0
-0.779366 320 80 256 -64 319.1979899 0.802010062941 1 0
-0.780207 240 60 192 -48 239.1973154 0.802684593989 1 0
-0.781894 160 40 128 -32 159.1959595 0.804040507107 1 0
-0.783825 456 114 -368 92 456.8055943 -0.805594337201 1 0
-0.785295 376 94 -304 76 376.8067795 -0.806779539295 1 0
-0.787010 80 20 64 -16 79.19183588 0.808164115469 1 0
-0.787551 296 74 -240 60 296.8086019 -0.808601901906 1 0
-0.791454 216 54 -176 44 216.8117641 -0.811764069884 1 0
-0.799843 136 34 -112 28 136.8186021 -0.818602136341 1 0
-0.802833 488 122 400 -100 487.1789465 0.821053542869 1 0
-0.807869 408 102 336 -84 407.1748016 0.825198412795 1 0
-0.808979 464 116 -384 96 464.8261154 -0.826115373684 1 0
-0.812546 464 116 384 -96 463.1709324 0.829067571202 1 0
-0.815326 328 82 272 -68 327.1686244 0.831375565031 1 0
-0.815515 384 96 -320 80 384.8315327 -0.831532691103 1 0
-0.819413 440 110 -368 92 440.8347799 -0.834779869476 1 0
-0.819856 384 96 320 -80 383.1648503 0.835149674424 1 0
-0.825391 304 76 -256 64 304.8397854 -0.839785396342 1 0
-0.827509 248 62 208 -52 247.1584345 0.841565453275 1 0
-0.828586 360 90 -304 76 360.8424729 -0.842472887317 1 0
-0.830883 56 14 -48 12 56.8444102 -0.844410203712 1 0
-0.830883 56 -42 -48 108 56.8444102 -0.844410203712 1 0
-0.830931 304 76 256 -64 303.155549 0.844450978471 1 0
-0.836286 472 118 400 -100 471.1510153 0.848984692815 1 0
-0.842045 224 56 -192 48 224.8538878 -0.853887837327 1 0
-0.842802 280 70 -240 60 280.8545349 -0.854534893272 1 0
-0.843942 448 112 -384 96 448.8555092 -0.855509160883 1 0
-0.845249 152 -114 -48 300 152.3151361 -0.315136113356 2 0
-0.847768 448 112 384 -96 447.1412109 0.858789104298 1 0
-0.848043 392 98 336 -84 391.1409747 0.859025317593 1 0
-0.849698 224 56 192 -48 223.1395519 0.860448084402 1 0
-0.850991 168 42 144 -36 167.1384388 0.861561236694 1 0
-0.856309 424 106 -368 92 424.8661551 -0.866155130401 1 0
-0.857883 368 92 -320 80 368.8675201 -0.867520132661 1 0
-0.862609 368 92 320 -80 367.1283703 0.871629723846 1 0
-0.865605 312 78 272 -68 311.1257554 0.874244562677 1 0
-0.867795 200 50 -176 44 200.8761617 -0.876161703348 1 0
-0.870901 456 114 400 -100 455.1211131 0.878886934746 1 0
-0.873827 344 86 -304 76 344.8814623 -0.881462279794 1 0
-0.876101 144 36 -128 32 144.8834686 -0.883468633154 1 0
-0.879145 288 72 -256 64 288.8861622 -0.886162210199 1 0
-0.880166 432 108 -384 96 432.8870674 -0.887067387615 1 0
-0.884281 432 108 384 -96 431.1092746 0.89072544402 1 0
-0.885318 288 72 256 -64 287.1083506 0.891649440013 1 0
-0.888448 144 36 128 -32 143.1055553 0.894444661475 1 0
-0.889907 376 94 336 -84 375.104249 0.895750983576 1 0
-0.894612 408 102 -368 92 408.8999756 -0.899975597851 1 0
-0.894688 232 58 208 -52 231.0999566 0.900043440495 1 0
-0.899656 192 -144 -64 144 192.3327566 -0.332756630338 2 0
-0.901264 264 66 -240 60 264.9059818 -0.905981806689 1 0
-0.902117 352 88 -320 80 352.9067551 -0.906755099968 1 0
-0.903128 192 -144 64 -144 191.6660859 0.333914055189 2 0
-0.906762 440 110 400 -100 439.089023 0.910976997934 1 0
-0.907283 352 88 320 -80 351.088549 0.911450974086 1 0
-0.915184 88 22 80 -20 87.08131846 0.918681542924 1 0
-0.915549 208 52 -192 48 208.9190164 -0.919016388832 1 0
-0.917746 416 104 -384 96 416.9210377 -0.92103771521 1 0
-0.918562 296 74 272 -68 295.0782105 0.921789513198 1 0
-0.921200 328 82 -304 76 328.924225 -0.924225024706 1 0
-0.922184 416 104 384 -96 415.0748657 0.925134311283 1 0
-0.923319 120 30 -112 28 120.9261848 -0.926184846911 1 0
-0.924425 208 52 192 -48 207.0727898 0.927210186199 1 0
-0.933610 360 90 336 -84 359.0642343 0.935765715205 1 0
-0.934435 392 98 -368 92 392.936538 -0.936538001459 1 0
-0.935933 272 68 -256 64 272.9379421 -0.93794214899 1 0
-0.942854 272 68 256 -64 271.0555441 0.944455870927 1 0
-0.943964 424 106 400 -100 423.0544953 0.945504667633 1 0
-0.948387 336 84 -320 80 336.9496967 -0.949696655543 1 0
-0.950390 184 46 -176 44 184.9516003 -0.951600308978 1 0
-0.952225 152 38 144 -36 151.0466522 0.953347842825 1 0
-0.954056 336 84 320 -80 335.0449041 0.955095857431 1 0
-0.955961 136 -102 -48 300 136.35203 -0.35202996254 2 0
-0.956787 400 100 -384 96 400.957707 -0.957706993288 1 0
-0.961587 400 100 384 -96 399.0376849 0.962315126004 1 0
-0.963331 248 62 -240 60 248.9639948 -0.963994814506 1 0
-0.966748 216 54 208 -52 215.0327053 0.967294717923 1 0
-0.970916 312 78 -304 76 312.971335 -0.971334962789 1 0
-0.974500 280 70 272 -68 279.0251776 0.974822424138 1 0
-0.975901 376 94 -368 92 376.976189 -0.976188976283 1 0
-0.979321 344 86 336 -84 343.0204666 0.979533388544 1 0
-0.980235 44 12 -16 0 44.36067977 -0.360679774998 2 0
-0.982609 408 102 400 -100 407.0172406 0.982759352808 1 0
-0.984729 64 16 -64 16 64.984845 -0.984845004941 1 0
-0.986339 176 -132 -64 144 176.3628881 -0.362888137498 2 0
-0.990472 176 -132 64 -144 175.6356092 0.364390799173 2 0
-0.992277 128 32 -128 32 128.9923072 -0.992307237088 1 0
-0.994832 192 48 -192 48 192.9948452 -0.994845223857 1 0
-0.996116 256 64 -256 64 256.996124 -0.996123972777 1 0
-0.996890 320 80 -320 80 320.9968944 -0.996894379985 1 0
-0.997406 384 96 -384 96 384.9974093 -0.997409309037 1 0
-1.002614 384 96 384 -96 382.9973822 1.00261781899 1 0
-1.003140 320 80 320 -80 318.9968553 1.00314468519 1 0
-1.003929 256 64 256 -64 254.9960629 1.0039370689 1 0
-1.005250 192 48 192 -48 190.9947367 1.0052633037 1 0
-1.007906 128 32 128 -32 126.992063 1.00793700791 1 0
-1.016004 64 16 64 -16 62.98386677 1.01613323034 1 0
-1.019151 360 90 -368 92 361.019336 -1.01933598376 1 0
-1.022816 392 98 400 -100 390.9769217 1.02307828874 1 0
-1.023216 296 74 -304 76 297.0234881 -1.02348808158 1 0
-1.027235 328 82 336 -84 326.9723903 1.02760970029 1 0
-1.029472 232 58 -240 60 233.0299107 -1.02991070662 1 0
-1.033779 264 66 272 -68 262.9656443 1.03435565004 1 0
-1.039736 368 92 -384 96 369.0405361 -1.04053609953 1 0
-1.040342 168 42 -176 44 169.0411665 -1.04116650188 1 0
-1.044462 200 50 208 -52 198.954535 1.04546498518 1 0
-1.045407 368 92 384 -96 366.953546 1.04645398353 1 0
-1.047849 304 76 -320 80 305.0490118 -1.04901175767 1 0
-1.054774 304 76 320 -80 302.9436981 1.05630188709 1 0
-1.060123 240 60 -256 64 241.0619676 -1.06196760337 1 0
-1.063910 104 26 -112 28 105.0659966 -1.06599664569 1 0
-1.064346 344 86 -368 92 345.0664612 -1.06646122227 1 0
-1.064717 376 94 400 -100 374.9331431 1.06685687123 1 0
-1.065036 136 34 144 -36 134.9328021 1.06719787727 1 0
-1.069013 240 60 256 -64 238.92855 1.07145002145 1 0
-1.077578 312 78 336 -84 310.9193338 1.0806661517 1 0
-1.078383 280 70 -304 76 281.0815367 -1.08153670839 1 0
-1.080392 120 -90 -48 300 120.3986755 -0.398675482166 2 0
-1.080870 176 44 -192 48 177.0842298 -1.08422980528 1 0
-1.081219 160 -120 -64 144 160.399005 -0.399004968967 2 0
-1.083927 352 88 -384 96 353.087549 -1.08754896943 1 0
-1.085715 200 -150 80 -180 199.5991968 0.40080321609 2 0
-1.086219 160 -120 64 -144 159.598995 0.40100503147 2 0
-1.090125 352 88 384 -96 350.9056889 1.0943111274 1 0
-1.093268 176 44 192 -48 174.9022439 1.0977560704 1 0
-1.093863 40 -30 16 -36 39.59591794 0.404082057735 2 0
-1.093863 40 -30 16 -100 39.59591794 0.404082057735 2 0
-1.093863 40 -150 16 -196 39.59591794 0.404082057735 2 0
-1.096825 248 62 272 -68 246.898332 1.1016680341 1 0
-1.100256 216 54 -240 60 217.1054536 -1.10545357589 1 0
-1.101525 288 72 -320 80 289.1068572 -1.10685717774 1 0
-1.108461 360 90 400 -100 358.8854382 1.11456180002 1 0
-1.109241 288 72 320 -80 286.8845688 1.11543120407 1 0
-1.111666 328 82 -368 92 329.1181395 -1.1181395244 1 0
-1.121163 72 18 80 -20 70.87119155 1.12880845167 1 0
-1.123480 112 28 -128 32 113.1314274 -1.13142742834 1 0
-1.128468 224 56 -256 64 225.137085 -1.13708498985 1 0
-1.128803 184 46 208 -52 182.8625335 1.1374664672 1 0
-1.130147 336 84 -384 96 337.1389961 -1.13899609493 1 0
-1.130609 296 74 336 -84 294.860478 1.13952199451 1 0
-1.136745 264 66 -304 76 265.1465358 -1.14653581675 1 0
-1.136950 336 84 384 -96 334.8532289 1.14677108309 1 0
-1.138673 224 60 256 -16 222.8512517 1.14874831559 1 0
-1.138673 224 56 256 -64 222.8512517 1.14874831559 1 0
-1.139071 152 38 -176 44 153.1492061 -1.14920608794 1 0
-1.143895 112 28 128 -32 110.8452368 1.15476319679 1 0
-1.153588 40 10 -48 12 41.16601049 -1.16601048852 1 0
-1.153588 40 -30 -48 108 41.16601049 -1.16601048852 1 0
-1.154220 344 86 400 -100 342.833252 1.1667479675 1 0
-1.158221 272 68 -320 80 273.1714256 -1.17142559586 1 0
-1.161321 312 78 -368 92 313.1750616 -1.17506163511 1 0
-1.164157 232 58 272 -68 230.8216008 1.17839924474 1 0
-1.166873 272 68 320 -80 270.8183964 1.18160362918 1 0
-1.169462 184 -138 80 -180 183.5641851 0.435814861923 2 0
-1.174905 160 40 -192 48 161.1911325 -1.19113252074 1 0
-1.176375 200 50 -240 60 201.1928851 -1.19288512539 1 0
-1.178592 320 80 -384 96 321.1955334 -1.19553343688 1 0
-1.185998 144 -108 -64 144 144.4430811 -0.443081105099 2 0
-1.186093 320 80 384 -96 318.7954659 1.20453406977 1 0
-1.186635 280 70 336 -84 278.7948126 1.20518741682 1 0
-1.189907 160 40 192 -48 158.7908624 1.20913758563 1 0
-1.192171 144 -108 64 -144 143.5541753 0.445824720007 2 0
-1.192475 120 30 144 -36 118.7877538 1.2122461732 1 0
-1.198692 248 62 -304 76 249.2198067 -1.21980673999 1 0
-1.201774 208 52 -256 64 209.2235715 -1.22357150373 1 0
-1.202190 328 82 400 -100 326.7759196 1.22408040499 1 0
-1.203379 55 15 -25 0 55.45084972 -0.450849718747 2 0
-1.213550 296 74 -368 92 297.2380648 -1.23806484942 1 0
-1.213610 208 52 256 -64 206.7618606 1.23813937068 1 0
-1.218296 256 64 -320 80 257.2439554 -1.24395537123 1 0
-1.221027 168 42 208 -52 166.7526435 1.24735653769 1 0
-1.222401 104 -78 -48 300 104.4595082 -0.459508194416 2 0
-1.227003 88 22 -112 28 89.254834 -1.25483399594 1 0
-1.228063 256 64 320 -80 254.7438361 1.25616385796 1 0
-1.229485 304 76 -384 96 305.2579525 -1.25795248534 1 0
-1.236405 216 54 272 -68 214.7333125 1.26668748699 1 0
-1.237796 304 76 384 -96 302.7315495 1.26845054867 1 0
-1.246018 264 66 336 -84 262.7210771 1.27892289305 1 0
-1.248447 136 34 -176 44 137.2820323 -1.28203230276 1 0
-1.252596 312 78 400 -100 310.7126368 1.28736315349 1 0
-1.258689 184 46 -240 60 185.2952303 -1.29523031752 1 0
-1.260909 168 -126 80 -180 167.5224521 0.477547928716 2 0
-1.260995 48 12 -64 16 49.29822128 -1.29822128135 1 0
-1.264690 232 58 -304 76 233.3030264 -1.30302638892 1 0
-1.268632 280 70 -368 92 281.3081739 -1.30817386125 1 0
-1.274074 96 24 -128 32 97.31531202 -1.31531202375 1 0
-1.278549 144 36 -192 48 145.3212111 -1.32121111929 1 0
-1.280809 192 48 -256 64 193.3242005 -1.32420048477 1 0
-1.282172 240 60 -320 80 241.3260071 -1.32600710482 1 0
-1.283084 288 72 -384 96 289.327217 -1.32721699668 1 0
-1.292344 288 72 384 -96 286.660436 1.33956399898 1 0
-1.293285 240 60 320 -80 238.6591758 1.34082420647 1 0
-1.294700 192 48 256 -64 190.6572765 1.34272347041 1 0
-1.297073 144 36 192 -48 142.6540869 1.34591306938 1 0
-1.301870 96 24 128 -32 94.64761516 1.35238484124 1 0
-1.302969 128 -96 -64 144 128.498062 -0.498061986388 2 0
-1.305702 296 74 400 -100 294.6424222 1.35757776141 1 0
-1.309191 248 62 336 -84 246.6376777 1.36232226595 1 0
-1.310782 128 -96 64 -144 127.4980315 0.50196853445 2 0
-1.314355 200 50 272 -68 198.630624 1.3693759525 1 0
-1.316694 48 12 64 -16 46.627417 1.37258300203 1 0
-1.322784 152 38 208 -52 150.6190324 1.38096757529 1 0
-1.326895 264 66 -368 92 265.386656 -1.38665600426 1 0
-1.335296 216 54 -304 76 217.3983546 -1.39835464942 1 0
-1.339010 104 26 144 -36 102.5964426 1.40355743731 1 0
-1.339690 272 68 -384 96 273.4045123 -1.40451229854 1 0
-1.348278 168 42 -240 60 169.416626 -1.41662601625 1 0
-1.350072 272 68 384 -96 270.5808307 1.41916926991 1 0
-1.350358 224 56 -320 80 225.419575 -1.41957503006 1 0
-1.361627 152 -114 80 -180 151.4718491 0.528150943547 2 0
-1.361816 280 70 400 -100 278.5640646 1.43593539449 1 0
-1.363114 224 56 320 -80 222.5621997 1.43780031132 1 0
-1.366530 176 44 -256 64 177.4427191 -1.44271909999 1 0
-1.370988 120 30 -176 44 121.449166 -1.44916598295 1 0
-1.376676 232 58 336 -84 230.5425685 1.45743149379 1 0
-1.383062 176 44 256 -64 174.5332306 1.46676938886 1 0
-1.383221 56 14 80 -20 54.53299832 1.46700167716 1 0
-1.385700 66 18 -36 0 66.54101966 -0.541019662497 2 0
-1.387723 88 -66 -48 300 88.5421149 -0.54211490264 2 0
-1.388724 248 62 -368 92 249.4750971 -1.47509713086 1 0
-1.393947 128 32 -192 48 129.4828222 -1.48282217498 1 0
-1.398999 184 46 272 -68 182.509668 1.49033200812 1 0
-1.399657 256 64 -384 96 257.4913124 -1.49131244991 1 0
-1.411196 200 50 -304 76 201.5086203 -1.5086203236 1 0
-1.411377 256 64 384 -96 254.4911064 1.50889359326 1 0
-1.417393 200 -150 -112 252 200.5584407 -0.558440719812 2 0
-1.417395 128 32 192 -48 126.4819974 1.51800259275 1 0
-1.420896 72 18 -112 28 73.52332608 -1.52332607859 1 0
-1.421305 264 66 400 -100 262.4760514 1.5239485576 1 0
-1.423467 208 52 -320 80 209.5272477 -1.52724766618 1 0
-1.435321 112 -84 -64 144 112.5685425 -0.568542494924 2 0
-1.436323 136 34 208 -52 134.4529909 1.54700909666 1 0
-1.438263 208 52 320 -80 206.4499878 1.55001220107 1 0
-1.445526 112 -84 64 -144 111.4256258 0.574374157796 2 0
-1.446529 152 38 -240 60 153.5628777 -1.56287771866 1 0
-1.449113 216 54 336 -84 214.4330776 1.5669224348 1 0
-1.450578 80 20 -128 32 81.56921938 -1.56921938165 1 0
-1.454578 232 58 -368 92 233.5755077 -1.57550765359 1 0
-1.460150 160 40 -256 64 161.5843122 -1.58431221748 1 0
-1.463403 240 60 -384 96 241.5894732 -1.58947322857 1 0
-1.473725 136 -102 80 -180 135.4091982 0.590801814589 2 0
-1.476738 240 60 384 -96 238.3891887 1.61081130441 1 0
-1.480157 160 40 256 -64 158.3836718 1.61632823094 1 0
-1.484604 248 62 400 -100 246.3764683 1.62353167377 1 0
-1.490632 80 20 128 -32 78.36665219 1.6333478135 1 0
-1.491618 168 42 272 -68 166.3650411 1.6349588721 1 0
-1.493231 184 46 -304 76 185.6375993 -1.63759928576 1 0
-1.500271 184 -138 -112 252 184.6066952 -0.606695222322 2 0
-1.502256 192 48 -320 80 193.6524449 -1.65244492587 1 0
-1.510204 104 26 -176 44 105.6656315 -1.66563145999 1 0
-1.511613 88 22 144 -36 86.33202098 1.66797902297 1 0
-1.519621 192 48 320 -80 190.318609 1.68139101959 1 0
-1.524030 112 28 -192 48 113.6888204 -1.68882040742 1 0
-1.525009 216 54 -368 92 217.6904736 -1.69047360642 1 0
-1.527302 200 50 336 -84 198.3056458 1.69435418044 1 0
-1.531430 224 56 -384 96 225.7013632 -1.70136322842 1 0
-1.539851 77 21 -49 0 77.63118961 -0.631189606246 2 0
-1.546739 224 56 384 -96 222.27239 1.72760998328 1 0
-1.552243 232 58 400 -100 230.2628549 1.73714514331 1 0
-1.554666 112 28 192 -48 110.2586399 1.741360135 1 0
-1.555254 136 34 -240 60 137.7423831 -1.74238309665 1 0
-1.563241 144 36 -256 64 145.7563557 -1.75635565834 1 0
-1.564814 120 30 208 -52 118.2408791 1.75912088576 1 0
-1.568361 90 24 -162 18 91.7653718 -1.76537180436 1 0
-1.582463 168 42 -304 76 169.7904424 -1.79044235811 1 0
-1.585402 72 -54 -48 300 72.66060556 -0.660605559647 2 0
-1.587662 96 -72 -64 144 96.66210024 -0.662100242386 2 0
-1.587663 176 44 -320 80 177.7997773 -1.79977728257 1 0
-1.587945 144 36 256 -64 142.1997151 1.80028490086 1 0
-1.590590 168 -126 -112 252 168.664042 -0.664041954067 2 0
-1.591081 192 -144 -128 288 192.6643678 -0.664367788757 2 0
-1.593908 152 38 272 -68 150.188948 1.81105203603 1 0
-1.598025 192 -144 128 -288 191.3310023 0.668997697496 2 0
-1.600137 120 -90 80 -180 119.3295879 0.670412103235 2 0
-1.600690 200 50 -368 92 201.8233765 -1.82337649086 1 0
-1.601553 96 -72 64 -144 95.32863826 0.671361735203 2 0
-1.604345 208 52 -384 96 209.8300524 -1.83005244258 1 0
-1.608331 176 44 320 -80 174.1626369 1.83736308585 1 0
-1.612251 184 46 336 -84 182.1554214 1.84457864332 1 0
-1.618643 24 6 -48 12 25.85640646 -1.85640646055 1 0
-1.618643 24 -18 -48 108 25.85640646 -1.85640646055 1 0
-1.622101 208 52 384 -96 206.1371627 1.86283732157 1 0
-1.623547 24 -18 16 -36 23.3137085 0.686291501015 2 0
-1.623547 24 -18 16 -100 23.3137085 0.686291501015 2 0
-1.623547 24 -90 16 -196 23.3137085 0.686291501015 2 0
-1.624872 216 54 400 -100 214.1319933 1.86800670863 1 0
-1.635806 32 8 -64 16 33.88854382 -1.88854382 1 0
-1.659207 56 14 -112 28 57.93325909 -1.93325909419 1 0
-1.663268 64 16 -128 32 65.9411255 -1.94112549695 1 0
-1.671158 88 22 -176 44 89.95650117 -1.9565011723 1 0
-1.672936 96 24 -192 48 97.95998399 -1.95998398719 1 0
-1.673382 88 24 -64 0 88.72135955 -0.721359549996 2 0
-1.676882 120 30 -240 60 121.9677335 -1.96773353932 1 0
-1.677439 176 -132 -128 288 176.7242921 -0.724292051275 2 0
-1.677876 128 32 -256 64 129.96969 -1.96969000988 1 0
-1.680242 152 38 -304 76 153.9743548 -1.97435475847 1 0
-1.680875 160 40 -320 80 161.9756061 -1.97560612768 1 0
-1.682451 184 46 -368 92 185.978721 -1.97872099577 1 0
-1.682890 192 48 -384 96 193.9795897 -1.97958971133 1 0
-1.685704 176 -132 128 -288 175.2696969 0.730303082914 2 0
-1.689806 152 -114 -112 252 152.7333044 -0.733304373004 2 0
-1.693147 29 8 54 -6 27 2 1 0
-1.703301 200 50 400 -100 197.9795897 2.02041028867 1 0
-1.703730 192 48 384 -96 189.978721 2.02127900423 1 0
-1.705270 168 42 336 -84 165.9756061 2.02439387232 1 0
-1.705888 160 40 320 -80 157.9743548 2.02564524153 1 0
-1.708188 136 34 272 -68 133.96969 2.03030999012 1 0
-1.709152 128 32 256 -64 125.9677335 2.03226646068 1 0
-1.712958 104 26 208 -52 101.959984 2.04001601281 1 0
-1.714663 96 24 192 -48 93.95650117 2.0434988277 1 0
-1.722159 72 18 144 -36 69.9411255 2.05887450305 1 0
-1.725973 64 16 128 -32 61.93325909 2.06674090581 1 0
-1.745116 104 -78 80 -180 103.2249939 0.775006100537 2 0
-1.747378 40 10 80 -20 37.88854382 2.11145618 1 0
-1.762484 32 8 64 -16 29.85640646 2.14359353945 1 0
-1.767003 80 -60 -64 144 80.79215611 -0.792156108742 2 0
-1.767986 176 44 -384 96 178.1554214 -2.15542135668 1 0
-1.771328 168 42 -368 92 170.1626369 -2.16263691415 1 0
-1.771894 160 -120 -128 288 160.7960395 -0.796039506897 2 0
-1.781894 160 -120 128 -288 159.1959595 0.804040507107 2 0
-1.783421 144 36 -320 80 146.188948 -2.18894796397 1 0
-1.787010 80 -60 64 -144 79.19183588 0.808164115469 2 0
-1.788328 136 34 -304 76 138.1997151 -2.19971509914 1 0
-1.788559 184 46 400 -100 181.7997773 2.20022271743 1 0
-1.791165 99 27 -81 0 99.81152949 -0.811529493745 2 0
-1.792792 176 44 384 -96 173.7904424 2.20955764189 1 0
-1.799843 136 -102 -112 252 136.8186021 -0.818602136341 2 0
-1.806868 112 28 -256 64 114.2408791 -2.24087911424 1 0
-1.808101 152 38 336 -84 149.7563557 2.24364434166 1 0
-1.814310 144 36 320 -80 141.7423831 2.25761690335 1 0
-1.814763 104 26 -240 60 106.2586399 -2.258639865 1 0
-1.830883 56 -42 -48 300 56.8444102 -0.844410203712 2 0
-1.837758 120 30 272 -68 117.6888204 2.31117959258 1 0
-1.846735 80 20 -192 48 82.33202098 -2.33202097703 1 0
-1.847741 112 28 256 -64 109.6656315 2.33436854001 1 0
-1.860795 160 40 -384 96 162.3650411 -2.3650411279 1 0
-1.861476 72 18 -176 44 74.36665219 -2.3666521865 1 0
-1.868642 152 38 -368 92 154.3836718 -2.38367176906 1 0
-1.876101 144 -108 -128 288 144.8834686 -0.883468633154 2 0
-1.881984 168 42 400 -100 165.5843122 2.41568778252 1 0
-1.888212 88 22 208 -52 85.56921938 2.43078061835 1 0
-1.888448 144 -108 128 -288 143.1055553 0.894444661475 2 0
-1.890818 160 40 384 -96 157.5628777 2.43712228134 1 0
-1.896526 110 30 -100 0 110.9016994 -0.901699437495 2 0
-1.897308 128 32 -320 80 130.4529909 -2.45299090334 1 0
-1.906916 80 20 192 -48 77.52332608 2.47667392141 1 0
-1.909064 120 30 -304 76 122.4819974 -2.48199740725 1 0
-1.915184 88 -66 80 -180 87.08131846 0.918681542924 2 0
-1.923138 136 34 336 -84 133.4828222 2.51717782502 1 0
-1.923319 120 -90 -112 252 120.9261848 -0.926184846911 2 0
-1.929404 48 12 -128 32 50.53299832 -2.53299832284 1 0
-1.936420 128 32 320 -80 125.449166 2.55083401705 1 0
-1.954142 96 24 -256 64 98.59644256 -2.59644256269 1 0
-1.962805 144 36 -384 96 146.6190324 -2.61903242471 1 0
-1.966001 40 10 -112 28 42.627417 -2.62741699797 1 0
-1.973659 88 22 -240 60 90.64761516 -2.64761515876 1 0
-1.976101 136 34 -368 92 138.6540869 -2.65408693062 1 0
-1.984729 64 -48 -64 144 64.984845 -0.984845004941 2 0
-1.985365 152 38 400 -100 149.3212111 2.67878888071 1 0
-1.987565 104 26 272 -68 101.315312 2.68468797625 1 0
-1.991836 121 33 -121 0 121.9918694 -0.991869381244 2 0
-1.992277 128 -96 -128 288 128.9923072 -0.992307237088 2 0
-1.993910 56 14 144 -36 53.29822128 2.70177871865 1 0
-1.999884 144 36 384 -96 141.2820323 2.71796769724 1 0
-2.000000 10 3 9 0 9 1 2 0
-2.000000 7 2 -8 0 8 -1 2 0
-2.000000 2 133 1 0 1 1 2 0
-2.000000 2 111 1 0 1 1 2 0
-2.000000 2 91 1 0 1 1 2 0
-2.000000 2 73 1 0 1 1 2 0
-2.000000 2 57 1 0 1 1 2 0
-2.000000 2 43 1 0 1 1 2 0
-2.000000 2 31 1 0 1 1 2 0
-2.000000 2 21 1 0 1 1 2 0
-2.000000 2 13 1 0 1 1 2 0
-2.000000 2 7 1 0 1 1 2 0
-2.000000 2 3 1 0 1 1 2 0
-2.000000 2 1 1 0 1 1 2 0
-2.007906 128 -96 128 -288 126.992063 1.00793700791 2 0
-2.009842 96 24 256 -64 93.254834 2.74516600406 1 0
-2.016004 64 -48 64 -144 62.98386677 1.01613323034 2 0
-2.025236 112 28 -320 80 114.7877538 -2.7877538268 1 0
-2.041685 48 12 128 -32 45.16601049 2.83398951148 1 0
-2.045646 104 26 -304 76 106.8452368 -2.84523680321 1 0
-2.053815 120 30 336 -84 117.1314274 2.86857257166 1 0
-2.054727 64 16 -192 48 66.87119155 -2.87119154833 1 0
-2.063910 104 -78 -112 252 105.0659966 -1.06599664569 2 0
-2.075958 128 32 -384 96 130.9328021 -2.93280212273 1 0
-2.076368 112 28 320 -80 109.0659966 2.93400335431 1 0
-2.078848 132 36 -144 0 133.0820393 -1.08203932499 2 0
-2.093220 56 14 -176 44 58.98386677 -2.98386676966 1 0
-2.095963 120 30 -368 92 122.992063 -2.99206299209 1 0
-2.098612 131 36 384 -24 128 3 1 0
-2.101173 136 34 400 -100 132.9923072 3.00769276291 1 0
-2.103651 72 18 208 -52 68.984845 3.01515499506 1 0
-2.121163 72 -54 80 -180 70.87119155 1.12880845167 2 0
-2.122920 128 32 384 -96 124.9261848 3.07381515309 1 0
-2.123480 112 -84 -128 288 113.1314274 -1.13142742834 2 0
-2.125358 80 20 -256 64 83.08131846 -3.08131845708 1 0
-2.143895 112 -84 128 -288 110.8452368 1.15476319679 2 0
-2.149175 64 16 192 -48 60.8444102 3.15558979629 1 0
-2.153588 40 -30 -48 300 41.16601049 -1.16601048852 2 0
-2.158890 143 39 -169 0 144.1722093 -1.17220926874 2 0
-2.160596 72 18 -240 60 75.19183588 -3.19183588453 1 0
-2.165599 88 22 272 -68 84.79215611 3.20784389126 1 0
-2.170931 96 24 -320 80 99.2249939 -3.22499389946 1 0
-2.198068 16 4 -64 16 19.3137085 -3.31370849898 1 0
-2.202563 88 22 -304 76 91.32863826 -3.3286382648 1 0
-2.202849 112 28 -384 96 115.3295879 -3.32958789677 1 0
-2.205342 104 26 336 -84 100.6621002 3.33789975761 1 0
-2.205789 80 20 256 -64 76.66060556 3.33939444035 1 0
-2.227003 88 -66 -112 252 89.254834 -1.25483399594 2 0
-2.231284 104 26 -368 92 107.4256258 -3.4256258422 1 0
-2.232985 120 30 400 -100 116.5685425 3.43145750508 1 0
-2.232998 154 42 -196 0 155.2623792 -1.26237921249 2 0
-2.240657 96 24 320 -80 92.5421149 3.45788509736 1 0
-2.260995 48 -36 -64 144 49.29822128 -1.29822128135 2 0
-2.264266 112 28 384 -96 108.4595082 3.54049180558 1 0
-2.274074 96 -72 -128 288 97.31531202 -1.31531202375 2 0
-2.279799 32 8 -128 32 35.59591794 -3.59591794227 1 0
-2.301870 96 -72 128 -288 94.64761516 1.35238484124 2 0
-2.301991 165 45 -225 0 166.3525492 -1.35254915624 2 0
-2.311790 48 12 -192 48 51.71281292 -3.7128129211 1 0
-2.316694 48 -36 64 -144 46.627417 1.37258300203 2 0
-2.328953 64 16 -256 64 67.77708764 -3.77708764 1 0
-2.339676 80 20 -320 80 83.8178046 -3.81780460041 1 0
-2.347014 96 24 -384 96 99.84592559 -3.84592558726 1 0
-2.366530 176 48 -256 0 177.4427191 -1.44271909999 2 0
-2.383221 56 -42 80 -180 54.53299832 1.46700167716 2 0
-2.386294 104 26 400 -100 100 4 1 0
-2.386294 88 22 336 -84 84 4 1 0
-2.386294 88 22 -368 92 92 -4 1 0
-2.386294 72 18 272 -68 68 4 1 0
-2.386294 72 18 -304 76 76 -4 1 0
-2.386294 58 16 216 -24 54 4 1 0
-2.386294 56 14 208 -52 52 4 1 0
-2.386294 56 14 -240 60 60 -4 1 0
-2.386294 40 10 144 -36 36 4 1 0
-2.386294 40 10 -176 44 44 -4 1 0
-2.386294 24 6 80 -20 20 4 1 0
-2.386294 24 6 -112 28 28 -4 1 0
-2.386294 20 6 64 -4 16 4 1 0
-2.386294 8 146 16 -4 4 4 1 0
-2.386294 8 102 16 -4 4 4 1 0
-2.386294 8 66 16 -4 4 4 1 0
-2.386294 8 38 16 -4 4 4 1 0
-2.386294 8 18 16 -4 4 4 1 0
-2.386294 8 6 16 -4 4 4 1 0
-2.386294 8 6 -48 108 12 -4 1 0
-2.386294 8 2 16 -4 4 4 1 0
-2.386294 8 2 -48 12 12 -4 1 0
-2.386294 8 -6 -48 108 12 -4 1 0
-2.386294 8 -10 -48 108 12 -4 1 0
-2.420896 72 -54 -112 252 73.52332608 -1.52332607859 2 0
-2.427154 187 51 -289 0 188.532889 -1.53288904374 2 0
-2.430836 96 24 384 -96 91.8178046 4.18219539959 1 0
-2.440525 80 20 320 -80 75.77708764 4.22291236 1 0
-2.450578 80 -60 -128 288 81.56921938 -1.56921938165 2 0
-2.455631 64 16 256 -64 59.71281292 4.2871870789 1 0
-2.482532 48 12 192 -48 43.59591794 4.40408205773 1 0
-2.484313 198 54 -324 0 199.623059 -1.62305898749 2 0
-2.490632 80 -60 128 -288 78.36665219 1.6333478135 2 0
-2.513393 80 20 -384 96 84.5421149 -4.54211490264 1 0
-2.538380 209 57 -361 0 210.7132289 -1.71322893124 2 0
-2.539145 64 16 -320 80 68.66060556 -4.66060555965 1 0
-2.544642 32 8 128 -32 27.3137085 4.68629150102 1 0
-2.566980 72 18 -368 92 76.79215611 -4.79215610874 1 0
-2.570315 88 22 400 -100 83.19183588 4.80816411547 1 0
-2.577826 48 12 -256 64 52.8444102 -4.84441020371 1 0
-2.589673 220 60 -400 0 221.8033989 -1.80339887499 2 0
-2.606402 56 14 -304 76 60.984845 -4.98484500494 1 0
-2.609438 22 6 -135 15 27 -5 1 0
-2.612659 72 18 336 -84 66.98386677 5.01613323034 1 0
-2.618643 24 -18 -48 300 25.85640646 -1.85640646055 2 0
-2.634873 80 20 384 -96 74.87119155 5.12880845167 1 0
-2.635806 32 -24 -64 144 33.88854382 -1.88854382 2 0
-2.642101 32 8 -192 48 37.16601049 -5.16601048852 1 0
-2.659207 56 -42 -112 252 57.93325909 -1.93325909419 2 0
-2.663268 64 -48 -128 288 65.9411255 -1.94112549695 2 0
-2.667371 40 10 -240 60 45.29822128 -5.29822128135 1 0
-2.681309 56 14 272 -68 50.627417 5.37258300203 1 0
-2.693147 20 6 36 0 18 2 2 0
-2.693147 14 4 -32 0 16 -2 2 0
-2.693147 4 146 4 0 2 2 2 0
-2.693147 4 114 4 0 2 2 2 0
-2.693147 4 86 4 0 2 2 2 0
-2.693147 4 62 4 0 2 2 2 0
-2.693147 4 42 4 0 2 2 2 0
-2.693147 4 26 4 0 2 2 2 0
-2.693147 4 14 4 0 2 2 2 0
-2.693147 4 6 4 0 2 2 2 0
-2.693147 4 2 4 0 2 2 2 0
-2.698730 64 16 320 -80 58.53299832 5.46700167716 1 0
-2.708980 64 16 -384 96 69.52332608 -5.52332607859 1 0
-2.725973 64 -48 128 -288 61.93325909 2.06674090581 2 0
-2.747378 40 -30 80 -180 37.88854382 2.11145618 2 0
-2.762484 32 -24 64 -144 29.85640646 2.14359353945 2 0
-2.767536 16 4 -128 32 21.85640646 -5.85640646055 1 0
-2.772589 32 12 256 -64 16 16 0 0
-2.773009 24 6 -176 44 29.88854382 -5.88854382 1 0
-2.780574 48 12 -320 80 53.93325909 -5.93325909419 1 0
-2.781899 56 14 -368 92 61.9411255 -5.94112549695 1 0
-2.802822 72 18 400 -100 65.93325909 6.06674090581 1 0
-2.810165 48 12 256 -64 41.88854382 6.11145618 1 0
-2.815410 40 10 208 -52 33.85640646 6.14359353945 1 0
-2.876866 40 10 -304 76 46.53299832 -6.53299832284 1 0
-2.891215 32 8 -256 64 38.627417 -6.62741699797 1 0
-2.902373 64 16 384 -96 57.29822128 6.70177871865 1 0
-2.921909 56 14 336 -84 49.16601049 6.83398951148 1 0
-2.929404 48 -36 -128 288 50.53299832 -2.53299832284 2 0
-2.943603 48 12 -384 96 54.98386677 -6.98386676966 1 0
-2.966001 40 -30 -112 252 42.627417 -2.62741699797 2 0
-2.989750 8 2 -112 28 15.3137085 -7.31370849898 1 0
-3.027611 24 6 -240 60 31.59591794 -7.59591794227 1 0
-3.041685 48 -36 128 -288 45.16601049 2.83398951148 2 0
-3.042883 40 10 -368 92 47.71281292 -7.7128129211 1 0
-3.079442 48 12 320 -80 40 8 1 0
-3.079442 40 12 256 -16 32 8 1 0
-3.079442 32 8 192 -48 24 8 1 0
-3.079442 32 8 -320 80 40 -8 1 0
-3.079442 16 150 64 -4 8 8 1 0
-3.079442 16 132 64 -16 8 8 1 0
-3.079442 16 118 64 -4 8 8 1 0
-3.079442 16 90 64 -4 8 8 1 0
-3.079442 16 76 64 -16 8 8 1 0
-3.079442 16 66 64 -4 8 8 1 0
-3.079442 16 46 64 -4 8 8 1 0
-3.079442 16 36 64 -16 8 8 1 0
-3.079442 16 30 64 -4 8 8 1 0
-3.079442 16 18 64 -4 8 8 1 0
-3.079442 16 12 64 -16 8 8 1 0
-3.079442 16 10 64 -4 8 8 1 0
-3.079442 16 6 64 -4 8 8 1 0
-3.079442 16 4 64 -16 8 8 1 0
-3.079442 16 4 -192 48 24 -8 1 0
-3.098612 30 9 81 0 27 3 2 0
-3.098612 21 6 -72 0 24 -3 2 0
-3.098612 6 129 9 0 3 3 2 0
-3.098612 6 93 9 0 3 3 2 0
-3.098612 6 63 9 0 3 3 2 0
-3.098612 6 39 9 0 3 3 2 0
-3.098612 6 21 9 0 3 3 2 0
-3.098612 6 9 9 0 3 3 2 0
-3.098612 6 3 9 0 3 3 2 0
-3.128718 56 14 400 -100 47.59591794 8.40408205773 1 0
-3.161746 40 10 272 -68 31.3137085 8.68629150102 1 0
-3.191013 8 2 80 -20 8.94427191 8.94427191 1 1
-3.197225 18 138 81 -9 9 9 1 0
-3.197225 18 96 81 -9 9 9 1 0
-3.197225 18 78 81 -9 9 9 1 0
-3.197225 18 48 81 -9 9 9 1 0
-3.197225 18 36 81 -9 9 9 1 0
-3.197225 18 18 81 -9 9 9 1 0
-3.197225 18 12 81 -9 9 9 1 0
-3.197225 18 6 81 -9 9 9 1 0
-3.198068 16 -12 -64 144 19.3137085 -3.31370849898 2 0
-3.215502 24 6 -304 76 33.16601049 -9.16601048852 1 0
-3.229823 32 8 -384 96 41.29822128 -9.29822128135 1 0
-3.279799 32 -24 -128 288 35.59591794 -3.59591794227 2 0
-3.288122 8 2 -176 44 17.85640646 -9.85640646055 1 0
-3.291377 16 4 -256 64 25.88854382 -9.88854382 1 0
-3.316842 48 12 384 -96 37.85640646 10.1435935394 1 0
-3.363437 24 6 -368 92 34.627417 -10.627416998 1 0
-3.386294 40 12 144 0 36 4 2 0
-3.386294 28 8 -128 0 32 -4 2 0
-3.386294 24 10 -112 252 28 -4 2 0
-3.386294 24 2 80 -180 20 4 2 0
-3.386294 24 -14 80 -180 20 4 2 0
-3.386294 24 -18 80 -180 20 4 2 0
-3.386294 24 -18 -112 252 28 -4 2 0
-3.386294 24 -22 -112 252 28 -4 2 0
-3.386294 12 4 32 0 8 4 2 0
-3.386294 8 150 16 -196 4 4 2 0
-3.386294 8 138 16 -36 4 4 2 0
-3.386294 8 124 16 0 4 4 2 0
-3.386294 8 122 16 -100 4 4 2 0
-3.386294 8 98 16 -196 4 4 2 0
-3.386294 8 94 16 -36 4 4 2 0
-3.386294 8 84 16 0 4 4 2 0
-3.386294 8 78 16 -100 4 4 2 0
-3.386294 8 58 16 -36 4 4 2 0
-3.386294 8 54 16 -196 4 4 2 0
-3.386294 8 52 16 0 4 4 2 0
-3.386294 8 42 16 -100 4 4 2 0
-3.386294 8 30 16 -36 4 4 2 0
-3.386294 8 28 16 0 4 4 2 0
-3.386294 8 18 16 -196 4 4 2 0
-3.386294 8 14 16 -100 4 4 2 0
-3.386294 8 12 16 0 4 4 2 0
-3.386294 8 10 16 -36 4 4 2 0
-3.386294 8 6 -48 300 12 -4 2 0
-3.386294 8 4 16 0 4 4 2 0
-3.386294 8 -2 16 -36 4 4 2 0
-3.386294 8 -6 16 -36 4 4 2 0
-3.386294 8 -6 16 -100 4 4 2 0
-3.386294 8 -6 -48 300 12 -4 2 0
-3.386294 8 -10 16 -196 4 4 2 0
-3.386294 8 -18 16 -100 4 4 2 0
-3.386294 8 -22 16 -100 4 4 2 0
-3.386294 8 -30 16 -196 4 4 2 0
-3.386294 8 -42 16 -196 4 4 2 0
-3.386294 8 -42 -48 300 12 -4 2 0
-3.386294 8 -46 16 -196 4 4 2 0
-3.426015 16 4 128 -32 11.3137085 11.313708499 1 1
-3.426015 13 4 128 -8 11.3137085 11.313708499 1 1
-3.450653 16 4 -320 80 27.59591794 -11.5959179423 1 0
-3.484907 40 10 336 -84 28 12 1 0
-3.484907 24 114 144 -36 12 12 1 0
-3.484907 24 54 144 -36 12 12 1 0
-3.484907 24 18 144 -36 12 12 1 0
-3.484907 24 6 144 -36 12 12 1 0
-3.484907 8 2 144 -36 12 12 1 1
-3.484907 8 2 -240 60 20 -12 1 0
-3.544642 32 -24 128 -288 27.3137085 4.68629150102 2 0
-3.577639 16 4 -384 96 29.16601049 -13.1660104885 1 0
-3.609438 50 15 225 0 45 5 2 0
-3.609438 35 10 -200 0 40 -5 2 0
-3.609438 10 105 25 0 5 5 2 0
-3.609438 10 65 25 0 5 5 2 0
-3.609438 10 35 25 0 5 5 2 0
-3.609438 10 15 25 0 5 5 2 0
-3.609438 10 5 25 0 5 5 2 0
-3.628748 16 4 192 -48 13.85640646 13.8564064606 1 1
-3.631064 8 2 -304 76 21.88854382 -13.88854382 1 0
-3.647918 9 3 27 0 5.196152423 5.19615242271 2 1
-3.668769 24 6 208 -52 14.4222051 14.4222051019 1 1
-3.668769 8 2 208 -52 14.4222051 14.4222051019 1 1
-3.747009 8 2 -368 92 23.59591794 -15.5959179423 1 0
-3.767536 16 -12 -128 288 21.85640646 -5.85640646055 2 0
-3.772589 32 132 256 -16 16 16 1 0
-3.772589 32 122 256 -4 16 16 1 0
-3.772589 32 108 256 -64 16 16 1 0
-3.772589 32 102 256 -4 16 16 1 0
-3.772589 32 92 256 -16 16 16 1 0
-3.772589 32 72 256 -64 16 16 1 0
-3.772589 32 60 256 -16 16 16 1 0
-3.772589 32 54 256 -4 16 16 1 0
-3.772589 32 44 256 -64 16 16 1 0
-3.772589 32 42 256 -4 16 16 1 0
-3.772589 32 36 256 -16 16 16 1 0
-3.772589 32 24 256 -64 16 16 1 0
-3.772589 32 20 256 -16 16 16 1 0
-3.772589 32 18 256 -4 16 16 1 0
-3.772589 32 14 256 -4 16 16 1 0
-3.772589 32 12 256 -16 16 16 1 0
-3.772589 32 8 256 -64 16 16 1 0
-3.772589 16 4 256 -64 16 16 1 1
-3.791759 60 18 324 0 54 6 2 0
-3.791759 42 12 -288 0 48 -6 2 0
-3.791759 12 126 36 0 6 6 2 0
-3.791759 12 78 36 0 6 6 2 0
-3.791759 12 42 36 0 6 6 2 0
-3.791759 12 18 36 0 6 6 2 0
-3.791759 12 6 36 0 6 6 2 0
-3.802901 24 6 272 -68 16.4924225 16.4924225025 1 1
-3.802901 8 2 272 -68 16.4924225 16.4924225025 1 1
-3.884160 32 8 320 -80 17.88854382 17.88854382 1 1
-3.884160 16 4 320 -80 17.88854382 17.88854382 1 1
-3.890372 36 150 324 -144 18 18 1 0
-3.890372 36 96 324 -36 18 18 1 0
-3.890372 36 90 324 -144 18 18 1 0
-3.890372 36 72 324 -36 18 18 1 0
-3.890372 36 66 324 -144 18 18 1 0
-3.890372 36 36 324 -36 18 18 1 0
-3.890372 36 30 324 -144 18 18 1 0
-3.890372 36 24 324 -36 18 18 1 0
-3.890372 36 18 324 -144 18 18 1 0
-3.890372 36 12 324 -36 18 18 1 0
-3.890372 36 6 324 -144 18 18 1 0
-3.908556 24 6 336 -84 18.33030278 18.3303027798 1 1
-3.908556 8 2 336 -84 18.33030278 18.3303027798 1 1
-3.945910 49 14 -392 0 56 -7 2 0
-3.945910 14 147 49 0 7 7 2 0
-3.945910 14 91 49 0 7 7 2 0
-3.945910 14 49 49 0 7 7 2 0
-3.945910 14 21 49 0 7 7 2 0
-3.945910 14 7 49 0 7 7 2 0
-3.975321 32 8 384 -96 19.59591794 19.5959179423 1 1
-3.975321 16 4 384 -96 19.59591794 19.5959179423 1 1
-3.989750 8 -6 -112 252 15.3137085 -7.31370849898 2 0
-3.995732 40 90 400 -100 20 20 1 0
-3.995732 40 30 400 -100 20 20 1 0
-3.995732 40 10 400 -100 20 20 1 0
-3.995732 24 6 400 -100 20 20 1 1
-3.995732 8 2 400 -100 20 20 1 1
-4.079442 24 8 128 0 16 8 2 0
-4.079442 17 6 72 0 9 8 2 0
-4.079442 16 146 64 -36 8 8 2 0
-4.079442 16 138 64 -100 8 8 2 0
-4.079442 16 126 64 -196 8 8 2 0
-4.079442 16 116 64 -144 8 8 2 0
-4.079442 16 114 64 -36 8 8 2 0
-4.079442 16 106 64 -100 8 8 2 0
-4.079442 16 104 64 0 8 8 2 0
-4.079442 16 94 64 -196 8 8 2 0
-4.079442 16 86 64 -36 8 8 2 0
-4.079442 16 78 64 -100 8 8 2 0
-4.079442 16 66 64 -196 8 8 2 0
-4.079442 16 62 64 -36 8 8 2 0
-4.079442 16 60 64 -144 8 8 2 0
-4.079442 16 56 64 0 8 8 2 0
-4.079442 16 54 64 -100 8 8 2 0
-4.079442 16 42 64 -36 8 8 2 0
-4.079442 16 42 64 -196 8 8 2 0
-4.079442 16 34 64 -100 8 8 2 0
-4.079442 16 26 64 -36 8 8 2 0
-4.079442 16 24 64 0 8 8 2 0
-4.079442 16 22 64 -196 8 8 2 0
-4.079442 16 20 64 -144 8 8 2 0
-4.079442 16 18 64 -100 8 8 2 0
-4.079442 16 14 64 -36 8 8 2 0
-4.079442 16 8 64 0 8 8 2 0
-4.079442 16 6 64 -36 8 8 2 0
-4.079442 16 6 64 -100 8 8 2 0
-4.079442 16 6 64 -196 8 8 2 0
-4.079442 16 2 64 -36 8 8 2 0
-4.079442 16 -2 64 -100 8 8 2 0
-4.079442 16 -4 64 -144 8 8 2 0
-4.079442 16 -6 64 -100 8 8 2 0
-4.079442 16 -6 64 -196 8 8 2 0
-4.079442 16 -12 64 -144 8 8 2 0
-4.079442 16 -14 64 -196 8 8 2 0
-4.079442 16 -18 64 -196 8 8 2 0
-4.191013 8 -6 80 -180 8.94427191 8.94427191 2 1
-4.197225 18 147 81 -144 9 9 2 0
-4.197225 18 138 81 -225 9 9 2 0
-4.197225 18 135 81 -36 9 9 2 0
-4.197225 18 123 81 -144 9 9 2 0
-4.197225 18 117 81 0 9 9 2 0
-4.197225 18 114 81 -225 9 9 2 0
-4.197225 18 93 81 -36 9 9 2 0
-4.197225 18 81 81 -144 9 9 2 0
-4.197225 18 75 81 -36 9 9 2 0
-4.197225 18 72 81 -225 9 9 2 0
-4.197225 18 63 81 0 9 9 2 0
-4.197225 18 63 81 -144 9 9 2 0
-4.197225 18 54 81 -225 9 9 2 0
-4.197225 18 45 81 -36 9 9 2 0
-4.197225 18 33 81 -36 9 9 2 0
-4.197225 18 33 81 -144 9 9 2 0
-4.197225 18 27 81 0 9 9 2 0
-4.197225 18 24 81 -225 9 9 2 0
-4.197225 18 21 81 -144 9 9 2 0
-4.197225 18 15 81 -36 9 9 2 0
-4.197225 18 12 81 -225 9 9 2 0
-4.197225 18 9 81 0 9 9 2 0
-4.197225 18 9 81 -36 9 9 2 0
-4.197225 18 3 81 -36 9 9 2 0
-4.197225 18 3 81 -144 9 9 2 0
-4.197225 18 -3 81 -144 9 9 2 0
-4.197225 18 -6 81 -225 9 9 2 0
-4.197225 18 -9 81 -144 9 9 2 0
-4.197225 18 -12 81 -225 9 9 2 0
-4.197225 18 -18 81 -225 9 9 2 0
-4.302585 20 130 100 0 10 10 2 0
-4.302585 20 70 100 0 10 10 2 0
-4.302585 20 30 100 0 10 10 2 0
-4.302585 20 10 100 0 10 10 2 0
-4.341066 18 6 108 0 10.39230485 10.3923048454 2 1
-4.397895 22 143 121 0 11 11 2 0
-4.397895 22 77 121 0 11 11 2 0
-4.397895 22 33 121 0 11 11 2 0
-4.397895 22 11 121 0 11 11 2 0
-4.426015 16 -12 128 -288 11.3137085 11.313708499 2 1
-4.484907 36 12 288 0 24 12 2 0
-4.484907 24 84 144 0 12 12 2 0
-4.484907 24 36 144 0 12 12 2 0
-4.484907 24 12 144 0 12 12 2 0
-4.564949 26 91 169 0 13 13 2 0
-4.564949 26 39 169 0 13 13 2 0
-4.564949 26 13 169 0 13 13 2 0
-4.639057 28 98 196 0 14 14 2 0
-4.639057 28 42 196 0 14 14 2 0
-4.639057 28 14 196 0 14 14 2 0
-4.708050 30 105 225 0 15 15 2 0
-4.708050 30 45 225 0 15 15 2 0
-4.708050 30 15 225 0 15 15 2 0
-4.746531 27 9 243 0 15.58845727 15.5884572681 2 1
-4.772589 34 12 288 0 18 16 2 0
-4.772589 32 142 256 -36 16 16 2 0
-4.772589 32 138 256 -100 16 16 2 0
-4.772589 32 124 256 -144 16 16 2 0
-4.772589 32 112 256 0 16 16 2 0
-4.772589 32 110 256 -196 16 16 2 0
-4.772589 32 90 256 -196 16 16 2 0
-4.772589 32 84 256 -144 16 16 2 0
-4.772589 32 82 256 -36 16 16 2 0
-4.772589 32 78 256 -100 16 16 2 0
-4.772589 32 76 256 0 16 16 2 0
-4.772589 32 66 256 -36 16 16 2 0
-4.772589 32 62 256 -100 16 16 2 0
-4.772589 32 52 256 -144 16 16 2 0
-4.772589 32 48 256 0 16 16 2 0
-4.772589 32 42 256 -196 16 16 2 0
-4.772589 32 30 256 -36 16 16 2 0
-4.772589 32 30 256 -196 16 16 2 0
-4.772589 32 28 256 0 16 16 2 0
-4.772589 32 28 256 -144 16 16 2 0
-4.772589 32 26 256 -100 16 16 2 0
-4.772589 32 22 256 -36 16 16 2 0
-4.772589 32 18 256 -100 16 16 2 0
-4.772589 32 16 256 0 16 16 2 0
-4.772589 32 12 256 0 16 16 2 0
-4.772589 32 12 256 -144 16 16 2 0
-4.772589 32 10 256 -36 16 16 2 0
-4.772589 32 6 256 -100 16 16 2 0
-4.772589 32 6 256 -196 16 16 2 0
-4.772589 32 4 256 -144 16 16 2 0
-4.772589 32 2 256 -196 16 16 2 0
-4.833213 34 119 289 0 17 17 2 0
-4.833213 34 51 289 0 17 17 2 0
-4.833213 34 17 289 0 17 17 2 0
-4.890372 36 126 324 0 18 18 2 0
-4.890372 36 54 324 0 18 18 2 0
-4.890372 36 18 324 0 18 18 2 0
-4.944439 38 133 361 0 19 19 2 0
-4.944439 38 57 361 0 19 19 2 0
-4.944439 38 19 361 0 19 19 2 0
-4.995732 40 140 400 0 20 20 2 0
-4.995732 40 60 400 0 20 20 2 0
-4.995732 40 20 400 0 20 20 2 0
