0.139200 136 10 16 4 135.882251 0.117749006091 2 0
-0.553947 272 20 64 16 271.764502 0.235498012183 2 0
-0.959412 408 30 144 36 407.646753 0.353247018274 2 0
-1.623547 24 2 16 4 23.3137085 0.686291501015 2 0
-1.673382 88 6 -64 -12 88.72135955 -0.721359549996 2 0
-2.000000 26 2 -27 -6 27 -1 2 0
-2.316694 48 4 64 16 46.627417 1.37258300203 2 0
-2.386294 40 -2 144 -108 36 4 1 0
-2.386294 40 -18 144 -108 36 4 1 0
-2.386294 36 -2 128 -96 32 4 1 0
-2.386294 36 -16 128 -96 32 4 1 0
-2.386294 32 2 -144 108 36 -4 1 0
-2.386294 32 -2 112 -84 28 4 1 0
-2.386294 32 -14 112 -84 28 4 1 0
-2.386294 32 -18 -144 108 36 -4 1 0
-2.386294 28 2 -128 96 32 -4 1 0
-2.386294 28 -2 96 -72 24 4 1 0
-2.386294 28 -12 96 -72 24 4 1 0
-2.386294 28 -16 -128 96 32 -4 1 0
-2.386294 24 2 -112 84 28 -4 1 0
-2.386294 24 -2 80 -60 20 4 1 0
-2.386294 24 -10 80 -60 20 4 1 0
-2.386294 24 -14 -112 84 28 -4 1 0
-2.386294 20 2 -96 72 24 -4 1 0
-2.386294 20 -2 64 -48 16 4 1 0
-2.386294 20 -8 64 -48 16 4 1 0
-2.386294 20 -12 -96 72 24 -4 1 0
-2.386294 16 2 -80 60 20 -4 1 0
-2.386294 16 -2 48 -36 12 4 1 0
-2.386294 16 -6 48 -36 12 4 1 0
-2.386294 16 -10 -80 60 20 -4 1 0
-2.386294 12 2 -64 48 16 -4 1 0
-2.386294 12 -2 32 -24 8 4 1 0
-2.386294 12 -4 32 -24 8 4 1 0
-2.386294 12 -8 32 -120 8 4 1 0
-2.386294 12 -8 -64 48 16 -4 1 0
-2.386294 8 2 16 4 4 4 1 0
-2.386294 8 2 -48 36 12 -4 1 0
-2.386294 8 -2 16 -12 4 4 1 0
-2.386294 8 -6 -48 36 12 -4 1 0
-2.386294 8 -14 16 -60 4 4 1 0
-2.386294 8 -34 16 -140 4 4 1 0
-2.386294 8 -62 16 -252 4 4 1 0
-2.386294 4 2 -32 24 8 -4 1 0
-2.386294 4 -4 -32 24 8 -4 1 0
-2.693147 52 4 -108 -24 54 -2 2 0
-2.722159 72 6 144 36 69.9411255 2.05887450305 2 0
-3.079442 24 -4 128 -96 16 8 1 0
-3.079442 24 -8 128 -96 16 8 1 0
-3.079442 20 -4 96 -72 12 8 1 0
-3.079442 20 -6 96 -72 12 8 1 0
-3.079442 16 4 64 16 8 8 1 0
-3.079442 16 2 64 12 8 8 1 0
-3.079442 16 -2 64 -20 8 8 1 0
-3.079442 16 -4 64 -48 8 8 1 0
-3.079442 16 -10 64 -84 8 8 1 0
-3.079442 16 -22 64 -180 8 8 1 0
-3.079442 16 -28 64 -240 8 8 1 0
-3.079442 8 4 -128 96 16 -8 1 0
-3.079442 8 -8 -128 96 16 -8 1 0
-3.079442 4 4 -96 72 12 -8 1 0
-3.079442 4 -6 -96 72 12 -8 1 0
-3.197225 18 3 81 18 9 9 1 0
-3.197225 18 -3 81 -36 9 9 1 0
-3.197225 18 -9 81 -90 9 9 1 0
-3.197225 18 -27 81 -252 9 9 1 0
-3.386294 28 2 -128 -24 32 -4 2 0
-3.386294 20 2 64 16 16 4 2 0
-3.386294 12 -18 32 -120 8 4 2 0
-3.386294 8 134 16 -140 4 4 2 0
-3.386294 8 122 16 4 4 4 2 0
-3.386294 8 118 16 -12 4 4 2 0
-3.386294 8 106 16 -60 4 4 2 0
-3.386294 8 106 16 -252 4 4 2 0
-3.386294 8 86 16 -140 4 4 2 0
-3.386294 8 82 16 4 4 4 2 0
-3.386294 8 78 16 -12 4 4 2 0
-3.386294 8 66 16 -60 4 4 2 0
-3.386294 8 58 16 -252 4 4 2 0
-3.386294 8 50 16 4 4 4 2 0
-3.386294 8 46 16 -12 4 4 2 0
-3.386294 8 46 16 -140 4 4 2 0
-3.386294 8 34 16 -60 4 4 2 0
-3.386294 8 26 16 4 4 4 2 0
-3.386294 8 22 16 -12 4 4 2 0
-3.386294 8 18 16 -252 4 4 2 0
-3.386294 8 14 16 -140 4 4 2 0
-3.386294 8 10 16 4 4 4 2 0
-3.386294 8 10 16 -60 4 4 2 0
-3.386294 8 6 16 -12 4 4 2 0
-3.386294 8 -6 16 -60 4 4 2 0
-3.386294 8 -10 16 -140 4 4 2 0
-3.386294 8 -14 16 -252 4 4 2 0
-3.386294 8 -26 16 -140 4 4 2 0
-3.386294 8 -38 16 -252 4 4 2 0
-3.386294 8 -54 16 -252 4 4 2 0
-3.484907 24 30 144 36 12 12 1 0
-3.484907 24 18 144 -108 12 12 1 0
-3.484907 24 6 144 36 12 12 1 0
-3.484907 24 -6 144 -108 12 12 1 0
-4.079442 16 146 64 12 8 8 2 0
-4.079442 16 142 64 -20 8 8 2 0
-4.079442 16 134 64 -84 8 8 2 0
-4.079442 16 132 64 -240 8 8 2 0
-4.079442 16 122 64 -180 8 8 2 0
-4.079442 16 114 64 12 8 8 2 0
-4.079442 16 110 64 -20 8 8 2 0
-4.079442 16 102 64 -84 8 8 2 0
-4.079442 16 100 64 16 8 8 2 0
-4.079442 16 92 64 -48 8 8 2 0
-4.079442 16 90 64 -180 8 8 2 0
-4.079442 16 86 64 12 8 8 2 0
-4.079442 16 82 64 -20 8 8 2 0
-4.079442 16 74 64 -84 8 8 2 0
-4.079442 16 68 64 -240 8 8 2 0
-4.079442 16 62 64 12 8 8 2 0
-4.079442 16 62 64 -180 8 8 2 0
-4.079442 16 58 64 -20 8 8 2 0
-4.079442 16 52 64 16 8 8 2 0
-4.079442 16 50 64 -84 8 8 2 0
-4.079442 16 44 64 -48 8 8 2 0
-4.079442 16 42 64 12 8 8 2 0
-4.079442 16 38 64 -20 8 8 2 0
-4.079442 16 38 64 -180 8 8 2 0
-4.079442 16 30 64 -84 8 8 2 0
-4.079442 16 26 64 12 8 8 2 0
-4.079442 16 22 64 -20 8 8 2 0
-4.079442 16 20 64 16 8 8 2 0
-4.079442 16 20 64 -240 8 8 2 0
-4.079442 16 18 64 -180 8 8 2 0
-4.079442 16 14 64 12 8 8 2 0
-4.079442 16 14 64 -84 8 8 2 0
-4.079442 16 12 64 -48 8 8 2 0
-4.079442 16 10 64 -20 8 8 2 0
-4.079442 16 6 64 12 8 8 2 0
-4.079442 16 2 64 -20 8 8 2 0
-4.079442 16 2 64 -84 8 8 2 0
-4.079442 16 2 64 -180 8 8 2 0
-4.079442 16 -6 64 -84 8 8 2 0
-4.079442 16 -10 64 -180 8 8 2 0
-4.079442 16 -12 64 -240 8 8 2 0
-4.079442 16 -18 64 -180 8 8 2 0
-4.197225 18 141 81 -252 9 9 2 0
-4.197225 18 123 81 18 9 9 2 0
-4.197225 18 117 81 -36 9 9 2 0
-4.197225 18 111 81 -90 9 9 2 0
-4.197225 18 102 81 18 9 9 2 0
-4.197225 18 96 81 -36 9 9 2 0
-4.197225 18 93 81 -252 9 9 2 0
-4.197225 18 90 81 -90 9 9 2 0
-4.197225 18 72 81 -252 9 9 2 0
-4.197225 18 66 81 18 9 9 2 0
-4.197225 18 60 81 -36 9 9 2 0
-4.197225 18 54 81 -90 9 9 2 0
-4.197225 18 51 81 18 9 9 2 0
-4.197225 18 45 81 -36 9 9 2 0
-4.197225 18 39 81 -90 9 9 2 0
-4.197225 18 36 81 -252 9 9 2 0
-4.197225 18 27 81 18 9 9 2 0
-4.197225 18 21 81 -36 9 9 2 0
-4.197225 18 21 81 -252 9 9 2 0
-4.197225 18 18 81 18 9 9 2 0
-4.197225 18 15 81 -90 9 9 2 0
-4.197225 18 12 81 -36 9 9 2 0
-4.197225 18 6 81 18 9 9 2 0
-4.197225 18 6 81 -90 9 9 2 0
-4.197225 18 -3 81 -252 9 9 2 0
-4.197225 18 -6 81 -90 9 9 2 0
-4.197225 18 -12 81 -252 9 9 2 0
-4.197225 18 -24 81 -252 9 9 2 0
-4.484907 24 150 144 36 12 12 2 0
-4.484907 24 138 144 -108 12 12 2 0
-4.484907 24 78 144 36 12 12 2 0
-4.484907 24 66 144 -108 12 12 2 0
-9.386294 18 -9 56 -210 14 4 8 0
-9.386294 2 11 -24 90 6 -4 8 0
-9.693147 74 -36 144 -108 72 2 9 0
-9.693147 70 -34 136 -102 68 2 9 0
-9.693147 70 -36 -144 108 72 -2 9 0
-9.693147 66 -32 128 -96 64 2 9 0
-9.693147 66 -34 -136 102 68 -2 9 0
-9.693147 62 -30 120 -90 60 2 9 0
-9.693147 62 -32 -128 96 64 -2 9 0
-9.693147 58 -28 112 -84 56 2 9 0
-9.693147 58 -30 -120 90 60 -2 9 0
-9.693147 54 -26 104 -78 52 2 9 0
-9.693147 54 -28 -112 84 56 -2 9 0
-9.693147 50 -24 96 -72 48 2 9 0
-9.693147 50 -26 -104 78 52 -2 9 0
-9.693147 46 -22 88 -66 44 2 9 0
-9.693147 46 -24 -96 72 48 -2 9 0
-9.693147 42 -20 80 -60 40 2 9 0
-9.693147 42 -22 -88 66 44 -2 9 0
-9.693147 38 -18 72 -54 36 2 9 0
-9.693147 38 -20 -80 60 40 -2 9 0
-9.693147 34 -16 64 -48 32 2 9 0
-9.693147 34 -18 -72 54 36 -2 9 0
-9.693147 30 -14 56 -42 28 2 9 0
-9.693147 30 -16 -64 48 32 -2 9 0
-9.693147 26 -12 48 -36 24 2 9 0
-9.693147 26 -14 -56 42 28 -2 9 0
-9.693147 22 -10 40 -30 20 2 9 0
-9.693147 22 -12 -48 36 24 -2 9 0
-9.693147 18 -8 32 -24 16 2 9 0
-9.693147 18 -10 -40 30 20 -2 9 0
-9.693147 14 -6 24 -18 12 2 9 0
-9.693147 14 -8 -32 24 16 -2 9 0
-9.693147 10 -4 16 -12 8 2 9 0
-9.693147 10 -6 -24 18 12 -2 9 0
-9.693147 6 -2 8 -6 4 2 9 0
-9.693147 6 -4 -16 12 8 -2 9 0
-9.693147 2 -2 -8 6 4 -2 9 0
-10.386294 38 -2 136 -102 34 4 9 0
-10.386294 34 -2 120 -90 30 4 9 0
-10.386294 30 2 -136 102 34 -4 9 0
-10.386294 30 -2 104 -78 26 4 9 0
-10.386294 26 2 -120 90 30 -4 9 0
-10.386294 26 -2 88 -66 22 4 9 0
-10.386294 22 2 -104 78 26 -4 9 0
-10.386294 22 -2 72 -54 18 4 9 0
-10.386294 18 2 -88 66 22 -4 9 0
-10.386294 18 -2 56 -42 14 4 9 0
-10.386294 18 -26 56 -210 14 4 9 0
-10.386294 14 2 -72 54 18 -4 9 0
-10.386294 14 -2 40 -30 10 4 9 0
-10.386294 10 2 -56 42 14 -4 9 0
-10.386294 10 -2 24 -18 6 4 9 0
-10.386294 6 2 -40 30 10 -4 9 0
-10.386294 2 2 -24 18 6 -4 9 0
-10.386294 2 -6 -24 90 6 -4 9 0
-10.791759 30 -12 144 -108 24 6 9 0
-10.791759 26 -10 120 -90 20 6 9 0
-10.791759 22 -8 96 -72 16 6 9 0
-10.791759 18 -6 72 -54 12 6 9 0
-10.791759 18 -12 -144 108 24 -6 9 0
-10.791759 14 -4 48 -36 8 6 9 0
-10.791759 14 -10 -120 90 20 -6 9 0
-10.791759 10 -8 -96 72 16 -6 9 0
-10.791759 6 -6 -72 54 12 -6 9 0
-10.791759 2 -4 -48 36 8 -6 9 0
-11.079442 26 -4 144 -108 18 8 9 0
-11.079442 22 -4 112 -84 14 8 9 0
-11.079442 18 -4 80 -60 10 8 9 0
-11.079442 10 4 -144 108 18 -8 9 0
-11.079442 6 4 -112 84 14 -8 9 0
-11.079442 2 4 -80 60 10 -8 9 0
-11.302585 22 -6 120 -90 12 10 9 0
-11.302585 2 -6 -120 90 12 -10 9 0
