0.673851 232 -290 16 140 231.931014 0.0689860304845 2 0
0.602347 216 -270 16 140 215.9259005 0.0740994941437 2 0
0.525328 200 -250 16 140 199.919968 0.0800320256256 2 0
0.441874 184 -230 16 140 183.9130023 0.0869976553915 2 0
0.350808 168 -210 16 140 167.9047079 0.0952921463879 2 0
0.250599 152 -190 16 140 151.8946638 0.105336155959 2 0
0.139200 136 -170 16 140 135.882251 0.117749006091 2 0
0.013790 120 -150 16 140 119.8665182 0.133481811617 2 0
-0.129680 104 -130 16 140 103.8459256 0.154074412737 2 0
-0.297324 88 -110 16 140 87.8178046 0.182195399587 2 0
-0.499023 72 -90 16 140 71.77708764 0.222912360003 2 0
-0.752379 56 -70 16 140 55.71281292 0.287187078898 2 0
-1.093863 40 -50 16 140 39.59591794 0.404082057735 2 0
-1.623547 24 -30 16 140 23.3137085 0.686291501015 2 0
-2.386294 8 -18 16 44 4 4 1 0
-2.386294 8 -22 16 -52 4 4 1 0
-2.386294 8 -30 16 44 4 4 1 0
-2.386294 8 -42 16 -52 4 4 1 0
-2.386294 8 -54 16 -52 4 4 1 0
-2.386294 8 -66 16 -340 4 4 1 0
-2.386294 8 -94 16 -340 4 4 1 0
-2.386294 8 -114 16 -340 4 4 1 0
-2.386294 8 -126 16 -340 4 4 1 0
-3.386294 8 290 16 44 4 4 2 0
-3.386294 8 270 16 -340 4 4 2 0
-3.386294 8 266 16 -52 4 4 2 0
-3.386294 8 246 16 140 4 4 2 0
-3.386294 8 238 16 108 4 4 2 0
-3.386294 8 234 16 -180 4 4 2 0
-3.386294 8 222 16 44 4 4 2 0
-3.386294 8 198 16 -52 4 4 2 0
-3.386294 8 194 16 -340 4 4 2 0
-3.386294 8 186 16 140 4 4 2 0
-3.386294 8 178 16 108 4 4 2 0
-3.386294 8 166 16 -180 4 4 2 0
-3.386294 8 162 16 44 4 4 2 0
-3.386294 8 138 16 -52 4 4 2 0
-3.386294 8 134 16 140 4 4 2 0
-3.386294 8 126 16 108 4 4 2 0
-3.386294 8 126 16 -340 4 4 2 0
-3.386294 8 110 16 44 4 4 2 0
-3.386294 8 106 16 -180 4 4 2 0
-3.386294 8 90 16 140 4 4 2 0
-3.386294 8 86 16 -52 4 4 2 0
-3.386294 8 82 16 108 4 4 2 0
-3.386294 8 66 16 44 4 4 2 0
-3.386294 8 66 16 -340 4 4 2 0
-3.386294 8 54 16 140 4 4 2 0
-3.386294 8 54 16 -180 4 4 2 0
-3.386294 8 46 16 108 4 4 2 0
-3.386294 8 42 16 -52 4 4 2 0
-3.386294 8 30 16 44 4 4 2 0
-3.386294 8 26 16 140 4 4 2 0
-3.386294 8 18 16 108 4 4 2 0
-3.386294 8 14 16 -340 4 4 2 0
-3.386294 8 10 16 -180 4 4 2 0
-3.386294 8 6 16 140 4 4 2 0
-3.386294 8 6 16 -52 4 4 2 0
-3.386294 8 2 16 44 4 4 2 0
-3.386294 8 -2 16 108 4 4 2 0
-3.386294 8 -6 16 140 4 4 2 0
-3.386294 8 -10 16 140 4 4 2 0
-3.386294 8 -14 16 108 4 4 2 0
-3.386294 8 -18 16 108 4 4 2 0
-3.386294 8 -26 16 -180 4 4 2 0
-3.386294 8 -30 16 -340 4 4 2 0
-3.386294 8 -34 16 44 4 4 2 0
-3.386294 8 -54 16 -180 4 4 2 0
-3.386294 8 -58 16 -52 4 4 2 0
-3.386294 8 -74 16 -180 4 4 2 0
-3.386294 8 -86 16 -180 4 4 2 0
-3.386294 8 -90 16 -180 4 4 2 0
-3.386294 8 -130 16 -340 4 4 2 0
