1.890029 162 -297 9 -42 161.9444254 0.0555746206078 1 0
1.638490 126 -231 9 -42 125.9285309 0.0714691097909 1 0
1.301472 90 -165 9 -42 89.89988864 0.100111358713 1 0
0.813544 450 -300 -27 -84 450.059992 -0.0599920021326 2 0
0.792787 162 -297 -27 126 162.1664956 -0.166495550812 1 0
0.788659 54 -99 9 -42 53.83281573 0.167184270003 1 0
0.730187 414 -276 -27 -84 414.0652071 -0.0652071208488 2 0
0.639246 378 -252 -27 -84 378.0714151 -0.0714150790648 2 0
0.542141 126 -231 -27 126 126.2139225 -0.213922517116 1 0
0.539205 342 -228 -27 -84 342.0789292 -0.078929152599 2 0
0.428036 306 -204 -27 -84 306.0882099 -0.0882098660769 2 0
0.388026 144 -264 -36 168 144.2495675 -0.249567472754 1 0
0.384554 144 -264 36 -168 143.7495645 0.250435541392 1 0
0.302955 270 -180 -27 -84 270.099963 -0.0999629903724 2 0
0.279215 162 -297 45 -210 161.7217443 0.278255717558 1 0
0.207290 90 -165 -27 126 90.29900661 -0.299006611624 1 0
0.159977 234 -156 -27 -84 234.1153278 -0.115327775659 2 0
0.101685 108 -198 -36 168 108.3323108 -0.332310828824 1 0
0.095511 108 -198 36 -168 107.6656315 0.334368540005 1 0
0.026773 126 -231 45 -210 125.6418391 0.358160946537 1 0
-0.006882 198 -132 -27 -84 198.1362699 -0.13626985115 2 0
-0.207213 162 -108 -27 -84 162.1664956 -0.166495550812 2 0
-0.297720 54 -99 -27 126 54.49545417 -0.495454169735 1 0
-0.299980 72 -132 -36 168 72.49657518 -0.496575181789 1 0
-0.312455 90 -165 45 -210 89.49719092 0.502809077426 1 0
-0.313871 72 -132 36 -168 71.4964787 0.503521301402 1 0
-0.335865 18 -33 9 -42 17.48528137 0.514718625761 1 0
-0.457859 126 -84 -27 -84 126.2139225 -0.213922517116 2 0
-0.792710 90 -60 -27 -84 90.29900661 -0.299006611624 2 0
-0.833481 54 -99 45 -210 53.15339366 0.846606338756 1 0
-0.973313 36 -66 -36 168 36.97366596 -0.97366596101 1 0
-1.029012 36 -66 36 -168 34.97056275 1.02943725152 1 0
-1.297720 54 -36 -27 -84 54.49545417 -0.495454169735 2 0
-1.330961 18 -33 -27 126 19.39230485 -1.39230484541 1 0
-2.098612 18 -33 45 -210 15 3 1 0
-2.330961 18 -12 -27 -84 19.39230485 -1.39230484541 2 0
-7.098612 6 118 9 -390 3 3 6 0
-7.098612 6 103 9 -276 3 3 6 0
-7.098612 6 88 9 -180 3 3 6 0
-7.098612 6 73 9 -102 3 3 6 0
-7.098612 6 65 9 -390 3 3 6 0
-7.098612 6 58 9 -42 3 3 6 0
-7.098612 6 56 9 -276 3 3 6 0
-7.098612 6 47 9 -180 3 3 6 0
-7.098612 6 43 9 0 3 3 6 0
-7.098612 6 38 9 -102 3 3 6 0
-7.098612 6 29 9 -42 3 3 6 0
-7.098612 6 20 9 0 3 3 6 0
-7.791759 12 116 36 -168 6 6 6 0
-7.791759 12 86 36 0 6 6 6 0
-7.791759 12 58 36 -168 6 6 6 0
-7.791759 12 40 36 0 6 6 6 0
-8.098612 6 18 9 -390 3 3 7 0
-8.098612 6 15 9 -276 3 3 7 0
-8.098612 6 12 9 -180 3 3 7 0
-8.098612 6 9 9 -102 3 3 7 0
-8.098612 6 6 9 -42 3 3 7 0
-8.098612 6 3 9 0 3 3 7 0
-8.791759 12 12 36 -168 6 6 7 0
-8.791759 12 6 36 0 6 6 7 0
