3.189663 1782 -297 -27 -12 1782.015151 -0.0151513863275 1 0
3.169255 1746 -291 -27 -12 1746.015464 -0.0154637805679 1 0
3.148421 1710 -285 -27 -12 1710.015789 -0.015789327893 1 0
3.127144 1674 -279 -27 -12 1674.016129 -0.0161288768575 1 0
3.105404 1638 -273 -27 -12 1638.016483 -0.01648335061 1 0
3.083182 1602 -267 -27 -12 1602.016854 -0.0168537552753 1 0
3.060454 1566 -261 -27 -12 1566.017241 -0.0172411894901 1 0
3.037198 1530 -255 -27 -12 1530.017647 -0.0176468552866 1 0
3.013388 1494 -249 -27 -12 1494.018072 -0.018072070549 1 0
2.988997 1458 -243 -27 -12 1458.018518 -0.018518283315 1 0
2.963996 1422 -237 -27 -12 1422.018987 -0.0189870882493 1 0
2.938354 1386 -231 -27 -12 1386.01948 -0.0194802456855 1 0
2.912038 1350 -225 -27 -12 1350.02 -0.0199997037125 1 0
2.885010 1314 -219 -27 -12 1314.020548 -0.0205476238929 1 0
2.857231 1278 -213 -27 -12 1278.021126 -0.0211264113261 1 0
2.828659 1242 -207 -27 -12 1242.021739 -0.0217387499411 1 0
2.799246 1206 -201 -27 -12 1206.022388 -0.0223876441073 1 0
2.768942 1170 -195 -27 -12 1170.023076 -0.0230764679287 1 0
2.737691 1134 -189 -27 -12 1134.023809 -0.0238090239245 1 0
2.705431 1098 -183 -27 -12 1098.02459 -0.0245896132523 1 0
2.672096 1062 -177 -27 -12 1062.025423 -0.0254231202118 1 0
2.637612 1026 -171 -27 -12 1026.026315 -0.0263151145368 1 0
2.637509 342 -285 9 -24 341.9736822 0.0263178146999 1 0
2.601896 990 -165 -27 -12 990.027272 -0.0272719759993 1 0
2.564856 954 -159 -27 -12 954.028301 -0.028301047223 1 0
2.526393 918 -153 -27 -12 918.0294108 -0.0294108224439 1 0
2.526264 306 -255 9 -24 305.9705854 0.0294145922165 1 0
2.486390 882 -147 -27 -12 882.0306112 -0.0306111824892 1 0
2.444720 846 -141 -27 -12 846.0319137 -0.0319136897357 1 0
2.401239 810 -135 -27 -12 810.033332 -0.0333319617041 1 0
2.401074 270 -225 9 -24 269.9666626 0.0333374495761 1 0
2.355780 774 -129 -27 -12 774.0348821 -0.0348821488833 1 0
2.308157 738 -123 -27 -12 738.0365836 -0.0365835523627 1 0
2.258151 702 -117 -27 -12 702.0384594 -0.0384594314418 1 0
2.257932 234 -195 9 -24 233.9615321 0.0384678622924 1 0
2.205514 666 -111 -27 -12 666.0405381 -0.04053807307 1 0
2.149951 630 -105 -27 -12 630.0428542 -0.0428542278019 1 0
2.091119 594 -99 -27 -12 594.0454511 -0.0454510676775 1 0
2.090813 198 -165 9 -24 197.954535 0.0454649851762 1 0
2.028609 558 -93 -27 -12 558.0483829 -0.0483829016036 1 0
1.961930 522 -87 -27 -12 522.051719 -0.0517190136851 1 0
1.890486 486 -81 -27 -12 486.0555492 -0.0555492063491 1 0
1.890029 162 -135 9 -24 161.9444254 0.0555746206078 1 0
1.813544 450 -75 -27 -12 450.059992 -0.0599920021326 1 0
1.730187 414 -69 -27 -12 414.0652071 -0.0652071208488 1 0
1.639246 378 -63 -27 -12 378.0714151 -0.0714150790648 1 0
1.638490 126 -105 9 -24 125.9285309 0.0714691097909 1 0
1.539205 342 -57 -27 -12 342.0789292 -0.078929152599 1 0
1.539205 342 -285 -27 72 342.0789292 -0.078929152599 1 0
1.428036 306 -51 -27 -12 306.0882099 -0.0882098660769 1 0
1.428036 306 -255 -27 72 306.0882099 -0.0882098660769 1 0
1.302955 270 -45 -27 -12 270.099963 -0.0999629903724 1 0
1.302955 270 -225 -27 72 270.099963 -0.0999629903724 1 0
1.302863 360 -300 -36 96 360.0999722 -0.0999722376436 1 0
1.302307 360 -300 36 -96 359.8999722 0.100027793221 1 0
1.301472 90 -75 9 -24 89.89988864 0.100111358713 1 0
1.197567 324 -270 -36 96 324.111073 -0.111073033276 1 0
1.196881 324 -270 36 -96 323.8888508 0.111149241216 1 0
1.159977 234 -39 -27 -12 234.1153278 -0.115327775659 1 0
1.159977 234 -195 -27 72 234.1153278 -0.115327775659 1 0
1.079875 288 -240 -36 96 288.1249458 -0.124945793572 1 0
1.079007 288 -240 36 -96 287.8749457 0.125054300618 1 0
1.027763 342 -285 45 -120 341.8683704 0.131629609222 1 0
0.993118 198 -33 -27 -12 198.1362699 -0.13626985115 1 0
0.993118 198 -165 -27 72 198.1362699 -0.13626985115 1 0
0.946477 252 -210 -36 96 252.1427762 -0.142776249772 1 0
0.945343 252 -210 36 -96 251.8570618 0.142938219582 1 0
0.916442 306 -255 45 -120 305.8528704 0.147129565716 1 0
0.792787 162 -27 -27 -12 162.1664956 -0.166495550812 1 0
0.792787 162 -135 -27 72 162.1664956 -0.166495550812 1 0
0.792530 216 -180 -36 96 216.1665383 -0.16653826392 1 0
0.791142 270 -225 45 -120 269.8332303 0.166769674535 1 0
0.790987 216 -180 36 -96 215.8332045 0.166795466331 1 0
0.788659 54 -45 9 -24 53.83281573 0.167184270003 1 0
0.647836 234 -195 45 -120 233.807534 0.192465996409 1 0
0.610547 180 -150 -36 96 180.1997783 -0.199778270237 1 0
0.608325 180 -150 36 -96 179.7997773 0.200222717425 1 0
0.542141 126 -21 -27 -12 126.2139225 -0.213922517116 1 0
0.542141 126 -105 -27 72 126.2139225 -0.213922517116 1 0
0.480455 198 -165 45 -120 197.7724658 0.227534201074 1 0
0.388026 144 -120 -36 96 144.2495675 -0.249567472754 1 0
0.384554 144 -120 36 -96 143.7495645 0.250435541392 1 0
0.279215 162 -135 45 -120 161.7217443 0.278255717558 1 0
0.207290 90 -15 -27 -12 90.29900661 -0.299006611624 1 0
0.207290 90 -75 -27 72 90.29900661 -0.299006611624 1 0
0.101685 108 -90 -36 96 108.3323108 -0.332310828824 1 0
0.095511 108 -90 36 -96 107.6656315 0.334368540005 1 0
0.026773 126 -105 45 -120 125.6418391 0.358160946537 1 0
-0.297720 54 -9 -27 -12 54.49545417 -0.495454169735 1 0
-0.297720 54 -45 -27 72 54.49545417 -0.495454169735 1 0
-0.299980 72 -60 -36 96 72.49657518 -0.496575181789 1 0
-0.312455 90 -75 45 -120 89.49719092 0.502809077426 1 0
-0.313871 72 -60 36 -96 71.4964787 0.503521301402 1 0
-0.335865 18 -15 9 -24 17.48528137 0.514718625761 1 0
-0.833481 54 -45 45 -120 53.15339366 0.846606338756 1 0
-0.973313 36 -30 -36 96 36.97366596 -0.97366596101 1 0
-1.029012 36 -30 36 -96 34.97056275 1.02943725152 1 0
-1.330961 18 -3 -27 -12 19.39230485 -1.39230484541 1 0
-1.330961 18 -15 -27 72 19.39230485 -1.39230484541 1 0
-2.098612 18 -15 45 -120 15 3 1 0
-7.098612 6 106 9 -300 3 3 6 0
-7.098612 6 91 9 -204 3 3 6 0
-7.098612 6 76 9 -126 3 3 6 0
-7.098612 6 61 9 -66 3 3 6 0
-7.098612 6 59 9 -300 3 3 6 0
-7.098612 6 50 9 -204 3 3 6 0
-7.098612 6 46 9 -24 3 3 6 0
-7.098612 6 41 9 -126 3 3 6 0
-7.098612 6 32 9 -66 3 3 6 0
-7.098612 6 31 9 0 3 3 6 0
-7.098612 6 23 9 -24 3 3 6 0
-7.098612 6 14 9 0 3 3 6 0
-7.791759 12 122 36 -264 6 6 6 0
-7.791759 12 92 36 -96 6 6 6 0
-7.791759 12 64 36 -264 6 6 6 0
-7.791759 12 62 36 0 6 6 6 0
-7.791759 12 46 36 -96 6 6 6 0
-7.791759 12 28 36 0 6 6 6 0
-8.098612 6 18 9 -300 3 3 7 0
-8.098612 6 15 9 -204 3 3 7 0
-8.098612 6 12 9 -126 3 3 7 0
-8.098612 6 9 9 -66 3 3 7 0
-8.098612 6 6 9 -24 3 3 7 0
-8.098612 6 3 9 0 3 3 7 0
-8.791759 12 18 36 -264 6 6 7 0
-8.791759 12 12 36 -96 6 6 7 0
-8.791759 12 6 36 0 6 6 7 0
