2.044806 168 -294 -8 36 168.0476056 -0.0476055578028 1 0
2.044239 168 -294 8 -36 167.9523674 0.0476325527386 1 0
1.996045 160 -280 -8 36 160.0499844 -0.049984384758 1 0
1.995420 160 -280 8 -36 159.9499844 0.0500156347733 1 0
1.944785 152 -266 -8 36 152.0526134 -0.0526133673262 1 0
1.944093 152 -266 8 -36 151.9473502 0.0526498158099 1 0
1.890757 144 -252 -8 36 144.0555341 -0.0555341386073 1 0
1.889986 144 -252 8 -36 143.944423 0.0555770055802 1 0
1.833646 136 -238 -8 36 136.0587981 -0.0587981086942 1 0
1.832781 136 -238 8 -36 135.941151 0.0588489941479 1 0
1.773077 128 -224 -8 36 128.0624695 -0.0624695121879 1 0
1.772100 128 -224 8 -36 127.9374695 0.0625305474169 1 0
1.708605 120 -210 -8 36 120.0666297 -0.0666296707248 1 0
1.707494 120 -210 8 -36 119.9332963 0.0667037449132 1 0
1.639694 112 -196 -8 36 112.0713831 -0.0713830755047 1 0
1.638419 112 -196 8 -36 111.9285258 0.0714741835617 1 0
1.565688 104 -182 -8 36 104.0768663 -0.0768662651661 1 0
1.564209 104 -182 8 -36 103.9230199 0.0769800570113 1 0
1.485774 96 -168 -8 36 96.08326112 -0.0832611206852 1 0
1.484037 96 -168 8 -36 95.9165942 0.0834057971562 1 0
1.398927 88 -154 -8 36 88.09081537 -0.0908153700972 1 0
1.396861 88 -154 8 -36 87.9089968 0.0910031997997 1 0
1.351942 168 -294 -16 72 168.0951842 -0.0951841665146 1 0
1.350808 168 -294 16 -72 167.9047079 0.0952921463879 1 0
1.303833 80 -140 -8 36 80.09987531 -0.0998753115268 1 0
1.303210 160 -280 -16 72 160.0999376 -0.0999375780031 1 0
1.301960 160 -280 16 -72 159.8999374 0.100062578247 1 0
1.301333 80 -140 8 -36 79.89987469 0.10012531348 1 0
1.251984 152 -266 -16 72 152.1051904 -0.105190361762 1 0
1.250599 152 -266 16 -72 151.8946638 0.105336155959 1 0
1.198764 72 -126 -8 36 72.11094017 -0.110940170536 1 0
1.197995 144 -252 -16 72 144.1110255 -0.11102550928 1 0
1.196452 144 -252 16 -72 143.888803 0.111196977554 1 0
1.195678 72 -126 8 -36 71.88871689 0.111283110147 1 0
1.140930 136 -238 -16 72 136.1175455 -0.117545463706 1 0
1.139200 136 -238 16 -72 135.882251 0.117749006091 1 0
1.081389 64 -112 -8 36 64.12475681 -0.124756808418 1 0
1.080417 128 -224 -16 72 128.1248782 -0.124878167526 1 0
1.078464 128 -224 16 -72 127.8748777 0.125122309315 1 0
1.077483 64 -112 8 -36 63.8747549 0.125245098982 1 0
1.016012 120 -210 -16 72 120.1331855 -0.133185513492 1 0
1.013790 120 -210 16 -72 119.8665182 0.133481811617 1 0
0.948451 56 -98 -8 36 56.14249456 -0.142494558941 1 0
0.947183 112 -196 -16 72 112.1426754 -0.142675390473 1 0
0.946759 168 -294 -24 108 168.1427359 -0.142735871851 1 0
0.945059 168 -294 24 -108 167.8570212 0.142978827053 1 0
0.944632 112 -196 16 -72 111.8569602 0.143039824924 1 0
0.943349 56 -98 8 -36 55.85677655 0.143223445632 1 0
0.898056 160 -280 -24 108 160.1498596 -0.149859638056 1 0
0.896181 160 -280 24 -108 159.8498591 0.150140889291 1 0
0.873278 104 -182 -16 72 104.1536192 -0.153619241621 1 0
0.870320 104 -182 16 -72 103.8459256 0.154074412737 1 0
0.846864 152 -266 -24 108 152.1577311 -0.157731058639 1 0
0.844786 152 -266 24 -108 151.8419409 0.158059096566 1 0
0.795214 48 -84 -8 36 48.16609195 -0.166091947189 1 0
0.793491 96 -168 -16 72 96.16637832 -0.166378315169 1 0
0.792915 144 -252 -24 108 144.1664742 -0.166474210675 1 0
0.790600 144 -252 24 -108 143.83314 0.166860015728 1 0
0.790019 96 -168 16 -72 95.83304297 0.166957027594 1 0
0.788269 48 -84 8 -36 47.83275058 0.167249424374 1 0
0.735896 136 -238 -24 108 136.1762422 -0.176242196237 1 0
0.733301 136 -238 24 -108 135.8232998 0.176700168747 1 0
0.706808 88 -154 -16 72 88.18144407 -0.181444068749 1 0
0.702676 88 -154 16 -72 87.8178046 0.182195399587 1 0
0.675438 128 -224 -24 108 128.1872261 -0.187226143525 1 0
0.672508 128 -224 24 -108 127.8122245 0.187775465825 1 0
0.659360 168 -294 -32 144 168.1902607 -0.190260719397 1 0
0.657092 168 -294 32 -144 167.8093074 0.190692640972 1 0
0.614401 40 -70 -8 36 40.19900988 -0.199009876724 1 0
0.611929 80 -140 -16 72 80.19950248 -0.199502484484 1 0
0.611100 120 -210 -24 108 120.1996678 -0.19966777317 1 0
0.610686 160 -280 -32 144 160.1997506 -0.199750623054 1 0
0.608186 160 -280 32 -144 159.7997494 0.20025062696 1 0
0.607767 120 -210 24 -108 119.7996656 0.200334449096 1 0
0.606928 80 -140 16 -72 79.79949748 0.200502515735 1 0
0.604400 40 -70 8 -36 39.79898987 0.201010126777 1 0
0.559527 152 -266 -32 144 152.2102355 -0.210235533031 1 0
0.556757 152 -266 32 -144 151.7891813 0.210818714014 1 0
0.542353 112 -196 -24 108 112.2138773 -0.213877290221 1 0
0.538526 112 -196 24 -108 111.7853027 0.214697276075 1 0
0.507150 72 -126 -16 72 72.22154055 -0.22154055255 1 0
0.505617 144 -252 -32 144 144.2218803 -0.221880341071 1 0
0.502531 144 -252 32 -144 143.7774338 0.222566220295 1 0
0.500977 72 -126 16 -72 71.77708764 0.222912360003 1 0
0.468549 104 -182 -24 108 104.2302594 -0.230259428802 1 0
0.464111 104 -182 24 -108 103.7687164 0.231283577821 1 0
0.448645 136 -238 -32 144 136.2348884 -0.234888436928 1 0
0.445184 136 -238 32 -144 135.7642974 0.23570261561 1 0
0.436499 168 -294 -40 180 168.2377588 -0.237758754611 1 0
0.433664 168 -294 40 -180 167.7615664 0.238433634512 1 0
0.394017 32 -56 -8 36 32.24807681 -0.248076809272 1 0
0.390178 64 -112 -16 72 64.24903099 -0.249030993194 1 0
0.388888 96 -168 -24 108 96.24935233 -0.249352327259 1 0
0.388242 128 -224 -32 144 128.2495136 -0.249513616836 1 0
0.387853 160 -280 -40 180 160.2496106 -0.249610590956 1 0
0.384728 160 -280 40 -180 159.7496081 0.250391850492 1 0
0.384335 128 -224 32 -144 127.7495098 0.250490197963 1 0
0.383680 96 -168 24 -108 95.74934555 0.250654454747 1 0
0.382365 64 -112 16 -72 63.74901573 0.250984267225 1 0
0.378389 32 -56 8 -36 31.74801575 0.251984251976 1 0
0.336728 152 -266 -40 180 152.2627039 -0.26270385975 1 0
0.333265 152 -266 40 -180 151.7363849 0.263615084954 1 0
0.323971 120 -210 -32 144 120.2660767 -0.266076693277 1 0
0.319526 120 -210 32 -144 119.7327381 0.267261907728 1 0
0.302368 88 -154 -24 108 88.27188724 -0.271887242357 1 0
0.296169 88 -154 24 -108 87.72642222 0.273577781849 1 0
0.282857 144 -252 -40 180 144.277244 -0.277243998371 1 0
0.278999 144 -252 40 -180 143.7216843 0.278315691836 1 0
0.257826 56 -98 -16 72 56.28427125 -0.284271247462 1 0
0.255304 112 -196 -32 144 112.2849891 -0.284989117881 1 0
0.254459 168 -294 -48 216 168.28523 -0.285230022822 1 0
0.251058 168 -294 48 -216 167.7137981 0.286201854175 1 0
0.250202 112 -196 32 -144 111.7135531 0.286446891264 1 0
0.247621 56 -98 16 -72 55.71281292 0.287187078898 1 0
0.225931 136 -238 -40 180 136.2934843 -0.293484315855 1 0
0.221606 136 -238 40 -180 135.7052435 0.294756480757 1 0
0.207702 80 -140 -24 108 80.29888336 -0.29888335922 1 0
0.205843 160 -280 -48 216 160.2994396 -0.299439599539 1 0
0.202093 160 -280 48 -216 159.6994354 0.300564619315 1 0
0.200202 80 -140 24 -108 79.69886648 0.301133517442 1 0
0.181601 104 -182 -32 144 104.3067873 -0.306787322488 1 0
0.175683 104 -182 32 -144 103.6913919 0.30860806672 1 0
0.165583 128 -224 -40 180 128.3117408 -0.311740763254 1 0
0.160700 128 -224 40 -180 127.6867333 0.313266687637 1 0
0.154751 152 -266 -48 216 152.3151361 -0.315136113356 1 0
0.150595 152 -266 48 -216 151.6835517 0.316448286302 1 0
0.112220 24 -42 -8 36 24.32882801 -0.328828005938 1 0
0.105485 48 -84 -16 72 48.33105012 -0.331050121193 1 0
0.103210 72 -126 -24 108 72.33180425 -0.33180424917 1 0
0.102067 96 -168 -32 144 96.33218389 -0.332183894378 1 0
0.101379 120 -210 -40 180 120.3324125 -0.332412515993 1 0
0.100919 144 -252 -48 216 144.3325653 -0.3325652801 1 0
0.100591 168 -294 -56 252 168.3326746 -0.332674569232 1 0
0.096622 168 -294 56 -252 167.6660027 0.333997346592 1 0
0.096289 144 -252 48 -216 143.6658915 0.334108531324 1 0
0.095823 120 -210 40 -180 119.6657356 0.334264439295 1 0
0.095122 96 -168 32 -144 95.66550115 0.334498848748 1 0
0.093950 72 -126 24 -108 71.665109 0.334890999746 1 0
0.091594 48 -84 16 -72 47.66431913 0.335680867602 1 0
0.084425 24 -42 8 -36 23.66190379 0.338096210309 1 0
0.052002 160 -280 -56 252 160.3492377 -0.349237706403 1 0
0.047627 160 -280 56 -252 159.649231 0.35076899304 1 0
0.044039 136 -238 -48 216 136.35203 -0.35202996254 1 0
0.038849 136 -238 48 -216 135.6461381 0.353861898849 1 0
0.032793 112 -196 -40 180 112.3560112 -0.356011214421 1 0
0.026415 112 -196 40 -180 111.641711 0.358289027026 1 0
0.015708 88 -154 -32 144 88.36214603 -0.362146025638 1 0
0.007443 88 -154 32 -144 87.63484846 0.365151541457 1 0
0.000944 152 -266 -56 252 152.3675324 -0.367532368147 1 0
-0.003904 152 -266 56 -252 151.6306816 0.369318395244 1 0
-0.013362 64 -112 -24 108 64.37282811 -0.372828112477 1 0
-0.016254 128 -224 -48 216 128.3739078 -0.373907757724 1 0
-0.022113 128 -224 48 -216 127.6238949 0.376105117653 1 0
-0.025082 64 -112 24 -108 63.6227766 0.377223398316 1 0
-0.040811 104 -182 -40 180 104.3832034 -0.383203414835 1 0
-0.048207 104 -182 40 -180 103.6139516 0.386048397744 1 0
-0.052849 144 -252 -56 252 144.3878443 -0.387844283415 1 0
-0.058250 144 -252 56 -252 143.6100552 0.389944840127 1 0
-0.073856 40 -70 -16 72 40.39607805 -0.396078054371 1 0
-0.078746 80 -140 -32 144 80.39801975 -0.398019753448 1 0
-0.080392 120 -210 -48 216 120.3986755 -0.398675482166 1 0
-0.087059 120 -210 48 -216 119.5986577 0.401342296995 1 0
-0.088747 80 -140 32 -144 79.59797975 0.402020253553 1 0
-0.093863 40 -70 16 -72 39.59591794 0.404082057735 1 0
-0.109683 136 -238 -56 252 136.4105255 -0.410525505948 1 0
-0.115738 136 -238 56 -252 135.586981 0.413019005137 1 0
-0.120219 96 -168 -40 180 96.41487375 -0.414873747641 1 0
-0.128900 96 -168 40 -180 95.58150901 0.418490986519 1 0
-0.145135 56 -98 -24 108 56.42534081 -0.425340807104 1 0
-0.148897 112 -196 -48 216 112.4269439 -0.426943918664 1 0
-0.156551 112 -196 48 -216 111.569776 0.430224042201 1 0
-0.160445 56 -98 24 -108 55.5680975 0.43190249582 1 0
-0.169921 128 -224 -56 252 128.4360148 -0.436014774348 1 0
-0.176757 128 -224 56 -252 127.5609943 0.439005671717 1 0
-0.182953 72 -126 -32 144 72.44173432 -0.441734316577 1 0
-0.195301 72 -126 32 -144 71.55277767 0.447222330738 1 0
-0.206417 88 -154 -40 180 88.45222154 -0.452221541786 1 0
-0.216748 88 -154 40 -180 87.54308211 0.456917885846 1 0
-0.222401 104 -182 -48 216 104.4595082 -0.459508194416 1 0
-0.231278 104 -182 48 -216 103.5363949 0.463605093099 1 0
-0.233994 120 -210 -56 252 120.4648658 -0.464865831324 1 0
-0.241772 120 -210 56 -252 119.5315043 0.468495735451 1 0
-0.276974 16 -28 -8 36 16.48528137 -0.485281374239 1 0
-0.291582 32 -56 -16 72 32.4924225 -0.492422502471 1 0
-0.296595 48 -84 -24 108 48.49489743 -0.494897427832 1 0
-0.299130 64 -112 -32 144 64.49615362 -0.496153618544 1 0
-0.300661 80 -140 -40 180 80.49691346 -0.496913462633 1 0
-0.301685 96 -168 -48 216 96.49742261 -0.497422611929 1 0
-0.302418 112 -196 -56 252 112.4977876 -0.497787567302 1 0
-0.311347 112 -196 56 -252 111.4977477 0.502252297954 1 0
-0.312102 96 -168 48 -216 95.49736835 0.502631651848 1 0
-0.313162 80 -140 40 -180 79.49683532 0.503164683737 1 0
-0.314758 64 -112 32 -144 63.4960315 0.503968503953 1 0
-0.317436 48 -84 24 -108 47.49468025 0.505319751059 1 0
-0.322857 32 -56 16 -72 31.49193338 0.50806661517 1 0
-0.339679 16 -28 8 -36 15.48331477 0.516685226452 1 0
-0.375823 104 -182 -56 252 104.5357021 -0.535702146255 1 0
-0.386179 104 -182 56 -252 103.4587213 0.541278678926 1 0
-0.387723 88 -154 -48 216 88.5421149 -0.54211490264 1 0
-0.400121 88 -154 48 -216 87.45112196 0.548878035199 1 0
-0.404585 72 -126 -40 180 72.55133376 -0.551333764994 1 0
-0.420020 72 -126 40 -180 71.44009029 0.559909706661 1 0
-0.430333 56 -98 -32 144 56.56571371 -0.565713714171 1 0
-0.450748 56 -98 32 -144 55.4226184 0.577381598396 1 0
-0.454982 96 -168 -56 252 96.57983121 -0.579831205964 1 0
-0.467136 96 -168 56 -252 95.41307836 0.586921635481 1 0
-0.474501 40 -70 -24 108 40.59126028 -0.591260281974 1 0
-0.481757 80 -140 -48 216 80.59556626 -0.595566260369 1 0
-0.496760 80 -140 48 -216 79.39543121 0.604568792816 1 0
-0.504524 40 -70 24 -108 39.39071943 0.609280570335 1 0
-0.520371 64 -112 -40 180 64.61901286 -0.6190128606 1 0
-0.539908 64 -112 40 -180 63.36877428 0.631225717284 1 0
-0.540861 88 -154 -56 252 88.63182721 -0.631827208843 1 0
-0.555326 88 -154 56 -252 87.35896678 0.641033222642 1 0
-0.567848 24 -42 -16 72 24.64911064 -0.649110640674 1 0
-0.580927 48 -84 -32 144 48.65765601 -0.657656011876 1 0
-0.585402 72 -126 -48 216 72.66060556 -0.660605559647 1 0
-0.603925 72 -126 48 -216 71.32704347 0.672956534689 1 0
-0.608722 48 -84 32 -144 47.32380758 0.676192420619 1 0
-0.623547 24 -42 16 -72 23.3137085 0.686291501015 1 0
-0.634688 80 -140 -56 252 80.6939799 -0.693979898752 1 0
-0.651010 56 -98 -40 180 56.70540019 -0.705400188815 1 0
-0.652192 80 -140 56 -252 79.29376541 0.706234591223 1 0
-0.676534 56 -98 40 -180 55.27636339 0.723636606028 1 0
-0.689664 32 -56 -24 108 32.73320053 -0.733200530682 1 0
-0.700800 64 -112 -48 216 64.74141109 -0.74141108749 1 0
-0.724248 64 -112 48 -216 63.2409987 0.759001296373 1 0
-0.736625 32 -56 24 -108 31.23154621 0.768453788272 1 0
-0.738054 72 -126 -56 252 72.76955262 -0.7695526217 1 0
-0.757431 40 -70 -32 144 40.78460969 -0.784609690827 1 0
-0.759667 72 -126 56 -252 71.21363372 0.786366276682 1 0
-0.797485 40 -70 32 -144 39.18332609 0.816673906749 1 0
-0.800753 48 -84 -40 180 48.81934729 -0.819347291982 1 0
-0.830883 56 -98 -48 216 56.8444102 -0.844410203712 1 0
-0.835510 48 -84 40 -180 47.15167381 0.84832619442 1 0
-0.853069 64 -112 -56 252 64.86335345 -0.86335345031 1 0
-0.861519 56 -98 48 -216 55.12931993 0.870680067499 1 0
-0.880430 64 -112 56 -252 63.11269837 0.887301627792 1 0
-0.893505 8 -14 -8 36 8.898979486 -0.898979485566 1 0
-0.942659 16 -28 -16 72 16.94427191 -0.944271909999 1 0
-0.960720 24 -42 -24 108 24.9614814 -0.961481396816 1 0
-0.970121 32 -56 -32 144 32.97056275 -0.970562748477 1 0
-0.975889 40 -70 -40 180 40.97617696 -0.976176963403 1 0
-0.979789 48 -84 -48 216 48.97999199 -0.979991993594 1 0
-0.982603 56 -98 -56 252 56.98275349 -0.982753492379 1 0
-1.018355 56 -98 56 -252 54.98147513 1.01852487354 1 0
-1.021516 48 -84 48 -216 46.97825059 1.02174941385 1 0
-1.025993 40 -70 40 -180 38.97366596 1.02633403899 1 0
-1.032826 32 -56 32 -144 30.96662955 1.0333704529 1 0
-1.044542 24 -42 24 -108 22.95445115 1.0455488499 1 0
-1.069336 16 -28 16 -72 14.92820323 1.07179676972 1 0
-1.130686 48 -84 -56 252 49.13961018 -1.13961017995 1 0
-1.153588 40 -70 -48 216 41.16601049 -1.16601048852 1 0
-1.158347 8 -14 8 -36 6.828427125 1.17157287525 1 0
-1.179394 48 -84 56 -252 46.8035085 1.19649149802 1 0
-1.186190 32 -56 -40 180 33.20465053 -1.20465053409 1 0
-1.213769 40 -70 48 -216 38.76166304 1.23833696071 1 0
-1.236257 24 -42 -32 144 25.26649916 -1.26649916142 1 0
-1.264717 32 -56 40 -180 30.69693846 1.3030615433 1 0
-1.303179 40 -70 -56 252 41.3541565 -1.35415650406 1 0
-1.322686 16 -28 -24 108 17.38083152 -1.38083151965 1 0
-1.348538 24 -42 32 -144 22.58300524 1.41699475574 1 0
-1.361580 32 -56 -48 216 33.43559577 -1.43559577416 1 0
-1.373467 40 -70 56 -252 38.54723699 1.45276300901 1 0
-1.447669 24 -42 -40 180 25.56465997 -1.56465996625 1 0
-1.456028 32 -56 48 -216 30.4222051 1.57779489814 1 0
-1.504921 8 -14 -16 72 9.656854249 -1.65685424949 1 0
-1.508937 32 -56 -56 252 33.66352173 -1.66352173266 1 0
-1.516079 16 -28 24 -108 14.32455532 1.67544467966 1 0
-1.586652 16 -28 -32 144 17.79795897 -1.79795897113 1 0
-1.588876 24 -42 40 -180 22.19803903 1.80196097281 1 0
-1.618643 24 -42 -48 216 25.85640646 -1.85640646055 1 0
-1.619428 32 -56 56 -252 30.14213562 1.85786437627 1 0
-1.761803 24 -42 -56 252 26.14213562 -2.14213562373 1 0
-1.787566 16 -28 -40 180 18.19803903 -2.19803902719 1 0
-1.789385 24 -42 48 -216 21.79795897 2.20204102887 1 0
-1.843529 8 -14 -24 108 10.32455532 -2.32455532034 1 0
-1.851494 16 -28 32 -144 13.65685425 2.34314575051 1 0
-1.948954 16 -28 -48 216 18.58300524 -2.58300524426 1 0
-1.962857 24 -42 56 -252 21.38083152 2.61916848035 1 0
-2.074389 8 -14 -32 144 10.92820323 -2.92820323028 1 0
-2.083313 16 -28 -56 252 18.95445115 -2.9544511501 1 0
-2.131731 16 -28 40 -180 12.89897949 3.10102051443 1 0
-2.247984 8 -14 -40 180 11.48331477 -3.48331477355 1 0
-2.386294 16 -28 48 -216 12 4 1 0
-2.386294 8 -14 16 -72 4 4 1 0
-2.386294 8 -14 -48 216 12 -4 1 0
-2.386294 8 -18 16 -176 4 4 1 0
-2.386294 8 -40 16 -176 4 4 1 0
-2.386294 8 -74 16 -312 4 4 1 0
-2.500801 8 -14 -56 252 12.48528137 -4.48528137424 1 0
-2.589027 8 -14 24 -108 4.898979486 4.89897948557 1 1
-2.643177 16 -28 56 -252 10.82842712 5.17157287525 1 0
-2.732868 8 -14 32 -144 5.656854249 5.65685424949 1 1
-2.844440 8 -14 40 -180 6.32455532 6.32455532034 1 1
-2.935601 8 -14 48 -216 6.92820323 6.92820323028 1 1
-3.012676 8 -14 56 -252 7.483314774 7.48331477355 1 1
-3.386294 8 290 16 0 4 4 2 0
-3.386294 8 286 16 -312 4 4 2 0
-3.386294 8 282 16 -176 4 4 2 0
-3.386294 8 272 16 -72 4 4 2 0
-3.386294 8 256 16 0 4 4 2 0
-3.386294 8 248 16 -312 4 4 2 0
-3.386294 8 246 16 -176 4 4 2 0
-3.386294 8 238 16 -72 4 4 2 0
-3.386294 8 224 16 0 4 4 2 0
-3.386294 8 212 16 -176 4 4 2 0
-3.386294 8 212 16 -312 4 4 2 0
-3.386294 8 206 16 -72 4 4 2 0
-3.386294 8 194 16 0 4 4 2 0
-3.386294 8 180 16 -176 4 4 2 0
-3.386294 8 178 16 -312 4 4 2 0
-3.386294 8 176 16 -72 4 4 2 0
-3.386294 8 166 16 0 4 4 2 0
-3.386294 8 150 16 -176 4 4 2 0
-3.386294 8 148 16 -72 4 4 2 0
-3.386294 8 146 16 -312 4 4 2 0
-3.386294 8 140 16 0 4 4 2 0
-3.386294 8 122 16 -72 4 4 2 0
-3.386294 8 122 16 -176 4 4 2 0
-3.386294 8 116 16 0 4 4 2 0
-3.386294 8 116 16 -312 4 4 2 0
-3.386294 8 98 16 -72 4 4 2 0
-3.386294 8 96 16 -176 4 4 2 0
-3.386294 8 94 16 0 4 4 2 0
-3.386294 8 88 16 -312 4 4 2 0
-3.386294 8 76 16 -72 4 4 2 0
-3.386294 8 74 16 0 4 4 2 0
-3.386294 8 72 16 -176 4 4 2 0
-3.386294 8 62 16 -312 4 4 2 0
-3.386294 8 56 16 0 4 4 2 0
-3.386294 8 56 16 -72 4 4 2 0
-3.386294 8 50 16 -176 4 4 2 0
-3.386294 8 40 16 0 4 4 2 0
-3.386294 8 38 16 -72 4 4 2 0
-3.386294 8 38 16 -312 4 4 2 0
-3.386294 8 30 16 -176 4 4 2 0
-3.386294 8 26 16 0 4 4 2 0
-3.386294 8 22 16 -72 4 4 2 0
-3.386294 8 16 16 -312 4 4 2 0
-3.386294 8 14 16 0 4 4 2 0
-3.386294 8 12 16 -176 4 4 2 0
-3.386294 8 8 16 -72 4 4 2 0
-3.386294 8 4 16 0 4 4 2 0
-3.386294 8 -4 16 0 4 4 2 0
-3.386294 8 -4 16 -72 4 4 2 0
-3.386294 8 -4 16 -176 4 4 2 0
-3.386294 8 -4 16 -312 4 4 2 0
-3.386294 8 -10 16 0 4 4 2 0
-3.386294 8 -14 16 0 4 4 2 0
-3.386294 8 -16 16 0 4 4 2 0
-3.386294 8 -22 16 -72 4 4 2 0
-3.386294 8 -22 16 -312 4 4 2 0
-3.386294 8 -28 16 -72 4 4 2 0
-3.386294 8 -30 16 -176 4 4 2 0
-3.386294 8 -32 16 -72 4 4 2 0
-3.386294 8 -34 16 -72 4 4 2 0
-3.386294 8 -38 16 -312 4 4 2 0
-3.386294 8 -48 16 -176 4 4 2 0
-3.386294 8 -52 16 -312 4 4 2 0
-3.386294 8 -54 16 -176 4 4 2 0
-3.386294 8 -58 16 -176 4 4 2 0
-3.386294 8 -60 16 -176 4 4 2 0
-3.386294 8 -64 16 -312 4 4 2 0
-3.386294 8 -82 16 -312 4 4 2 0
-3.386294 8 -88 16 -312 4 4 2 0
-3.386294 8 -92 16 -312 4 4 2 0
-3.386294 8 -94 16 -312 4 4 2 0
-8.693147 4 61 4 -368 2 2 8 0
-8.693147 4 55 4 -294 2 2 8 0
-8.693147 4 49 4 -228 2 2 8 0
-8.693147 4 43 4 -170 2 2 8 0
-8.693147 4 37 4 -120 2 2 8 0
-8.693147 4 31 4 -78 2 2 8 0
-8.693147 4 25 4 -44 2 2 8 0
-8.693147 4 19 4 -18 2 2 8 0
-8.693147 4 13 4 0 2 2 8 0
-9.386294 4 -11 -32 30 8 -4 8 0
-9.693147 4 18 4 -368 2 2 9 0
-9.693147 4 16 4 -294 2 2 9 0
-9.693147 4 14 4 -228 2 2 9 0
-9.693147 4 12 4 -170 2 2 9 0
-9.693147 4 10 4 -120 2 2 9 0
-9.693147 4 8 4 -78 2 2 9 0
-9.693147 4 6 4 -44 2 2 9 0
-9.693147 4 4 4 -18 2 2 9 0
-9.693147 4 2 4 0 2 2 9 0
-9.791759 12 75 36 -396 6 6 8 0
-9.791759 12 57 36 -162 6 6 8 0
-9.791759 12 39 36 0 6 6 8 0
-10.386294 12 -14 32 66 8 4 9 0
-10.386294 4 -14 -32 -66 8 -4 9 0
-10.386294 4 -46 -32 30 8 -4 9 0
-10.791759 12 18 36 -396 6 6 9 0
-10.791759 12 12 36 -162 6 6 9 0
-10.791759 12 6 36 0 6 6 9 0
