4.288264 1782 -297 9 -12 1781.994949 0.00505051936466 1 0
4.267855 1746 -291 9 -12 1745.994845 0.00515465439321 1 0
4.247021 1710 -285 9 -12 1709.994737 0.00526317409413 1 0
4.225743 1674 -279 9 -12 1673.994624 0.00537636135323 1 0
4.204003 1638 -273 9 -12 1637.994505 0.00549452392545 1 0
4.181780 1602 -267 9 -12 1601.994382 0.00561799722959 1 0
4.159052 1566 -261 9 -12 1565.994253 0.0057471475285 1 0
4.135795 1530 -255 9 -12 1529.994118 0.00588237555712 1 0
4.111984 1494 -249 9 -12 1493.993976 0.0060241206761 1 0
4.087592 1458 -243 9 -12 1457.993827 0.00617286564079 1 0
4.062591 1422 -237 9 -12 1421.993671 0.00632914209427 1 0
4.036948 1386 -231 9 -12 1385.993506 0.00649353691631 1 0
4.010630 1350 -225 9 -12 1349.993333 0.00666669958878 1 0
3.983601 1314 -219 9 -12 1313.993151 0.0068493507714 1 0
3.955822 1278 -213 9 -12 1277.992958 0.00704229232701 1 0
3.927248 1242 -207 9 -12 1241.992754 0.00724641909062 1 0
3.897834 1206 -201 9 -12 1205.992537 0.0074627327466 1 0
3.867528 1170 -195 9 -12 1169.992308 0.00769235826704 1 0
3.836275 1134 -189 9 -12 1133.992063 0.00793656348242 1 0
3.804014 1098 -183 9 -12 1097.991803 0.00819678250207 1 0
3.770677 1062 -177 9 -12 1061.991525 0.0084746438979 1 0
3.736190 1026 -171 9 -12 1025.991228 0.00877200482273 1 0
3.700471 990 -165 9 -12 989.990909 0.00909099257188 1 0
3.663429 954 -159 9 -12 953.9905659 0.00943405555705 1 0
3.624962 918 -153 9 -12 917.990196 0.00980402627334 1 0
3.584956 882 -147 9 -12 881.9897958 0.010204199689 1 0
3.543282 846 -141 9 -12 845.9893616 0.0106384316504 1 0
3.499796 810 -135 9 -12 809.9888887 0.0111112635311 1 0
3.454332 774 -129 9 -12 773.9883719 0.0116280816696 1 0
3.406703 738 -123 9 -12 737.9878047 0.0121953234769 1 0
3.356691 702 -117 9 -12 701.9871793 0.012820746968 1 0
3.304045 666 -111 9 -12 665.9864862 0.0135137877214 1 0
3.248473 630 -105 9 -12 629.985714 0.0142860382395 1 0
3.189663 1782 297 -27 6 1782.015151 -0.0151513863275 1 0
3.189663 1782 -297 -27 36 1782.015151 -0.0151513863275 1 0
3.189629 594 -99 9 -12 593.9848481 0.01515190165 1 0
3.169255 1746 291 -27 6 1746.015464 -0.0154637805679 1 0
3.169255 1746 -291 -27 36 1746.015464 -0.0154637805679 1 0
3.148421 1710 285 -27 6 1710.015789 -0.015789327893 1 0
3.148421 1710 -285 -27 36 1710.015789 -0.015789327893 1 0
3.127144 1674 279 -27 6 1674.016129 -0.0161288768575 1 0
3.127144 1674 -279 -27 36 1674.016129 -0.0161288768575 1 0
3.127105 558 -93 9 -12 557.9838705 0.0161294984959 1 0
3.105404 1638 273 -27 6 1638.016483 -0.01648335061 1 0
3.105404 1638 -273 -27 36 1638.016483 -0.01648335061 1 0
3.083182 1602 267 -27 6 1602.016854 -0.0168537552753 1 0
3.083182 1602 -267 -27 36 1602.016854 -0.0168537552753 1 0
3.060454 1566 261 -27 6 1566.017241 -0.0172411894901 1 0
3.060454 1566 -261 -27 36 1566.017241 -0.0172411894901 1 0
3.060410 522 -87 9 -12 521.9827581 0.0172419488214 1 0
3.037198 1530 255 -27 6 1530.017647 -0.0176468552866 1 0
3.037198 1530 -255 -27 36 1530.017647 -0.0176468552866 1 0
3.013388 1494 249 -27 6 1494.018072 -0.018072070549 1 0
3.013388 1494 -249 -27 36 1494.018072 -0.018072070549 1 0
2.988997 1458 243 -27 6 1458.018518 -0.018518283315 1 0
2.988997 1458 -243 -27 36 1458.018518 -0.018518283315 1 0
2.988946 486 -81 9 -12 485.9814808 0.018519224201 1 0
2.963996 1422 237 -27 6 1422.018987 -0.0189870882493 1 0
2.963996 1422 -237 -27 36 1422.018987 -0.0189870882493 1 0
2.938354 1386 231 -27 6 1386.01948 -0.0194802456855 1 0
2.938354 1386 -231 -27 36 1386.01948 -0.0194802456855 1 0
2.912038 1350 225 -27 6 1350.02 -0.0199997037125 1 0
2.912038 1350 -225 -27 36 1350.02 -0.0199997037125 1 0
2.912034 1800 -300 -36 48 1800.02 -0.0199997777827 1 0
2.912012 1800 -300 36 -48 1799.98 0.0200002222272 1 0
2.911979 450 -75 9 -12 449.9799991 0.0200008889679 1 0
2.891832 1764 -294 -36 48 1764.020408 -0.0204079271635 1 0
2.891809 1764 -294 36 -48 1763.979592 0.020408399378 1 0
2.885010 1314 219 -27 6 1314.020548 -0.0205476238929 1 0
2.885010 1314 -219 -27 36 1314.020548 -0.0205476238929 1 0
2.871213 1728 -288 -36 48 1728.020833 -0.020833082166 1 0
2.871189 1728 -288 36 -48 1727.979166 0.0208335845128 1 0
2.857231 1278 213 -27 6 1278.021126 -0.0211264113261 1 0
2.857231 1278 -213 -27 36 1278.021126 -0.0211264113261 1 0
2.850160 1692 -282 -36 48 1692.021276 -0.021276328202 1 0
2.850135 1692 -282 36 -48 1691.978723 0.0212768633007 1 0
2.828659 1242 207 -27 6 1242.021739 -0.0217387499411 1 0
2.828659 1242 -207 -27 36 1242.021739 -0.0217387499411 1 0
2.828655 1656 -276 -36 48 1656.021739 -0.0217388450619 1 0
2.828628 1656 -276 36 -48 1655.978261 0.0217394158226 1 0
2.828589 414 -69 9 -12 413.9782597 0.0217402720759 1 0
2.806676 1620 -270 -36 48 1620.022222 -0.022221917399 1 0
2.806649 1620 -270 36 -48 1619.977777 0.0222225270621 1 0
2.799246 1206 201 -27 6 1206.022388 -0.0223876441073 1 0
2.799246 1206 -201 -27 36 1206.022388 -0.0223876441073 1 0
2.784204 1584 -264 -36 48 1584.022727 -0.0227269466451 1 0
2.784175 1584 -264 36 -48 1583.977272 0.0227275988282 1 0
2.768942 1170 195 -27 6 1170.023076 -0.0230764679287 1 0
2.768942 1170 -195 -27 36 1170.023076 -0.0230764679287 1 0
2.761215 1548 -258 -36 48 1548.023255 -0.0232554645887 1 0
2.761185 1548 -258 36 -48 1547.976744 0.0232561633393 1 0
2.737691 1134 189 -27 6 1134.023809 -0.0238090239245 1 0
2.737691 1134 -189 -27 36 1134.023809 -0.0238090239245 1 0
2.737685 1512 -252 -36 48 1512.023809 -0.0238091488918 1 0
2.737654 1512 -252 36 -48 1511.97619 0.0238098987509 1 0
2.737607 378 -63 9 -12 377.976189 0.0238110237165 1 0
2.713589 1476 -246 -36 48 1476.02439 -0.0243898408778 1 0
2.713556 1476 -246 36 -48 1475.975609 0.0243906469537 1 0
2.705431 1098 183 -27 6 1098.02459 -0.0245896132523 1 0
2.705431 1098 -183 -27 36 1098.02459 -0.0245896132523 1 0
2.688897 1440 -240 -36 48 1440.025 -0.0249995659873 1 0
2.688862 1440 -240 36 -48 1439.975 0.0250004340428 1 0
2.678815 1782 -297 45 -60 1781.974747 0.0252528831135 1 0
2.672096 1062 177 -27 6 1062.025423 -0.0254231202118 1 0
2.672096 1062 -177 -27 36 1062.025423 -0.0254231202118 1 0
2.663580 1404 -234 -36 48 1404.025641 -0.0256405573803 1 0
2.663543 1404 -234 36 -48 1403.974359 0.0256414939361 1 0
2.658405 1746 -291 45 -60 1745.974226 0.0257735763329 1 0
2.637612 1026 171 -27 6 1026.026315 -0.0263151145368 1 0
2.637612 1026 -171 -27 36 1026.026315 -0.0263151145368 1 0
2.637605 1368 -228 -36 48 1368.026315 -0.0263152832645 1 0
2.637571 1710 -285 45 -60 1709.973684 0.026316194469 1 0
2.637567 1368 -228 36 -48 1367.973684 0.0263162957218 1 0
2.637509 342 -57 9 -12 341.9736822 0.0263178146999 1 0
2.616293 1674 -279 45 -60 1673.973118 0.0268821521207 1 0
2.610938 1332 -222 -36 48 1332.027026 -0.0270264786558 1 0
2.610898 1332 -222 36 -48 1331.972972 0.0270275754428 1 0
2.601896 990 165 -27 6 990.027272 -0.0272719759993 1 0
2.601896 990 -165 -27 36 990.027272 -0.0272719759993 1 0
2.594552 1638 -273 45 -60 1637.972527 0.027472988257 1 0
2.583540 1296 -216 -36 48 1296.027777 -0.0277771824291 1 0
2.583498 1296 -216 36 -48 1295.972222 0.0277783731775 1 0
2.572328 1602 -267 45 -60 1601.97191 0.0280903801931 1 0
2.564856 954 159 -27 6 954.028301 -0.028301047223 1 0
2.564856 954 -159 -27 36 954.028301 -0.028301047223 1 0
2.555371 1260 -210 -36 48 1260.028571 -0.0285707807226 1 0
2.555325 1260 -210 36 -48 1259.971428 0.028572076479 1 0
2.549599 1566 -261 45 -60 1565.971264 0.0287361594935 1 0
2.526393 918 153 -27 6 918.0294108 -0.0294108224439 1 0
2.526393 918 -153 -27 36 918.0294108 -0.0294108224439 1 0
2.526385 1224 -204 -36 48 1224.029411 -0.0294110579981 1 0
2.526341 1530 -255 45 -60 1529.970588 0.029412330121 1 0
2.526336 1224 -204 36 -48 1223.970588 0.0294124714816 1 0
2.526264 306 -51 9 -12 305.9705854 0.0294145922165 1 0
2.502530 1494 -249 45 -60 1493.969879 0.0301210892102 1 0
2.496533 1188 -198 -36 48 1188.030302 -0.0303022573848 1 0
2.496482 1188 -198 36 -48 1187.969696 0.0303038033001 1 0
2.486390 882 147 -27 6 882.0306112 -0.0306111824892 1 0
2.486390 882 -147 -27 36 882.0306112 -0.0306111824892 1 0
2.478137 1458 -243 45 -60 1457.969135 0.0308648509184 1 0
2.465763 1152 -192 -36 48 1152.031249 -0.0312491523355 1 0
2.465709 1152 -192 36 -48 1151.968749 0.0312508477565 1 0
2.453135 1422 -237 45 -60 1421.968354 0.0316462739006 1 0
2.444720 846 141 -27 6 846.0319137 -0.0319136897357 1 0
2.444720 846 -141 -27 36 846.0319137 -0.0319136897357 1 0
2.434016 1116 -186 -36 48 1116.032257 -0.0322571321482 1 0
2.433958 1116 -186 36 -48 1115.967741 0.0322589969918 1 0
2.427491 1386 -231 45 -60 1385.967532 0.0324682930665 1 0
2.401239 810 135 -27 6 810.033332 -0.0333319617041 1 0
2.401239 810 -135 -27 36 810.033332 -0.0333319617041 1 0
2.401228 1080 -180 -36 48 1080.033332 -0.0333323045902 1 0
2.401173 1350 -225 45 -60 1349.966666 0.0333341564193 1 0
2.401167 1080 -180 36 -48 1079.966666 0.0333343622034 1 0
2.401074 270 -45 9 -12 269.9666626 0.0333374495761 1 0
2.374143 1314 -219 45 -60 1313.965753 0.0342474679521 1 0
2.367329 1044 -174 -36 48 1044.034482 -0.0344816197489 1 0
2.367263 1044 -174 36 -48 1043.965516 0.0344838976429 1 0
2.355780 774 129 -27 6 774.0348821 -0.0348821488833 1 0
2.355780 774 -129 -27 36 774.0348821 -0.0348821488833 1 0
2.346362 1278 -213 45 -60 1277.964788 0.0352122377948 1 0
2.332240 1008 -168 -36 48 1008.035713 -0.0357130204168 1 0
2.332169 1008 -168 36 -48 1007.964284 0.0357155511911 1 0
2.317787 1242 -207 45 -60 1241.963767 0.0362329410838 1 0
2.308157 738 123 -27 6 738.0365836 -0.0365835523627 1 0
2.308157 738 -123 -27 36 738.0365836 -0.0365835523627 1 0
2.295875 972 -162 -36 48 972.0370356 -0.0370356258873 1 0
2.295799 972 -162 36 -48 971.9629616 0.0370384484019 1 0
2.288371 1206 -201 45 -60 1205.962685 0.0373145873784 1 0
2.258151 702 117 -27 6 702.0384594 -0.0384594314418 1 0
2.258151 702 -117 -27 36 702.0384594 -0.0384594314418 1 0
2.258138 936 -156 -36 48 936.03846 -0.0384599581535 1 0
2.258064 1170 -195 45 -60 1169.961537 0.0384628028951 1 0
2.258055 936 -156 36 -48 935.9615369 0.0384631190294 1 0
2.257932 234 -39 9 -12 233.9615321 0.0384678622924 1 0
2.226809 1134 -189 45 -60 1133.960316 0.0396839284076 1 0
2.218920 900 -150 -36 48 900.0399982 -0.0399982223802 1 0
2.218831 900 -150 36 -48 899.9599982 0.0400017779358 1 0
2.205514 666 111 -27 6 666.0405381 -0.04053807307 1 0
2.205514 666 -111 -27 36 666.0405381 -0.04053807307 1 0
2.194546 1098 -183 45 -60 1097.959015 0.0409851364129 1 0
2.178102 864 -144 -36 48 864.0416647 -0.0416646574726 1 0
2.178006 864 -144 36 -48 863.9583313 0.0416686762484 1 0
2.161207 1062 -177 45 -60 1061.957625 0.0423745721322 1 0
2.149951 630 105 -27 6 630.0428542 -0.0428542278019 1 0
2.149951 630 -105 -27 36 630.0428542 -0.0428542278019 1 0
2.135547 828 -138 -36 48 828.043476 -0.0434759780669 1 0
2.135442 828 -138 36 -48 827.9565195 0.0434805441519 1 0
2.126718 1026 -171 45 -60 1025.956138 0.043861524204 1 0
2.091119 594 99 -27 6 594.0454511 -0.0454510676775 1 0
2.091119 594 -99 -27 36 594.0454511 -0.0454510676775 1 0
2.091100 792 -132 -36 48 792.0454519 -0.045451937022 1 0
2.090997 990 -165 45 -60 989.9545434 0.0454566326318 1 0
2.090985 792 -132 36 -48 791.9545428 0.045457154486 1 0
2.090813 198 -33 9 -12 197.954535 0.0454649851762 1 0
2.053952 954 -159 45 -60 953.9528279 0.0471721438272 1 0
2.044585 756 -126 -36 48 756.047616 -0.0476160485607 1 0
2.044459 756 -126 36 -48 755.952378 0.0476220474331 1 0
2.028609 558 93 -27 6 558.0483829 -0.0483829016036 1 0
2.028609 558 -93 -27 36 558.0483829 -0.0483829016036 1 0
2.015481 918 -153 45 -60 917.9509778 0.0490222256848 1 0
1.995802 720 -120 -36 48 720.0499965 -0.04999652826 1 0
1.995663 720 -120 36 -48 719.9499965 0.0500034727045 1 0
1.975472 882 -147 45 -60 881.9489766 0.051023359845 1 0
1.961930 522 87 -27 6 522.051719 -0.0517190136851 1 0
1.961930 522 -87 -27 36 522.051719 -0.0517190136851 1 0
1.944516 684 -114 -36 48 684.0526275 -0.0526275297414 1 0
1.944362 684 -114 36 -48 683.9473644 0.0526356293998 1 0
1.933794 846 -141 45 -60 845.9468052 0.0531948341494 1 0
1.890486 486 81 -27 6 486.0555492 -0.0555492063491 1 0
1.890486 486 -81 -27 36 486.0555492 -0.0555492063491 1 0
1.890457 648 -108 -36 48 648.0555508 -0.0555507933786 1 0
1.890303 810 -135 45 -60 809.9444406 0.0555593664731 1 0
1.890286 648 -108 36 -48 647.9444397 0.0555603193659 1 0
1.890029 162 -27 9 -12 161.9444254 0.0555746206078 1 0
1.844834 774 -129 45 -60 773.9418561 0.0581439027305 1 0
1.833309 612 -102 -36 48 612.0588179 -0.0588178765644 1 0
1.833117 612 -102 36 -48 611.9411708 0.0588291844329 1 0
1.813544 450 75 -27 6 450.059992 -0.0599920021326 1 0
1.813544 450 -75 -27 36 450.059992 -0.0599920021326 1 0
1.797199 738 -123 45 -60 737.9390194 0.060980648563 1 0
1.772697 576 -96 -36 48 576.0624932 -0.0624932197873 1 0
1.772480 576 -96 36 -48 575.9374932 0.0625067831562 1 0
1.747180 702 -117 45 -60 701.9358916 0.0641084186458 1 0
1.730187 414 69 -27 6 414.0652071 -0.0652071208488 1 0
1.730187 414 -69 -27 36 414.0652071 -0.0652071208488 1 0
1.708174 540 -90 -36 48 540.0666584 -0.0666584382456 1 0
1.707927 540 -90 36 -48 539.9333251 0.0666748991522 1 0
1.694526 666 -111 45 -60 665.9324256 0.067574423878 1 0
1.639246 378 63 -27 6 378.0714151 -0.0714150790648 1 0
1.639246 378 -63 -27 36 378.0714151 -0.0714150790648 1 0
1.639199 504 -84 -36 48 504.0714185 -0.0714184512001 1 0
1.638944 630 -105 45 -60 629.9285633 0.071436671743 1 0
1.638916 504 -84 36 -48 503.9285613 0.0714386973958 1 0
1.638490 126 -21 9 -12 125.9285309 0.0714691097909 1 0
1.580089 594 -99 45 -60 593.9242328 0.0757672401931 1 0
1.565114 468 -78 -36 48 468.0769104 -0.0769104375739 1 0
1.564785 468 -78 36 -48 467.9230643 0.0769357245849 1 0
1.539205 342 57 -27 6 342.0789292 -0.078929152599 1 0
1.539205 342 -57 -27 36 342.0789292 -0.078929152599 1 0
1.517552 558 -93 45 -60 557.9193432 0.080656819933 1 0
1.485099 432 -72 -36 48 432.0833173 -0.0833172644293 1 0
1.484714 432 -72 36 -48 431.9166506 0.083349414641 1 0
1.450840 522 -87 45 -60 521.9137789 0.0862211380932 1 0
1.428036 306 51 -27 6 306.0882099 -0.0882098660769 1 0
1.428036 306 -51 -27 36 306.0882099 -0.0882098660769 1 0
1.398125 396 -66 -36 48 396.0908882 -0.0908882306301 1 0
1.397666 396 -66 36 -48 395.90907 0.0909299703523 1 0
1.379356 486 -81 45 -60 485.9073898 0.0926102400341 1 0
1.302955 270 45 -27 6 270.099963 -0.0999629903724 1 0
1.302955 270 -45 -27 36 270.099963 -0.0999629903724 1 0
1.302863 360 -60 -36 48 360.0999722 -0.0999722376436 1 0
1.302363 450 -75 45 -60 449.8999778 0.100022232104 1 0
1.302307 360 -60 36 -48 359.8999722 0.100027793221 1 0
1.301472 90 -15 9 -12 89.89988864 0.100111358713 1 0
1.218941 414 -69 45 -60 413.8912758 0.1087242052 1 0
1.197567 324 -54 -36 48 324.111073 -0.111073033276 1 0
1.196881 324 -54 36 -48 323.8888508 0.111149241216 1 0
1.159977 234 39 -27 6 234.1153278 -0.115327775659 1 0
1.159977 234 -39 -27 36 234.1153278 -0.115327775659 1 0
1.127917 378 -63 45 -60 377.8809149 0.119085135634 1 0
1.079875 288 -48 -36 48 288.1249458 -0.124945793572 1 0
1.079007 288 -48 36 -48 287.8749457 0.125054300618 1 0
1.027763 342 -57 45 -60 341.8683704 0.131629609222 1 0
0.993118 198 33 -27 6 198.1362699 -0.13626985115 1 0
0.993118 198 -33 -27 36 198.1362699 -0.13626985115 1 0
0.946477 252 -42 -36 48 252.1427762 -0.142776249772 1 0
0.945343 252 -42 36 -48 251.8570618 0.142938219582 1 0
0.916442 306 -51 45 -60 305.8528704 0.147129565716 1 0
0.792787 162 27 -27 6 162.1664956 -0.166495550812 1 0
0.792787 162 -27 -27 36 162.1664956 -0.166495550812 1 0
0.792530 216 -36 -36 48 216.1665383 -0.16653826392 1 0
0.791142 270 -45 45 -60 269.8332303 0.166769674535 1 0
0.790987 216 -36 36 -48 215.8332045 0.166795466331 1 0
0.788659 54 -9 9 -12 53.83281573 0.167184270003 1 0
0.647836 234 -39 45 -60 233.807534 0.192465996409 1 0
0.610547 180 -30 -36 48 180.1997783 -0.199778270237 1 0
0.608325 180 -30 36 -48 179.7997773 0.200222717425 1 0
0.542141 126 21 -27 6 126.2139225 -0.213922517116 1 0
0.542141 126 -21 -27 36 126.2139225 -0.213922517116 1 0
0.480455 198 -33 45 -60 197.7724658 0.227534201074 1 0
0.388026 144 -24 -36 48 144.2495675 -0.249567472754 1 0
0.384554 144 -24 36 -48 143.7495645 0.250435541392 1 0
0.279215 162 -27 45 -60 161.7217443 0.278255717558 1 0
0.207290 90 15 -27 6 90.29900661 -0.299006611624 1 0
0.207290 90 -15 -27 36 90.29900661 -0.299006611624 1 0
0.101685 108 -18 -36 48 108.3323108 -0.332310828824 1 0
0.095511 108 -18 36 -48 107.6656315 0.334368540005 1 0
0.026773 126 -21 45 -60 125.6418391 0.358160946537 1 0
-0.297720 54 9 -27 6 54.49545417 -0.495454169735 1 0
-0.297720 54 -9 -27 36 54.49545417 -0.495454169735 1 0
-0.299980 72 -12 -36 48 72.49657518 -0.496575181789 1 0
-0.312455 90 -15 45 -60 89.49719092 0.502809077426 1 0
-0.313871 72 -12 36 -48 71.4964787 0.503521301402 1 0
-0.335865 18 -3 9 -12 17.48528137 0.514718625761 1 0
-0.833481 54 -9 45 -60 53.15339366 0.846606338756 1 0
-0.973313 36 -6 -36 48 36.97366596 -0.97366596101 1 0
-1.029012 36 -6 36 -48 34.97056275 1.02943725152 1 0
-1.330961 18 3 -27 6 19.39230485 -1.39230484541 1 0
-1.330961 18 -3 -27 36 19.39230485 -1.39230484541 1 0
-2.098612 18 -3 45 -60 15 3 1 0
-7.098612 6 113 9 -342 3 3 6 0
-7.098612 6 98 9 -240 3 3 6 0
-7.098612 6 83 9 -156 3 3 6 0
-7.098612 6 68 9 -90 3 3 6 0
-7.098612 6 64 9 -342 3 3 6 0
-7.098612 6 55 9 -240 3 3 6 0
-7.098612 6 53 9 -42 3 3 6 0
-7.098612 6 46 9 -156 3 3 6 0
-7.098612 6 38 9 -12 3 3 6 0
-7.098612 6 37 9 -90 3 3 6 0
-7.098612 6 28 9 -42 3 3 6 0
-7.098612 6 23 9 0 3 3 6 0
-7.098612 6 19 9 -12 3 3 6 0
-7.098612 6 10 9 0 3 3 6 0
-7.791759 12 136 36 -360 6 6 6 0
-7.791759 12 106 36 -168 6 6 6 0
-7.791759 12 76 36 -48 6 6 6 0
-7.791759 12 74 36 -360 6 6 6 0
-7.791759 12 56 36 -168 6 6 6 0
-7.791759 12 46 36 0 6 6 6 0
-7.791759 12 38 36 -48 6 6 6 0
-7.791759 12 20 36 0 6 6 6 0
-8.098612 6 21 9 -342 3 3 7 0
-8.098612 6 18 9 -240 3 3 7 0
-8.098612 6 15 9 -156 3 3 7 0
-8.098612 6 12 9 -90 3 3 7 0
-8.098612 6 9 9 -42 3 3 7 0
-8.098612 6 6 9 -12 3 3 7 0
-8.098612 6 3 9 0 3 3 7 0
-8.791759 12 24 36 -360 6 6 7 0
-8.791759 12 18 36 -168 6 6 7 0
-8.791759 12 12 36 -48 6 6 7 0
-8.791759 12 6 36 0 6 6 7 0
