3.605181 900 -300 -9 15 900.0099999 -0.00999988889134 1 0
3.605159 900 -300 9 -15 899.9899999 0.0100001111136 1 0
3.595131 891 -297 -9 15 891.0101009 -0.0101008955914 1 0
3.595109 891 -297 9 -15 890.9898989 0.0101011246159 1 0
3.584979 882 -294 -9 15 882.010204 -0.0102039635818 1 0
3.584956 882 -294 9 -15 881.9897958 0.010204199689 1 0
3.574723 873 -291 -9 15 873.0103092 -0.0103091566108 1 0
3.574699 873 -291 9 -15 872.9896906 0.0103094000959 1 0
3.564360 864 -288 -9 15 864.0104165 -0.010416541083 1 0
3.564336 864 -288 9 -15 863.9895832 0.0104167922564 1 0
3.553889 855 -285 -9 15 855.0105262 -0.0105261861981 1 0
3.553865 855 -285 9 -15 854.9894736 0.0105264453872 1 0
3.543307 846 -282 -9 15 846.0106382 -0.010638164101 1 0
3.543282 846 -282 9 -15 845.9893616 0.0106384316504 1 0
3.532612 837 -279 -9 15 837.0107526 -0.010752550039 1 0
3.532587 837 -279 9 -15 836.9892472 0.0107528263122 1 0
3.521802 828 -276 -9 15 828.0108694 -0.010869422531 1 0
3.521775 828 -276 9 -15 827.9891303 0.0108697079113 1 0
3.510873 819 -273 -9 15 819.0109889 -0.0109888635469 1 0
3.510846 819 -273 9 -15 818.9890108 0.0109891584391 1 0
3.499823 810 -270 -9 15 810.011111 -0.0111109586995 1 0
3.499796 810 -270 9 -15 809.9888887 0.0111112635311 1 0
3.488650 801 -267 -9 15 801.0112358 -0.0112357974493 1 0
3.488622 801 -267 9 -15 800.9887639 0.011236112672 1 0
3.477351 792 -264 -9 15 792.0113635 -0.0113634733225 1 0
3.477322 792 -264 9 -15 791.9886362 0.0113637994141 1 0
3.465923 783 -261 -9 15 783.0114941 -0.0114940841456 1 0
3.465893 783 -261 9 -15 782.9885056 0.0114944216114 1 0
3.454362 774 -258 -9 15 774.0116277 -0.0116277322944 1 0
3.454332 774 -258 9 -15 773.9883719 0.0116280816696 1 0
3.442667 765 -255 -9 15 765.0117645 -0.011764524962 1 0
3.442636 765 -255 9 -15 764.9882351 0.0117648868138 1 0
3.430833 756 -252 -9 15 756.0119046 -0.0119045744459 1 0
3.430801 756 -252 9 -15 755.9880951 0.0119049493754 1 0
3.418857 747 -249 -9 15 747.012048 -0.0120479984548 1 0
3.418824 747 -249 9 -15 746.9879516 0.0120483870999 1 0
3.406736 738 -246 -9 15 738.0121949 -0.0121949204389 1 0
3.406703 738 -246 9 -15 737.9878047 0.0121953234769 1 0
3.394466 729 -243 -9 15 729.0123455 -0.0123454699443 1 0
3.394432 729 -243 9 -15 728.9876541 0.0123458880946 1 0
3.382044 720 -240 -9 15 720.0124998 -0.0124997829936 1 0
3.382009 720 -240 9 -15 719.9874998 0.0125002170214 1 0
3.369466 711 -237 -9 15 711.012658 -0.0126580024964 1 0
3.369430 711 -237 9 -15 710.9873415 0.0126584532158 1 0
3.356727 702 -234 -9 15 702.0128203 -0.0128202786901 1 0
3.356691 702 -234 9 -15 701.9871793 0.012820746968 1 0
3.343824 693 -231 -9 15 693.0129868 -0.0129867696159 1 0
3.343787 693 -231 9 -15 692.9870127 0.0129872563764 1 0
3.330753 684 -228 -9 15 684.0131576 -0.0131576416322 1 0
3.330714 684 -228 9 -15 683.9868419 0.0131581478609 1 0
3.317508 675 -225 -9 15 675.0133331 -0.0133330699692 1 0
3.317468 675 -225 9 -15 674.9866664 0.0133335967182 1 0
3.304085 666 -222 -9 15 666.0135132 -0.0135132393279 1 0
3.304045 666 -222 9 -15 665.9864862 0.0135137877214 1 0
3.290480 657 -219 -9 15 657.0136983 -0.0136983445287 1 0
3.290439 657 -219 9 -15 656.9863011 0.0136989157691 1 0
3.276688 648 -216 -9 15 648.0138886 -0.0138885912145 1 0
3.276645 648 -216 9 -15 647.9861108 0.0138891865888 1 0
3.262702 639 -213 -9 15 639.0140842 -0.0140841966125 1 0
3.262658 639 -213 9 -15 638.9859152 0.0140848174993 1 0
3.248518 630 -210 -9 15 630.0142854 -0.0142853903613 1 0
3.248473 630 -210 9 -15 629.985714 0.0142860382395 1 0
3.234130 621 -207 -9 15 621.0144924 -0.0144924154105 1 0
3.234083 621 -207 9 -15 620.9855069 0.0144930918675 1 0
3.219532 612 -204 -9 15 612.0147055 -0.0147055289991 1 0
3.219484 612 -204 9 -15 611.9852938 0.0147062357408 1 0
3.204717 603 -201 -9 15 603.014925 -0.0149250037218 1 0
3.204668 603 -201 9 -15 602.9850743 0.0149257425834 1 0
3.189680 594 -198 -9 15 594.0151511 -0.0151511286924 1 0
3.189629 594 -198 9 -15 593.9848481 0.01515190165 1 0
3.174414 585 -195 -9 15 585.0153842 -0.0153842108137 1 0
3.174361 585 -195 9 -15 584.984615 0.015385019998 1 0
3.158910 576 -192 -9 15 576.0156246 -0.0156245761677 1 0
3.158856 576 -192 9 -15 575.9843746 0.0156254238782 1 0
3.143163 567 -189 -9 15 567.0158726 -0.015872571537 1 0
3.143107 567 -189 9 -15 566.9841265 0.0158734602588 1 0
3.127163 558 -186 -9 15 558.0161286 -0.0161285660741 1 0
3.127105 558 -186 9 -15 557.9838705 0.0161294984959 1 0
3.110904 549 -183 -9 15 549.016393 -0.0163929531349 1 0
3.110844 549 -183 9 -15 548.9836061 0.0163939321694 1 0
3.094375 540 -180 -9 15 540.0166662 -0.0166661522951 1 0
3.094314 540 -180 9 -15 539.9833328 0.0166671811017 1 0
3.077569 531 -177 -9 15 531.0169486 -0.0169486115717 1 0
3.077506 531 -177 9 -15 530.9830503 0.0169496935821 1 0
3.060476 522 -174 -9 15 522.0172408 -0.0172408098745 1 0
3.060410 522 -174 9 -15 521.9827581 0.0172419488214 1 0
3.043085 513 -171 -9 15 513.0175433 -0.0175432597155 1 0
3.043017 513 -171 9 -15 512.9824555 0.0175444596649 1 0
3.025387 504 -168 -9 15 504.0178565 -0.0178565102084 1 0
3.025316 504 -168 9 -15 503.9821422 0.0178577755955 1 0
3.007370 495 -165 -9 15 495.0181812 -0.0181811503955 1 0
3.007296 495 -165 9 -15 494.9818175 0.0181824860663 1 0
2.989022 486 -162 -9 15 486.0185178 -0.0185178129436 1 0
2.988946 486 -162 9 -15 485.9814808 0.018519224201 1 0
2.970331 477 -159 -9 15 477.0188672 -0.0188671782591 1 0
2.970252 477 -159 9 -15 476.9811313 0.0188686709156 1 0
2.951285 468 -156 -9 15 468.01923 -0.0192299790767 1 0
2.951203 468 -156 9 -15 467.9807684 0.0192315595147 1 0
2.931868 459 -153 -9 15 459.019607 -0.019607005589 1 0
2.931783 459 -153 9 -15 458.9803913 0.0196086808287 1 0
2.912067 450 -150 -9 15 450.0199991 -0.0199991111901 1 0
2.912045 900 -300 -18 30 900.0199996 -0.0199995555753 1 0
2.912001 900 -300 18 -30 899.9799996 0.0200004444642 1 0
2.911979 450 -150 9 -15 449.9799991 0.0200008889679 1 0
2.901995 891 -297 -18 30 891.0202016 -0.0202015621738 1 0
2.901950 891 -297 18 -30 890.9797975 0.0202024782718 1 0
2.891867 441 -147 -9 15 441.0204072 -0.0204072189239 1 0
2.891843 882 -294 -18 30 882.0204077 -0.0204076910727 1 0
2.891797 882 -294 18 -30 881.9795914 0.0204086355016 1 0
2.891774 441 -147 9 -15 440.9795909 0.0204091077816 1 0
2.881587 873 -291 -18 30 873.0206181 -0.0206180697539 1 0
2.881540 873 -291 18 -30 872.979381 0.0206190436941 1 0
2.871249 432 -144 -9 15 432.0208323 -0.0208323287363 1 0
2.871225 864 -288 -18 30 864.0208328 -0.0208328310106 1 0
2.871177 864 -288 18 -30 863.9791662 0.0208338357045 1 0
2.871153 432 -144 9 -15 431.9791657 0.0208343381242 1 0
2.860754 855 -285 -18 30 855.0210521 -0.0210521132263 1 0
2.860705 855 -285 18 -30 854.9789469 0.0210531499826 1 0
2.850198 423 -141 -9 15 423.0212755 -0.0212755256549 1 0
2.850173 846 -282 -18 30 846.0212761 -0.0212760606728 1 0
2.850122 846 -282 18 -30 845.9787229 0.0212771308703 1 0
2.850097 423 -141 9 -15 422.9787223 0.0212776660498 1 0
2.839478 837 -279 -18 30 837.0215048 -0.0215048238262 1 0
2.839427 837 -279 18 -30 836.9784941 0.0215059289187 1 0
2.828694 414 -138 -9 15 414.021738 -0.0217379890334 1 0
2.828668 828 -276 -18 30 828.0217386 -0.0217385597041 1 0
2.828615 828 -276 18 -30 827.9782603 0.0217397012254 1 0
2.828589 414 -138 9 -15 413.9782597 0.0217402720759 1 0
2.817739 819 -273 -18 30 819.0219774 -0.0219774322252 1 0
2.817685 819 -273 18 -30 818.9780214 0.0219786117941 1 0
2.806717 405 -135 -9 15 405.022221 -0.0222210030297 1 0
2.806690 810 -270 -18 30 810.0222216 -0.0222216125925 1 0
2.806635 810 -270 18 -30 809.9777772 0.0222228319188 1 0
2.806608 405 -135 9 -15 404.9777766 0.0222234416824 1 0
2.795517 801 -267 -18 30 801.0224713 -0.0224712797024 1 0
2.795461 801 -267 18 -30 800.9775275 0.0224725405931 1 0
2.784247 396 -132 -9 15 396.022726 -0.022725968511 1 0
2.784218 792 -264 -18 30 792.0227266 -0.0227266205817 1 0
2.784161 792 -264 18 -30 791.9772721 0.0227279249477 1 0
2.784132 396 -132 9 -15 395.9772714 0.022728577243 1 0
2.772790 783 -261 -18 30 783.0229878 -0.0229878308552 1 0
2.772732 783 -261 18 -30 782.9770108 0.0229891807183 1 0
2.761260 387 -129 -9 15 387.0232544 -0.0232544166204 1 0
2.761230 774 -258 -18 30 774.0232551 -0.023255115245 1 0
2.761170 774 -258 18 -30 773.9767435 0.023256512746 1 0
2.761140 387 -129 9 -15 386.9767428 0.0232572116225 1 0
2.749535 765 -255 -18 30 765.0235287 -0.0235286881057 1 0
2.749473 765 -255 18 -30 764.9764699 0.0235301355128 1 0
2.737733 378 -126 -9 15 378.023808 -0.0238080242804 1 0
2.737701 756 -252 -18 30 756.0238088 -0.0238087739977 1 0
2.737638 756 -252 18 -30 755.9761897 0.0238102737158 1 0
2.737607 378 -126 9 -15 377.976189 0.0238110237165 1 0
2.725726 747 -249 -18 30 747.0240956 -0.0240956083021 1 0
2.725661 747 -249 18 -30 746.9759028 0.0240971628825 1 0
2.713638 369 -123 -9 15 369.0243886 -0.0243886319638 1 0
2.713605 738 -246 -18 30 738.0243894 -0.0243894378798 1 0
2.713539 738 -246 18 -30 737.9756089 0.0243910500316 1 0
2.713506 369 -123 9 -15 368.9756081 0.0243918562674 1 0
2.701336 729 -243 -18 30 729.0246905 -0.0246905217807 1 0
2.701268 729 -243 18 -30 728.9753078 0.024692194382 1 0
2.688949 360 -120 -9 15 360.0249983 -0.02499826413 1 0
2.688914 720 -240 -18 30 720.0249991 -0.0249991320047 1 0
2.688845 720 -240 18 -30 719.9749991 0.0250008681159 1 0
2.688810 360 -120 9 -15 359.9749983 0.0250017363523 1 0
2.676336 711 -237 -18 30 711.0253156 -0.0253155543217 1 0
2.676265 711 -237 18 -30 710.9746826 0.0253173571991 1 0
2.663635 351 -117 -9 15 351.0256392 -0.025639152803 1 0
2.663598 702 -234 -18 30 702.0256401 -0.0256400891536 1 0
2.663525 702 -234 18 -30 701.974358 0.0256419622653 1 0
2.663489 351 -117 9 -15 350.9743571 0.0256428990264 1 0
2.650696 693 -231 -18 30 693.0259731 -0.025973052526 1 0
2.650621 693 -231 18 -30 692.974025 0.0259749995679 1 0
2.637663 342 -114 -9 15 342.0263138 -0.0263137648707 1 0
2.637625 684 -228 -18 30 684.0263148 -0.0263147770943 1 0
2.637548 684 -228 18 -30 683.9736832 0.0263168020089 1 0
2.637509 342 -114 9 -15 341.9736822 0.0263178146999 1 0
2.624380 675 -225 -18 30 675.0266656 -0.026665613252 1 0
2.624301 675 -225 18 -30 674.9733323 0.0266677202479 1 0
2.610999 333 -111 -9 15 333.0270248 -0.0270248338089 1 0
2.610958 666 -222 -18 30 666.0270259 -0.027025930329 1 0
2.610877 666 -222 18 -30 665.9729719 0.0270281239031 1 0
2.610837 333 -111 9 -15 332.9729708 0.0270292209573 1 0
2.597354 657 -219 -18 30 657.0273961 -0.0273961178885 1 0
2.597271 657 -219 18 -30 656.9726016 0.0273984028501 1 0
2.583605 324 -108 -9 15 324.0277754 -0.0277753966893 1 0
2.583562 648 -216 -18 30 648.0277766 -0.0277765871315 1 0
2.583476 648 -216 18 -30 647.972221 0.0277789686282 1 0
2.583433 324 -108 9 -15 323.9722198 0.0277801596829 1 0
2.569577 639 -213 -18 30 639.0281678 -0.0281677724203 1 0
2.569489 639 -213 18 -30 638.9718297 0.0281702559677 1 0
2.555439 315 -105 -9 15 315.0285688 -0.0285688375286 1 0
2.555393 630 -210 -18 30 630.0285701 -0.0285701329325 1 0
2.555303 630 -210 18 -30 629.9714273 0.0285727244454 1 0
2.555257 315 -105 9 -15 314.971426 0.0285740205545 1 0
2.541006 621 -207 -18 30 621.0289842 -0.0289841544586 1 0
2.540913 621 -207 18 -30 620.9710131 0.0289868602868 1 0
2.526457 306 -102 -9 15 306.0294089 -0.0294089382822 1 0
2.526409 612 -204 -18 30 612.0294104 -0.0294103513583 1 0
2.526312 612 -204 18 -30 611.9705868 0.0294131783253 1 0
2.526264 306 -102 9 -15 305.9705854 0.0294145922165 1 0
2.511595 603 -201 -18 30 603.0298493 -0.0298492686918 1 0
2.511496 603 -201 18 -30 602.9701478 0.0298522241381 1 0
2.506591 900 -300 -27 45 900.029999 -0.0299990000667 1 0
2.506525 900 -300 27 -45 899.969999 0.0300010000666 1 0
2.496610 297 -99 -9 15 297.0302999 -0.0302999391033 1 0
2.496559 594 -198 -18 30 594.0303015 -0.0303014845455 1 0
2.496542 891 -297 -27 45 891.030302 -0.030301999763 1 0
2.496474 891 -297 27 -45 890.9696959 0.0303040609833 1 0
2.496457 594 -198 18 -30 593.9696954 0.030304576376 1 0
2.496406 297 -99 9 -15 296.9696939 0.0303061227646 1 0
2.486390 882 -294 -27 45 882.0306112 -0.0306111824892 1 0
2.486320 882 -294 27 -45 881.9693867 0.0306133074542 1 0
2.481293 585 -195 -18 30 585.0307676 -0.030767612571 1 0
2.481187 585 -195 18 -30 584.9692292 0.030770849308 1 0
2.476134 873 -291 -27 45 873.0309267 -0.0309267394465 1 0
2.476063 873 -291 27 -45 872.9690711 0.0309289308119 1 0
2.465844 288 -96 -9 15 288.0312466 -0.0312466098937 1 0
2.465790 576 -192 -18 30 576.0312483 -0.0312483047629 1 0
2.465772 864 -288 -27 45 864.0312489 -0.0312488698011 1 0
2.465700 864 -288 27 -45 863.9687489 0.0312511303624 1 0
2.465682 576 -192 18 -30 575.9687483 0.031251695605 1 0
2.465627 288 -96 9 -15 287.9687466 0.0312533915781 1 0
2.455302 855 -285 -27 45 855.0315778 -0.0315777811038 1 0
2.455228 855 -285 27 -45 854.9684199 0.0315801138054 1 0
2.450044 567 -189 -18 30 567.0317443 -0.0317442545014 1 0
2.449932 567 -189 18 -30 566.9682522 0.0317478093887 1 0
2.444720 846 -282 -27 45 846.0319137 -0.0319136897357 1 0
2.444645 846 -282 27 -45 845.9680839 0.03191609768 1 0
2.434103 279 -93 -9 15 279.0322543 -0.0322543356911 1 0
2.434045 558 -186 -18 30 558.0322562 -0.0322561998881 1 0
2.434026 837 -279 -27 45 837.0322568 -0.0322568213829 1 0
2.433949 837 -279 27 -45 836.9677407 0.032259307841 1 0
2.433929 558 -186 18 -30 557.9677401 0.0322599295754 1 0
2.433872 279 -93 9 -15 278.9677382 0.032261795066 1 0
2.423216 828 -276 -27 45 828.0326074 -0.0326074115419 1 0
2.423137 828 -276 27 -45 827.96739 0.0326099799647 1 0
2.417786 549 -183 -18 30 549.0327849 -0.0327849274108 1 0
2.417667 549 -183 18 -30 548.9672112 0.0327888435488 1 0
2.412287 819 -273 -27 45 819.0329657 -0.0329657060589 1 0
2.412207 819 -273 27 -45 818.9670316 0.0329683600888 1 0
2.401321 270 -90 -9 15 270.0333292 -0.0333292191228 1 0
2.401259 540 -180 -18 30 540.0333313 -0.0333312759741 1 0
2.401239 810 -270 -27 45 810.033332 -0.0333319617041 1 0
2.401156 810 -270 27 -45 809.9666653 0.0333347051883 1 0
2.401136 540 -180 18 -30 539.9666646 0.0333353912006 1 0
2.401074 270 -90 9 -15 269.9666626 0.0333374495761 1 0
2.390066 801 -267 -27 45 801.0337064 -0.0337064467858 1 0
2.389982 801 -267 27 -45 800.9662907 0.03370928379 1 0
2.384454 531 -177 -18 30 531.0338961 -0.0338961413401 1 0
2.384326 531 -177 18 -30 530.9660995 0.033900469382 1 0
2.378768 792 -264 -27 45 792.0340894 -0.0340894418055 1 0
2.378681 792 -264 27 -45 791.9659076 0.034092376629 1 0
2.367428 261 -87 -9 15 261.0344782 -0.0344782040362 1 0
2.367362 522 -174 -18 30 522.0344805 -0.0344804810276 1 0
2.367340 783 -261 -27 45 783.0344812 -0.0344812401585 1 0
2.367252 783 -261 27 -45 782.9655157 0.0344842773504 1 0
2.367230 522 -174 18 -30 521.965515 0.0344850368156 1 0
2.367164 261 -87 9 -15 260.9655127 0.0344873156128 1 0
2.355780 774 -258 -27 45 774.0348821 -0.0348821488833 1 0
2.355690 774 -258 27 -45 773.9651147 0.0348852932606 1 0
2.349972 513 -171 -18 30 513.0350853 -0.0350853197278 1 0
2.349836 513 -171 18 -30 512.9649099 0.0350901195253 1 0
2.344085 765 -255 -27 45 765.0352925 -0.0352924894643 1 0
2.343993 765 -255 27 -45 764.9647043 0.0352957461303 1 0
2.332346 252 -84 -9 15 252.0357092 -0.0357092256 1 0
2.332275 504 -168 -18 30 504.0357118 -0.0357117552987 1 0
2.332252 756 -252 -27 45 756.0357126 -0.0357125986908 1 0
2.332157 756 -252 27 -45 755.964284 0.0357159730565 1 0
2.332134 504 -168 18 -30 503.9642832 0.0357168168472 1 0
2.332063 252 -84 9 -15 251.9642807 0.0357193486979 1 0
2.320277 747 -249 -27 45 747.0361428 -0.0361428295795 1 0
2.320180 747 -249 27 -45 746.9638537 0.0361463273855 1 0
2.314259 495 -165 -18 30 495.036361 -0.0363609654145 1 0
2.314113 495 -165 18 -30 494.9636337 0.0363663080977 1 0
2.308157 738 -246 -27 45 738.0365836 -0.0365835523627 1 0
2.308057 738 -246 27 -45 737.9634128 0.0365871797042 1 0
2.295989 243 -81 -9 15 243.0370314 -0.0370313937279 1 0
2.295913 486 -162 -18 30 486.0370342 -0.0370342149525 1 0
2.295888 729 -243 -27 45 729.0370352 -0.0370351555518 1 0
2.295786 729 -243 27 -45 728.9629611 0.0370389189047 1 0
2.295761 486 -162 18 -30 485.9629601 0.0370398599819 1 0
2.295684 243 -81 9 -15 242.9629573 0.0370426837877 1 0
2.283466 720 -240 -27 45 720.037498 -0.0374980470784 1 0
2.283362 720 -240 27 -45 719.962498 0.0375019533285 1 0
2.277224 477 -159 -18 30 477.0377329 -0.0377328642159 1 0
2.277066 477 -159 18 -30 476.9622612 0.037738834842 1 0
2.270889 711 -237 -27 45 711.0379727 -0.0379726555238 1 0
2.270782 711 -237 27 -45 710.9620233 0.0379767119981 1 0
2.258261 234 -78 -9 15 234.0384552 -0.038455218787 1 0
2.258179 468 -156 -18 30 468.0384584 -0.038458378105 1 0
2.258151 702 -234 -27 45 702.0384594 -0.0384594314418 1 0
2.258042 702 -234 27 -45 701.9615364 0.0384636459431 1 0
2.258014 468 -156 18 -30 467.9615353 0.0384646998571 1 0
2.257932 234 -78 9 -15 233.9615321 0.0384678622924 1 0
2.245249 693 -231 -27 45 693.0389588 -0.0389588487851 1 0
2.245137 693 -231 27 -45 692.9610368 0.0389632296295 1 0
2.238764 459 -153 -18 30 459.0392123 -0.0392123363675 1 0
2.238593 459 -153 18 -30 458.960781 0.0392190373265 1 0
2.232179 684 -228 -27 45 684.0394714 -0.0394714064445 1 0
2.232063 684 -228 27 -45 683.960524 0.0394759625024 1 0
2.219054 225 -75 -9 15 225.0399929 -0.0399928914162 1 0
2.218965 450 -150 -18 30 450.0399964 -0.0399964450764 1 0
2.218935 675 -225 -27 45 675.0399976 -0.0399976299105 1 0
2.218920 900 -300 -36 60 900.0399982 -0.0399982223802 1 0
2.218831 900 -300 36 -60 899.9599982 0.0400017779358 1 0
2.218817 675 -225 27 -45 674.9599976 0.0400023706513 1 0
2.218787 450 -150 18 -30 449.9599964 0.0400035561878 1 0
2.218698 225 -75 9 -15 224.9599929 0.0400071136406 1 0
2.208871 891 -297 -36 60 891.0404022 -0.0404022083744 1 0
2.208780 891 -297 36 -60 890.9595941 0.040405872766 1 0
2.205514 666 -222 -27 45 666.0405381 -0.04053807307 1 0
2.205392 666 -222 27 -45 665.959457 0.0405430086119 1 0
2.198766 441 -147 -18 30 441.0408125 -0.0408125495143 1 0
2.198719 882 -294 -36 60 882.0408144 -0.0408144378477 1 0
2.198627 882 -294 36 -60 881.9591818 0.0408182155631 1 0
2.198581 441 -147 18 -30 440.9591799 0.0408201049455 1 0
2.191910 657 -219 -27 45 657.0410933 -0.0410933201508 1 0
2.191785 657 -219 27 -45 656.9589015 0.0410984613143 1 0
2.188464 873 -291 -36 60 873.0412352 -0.0412351657058 1 0
2.188369 873 -291 36 -60 872.9587609 0.0412390614664 1 0
2.178247 216 -72 -9 15 216.0416586 -0.0416586322146 1 0
2.178150 432 -144 -18 30 432.0416626 -0.041662648666 1 0
2.178118 648 -216 -27 45 648.041664 -0.0416639878273 1 0
2.178102 864 -288 -36 60 864.0416647 -0.0416646574726 1 0
2.178006 864 -288 36 -60 863.9583313 0.0416686762484 1 0
2.177990 648 -216 27 -45 647.9583307 0.0416693461951 1 0
2.177957 432 -144 18 -30 431.9583293 0.0416706862178 1 0
2.177861 216 -72 9 -15 215.9583253 0.0416747073205 1 0
2.167632 855 -285 -36 60 855.0421032 -0.0421031898496 1 0
2.167533 855 -285 36 -60 854.9578927 0.0421073368747 1 0
2.164134 639 -213 -27 45 639.0422507 -0.0422507275055 1 0
2.164001 639 -213 27 -45 638.9577437 0.042256315487 1 0
2.157101 423 -141 -18 30 423.0425489 -0.0425489115606 1 0
2.157051 846 -282 -36 60 846.0425511 -0.0425510513097 1 0
2.156950 846 -282 36 -60 845.9574447 0.0425553320997 1 0
2.156900 423 -141 18 -30 422.9574425 0.0425574731407 1 0
2.149951 630 -210 -27 45 630.0428542 -0.0428542278019 1 0
2.149815 630 -210 27 -45 629.9571399 0.0428600587057 1 0
2.146357 837 -279 -36 60 837.0430085 -0.0430085427303 1 0
2.146254 837 -279 36 -60 836.956987 0.0430129631004 1 0
2.135704 207 -69 -9 15 207.0434691 -0.0434691325339 1 0
2.135599 414 -138 -18 30 414.0434737 -0.0434736957434 1 0
2.135564 621 -207 -27 45 621.0434752 -0.0434752172391 1 0
2.135547 828 -276 -36 60 828.043476 -0.0434759780669 1 0
2.135442 828 -276 36 -60 827.9565195 0.0434805441519 1 0
2.135424 621 -207 27 -45 620.9565187 0.0434813053525 1 0
2.135389 414 -138 18 -30 413.9565172 0.0434828279138 1 0
2.135284 207 -69 9 -15 206.9565126 0.0434873968777 1 0
2.124619 819 -273 -36 60 819.0439537 -0.0439536850715 1 0
2.124511 819 -273 36 -60 818.9560416 0.0439584033471 1 0
2.120967 612 -204 -27 45 612.0441145 -0.0441144671794 1 0
2.120823 612 -204 27 -45 611.9558792 0.0441208278553 1 0
2.113625 405 -135 -18 30 405.0444396 -0.0444395682093 1 0
2.113570 810 -270 -36 60 810.044442 -0.0444420060594 1 0
2.113460 810 -270 36 -60 809.9555531 0.0444468833647 1 0
2.113406 405 -135 18 -30 404.9555507 0.0444493228205 1 0
2.106155 603 -201 -27 45 603.0447728 -0.0447727950196 1 0
2.106006 603 -201 27 -45 602.9552206 0.0447794447739 1 0
2.102398 801 -267 -36 60 801.0449413 -0.0449412987262 1 0
2.102286 801 -267 36 -60 800.9550537 0.0449463422892 1 0
2.091272 198 -66 -9 15 198.0454441 -0.0454441153151 1 0
2.091157 396 -132 -18 30 396.0454493 -0.0454493291881 1 0
2.091119 594 -198 -27 45 594.0454511 -0.0454510676775 1 0
2.091100 792 -264 -36 60 792.0454519 -0.045451937022 1 0
2.090985 792 -264 36 -60 791.9545428 0.045457154486 1 0
2.090966 594 -198 27 -45 593.954542 0.0454580242962 1 0
2.090928 396 -132 18 -30 395.9545402 0.0454597641165 1 0
2.090813 198 -66 9 -15 197.954535 0.0454649851762 1 0
2.079672 783 -261 -36 60 783.0459743 -0.0459743120851 1 0
2.079555 783 -261 36 -60 782.9540203 0.0459797115375 1 0
2.075854 585 -195 -27 45 585.0461502 -0.0461502053992 1 0
2.075696 585 -195 27 -45 584.9538425 0.0461574880576 1 0
2.068173 387 -129 -18 30 387.046506 -0.0465060392463 1 0
2.068113 774 -258 -36 60 774.0465088 -0.0465088332409 1 0
2.067993 774 -258 36 -60 773.9534856 0.0465144232449 1 0
2.067933 387 -129 18 -30 386.9534828 0.046517219255 1 0
2.060352 576 -192 -27 45 576.0468712 -0.0468711859235 1 0
2.060189 576 -192 27 -45 575.9531212 0.0468788153183 1 0
2.056418 765 -255 -36 60 765.0470559 -0.0470559290713 1 0
2.056295 765 -255 36 -60 764.9529383 0.0470617186998 1 0
2.044774 189 -63 -9 15 189.0476071 -0.0476070559165 1 0
2.044648 378 -126 -18 30 378.0476131 -0.0476130502578 1 0
2.044606 567 -189 -27 45 567.047615 -0.0476150490425 1 0
2.044585 756 -252 -36 60 756.047616 -0.0476160485607 1 0
2.044459 756 -252 36 -60 755.952378 0.0476220474331 1 0
2.044438 567 -189 27 -45 566.952377 0.0476230475391 1 0
2.044396 378 -126 18 -30 377.952375 0.0476250480032 1 0
2.044270 189 -63 9 -15 188.9523689 0.047631051413 1 0
2.032611 747 -249 -36 60 747.0481897 -0.0481896623245 1 0
2.032482 747 -249 36 -60 746.9518041 0.0481958806465 1 0
2.028609 558 -186 -27 45 558.0483829 -0.0483829016036 1 0
2.028435 558 -186 27 -45 557.9516087 0.0483912934001 1 0
2.020557 369 -123 -18 30 369.048774 -0.0487740409023 1 0
2.020491 738 -246 -36 60 738.0487773 -0.0487772639275 1 0
2.020359 738 -246 36 -60 737.9512163 0.0487837125347 1 0
2.020293 369 -123 18 -30 368.9512131 0.0487869381174 1 0
2.012351 549 -183 -27 45 549.0491759 -0.0491759230029 1 0
2.012172 549 -183 27 -45 548.9508153 0.0491847343135 1 0
2.008223 729 -243 -36 60 729.0493794 -0.0493793713 1 0
2.008087 729 -243 36 -60 728.9506139 0.0493860617052 1 0
1.996010 180 -60 -9 15 180.0499861 -0.0499861188218 1 0
1.995871 360 -120 -18 30 360.0499931 -0.0499930574839 1 0
1.995825 540 -180 -27 45 540.0499954 -0.0499953712275 1 0
1.995802 720 -240 -36 60 720.0499965 -0.04999652826 1 0
1.995788 900 -300 -45 75 900.0499972 -0.0499972225308 1 0
1.995677 900 -300 45 -75 899.9499972 0.0500027780865 1 0
1.995663 720 -240 36 -60 719.9499965 0.0500034727045 1 0
1.995640 540 -180 27 -45 539.9499954 0.0500046304872 1 0
1.995593 360 -120 18 -30 359.9499931 0.0500069463741 1 0
1.995454 180 -60 9 -15 179.9499861 0.0500138966103 1 0
1.985739 891 -297 -45 75 891.0505022 -0.0505021880236 1 0
1.985625 891 -297 45 -75 890.9494921 0.0505079136356 1 0
1.983225 711 -237 -36 60 711.0506293 -0.050629306151 1 0
1.983082 711 -237 36 -60 710.9493635 0.0506365176609 1 0
1.979021 531 -177 -27 45 531.0508426 -0.0508425895124 1 0
1.978829 531 -177 27 -45 530.9491477 0.0508523276068 1 0
1.975587 882 -294 -45 75 882.0510175 -0.0510174571644 1 0
1.975472 882 -294 45 -75 881.9489766 0.051023359845 1 0
1.970561 351 -117 -18 30 351.0512746 -0.0512745610239 1 0
1.970488 702 -234 -36 60 702.0512783 -0.0512783056059 1 0
1.970341 702 -234 36 -60 701.9487142 0.0512857980528 1 0
1.970268 351 -117 18 -30 350.9487105 0.0512895459188 1 0
1.965332 873 -291 -45 75 873.0515433 -0.0515433485489 1 0
1.965214 873 -291 45 -75 872.9484506 0.051549435675 1 0
1.961930 522 -174 -27 45 522.051719 -0.0517190136851 1 0
1.961732 522 -174 27 -45 521.9482707 0.0517292642084 1 0
1.957586 693 -231 -36 60 693.0519442 -0.0519441584479 1 0
1.957436 693 -231 36 -60 692.9480481 0.0519519466158 1 0
1.954971 864 -288 -45 75 864.0520802 -0.0520801940433 1 0
1.954850 864 -288 45 -75 863.9479135 0.0520864733804 1 0
1.944747 171 -57 -9 15 171.0526154 -0.0526153895952 1 0
1.944593 342 -114 -18 30 342.0526235 -0.0526234817812 1 0
1.944542 513 -171 -27 45 513.0526262 -0.0526261802829 1 0
1.944516 684 -228 -36 60 684.0526275 -0.0526275297414 1 0
1.944501 855 -285 -45 75 855.0526283 -0.0526283394829 1 0
1.944377 855 -285 45 -75 854.9473652 0.0526348192096 1 0
1.944362 684 -228 36 -60 683.9473644 0.0526356293998 1 0
1.944336 513 -171 27 -45 512.947363 0.0526369798278 1 0
1.944285 342 -114 18 -30 341.9473603 0.0526396810995 1 0
1.944131 171 -57 9 -15 170.9473522 0.0526477882433 1 0
1.933920 846 -282 -45 75 846.0531881 -0.0531881454151 1 0
1.933794 846 -282 45 -75 845.9468052 0.0531948341494 1 0
1.931273 675 -225 -36 60 675.0533291 -0.0533291200073 1 0
1.931115 675 -225 36 -60 674.9466625 0.0533375479911 1 0
1.926846 504 -168 -27 45 504.0535657 -0.0535657355396 1 0
1.926633 504 -168 27 -45 503.9464229 0.0535771240242 1 0
1.923226 837 -279 -45 75 837.05376 -0.0537599878897 1 0
1.923097 837 -279 45 -75 836.9462331 0.053766894718 1 0
1.917933 333 -111 -18 30 333.0540453 -0.0540452826049 1 0
1.917852 666 -222 -36 60 666.0540497 -0.0540496676178 1 0
1.917690 666 -222 36 -60 665.9459416 0.0540584419146 1 0
1.917608 333 -111 18 -30 332.9459372 0.0540628312004 1 0
1.912416 828 -276 -45 75 828.0543443 -0.0543442593013 1 0
1.912285 828 -276 45 -75 827.9456486 0.0543513938092 1 0
1.908831 495 -165 -27 45 495.0545394 -0.0545394453513 1 0
1.908611 495 -165 27 -45 494.9454485 0.0545514663889 1 0
1.904248 657 -219 -36 60 657.05479 -0.054789951387 1 0
1.904082 657 -219 36 -60 656.9452009 0.0547990912335 1 0
1.901489 819 -273 -45 75 819.0549414 -0.0549413692868 1 0
1.901354 819 -273 45 -75 818.9450513 0.0549487415925 1 0
1.890715 162 -54 -9 15 162.0555365 -0.0555365166378 1 0
1.890543 324 -108 -18 30 324.055546 -0.0555460328341 1 0
1.890486 486 -162 -27 45 486.0555492 -0.0555492063491 1 0
1.890457 648 -216 -36 60 648.0555508 -0.0555507933786 1 0
1.890440 810 -270 -45 75 810.0555517 -0.0555517456834 1 0
1.890303 810 -270 45 -75 809.9444406 0.0555593664731 1 0
1.890286 648 -216 36 -60 647.9444397 0.0555603193659 1 0
1.890257 486 -162 27 -45 485.9444381 0.0555619076658 1 0
1.890200 324 -108 18 -30 323.9444349 0.0555650848106 1 0
1.890029 162 -54 9 -15 161.9444254 0.0555746206078 1 0
1.879269 801 -267 -45 75 801.0561758 -0.0561758355499 1 0
1.879128 801 -267 45 -75 800.9438163 0.0561837161173 1 0
1.876474 639 -213 -36 60 639.0563331 -0.0563330619501 1 0
1.876297 639 -213 36 -60 638.943657 0.0563429961396 1 0
1.871798 477 -159 -27 45 477.0565971 -0.0565970582243 1 0
1.871561 477 -159 27 -45 476.9433895 0.0566104921338 1 0
1.867971 792 -264 -45 75 792.0568141 -0.0568141062593 1 0
1.867827 792 -264 45 -75 791.9431777 0.0568222585468 1 0
1.862382 315 -105 -18 30 315.0571325 -0.0571324948509 1 0
1.862292 630 -210 -36 60 630.0571377 -0.0571376750573 1 0
1.862110 630 -210 36 -60 629.942852 0.0571480411089 1 0
1.862019 315 -105 18 -30 314.9428468 0.0571532269567 1 0
1.856544 783 -261 -45 75 783.057467 -0.0574670466648 1 0
1.856397 783 -261 45 -75 782.9425245 0.0574754833093 1 0
1.852755 468 -156 -27 45 468.0576852 -0.0576851974743 1 0
1.852508 468 -156 27 -45 467.9423006 0.0576994214172 1 0
1.847905 621 -207 -36 60 621.0579656 -0.0579656038466 1 0
1.847719 621 -207 36 -60 620.9420236 0.0579764271596 1 0
1.844984 774 -258 -45 75 774.0581352 -0.0581351683491 1 0
1.844834 774 -258 45 -75 773.9418561 0.0581439027305 1 0
1.833598 153 -51 -9 15 153.0588009 -0.0588009310491 1 0
1.833406 306 -102 -18 30 306.0588122 -0.0588122258892 1 0
1.833341 459 -153 -27 45 459.058816 -0.0588159927647 1 0
1.833309 612 -204 -36 60 612.0588179 -0.0588178765644 1 0
1.833290 765 -255 -45 75 765.058819 -0.0588190069601 1 0
1.833136 765 -255 45 -75 764.9411719 0.0588280532547 1 0
1.833117 612 -204 36 -60 611.9411708 0.0588291844329 1 0
1.833085 459 -153 27 -45 458.9411689 0.0588310699233 1 0
1.833021 306 -102 18 -30 305.9411652 0.0588348416294 1 0
1.832829 153 -51 9 -15 152.9411538 0.0588461625546 1 0
1.821458 756 -252 -45 75 756.0595191 -0.0595191236428 1 0
1.821300 756 -252 45 -75 755.9404715 0.0595284968809 1 0
1.818497 603 -201 -36 60 603.0596956 -0.0596955828149 1 0
1.818299 603 -201 36 -60 602.9402926 0.0597074046006 1 0
1.813544 450 -150 -27 45 450.059992 -0.0599920021326 1 0
1.813477 900 -300 -54 90 900.059996 -0.0599960005333 1 0
1.813344 900 -300 54 -90 899.939996 0.0600040005334 1 0
1.813277 450 -150 27 -45 449.939992 0.0600080021341 1 0
1.809483 747 -249 -45 75 747.0602361 -0.0602361065749 1 0
1.809322 747 -249 45 -75 746.9397542 0.060245822703 1 0
1.803564 297 -99 -18 30 297.0605937 -0.060593698329 1 0
1.803462 594 -198 -36 60 594.0605999 -0.0605998782067 1 0
1.803428 891 -297 -54 90 891.0606019 -0.0606019387262 1 0
1.803292 891 -297 54 -90 890.9393898 0.0606101836076 1 0
1.803258 594 -198 36 -60 593.9393878 0.0606122455291 1 0
1.803156 297 -99 18 -30 296.9393816 0.0606184329778 1 0
1.797364 738 -246 -45 75 738.0609706 -0.0609705726142 1 0
1.797199 738 -246 45 -75 737.9390194 0.060980648563 1 0
1.793347 441 -147 -27 45 441.061216 -0.0612159922954 1 0
1.793277 882 -294 -54 90 882.0612202 -0.061220240456 1 0
1.793139 882 -294 54 -90 881.9387713 0.0612287403159 1 0
1.793069 441 -147 27 -45 440.938767 0.0612329920166 1 0
1.788198 585 -195 -36 60 585.061532 -0.0615319894261 1 0
1.787988 585 -195 36 -60 584.9384551 0.0615449363747 1 0
1.785096 729 -243 -45 75 729.0617232 -0.0617231690678 1 0
1.784927 729 -243 45 -75 728.9382664 0.0617336228261 1 0
1.783022 873 -291 -54 90 873.0618513 -0.0618512879933 1 0
1.782881 873 -291 54 -90 872.9381399 0.061860053455 1 0
1.773022 144 -48 -9 15 144.0624729 -0.0624728967859 1 0
1.772806 288 -96 -18 30 288.0624864 -0.0624864425156 1 0
1.772733 432 -144 -27 45 432.062491 -0.0624909603701 1 0
1.772697 576 -192 -36 60 576.0624932 -0.0624932197873 1 0
1.772676 720 -240 -45 75 720.0624946 -0.0624945755945 1 0
1.772661 864 -288 -54 90 864.0624955 -0.0624954795313 1 0
1.772516 864 -288 54 -90 863.9374955 0.0625045217769 1 0
1.772502 720 -240 45 -75 719.9374946 0.0625054262893 1 0
1.772480 576 -192 36 -60 575.9374932 0.0625067831562 1 0
1.772444 432 -144 27 -45 431.937491 0.0625090448627 1 0
1.772372 288 -96 18 -30 287.9374864 0.0625135692581 1 0
1.772154 144 -48 9 -15 143.9374728 0.0625271503092 1 0
1.762191 855 -285 -54 90 855.0631532 -0.0631532300229 1 0
1.762044 855 -285 54 -90 854.9368374 0.0631625608294 1 0
1.760099 711 -237 -45 75 711.0632855 -0.0632855062514 1 0
1.759921 711 -237 45 -75 710.9367032 0.0632967742358 1 0
1.756952 567 -189 -36 60 567.063485 -0.0634849553094 1 0
1.756728 567 -189 36 -60 566.9365008 0.0634991748593 1 0
1.751686 423 -141 -27 45 423.0638202 -0.0638201583626 1 0
1.751611 846 -282 -54 90 846.063825 -0.063824972072 1 0
1.751460 846 -282 54 -90 845.9361654 0.0638346038494 1 0
1.751384 423 -141 27 -45 422.9361606 0.0638394219191 1 0
1.747362 702 -234 -45 75 702.0640967 -0.0640967116973 1 0
1.747180 702 -234 45 -75 701.9358916 0.0641084186458 1 0
1.741071 279 -93 -18 30 279.0645012 -0.0645012171792 1 0
1.740956 558 -186 -36 60 558.0645087 -0.0645086713823 1 0
1.740917 837 -279 -54 90 837.0645112 -0.0645111568825 1 0
1.740763 837 -279 54 -90 836.9354789 0.0645211027153 1 0
1.740724 558 -186 36 -60 557.9354764 0.0645235901321 1 0
1.740609 279 -93 18 -30 278.9354689 0.0645310546847 1 0
1.734461 693 -231 -45 75 693.064929 -0.064928981569 1 0
1.734274 693 -231 45 -75 692.9350588 0.0649411505816 1 0
1.730187 414 -138 -27 45 414.0652071 -0.0652071208488 1 0
1.730108 828 -276 -54 90 828.0652123 -0.0652122552679 1 0
1.729950 828 -276 54 -90 827.9347775 0.0652225289593 1 0
1.729872 414 -138 27 -45 413.9347723 0.0652276682336 1 0
1.724699 549 -183 -36 60 549.0655659 -0.0655659400865 1 0
1.724460 549 -183 36 -60 548.9344184 0.0655816046391 1 0
1.721392 684 -228 -45 75 684.0657831 -0.0657831470432 1 0
1.721199 684 -228 45 -75 683.9342042 0.0657958027597 1 0
1.719181 819 -273 -54 90 819.0659288 -0.0659287587287 1 0
1.719020 819 -273 54 -90 818.9340606 0.0659393748488 1 0
1.708544 135 -45 -9 15 135.0666338 -0.0666337773312 1 0
1.708297 270 -90 -18 30 270.0666502 -0.0666502138851 1 0
1.708215 405 -135 -27 45 405.0666557 -0.0666556963411 1 0
1.708174 540 -180 -36 60 540.0666584 -0.0666584382456 1 0
1.708149 675 -225 -45 75 675.0666601 -0.0666600836048 1 0
1.708132 810 -270 -54 90 810.0666612 -0.0666611806012 1 0
1.707968 810 -270 54 -90 809.9333278 0.0666721545385 1 0
1.707951 675 -225 45 -75 674.9333267 0.0666732523297 1 0
1.707927 540 -180 36 -60 539.9333251 0.0666748991522 1 0
1.707886 405 -135 27 -45 404.9333224 0.0666776442179 1 0
1.707803 270 -90 18 -30 269.9333169 0.0666831357059 1 0
1.707556 135 -45 9 -15 134.9333004 0.0666996210329 1 0
1.696961 801 -267 -54 90 801.0674101 -0.0674100572836 1 0
1.696793 801 -267 54 -90 800.9325786 0.0674214053008 1 0
1.694729 666 -222 -45 75 666.0675607 -0.0675607140389 1 0
1.694526 666 -222 45 -75 665.9324256 0.067574423878 1 0
1.691371 531 -177 -36 60 531.067788 -0.0677879562957 1 0
1.691115 531 -177 36 -60 530.9321947 0.0678052684641 1 0
1.685749 396 -132 -27 45 396.0681701 -0.0681700829288 1 0
1.685663 792 -264 -54 90 792.0681759 -0.0681759495453 1 0
1.685491 792 -264 54 -90 791.9318123 0.0681876888395 1 0
1.685405 396 -132 27 -45 395.9318064 0.0681935615198 1 0
1.681126 657 -219 -45 75 657.068486 -0.0684860116685 1 0
1.680917 657 -219 45 -75 656.9314997 0.068500292679 1 0
1.674413 261 -87 -18 30 261.0689473 -0.0689473037138 1 0
1.674281 522 -174 -36 60 522.0689564 -0.0689564080724 1 0
1.674237 783 -261 -54 90 783.0689594 -0.0689594439273 1 0
1.674061 783 -261 54 -90 782.9310284 0.0689715926955 1 0
1.674017 522 -174 36 -60 521.9310254 0.0689746312256 1 0
1.673884 261 -87 18 -30 260.9310162 0.0689837500298 1 0
1.667335 648 -216 -45 75 648.069437 -0.0694370038619 1 0
1.667121 648 -216 45 -75 647.9305481 0.0694518882173 1 0
1.662768 387 -129 -27 45 387.0697549 -0.0697548688844 1 0
1.662678 774 -258 -54 90 774.0697612 -0.0697611542395 1 0
1.662498 774 -258 54 -90 773.9302263 0.0697737317489 1 0
1.662408 387 -129 27 -45 386.93022 0.0697800239063 1 0
1.656894 513 -171 -36 60 513.0701658 -0.070165841627 1 0
1.656620 513 -171 36 -60 512.929815 0.0701850408186 1 0
1.653352 639 -213 -45 75 639.0704148 -0.0704147758362 1 0
1.653132 639 -213 45 -75 638.9295697 0.0704302980076 1 0
1.650984 765 -255 -54 90 765.0705817 -0.0705817231639 1 0
1.650800 765 -255 54 -90 764.9294053 0.0705947498284 1 0
1.639624 126 -42 -9 15 126.0713881 -0.0713881248859 1 0
1.639341 252 -84 -18 30 252.0714083 -0.0714083367042 1 0
1.639246 378 -126 -27 45 378.0714151 -0.0714150790648 1 0
1.639199 504 -168 -36 60 504.0714185 -0.0714184512001 1 0
1.639171 630 -210 -45 75 630.0714205 -0.071420474787 1 0
1.639152 756 -252 -54 90 756.0714218 -0.0714218239723 1 0
1.638963 756 -252 54 -90 755.9285647 0.0714353214354 1 0
1.638944 630 -210 45 -75 629.9285633 0.071436671743 1 0
1.638916 504 -168 36 -60 503.9285613 0.0714386973958 1 0
1.638868 378 -126 27 -45 377.9285579 0.0714420739945 1 0
1.638774 252 -84 18 -30 251.9285512 0.0714488291079 1 0
1.638490 126 -42 9 -15 125.9285309 0.0714691097909 1 0
1.627178 747 -249 -54 90 747.0722822 -0.0722821623681 1 0
1.626984 747 -249 54 -90 746.9277038 0.0722961535928 1 0
1.624785 621 -207 -45 75 621.0724553 -0.0724553143759 1 0
1.624552 621 -207 45 -75 620.9275278 0.0724722258028 1 0
1.621186 495 -165 -36 60 495.0727166 -0.0727165904999 1 0
1.620892 495 -165 36 -60 494.927262 0.0727379612343 1 0
1.615158 369 -123 -27 45 369.0731562 -0.0731562280929 1 0
1.615059 738 -246 -54 90 738.0731635 -0.0731634784626 1 0
1.614861 738 -246 54 -90 737.926822 0.0731779878291 1 0
1.614761 369 -123 27 -45 368.9268148 0.0731852468302 1 0
1.610190 612 -204 -45 75 612.0735206 -0.073520579615 1 0
1.609950 612 -204 45 -75 611.9264618 0.07353824816 1 0
1.602994 243 -81 -18 30 243.0740515 -0.0740515077128 1 0
1.602842 486 -162 -36 60 486.0740628 -0.0740627874558 1 0
1.602791 729 -243 -54 90 729.0740665 -0.0740665488976 1 0
1.602588 729 -243 54 -90 728.9259184 0.0740816023097 1 0
1.602537 486 -162 36 -60 485.9259146 0.0740853675755 1 0
1.602385 243 -81 18 -30 242.9259033 0.0740966679679 1 0
1.595378 603 -201 -45 75 603.0746176 -0.0746176321874 1 0
1.595131 603 -201 45 -75 602.9253639 0.074636103728 1 0
1.590475 360 -120 -27 45 360.0749844 -0.074984381507 1 0
1.590371 720 -240 -54 90 720.0749922 -0.0749921891272 1 0
1.590163 720 -240 54 -90 719.9249922 0.075007814128 1 0
1.590059 360 -120 27 -45 359.9249844 0.0750156315138 1 0
1.584156 477 -159 -36 60 477.0754598 -0.0754597606384 1 0
1.583839 477 -159 36 -60 476.9245164 0.0754836431454 1 0
1.580344 594 -198 -45 75 594.0757479 -0.0757479162511 1 0
1.580089 594 -198 45 -75 593.9242328 0.0757672401931 1 0
1.577795 711 -237 -54 90 711.0759413 -0.0759412558729 1 0
1.577582 711 -237 54 -90 710.9240425 0.0759574817708 1 0
1.565606 117 -39 -9 15 117.0768726 -0.0768725692999 1 0
1.565278 234 -78 -18 30 234.0768978 -0.0768978065271 1 0
1.565168 351 -117 -27 45 351.0769062 -0.076906226303 1 0
1.565114 468 -156 -36 60 468.0769104 -0.0769104375739 1 0
1.565081 585 -195 -45 75 585.076913 -0.0769129647792 1 0
1.565059 702 -234 -54 90 702.0769146 -0.0769146497673 1 0
1.564840 702 -234 54 -90 701.9230685 0.0769315077733 1 0
1.564818 585 -195 45 -75 584.9230668 0.076933194387 1 0
1.564785 468 -156 36 -60 467.9230643 0.0769357245849 1 0
1.564730 351 -117 27 -45 350.9230601 0.0769399423212 1 0
1.564620 234 -78 18 -30 233.9230516 0.0769483805695 1 0
1.564291 117 -39 9 -15 116.9230263 0.0769737175487 1 0
1.552158 693 -231 -54 90 693.0779133 -0.0779133182032 1 0
1.551933 693 -231 54 -90 692.9220692 0.0779308415816 1 0
1.549581 576 -192 -45 75 576.0781144 -0.0781144064922 1 0
1.549310 576 -192 45 -75 575.9218644 0.0781355992567 1 0
1.545702 459 -153 -36 60 459.078418 -0.0784179752095 1 0
1.545360 459 -153 36 -60 458.9215552 0.0784447790487 1 0
1.539205 342 -114 -27 45 342.0789292 -0.078929152599 1 0
1.539089 684 -228 -54 90 684.0789383 -0.0789382584084 1 0
1.538858 684 -228 54 -90 683.9210435 0.0789564826406 1 0
1.538743 342 -114 27 -45 341.9210344 0.0789656010706 1 0
1.533837 567 -189 -45 75 567.079354 -0.0793539734513 1 0
1.533557 567 -189 45 -75 566.9206238 0.0793761914987 1 0
1.526084 225 -75 -18 30 225.0799716 -0.0799715757648 1 0
1.525906 450 -150 -36 60 450.0799858 -0.0799857828323 1 0
1.525847 675 -225 -54 90 675.0799905 -0.0799905207653 1 0
1.525610 675 -225 54 -90 674.9199905 0.0800094837296 1 0
1.525551 450 -150 36 -60 449.9199858 0.0800142272813 1 0
1.525373 225 -75 18 -30 224.9199715 0.0800284646896 1 0
1.517841 558 -186 -45 75 558.0806335 -0.0806335093856 1 0
1.517552 558 -186 45 -75 557.9193432 0.080656819933 1 0
1.512549 333 -111 -27 45 333.0810613 -0.0810613485218 1 0
1.512427 666 -222 -54 90 666.0810712 -0.0810712124002 1 0
1.512184 666 -222 54 -90 665.918909 0.0810909545689 1 0
1.512062 333 -111 27 -45 332.9188992 0.0811008328681 1 0
1.505711 441 -147 -36 60 441.0816175 -0.0816175477911 1 0
1.505341 441 -147 36 -60 440.9183522 0.0816477695199 1 0
1.501585 549 -183 -45 75 549.081955 -0.0819549788368 1 0
1.501287 549 -183 45 -75 548.9180205 0.0819794547012 1 0
1.498825 657 -219 -54 90 657.0821815 -0.0821815010668 1 0
1.498575 657 -219 54 -90 656.9177979 0.0822020657224 1 0
1.485677 108 -36 -9 15 108.0832691 -0.0832691319598 1 0
1.485292 216 -72 -18 30 216.0833012 -0.0833012079109 1 0
1.485164 324 -108 -27 45 324.0833119 -0.0833119108812 1 0
1.485099 432 -144 -36 60 432.0833173 -0.0833172644293 1 0
1.485061 540 -180 -45 75 540.0833205 -0.0833204772186 1 0
1.485035 648 -216 -54 90 648.0833226 -0.0833226193536 1 0
1.484778 648 -216 54 -90 647.9166559 0.0833440528259 1 0
1.484752 540 -180 45 -75 539.9166538 0.0833461973863 1 0
1.484714 432 -144 36 -60 431.9166506 0.083349414641 1 0
1.484649 324 -108 27 -45 323.9166452 0.0833547778364 1 0
1.484521 216 -72 18 -30 215.9166345 0.0833655083703 1 0
1.484134 108 -36 9 -15 107.9166023 0.0833977331657 1 0
1.471053 639 -213 -54 90 639.0844959 -0.0844958692458 1 0
1.470788 639 -213 54 -90 638.9154818 0.0845182211733 1 0
1.468259 531 -177 -45 75 531.0847322 -0.0847322418967 1 0
1.467940 531 -177 45 -75 530.9152407 0.0847592921612 1 0
1.464054 423 -141 -36 60 423.0850893 -0.0850892667061 1 0
1.463652 423 -141 36 -60 422.9148765 0.0851235130318 1 0
1.457008 315 -105 -27 45 315.085691 -0.0856909747836 1 0
1.456872 630 -210 -54 90 630.0857026 -0.0857026270789 1 0
1.456600 630 -210 54 -90 629.914274 0.0857259506962 1 0
1.456464 315 -105 27 -45 314.9142624 0.0857376220312 1 0
1.451170 522 -174 -45 75 522.0861927 -0.086192664415 1 0
1.450840 522 -174 45 -75 521.9137789 0.0862211380932 1 0
1.442767 207 -69 -18 30 207.08692 -0.0869200237173 1 0
1.442557 414 -138 -36 60 414.0869383 -0.0869382650678 1 0
1.442487 621 -207 -54 90 621.0869443 -0.0869443489214 1 0
1.442207 621 -207 54 -90 620.9130313 0.0869687013769 1 0
1.442137 414 -138 36 -60 413.9130252 0.0869747937554 1 0
1.441927 207 -69 18 -30 206.9130069 0.0869930811409 1 0
1.433784 513 -171 -45 75 513.0877043 -0.087704304006 1 0
1.433442 513 -171 45 -75 512.9122657 0.0877343027444 1 0
1.428036 306 -102 -27 45 306.0882099 -0.0882098660769 1 0
1.427892 612 -204 -54 90 612.0882226 -0.088222576433 1 0
1.427604 612 -204 54 -90 611.911752 0.0882480191387 1 0
1.427460 306 -102 27 -45 305.9117392 0.0882607515041 1 0
1.420588 405 -135 -36 60 405.0888694 -0.0888693882268 1 0
1.420149 405 -135 36 -60 404.9110916 0.0889084066785 1 0
1.416091 504 -168 -45 75 504.0892699 -0.0892699025486 1 0
1.415737 504 -168 45 -75 503.9106985 0.0893015372313 1 0
1.413082 603 -201 -54 90 603.0895389 -0.0895389432465 1 0
1.412785 603 -201 54 -90 602.9104345 0.0895655422659 1 0
1.398812 99 -33 -9 15 99.09082576 -0.0908257644496 1 0
1.398354 198 -66 -18 30 198.0908674 -0.0908673894825 1 0
1.398201 297 -99 -27 45 297.0908813 -0.0908812814568 1 0
1.398125 396 -132 -36 60 396.0908882 -0.0908882306301 1 0
1.398079 495 -165 -45 75 495.0908924 -0.0908924011544 1 0
1.398048 594 -198 -54 90 594.0908952 -0.0908951819291 1 0
1.397742 594 -198 54 -90 593.909077 0.0909230084065 1 0
1.397712 495 -165 45 -75 494.9090742 0.0909257929289 1 0
1.397666 396 -132 36 -60 395.90907 0.0909299703523 1 0
1.397589 297 -99 27 -45 296.9090631 0.0909369344311 1 0
1.397436 198 -66 18 -30 197.9090491 0.0909508689928 1 0
1.396976 99 -33 9 -15 98.90900728 0.0909927239982 1 0
1.382786 585 -195 -54 90 585.0922931 -0.0922931315861 1 0
1.382470 585 -195 54 -90 584.9076777 0.0923222622224 1 0
1.379737 486 -162 -45 75 486.092575 -0.0925749585947 1 0
1.379356 486 -162 45 -75 485.9073898 0.0926102400341 1 0
1.375146 387 -129 -36 60 387.0930009 -0.0930009065411 1 0
1.374665 387 -129 36 -60 386.9069544 0.0930456265856 1 0
1.367449 288 -96 -27 45 288.0937195 -0.0937195022739 1 0
1.367286 576 -192 -54 90 576.0937347 -0.093734746176 1 0
1.366961 576 -192 54 -90 575.9062347 0.0937652637581 1 0
1.366798 288 -96 27 -45 287.9062195 0.0937805374625 1 0
1.361052 477 -159 -45 75 477.094321 -0.0943209718119 1 0
1.360656 477 -159 45 -75 476.9056417 0.0943582882318 1 0
1.351879 189 -63 -18 30 189.0951902 -0.0951901525654 1 0
1.351627 378 -126 -36 60 378.0952141 -0.0952141118331 1 0
1.351543 567 -189 -54 90 567.0952221 -0.0952221036172 1 0
1.351207 567 -189 54 -90 566.9047459 0.0952540976069 1 0
1.351123 378 -126 36 -60 377.9047379 0.095262102826 1 0
1.350871 189 -63 18 -30 188.9047139 0.0952861346426 1 0
1.342011 468 -156 -45 75 468.0961341 -0.0961340987928 1 0
1.341600 468 -156 45 -75 467.9038264 0.0961736097505 1 0
1.335722 279 -93 -27 45 279.0967406 -0.0967406496298 1 0
1.335548 558 -186 -54 90 558.0967574 -0.0967574157751 1 0
1.335201 558 -186 54 -90 557.903209 0.0967909829648 1 0
1.335028 279 -93 27 -45 278.9031922 0.0968077840396 1 0
1.327542 369 -123 -36 60 369.0975352 -0.0975351948124 1 0
1.327013 369 -123 36 -60 368.9024132 0.0975867836866 1 0
1.322601 459 -153 -45 75 459.0980183 -0.0980182841307 1 0
1.322174 459 -153 45 -75 458.9019398 0.0980601651329 1 0
1.319294 549 -183 -54 90 549.098343 -0.0983430394292 1 0
1.318935 549 -183 54 -90 548.9016217 0.0983782846756 1 0
1.303694 90 -30 -9 15 90.09988914 -0.0998891351187 1 0
1.303140 180 -60 -18 30 180.0999445 -0.0999445060872 1 0
1.302955 270 -90 -27 45 270.099963 -0.0999629903724 1 0
1.302863 360 -120 -36 60 360.0999722 -0.0999722376436 1 0
1.302807 450 -150 -45 75 450.0999778 -0.0999777876488 1 0
1.302770 540 -180 -54 90 540.0999815 -0.099981488337 1 0
1.302400 540 -180 54 -90 539.8999815 0.10001852538 1 0
1.302363 450 -150 45 -75 449.8999778 0.100022232104 1 0
1.302307 360 -120 36 -60 359.8999722 0.100027793221 1 0
1.302215 270 -90 27 -45 269.8999629 0.100037064497 1 0
1.302029 180 -60 18 -30 179.8999444 0.10005561737 1 0
1.301472 90 -30 9 -15 89.89988864 0.100111358713 1 0
1.285969 531 -177 -54 90 531.1016754 -0.101675446523 1 0
1.285586 531 -177 54 -90 530.8982856 0.101714398906 1 0
1.282614 441 -147 -45 75 441.1020172 -0.102017216525 1 0
1.282151 441 -147 45 -75 440.8979356 0.102064437981 1 0
1.277559 351 -117 -36 60 351.1025342 -0.102534150279 1 0
1.276975 351 -117 36 -60 350.8974059 0.102594089878 1 0
1.269080 261 -87 -27 45 261.1034073 -0.103407306241 1 0
1.268882 522 -174 -54 90 522.1034278 -0.103427782938 1 0
1.268485 522 -174 54 -90 521.8965312 0.103468785037 1 0
1.268287 261 -87 27 -45 260.8965107 0.103489310488 1 0
1.262004 432 -144 -45 75 432.1041416 -0.104141561424 1 0
1.261522 432 -144 45 -75 431.8958082 0.104191796135 1 0
1.251907 171 -57 -18 30 171.1051984 -0.105198440282 1 0
1.251599 342 -114 -36 60 342.1052308 -0.10523077919 1 0
1.251497 513 -171 -54 90 513.1052416 -0.105241567666 1 0
1.251087 513 -171 54 -90 512.8947152 0.105284765852 1 0
1.250984 342 -114 36 -60 341.8947044 0.105295576487 1 0
1.250676 171 -57 18 -30 170.894672 0.105328035058 1 0
1.240961 423 -141 -45 75 423.1063562 -0.106356237236 1 0
1.240458 423 -141 45 -75 422.8935903 0.106409747126 1 0
1.234017 252 -84 -27 45 252.1070973 -0.107097341902 1 0
1.233805 504 -168 -54 90 504.1071201 -0.107120089854 1 0
1.233380 504 -168 54 -90 503.8928344 0.1071656438 1 0
1.233167 252 -84 27 -45 251.8928116 0.107188449856 1 0
1.224948 333 -111 -36 60 333.108073 -0.108073033692 1 0
1.224299 333 -111 36 -60 332.8918568 0.108143228101 1 0
1.219466 414 -138 -45 75 414.1086671 -0.108667129118 1 0
1.218941 414 -138 45 -75 413.8912758 0.1087242052 1 0
1.215794 495 -165 -54 90 495.1090669 -0.109066877609 1 0
1.215353 495 -165 54 -90 494.890885 0.109114961767 1 0
1.198594 81 -27 -9 15 81.11095911 -0.110959112043 1 0
1.197910 162 -54 -18 30 162.111035 -0.111035007575 1 0
1.197682 243 -81 -27 45 243.1110604 -0.111060352256 1 0
1.197567 324 -108 -36 60 324.111073 -0.111073033276 1 0
1.197499 405 -135 -45 75 405.1110806 -0.111080644668 1 0
1.197453 486 -162 -54 90 486.1110857 -0.111085720088 1 0
1.196996 486 -162 54 -90 485.8888635 0.111136525365 1 0
1.196950 405 -135 45 -75 404.8888584 0.111141611007 1 0
1.196881 324 -108 36 -60 323.8888508 0.111149241216 1 0
1.196767 243 -81 27 -45 242.888838 0.111161962889 1 0
1.196538 162 -54 18 -30 161.8888126 0.111187423723 1 0
1.195850 81 -27 9 -15 80.88873605 0.111263946491 1 0
1.178770 477 -159 -54 90 477.1131807 -0.113180692098 1 0
1.178295 477 -159 54 -90 476.8867656 0.113234427748 1 0
1.175039 396 -132 -45 75 396.1136038 -0.113603773189 1 0
1.174465 396 -132 45 -75 395.886331 0.113668991514 1 0
1.169416 315 -105 -36 60 315.1142443 -0.114244280141 1 0
1.168691 315 -105 36 -60 314.8856728 0.114327208605 1 0
1.159977 234 -78 -27 45 234.1153278 -0.115327775659 1 0
1.159731 468 -156 -54 90 468.1153562 -0.11535618152 1 0
1.159238 468 -156 54 -90 467.8845869 0.115413077304 1 0
1.158991 234 -78 27 -45 233.8845584 0.115441567331 1 0
1.152063 387 -129 -45 75 387.1162442 -0.116244153222 1 0
1.151462 387 -129 45 -75 386.883686 0.116314028303 1 0
1.140834 153 -51 -18 30 153.1175567 -0.117556734733 1 0
1.140450 306 -102 -36 60 306.1176019 -0.117601862098 1 0
1.140322 459 -153 -54 90 459.1176169 -0.117616919957 1 0
1.139810 459 -153 54 -90 458.8823228 0.117677228606 1 0
1.139681 306 -102 36 -60 305.8823077 0.117692325109 1 0
1.139296 153 -51 18 -30 152.8822623 0.117737661156 1 0
1.128546 378 -126 -45 75 378.1190101 -0.119010149694 1 0
1.127917 378 -126 45 -75 377.8809149 0.119085135634 1 0
1.120796 225 -75 -27 45 225.1199361 -0.119936068176 1 0
1.120530 450 -150 -54 90 450.119968 -0.119968017055 1 0
1.119997 450 -150 54 -90 449.879968 0.120032017078 1 0
1.119730 225 -75 27 -45 224.8799359 0.120064068358 1 0
1.110621 297 -99 -36 60 297.1211627 -0.121162692263 1 0
1.109805 297 -99 36 -60 296.8787384 0.12126163092 1 0
1.104464 369 -123 -45 75 369.1219109 -0.121910942336 1 0
1.103803 369 -123 45 -75 368.8780085 0.121991549968 1 0
1.100338 441 -147 -54 90 441.122415 -0.12241499902 1 0
1.099783 441 -147 54 -90 440.877517 0.122482997925 1 0
1.081173 72 -24 -9 15 72.12478374 -0.124783736377 1 0
1.080308 144 -48 -18 30 144.1248917 -0.124891681028 1 0
1.080020 216 -72 -27 45 216.1249277 -0.124927745641 1 0
1.079875 288 -96 -36 60 288.1249458 -0.124945793572 1 0
1.079789 360 -120 -45 75 360.1249566 -0.124956627337 1 0
1.079731 432 -144 -54 90 432.1249639 -0.124963851935 1 0
1.079152 432 -144 54 -90 431.8749638 0.125036189928 1 0
1.079094 360 -120 45 -75 359.8749566 0.125043432945 1 0
1.079007 288 -96 36 -60 287.8749457 0.125054300618 1 0
1.078862 216 -72 27 -45 215.8749276 0.125072421809 1 0
1.078572 144 -48 18 -30 143.8748913 0.125108695734 1 0
1.077701 72 -24 9 -15 71.87478223 0.125217770696 1 0
1.058690 423 -141 -54 90 423.1276211 -0.127621070597 1 0
1.058086 423 -141 54 -90 422.8723019 0.127698124849 1 0
1.054489 351 -117 -45 75 351.1281583 -0.128158334591 1 0
1.053758 351 -117 45 -75 350.871748 0.128251990236 1 0
1.048155 279 -93 -36 60 279.1289726 -0.128972638203 1 0
1.047230 279 -93 36 -60 278.870908 0.129091988321 1 0
1.037511 207 -69 -27 45 207.1303527 -0.130352696495 1 0
1.037197 414 -138 -54 90 414.1303937 -0.130393713718 1 0
1.036567 414 -138 54 -90 413.8695241 0.130475903288 1 0
1.036251 207 -69 27 -45 206.8694829 0.13051707588 1 0
1.028533 342 -114 -45 75 342.1315284 -0.13152836342 1 0
1.027763 342 -114 45 -75 341.8683704 0.131629609222 1 0
1.015889 135 -45 -18 30 135.1332019 -0.133201905573 1 0
1.015396 270 -90 -36 60 270.1332676 -0.133267554662 1 0
1.015232 405 -135 -54 90 405.1332895 -0.133289466465 1 0
1.014574 405 -135 54 -90 404.8666227 0.133377258007 1 0
1.014409 270 -90 36 -60 269.8666008 0.133399242066 1 0
1.013914 135 -45 18 -30 134.8665347 0.133465281343 1 0
1.001886 333 -111 -45 75 333.1350803 -0.135080340245 1 0
1.001074 333 -111 45 -75 332.86481 0.135190019043 1 0
0.993118 198 -66 -27 45 198.1362699 -0.13626985115 1 0
0.992774 396 -132 -54 90 396.1363167 -0.1363167115 1 0
0.992086 396 -132 54 -90 395.8635894 0.136410625906 1 0
0.991741 198 -66 27 -45 197.8635423 0.136457680296 1 0
0.981530 261 -87 -36 60 261.1378582 -0.137858218818 1 0
0.980473 261 -87 36 -60 260.861996 0.138004004234 1 0
0.974509 324 -108 -45 75 324.1388294 -0.13882940246 1 0
0.973652 324 -108 45 -75 323.8610515 0.138948477405 1 0
0.969801 387 -129 -54 90 387.1394846 -0.139484609932 1 0
0.969080 387 -129 54 -90 386.8604148 0.139585230068 1 0
0.948170 63 -21 -9 15 63.14253466 -0.142534664593 1 0
0.947042 126 -42 -18 30 126.1426955 -0.142695539548 1 0
0.946665 189 -63 -27 45 189.1427493 -0.142749326084 1 0
0.946477 252 -84 -36 60 252.1427762 -0.142776249772 1 0
0.946363 315 -105 -45 75 315.1427924 -0.142792413735 1 0
0.946288 378 -126 -54 90 378.1428032 -0.142803193777 1 0
0.945532 378 -126 54 -90 377.8570888 0.142911173554 1 0
0.945456 315 -105 45 -75 314.857078 0.142921989508 1 0
0.945343 252 -84 36 -60 251.8570618 0.142938219582 1 0
0.945153 189 -63 27 -45 188.8570347 0.142965286101 1 0
0.944774 126 -42 18 -30 125.8569805 0.143019480729 1 0
0.943635 63 -21 9 -15 62.85681744 0.14318255945 1 0
0.922209 369 -123 -54 90 369.1462835 -0.14628347194 1 0
0.921416 369 -123 54 -90 368.8536005 0.146399546958 1 0
0.917403 306 -102 -45 75 306.1469882 -0.146988217203 1 0
0.916442 306 -102 45 -75 305.8528704 0.147129565716 1 0
0.910152 243 -81 -36 60 243.1480579 -0.148057937642 1 0
0.908932 243 -81 36 -60 242.8517614 0.148238578915 1 0
0.897952 180 -60 -27 45 180.1498752 -0.1498752079 1 0
0.897536 360 -120 -54 90 360.1499376 -0.149937552029 1 0
0.896703 360 -120 54 -90 359.8499374 0.150062552138 1 0
0.896286 180 -60 27 -45 179.8498748 0.150125208768 1 0
0.887579 297 -99 -45 75 297.1514379 -0.151437934518 1 0
0.886559 297 -99 45 -75 296.8484075 0.151592526242 1 0
0.873115 117 -39 -18 30 117.1536444 -0.153644388051 1 0
0.872459 234 -78 -36 60 234.1537451 -0.1537451386 1 0
0.872240 351 -117 -54 90 351.1537788 -0.153778780873 1 0
0.871364 351 -117 54 -90 350.8460864 0.153913645043 1 0
0.871144 234 -78 36 -60 233.8460526 0.153947435097 1 0
0.870485 117 -39 18 -30 116.845951 0.15404898367 1 0
0.856840 288 -96 -45 75 288.1561653 -0.156165320808 1 0
0.855755 288 -96 45 -75 287.8436651 0.156334863158 1 0
0.846749 171 -57 -27 45 171.1577492 -0.157749211615 1 0
0.846288 342 -114 -54 90 342.1578219 -0.157821907151 1 0
0.845365 342 -114 54 -90 341.8420323 0.157967701154 1 0
0.844902 171 -57 27 -45 170.8419592 0.158040800553 1 0
0.833292 225 -75 -36 60 225.1598864 -0.159886383752 1 0
0.831870 225 -75 36 -60 224.8398861 0.160113939883 1 0
0.825127 279 -93 -45 75 279.1611972 -0.161197188052 1 0
0.823971 279 -93 45 -75 278.8386163 0.161383672723 1 0
0.819645 333 -111 -54 90 333.1620833 -0.162083270311 1 0
0.818671 333 -111 54 -90 332.8377588 0.162241207836 1 0
0.794832 54 -18 -9 15 54.16615541 -0.166155414412 1 0
0.793299 108 -36 -18 30 108.1664103 -0.166410255803 1 0
0.792787 162 -54 -27 45 162.1664956 -0.166495550812 1 0
0.792530 216 -72 -36 60 216.1665383 -0.16653826392 1 0
0.792376 270 -90 -45 75 270.1665639 -0.166563912826 1 0
0.792273 324 -108 -54 90 324.166581 -0.166581020875 1 0
0.791245 324 -108 54 -90 323.8332475 0.166752488866 1 0
0.791142 270 -90 45 -75 269.8332303 0.166769674535 1 0
0.790987 216 -72 36 -60 215.8332045 0.166795466331 1 0
0.790729 162 -54 27 -45 161.8331615 0.166838488155 1 0
0.790213 108 -36 18 -30 107.8330753 0.166924665221 1 0
0.788659 54 -18 9 -15 53.83281573 0.167184270003 1 0
0.764132 315 -105 -54 90 315.1713354 -0.171335378375 1 0
0.763044 315 -105 54 -90 314.828478 0.171521967573 1 0
0.758518 261 -87 -45 75 261.1723 -0.172300048633 1 0
0.757197 261 -87 45 -75 260.8274722 0.172527838525 1 0
0.750039 207 -69 -36 60 207.1737672 -0.173767173765 1 0
0.748359 207 -69 36 -60 206.8259406 0.174059404233 1 0
0.735752 153 -51 -27 45 153.1762675 -0.176267514792 1 0
0.735177 306 -102 -54 90 306.1763689 -0.176368934637 1 0
0.734024 306 -102 54 -90 305.8234275 0.1765724766 1 0
0.733446 153 -51 27 -45 152.8233254 0.176674600749 1 0
0.723474 252 -84 -45 75 252.1784451 -0.178445068879 1 0
0.722057 252 -84 45 -75 251.8213019 0.178698146935 1 0
0.706580 99 -33 -18 30 99.18148549 -0.181485485038 1 0
0.705665 198 -66 -36 60 198.1816515 -0.181651528899 1 0
0.705360 297 -99 -54 90 297.181707 -0.181707011993 1 0
0.704135 297 -99 54 -90 296.8180704 0.181929624203 1 0
0.703829 198 -66 36 -60 197.8180146 0.181985447996 1 0
0.702906 99 -33 18 -30 98.81784667 0.182153331679 1 0
0.687160 243 -81 -45 75 243.1850443 -0.185044274142 1 0
0.685636 243 -81 45 -75 242.8146735 0.185326526425 1 0
0.675276 144 -48 -27 45 144.1872565 -0.187256493096 1 0
0.674627 288 -96 -54 90 288.1873781 -0.187378088375 1 0
0.673325 288 -96 54 -90 287.8123778 0.187622229517 1 0
0.672672 144 -48 27 -45 143.8122552 0.187744778485 1 0
0.659234 189 -63 -36 60 189.1902846 -0.19028461252 1 0
0.657219 189 -63 36 -60 188.8093315 0.190668542291 1 0
0.649479 234 -78 -45 75 234.1921499 -0.192149907748 1 0
0.647836 234 -78 45 -75 233.807534 0.192465996409 1 0
0.642921 279 -93 -54 90 279.1934143 -0.193414304326 1 0
0.641533 279 -93 54 -90 278.8063172 0.19368284245 1 0
0.613853 45 -15 -9 15 45.19911893 -0.199118925632 1 0
0.611653 90 -30 -18 30 90.19955752 -0.199557519958 1 0
0.610916 135 -45 -27 45 135.1997046 -0.199704578381 1 0
0.610547 180 -60 -36 60 180.1997783 -0.199778270237 1 0
0.610326 225 -75 -45 75 225.1998225 -0.199822537571 1 0
0.610178 270 -90 -54 90 270.1998521 -0.199852070925 1 0
0.608696 270 -90 54 -90 269.7998516 0.200148368034 1 0
0.608548 225 -75 45 -75 224.7998219 0.200178094531 1 0
0.608325 180 -60 36 -60 179.7997773 0.200222717425 1 0
0.607953 135 -45 27 -45 134.7997028 0.200297177476 1 0
0.607208 90 -30 18 -30 89.79955357 0.200446430796 1 0
0.604964 45 -15 9 -15 44.79910312 0.200896879022 1 0
0.576328 261 -87 -54 90 261.2067328 -0.206732802867 1 0
0.574743 261 -87 54 -90 260.7929392 0.207060820626 1 0
0.569579 216 -72 -45 75 216.2081328 -0.208132781229 1 0
0.567650 216 -72 45 -75 215.7914653 0.20853466067 1 0
0.559373 171 -57 -36 60 171.2102678 -0.21026776297 1 0
0.556911 171 -57 36 -60 170.7892139 0.210786145023 1 0
0.542141 126 -42 -27 45 126.2139225 -0.213922517116 1 0
0.541294 252 -84 -54 90 252.2141038 -0.214103807776 1 0
0.539594 252 -84 54 -90 251.7855318 0.21446824058 1 0
0.538740 126 -42 27 -45 125.7853486 0.214651390631 1 0
0.527105 207 -69 -45 75 207.2171635 -0.217163478375 1 0
0.525004 207 -69 45 -75 206.7823799 0.217620089388 1 0
0.506810 81 -27 -18 30 81.22161588 -0.221615881495 1 0
0.505446 162 -54 -36 60 162.2219182 -0.221918224085 1 0
0.504991 243 -81 -54 90 243.2220194 -0.22201937201 1 0
0.503162 243 -81 54 -90 242.7775742 0.222425815817 1 0
0.502703 162 -54 36 -60 161.7774721 0.222527892982 1 0
0.501323 81 -27 18 -30 80.77716475 0.222835253707 1 0
0.482750 198 -66 -45 75 198.2270125 -0.227012451247 1 0
0.480455 198 -66 45 -75 197.7724658 0.227534201074 1 0
0.468304 117 -39 -27 45 117.2303159 -0.230315851356 1 0
0.467322 234 -78 -54 90 234.2305421 -0.23054209548 1 0
0.465349 234 -78 54 -90 233.7690027 0.230997263829 1 0
0.464359 117 -39 27 -45 116.7687738 0.231226201335 1 0
0.448453 153 -51 -36 60 153.2349334 -0.234933374572 1 0
0.445378 153 -51 36 -60 152.7643429 0.235657086683 1 0
0.436342 189 -63 -45 75 189.237796 -0.237796047829 1 0
0.433822 189 -63 45 -75 188.7616041 0.23839593981 1 0
0.428181 225 -75 -54 90 225.2397445 -0.239744544681 1 0
0.426048 225 -75 54 -90 224.7597435 0.240256547594 1 0
0.393168 36 -12 -9 15 36.24828759 -0.248287590895 1 0
0.389749 72 -24 -18 30 72.24913792 -0.249137920784 1 0
0.388601 108 -36 -27 45 108.249424 -0.249423960075 1 0
0.388026 144 -48 -36 60 144.2495675 -0.249567472754 1 0
0.387680 180 -60 -45 75 180.2496537 -0.249653738948 1 0
0.387450 216 -72 -54 90 216.2497113 -0.249711316012 1 0
0.385135 216 -72 54 -90 215.74971 0.250290023592 1 0
0.384903 180 -60 45 -75 179.7496518 0.25034819009 1 0
0.384554 144 -48 36 -60 143.7495645 0.250435541392 1 0
0.383971 108 -36 27 -45 107.7494186 0.250581398493 1 0
0.382804 72 -24 18 -30 71.74912586 0.250874136561 1 0
0.379276 36 -12 9 -15 35.74823935 0.251760650701 1 0
0.344993 207 -69 -54 90 207.2605416 -0.260541633128 1 0
0.342472 207 -69 54 -90 206.7388008 0.261199154581 1 0
0.336536 171 -57 -45 75 171.2627542 -0.262754153537 1 0
0.333459 171 -57 45 -75 170.7364359 0.263564128948 1 0
0.323725 135 -45 -36 60 135.266142 -0.266141988459 1 0
0.319775 135 -45 36 -60 134.7328045 0.267195506955 1 0
0.302026 99 -33 -27 45 99.27198007 -0.271980069111 1 0
0.300658 198 -66 -54 90 198.2723526 -0.272352646646 1 0
0.297903 198 -66 54 -90 197.726896 0.273103968574 1 0
0.296517 99 -33 27 -45 98.72651724 0.273482755734 1 0
0.282644 162 -54 -45 75 162.2773031 -0.277303104864 1 0
0.279215 162 -54 45 -75 161.7217443 0.278255717558 1 0
0.257268 63 -21 -18 30 63.28443015 -0.284430150626 1 0
0.255023 126 -42 -36 60 126.2850693 -0.285069329187 1 0
0.254271 189 -63 -54 90 189.2852837 -0.285283667877 1 0
0.251248 189 -63 54 -90 188.7138525 0.286147515347 1 0
0.250488 126 -42 36 -60 125.7136349 0.286365118899 1 0
0.248197 63 -21 18 -30 62.71297807 0.287021929973 1 0
0.225692 153 -51 -45 75 153.2935544 -0.293554417021 1 0
0.221848 153 -51 45 -75 152.7053148 0.294685224717 1 0
0.207290 90 -30 -27 45 90.29900661 -0.299006611624 1 0
0.205635 180 -60 -54 90 180.2995017 -0.299501659754 1 0
0.202302 180 -60 54 -90 179.6994983 0.300501673644 1 0
0.200623 90 -30 27 -45 89.69899328 0.301006722746 1 0
0.181275 117 -39 -36 60 117.3068874 -0.306887351738 1 0
0.176015 117 -39 36 -60 116.6914942 0.308505776188 1 0
0.165314 144 -48 -45 75 144.3118248 -0.311824759164 1 0
0.160974 144 -48 45 -75 143.6868189 0.313181127909 1 0
0.154521 171 -57 -54 90 171.3152084 -0.315208442327 1 0
0.150828 171 -57 54 -90 170.6836252 0.316374812996 1 0
0.110735 27 -9 -9 15 27.32931669 -0.329316685939 1 0
0.104729 54 -18 -18 30 54.33130074 -0.331300737433 1 0
0.102702 81 -27 -27 45 81.33197277 -0.331972766449 1 0
0.101685 108 -36 -36 60 108.3323108 -0.332310828824 1 0
0.101072 135 -45 -45 75 135.3325143 -0.33251432757 1 0
0.100664 162 -54 -54 90 162.3326503 -0.332650270356 1 0
0.096548 162 -54 54 -90 161.665978 0.334022041507 1 0
0.096134 135 -45 45 -75 134.6658395 0.334160468286 1 0
0.095511 108 -36 36 -60 107.6656315 0.334368540005 1 0
0.094471 81 -27 27 -45 80.66528352 0.334716483012 1 0
0.092381 54 -18 18 -30 53.66458325 0.335416748053 1 0
0.086032 27 -9 9 -15 26.66244658 0.337553418912 1 0
0.043753 153 -51 -54 90 153.3521307 -0.352130744697 1 0
0.039139 153 -51 54 -90 152.6462409 0.353759121018 1 0
0.032442 126 -42 -45 75 126.3561362 -0.356136245829 1 0
0.026773 126 -42 45 -75 125.6418391 0.358160946537 1 0
0.015254 99 -33 -36 60 99.36231042 -0.362310415784 1 0
0.007907 99 -33 36 -60 98.63501806 0.364981937522 1 0
-0.014003 72 -24 -27 45 72.37306696 -0.373066958946 1 0
-0.016577 144 -48 -54 90 144.3740285 -0.374028490889 1 0
-0.021785 144 -48 54 -90 143.6240183 0.37598168212 1 0
-0.024420 72 -24 27 -45 71.62302626 0.376973738886 1 0
-0.041217 117 -39 -45 75 117.3833593 -0.383359279172 1 0
-0.047792 117 -39 45 -75 116.6141119 0.385888116568 1 0
-0.074937 45 -15 -18 30 45.39650628 -0.396506283711 1 0
-0.079294 90 -30 -36 60 90.39823785 -0.398237851265 1 0
-0.080759 135 -45 -54 90 135.3988218 -0.398821786538 1 0
-0.086685 135 -45 54 -90 134.5988077 0.401192260965 1 0
-0.088184 90 -30 36 -60 89.59820624 0.401793758044 1 0
-0.092719 45 -15 18 -30 44.59637979 0.403620206016 1 0
-0.120695 108 -36 -45 75 108.4150714 -0.415071441651 1 0
-0.128412 108 -36 45 -75 107.5817133 0.418286701525 1 0
-0.145968 63 -21 -27 45 63.42569498 -0.425694980689 1 0
-0.149318 126 -42 -54 90 126.4271235 -0.427123535598 1 0
-0.156121 126 -42 54 -90 125.5699608 0.430039156157 1 0
-0.159575 63 -21 27 -45 62.56847277 0.431527234188 1 0
-0.183627 81 -27 -36 60 81.44203219 -0.442032191869 1 0
-0.194602 81 -27 36 -60 80.55308977 0.446910231544 1 0
-0.206983 99 -33 -45 75 99.45247742 -0.45247741604 1 0
-0.216166 99 -33 45 -75 98.54334817 0.456651827185 1 0
-0.222888 117 -39 -54 90 117.459732 -0.459732021101 1 0
-0.230778 117 -39 54 -90 116.5366264 0.463373633541 1 0
-0.280166 18 -6 -9 15 18.48683298 -0.486832980505 1 0
-0.293245 36 -12 -18 30 36.49324201 -0.493242008907 1 0
-0.297720 54 -18 -27 45 54.49545417 -0.495454169735 1 0
-0.299980 72 -24 -36 60 72.49657518 -0.496575181789 1 0
-0.301343 90 -30 -45 75 90.49725266 -0.497252664309 1 0
-0.302255 108 -36 -54 90 108.4977064 -0.497706373755 1 0
-0.311515 108 -36 54 -90 107.4976635 0.502336499619 1 0
-0.312455 90 -30 45 -75 89.49719092 0.502809077426 1 0
-0.313871 72 -24 36 -60 71.4964787 0.503521301402 1 0
-0.316243 54 -18 27 -45 53.4952826 0.504717401016 1 0
-0.321040 36 -12 18 -30 35.49285568 0.507144315464 1 0
-0.335865 18 -6 9 -15 17.48528137 0.514718625761 1 0
-0.388400 99 -33 -54 90 99.54248195 -0.542481952837 1 0
-0.399420 99 -33 54 -90 98.45150662 0.548493383758 1 0
-0.405424 81 -27 -45 75 81.55179655 -0.551796550212 1 0
-0.419144 81 -27 45 -75 80.44058087 0.559419132917 1 0
-0.431435 63 -21 -36 60 63.56633749 -0.566337489648 1 0
-0.449580 63 -21 36 -60 62.42329219 0.576707807868 1 0
-0.476100 45 -15 -27 45 45.59220648 -0.592206477511 1 0
-0.482573 90 -30 -54 90 90.59605246 -0.596052460712 1 0
-0.495909 90 -30 54 -90 89.39594576 0.604054239154 1 0
-0.502783 45 -15 27 -45 44.39177928 0.60822072101 1 0
-0.521427 72 -24 -45 75 72.61966685 -0.619666847201 1 0
-0.538792 72 -24 45 -75 71.36947837 0.630521632345 1 0
-0.570711 27 -9 -18 30 27.6509717 -0.650971698085 1 0
-0.582412 54 -18 -36 60 54.65863337 -0.658633371879 1 0
-0.586404 81 -27 -54 90 81.6612682 -0.661268202037 1 0
-0.602869 81 -27 54 -90 80.32775414 0.672245857945 1 0
-0.607116 54 -18 36 -60 53.32489316 0.675106837824 1 0
-0.620194 27 -9 18 -30 26.31600562 0.683994382024 1 0
-0.652378 63 -21 -45 75 63.70636583 -0.706365830376 1 0
-0.675063 63 -21 45 -75 62.27742679 0.722573206975 1 0
-0.692107 36 -12 -27 45 36.734994 -0.734993995195 1 0
-0.702060 72 -24 -54 90 72.74234614 -0.742346141748 1 0
-0.722901 72 -24 54 -90 71.24202037 0.757979626588 1 0
-0.733834 36 -12 27 -45 35.23368794 0.766312060386 1 0
-0.759535 45 -15 -36 60 45.78626204 -0.78626204439 1 0
-0.795128 45 -15 36 -60 44.18524844 0.814751557799 1 0
-0.802592 54 -18 -45 75 54.82085549 -0.820855486487 1 0
-0.832513 63 -21 -54 90 63.84578798 -0.845787979272 1 0
-0.833481 54 -18 45 -75 53.15339366 0.846606338756 1 0
-0.859741 63 -21 54 -90 62.13086678 0.869133215007 1 0
-0.903849 9 -3 -9 15 9.908326913 -0.908326913196 1 0
-0.948574 18 -6 -18 30 18.94987437 -0.949874371066 1 0
-0.964866 27 -9 -27 45 27.96547614 -0.965476141489 1 0
-0.973313 36 -12 -36 60 36.97366596 -0.97366596101 1 0
-0.978484 45 -15 -45 75 45.97871376 -0.978713763748 1 0
-0.981976 54 -18 -54 90 54.98213716 -0.982137159266 1 0
-1.019055 54 -18 54 -90 52.98076211 1.01923788647 1 0
-1.023002 45 -15 45 -75 43.97673159 1.02326840509 1 0
-1.029012 36 -12 36 -60 34.97056275 1.02943725152 1 0
-1.039282 27 -9 27 -45 25.95993579 1.04006420562 1 0
-1.060856 18 -6 18 -30 16.93725393 1.06274606681 1 0
-1.136189 9 -3 9 -15 7.854101966 1.14589803375 1 0
-1.156662 45 -15 -54 90 46.16960076 -1.16960075709 1 0
-1.190102 36 -12 -45 75 37.20937271 -1.2093727123 1 0
-1.210123 45 -15 54 -90 43.76617032 1.23382968186 1 0
-1.241602 27 -9 -36 60 28.2732867 -1.27328670269 1 0
-1.259828 36 -12 45 -75 34.70329309 1.29670691151 1 0
-1.330961 18 -6 -27 45 19.39230485 -1.39230484541 1 0
-1.341185 27 -9 36 -60 25.59338662 1.40661337755 1 0
-1.366185 36 -12 -54 90 37.4422221 -1.44222209522 1 0
-1.450007 36 -12 54 -90 34.43167673 1.56832327485 1 0
-1.454137 27 -9 -45 75 28.57481343 -1.57481343168 1 0
-1.501703 18 -6 27 -45 16.34846923 1.65153077165 1 0
-1.521563 9 -3 -18 30 10.68465844 -1.68465843843 1 0
-1.579209 27 -9 45 -75 25.21537451 1.78462548614 1 0
-1.596996 18 -6 -36 60 19.81665383 -1.81665382639 1 0
-1.626166 27 -9 -54 90 28.87042615 -1.87042614894 1 0
-1.626166 27 -75 -54 288 28.87042615 -1.87042614894 1 0
-1.777143 27 -9 54 -90 24.82475165 2.17524834709 1 0
-1.799744 18 -6 -45 75 20.22497216 -2.22497216032 1 0
-1.829336 18 -6 36 -60 15.70820393 2.2917960675 1 0
-1.864519 9 -3 -27 45 11.37386354 -2.37386354243 1 0
-1.962773 18 -6 -54 90 20.61895004 -2.61895003862 1 0
-2.098612 18 -6 45 -75 15 3 1 0
-2.098612 9 -3 18 -30 6 3 1 0
-2.098612 9 -3 -36 60 12 -3 1 0
-2.274733 9 -3 -45 75 12.57774721 -3.5777472107 1 0
-2.336013 18 -6 54 -90 14.19615242 3.80384757729 1 0
-2.415087 9 -3 -54 90 13.11684397 -4.11684396981 1 0
-2.626166 27 -6 -54 288 28.87042615 -1.87042614894 2 0
-2.647918 9 -3 27 -45 5.196152423 5.19615242271 1 1
-2.791759 9 -3 36 -60 6 6 1 1
-2.903331 9 -3 45 -75 6.708203932 6.7082039325 1 1
-2.994492 9 -3 54 -90 7.348469228 7.34846922835 1 1
-7.098612 6 115 9 -360 3 3 6 0
-7.098612 6 100 9 -255 3 3 6 0
-7.098612 6 85 9 -168 3 3 6 0
-7.098612 6 70 9 -99 3 3 6 0
-7.098612 6 65 9 -360 3 3 6 0
-7.098612 6 56 9 -255 3 3 6 0
-7.098612 6 55 9 -48 3 3 6 0
-7.098612 6 47 9 -168 3 3 6 0
-7.098612 6 40 9 -15 3 3 6 0
-7.098612 6 38 9 -99 3 3 6 0
-7.098612 6 29 9 -48 3 3 6 0
-7.098612 6 25 9 0 3 3 6 0
-7.098612 6 20 9 -15 3 3 6 0
-7.098612 6 11 9 0 3 3 6 0
-7.791759 12 140 36 -396 6 6 6 0
-7.791759 12 110 36 -192 6 6 6 0
-7.791759 12 80 36 -60 6 6 6 0
-7.791759 12 76 36 -396 6 6 6 0
-7.791759 12 58 36 -192 6 6 6 0
-7.791759 12 50 36 0 6 6 6 0
-7.791759 12 40 36 -60 6 6 6 0
-7.791759 12 22 36 0 6 6 6 0
-8.098612 21 -6 54 -48 18 3 7 0
-8.098612 15 -6 -54 48 18 -3 7 0
-8.098612 12 -3 27 -24 9 3 7 0
-8.098612 6 21 9 -360 3 3 7 0
-8.098612 6 18 9 -255 3 3 7 0
-8.098612 6 15 9 -168 3 3 7 0
-8.098612 6 12 9 -99 3 3 7 0
-8.098612 6 9 9 -48 3 3 7 0
-8.098612 6 6 9 -15 3 3 7 0
-8.098612 6 3 9 0 3 3 7 0
-8.098612 6 -3 -27 24 9 -3 7 0
-8.791759 15 -3 54 -48 9 6 7 0
-8.791759 12 24 36 -396 6 6 7 0
-8.791759 12 18 36 -192 6 6 7 0
-8.791759 12 12 36 -60 6 6 7 0
-8.791759 12 6 36 0 6 6 7 0
-8.791759 3 -3 -54 48 9 -6 7 0
