2.912073 400 -300 -8 20 400.019999 -0.0199990001 1 0
2.911973 400 -300 8 -20 399.979999 0.0200010001 1 0
2.891872 392 -294 -8 20 392.0204071 -0.0204071008935 1 0
2.891768 392 -294 8 -20 391.9795908 0.0204092258584 1 0
2.871255 384 -288 -8 20 384.0208322 -0.0208322031753 1 0
2.871147 384 -288 8 -20 383.9791655 0.0208344637367 1 0
2.850204 376 -282 -8 20 376.0212754 -0.0212753919088 1 0
2.850091 376 -282 8 -20 375.9787222 0.0212777998531 1 0
2.828700 368 -276 -8 20 368.0217378 -0.0217378463751 1 0
2.828582 368 -276 8 -20 367.9782596 0.0217404147979 1 0
2.806724 360 -270 -8 20 360.0222209 -0.0222208506494 1 0
2.806601 360 -270 8 -20 359.9777764 0.0222235941337 1 0
2.784254 352 -264 -8 20 352.0227258 -0.022725805505 1 0
2.784125 352 -264 8 -20 351.9772713 0.0227287403285 1 0
2.761268 344 -258 -8 20 344.0232542 -0.0232542419774 1 0
2.761133 344 -258 8 -20 343.9767426 0.0232573863547 1 0
2.737740 336 -252 -8 20 336.0238078 -0.0238078368658 1 0
2.737599 336 -252 8 -20 335.9761888 0.0238112112315 1 0
2.713646 328 -246 -8 20 328.0243884 -0.0243884305014 1 0
2.713498 328 -246 8 -20 327.9756079 0.0243920578429 1 0
2.688958 320 -240 -8 20 320.024998 -0.0249980471801 1 0
2.688801 320 -240 8 -20 319.974998 0.0250019534302 1 0
2.663644 312 -234 -8 20 312.0256389 -0.0256389187367 1 0
2.663479 312 -234 8 -20 311.9743569 0.0256431332381 1 0
2.637673 304 -228 -8 20 304.0263135 -0.0263135118391 1 0
2.637500 304 -228 8 -20 303.9736819 0.026318067897 1 0
2.611009 296 -222 -8 20 296.0270246 -0.0270245597067 1 0
2.610827 296 -222 8 -20 295.9729705 0.0270294952487 1 0
2.583615 288 -216 -8 20 288.0277751 -0.0277750991107 1 0
2.583422 288 -216 8 -20 287.9722195 0.0277804574785 1 0
2.555450 280 -210 -8 20 280.0285685 -0.0285685137144 1 0
2.555246 280 -210 8 -20 279.9714257 0.0285743446185 1 0
2.526469 272 -204 -8 20 272.0294086 -0.0294085850556 1 0
2.526252 272 -204 8 -20 271.9705851 0.0294149457317 1 0
2.496622 264 -198 -8 20 264.0302996 -0.0302995527921 1 0
2.496393 264 -198 8 -20 263.9696935 0.030306509411 1 0
2.465858 256 -192 -8 20 256.0312462 -0.0312461862338 1 0
2.465614 256 -192 8 -20 255.9687462 0.0312538156289 1 0
2.434117 248 -186 -8 20 248.0322539 -0.0322538697092 1 0
2.433857 248 -186 8 -20 247.9677377 0.0322622615061 1 0
2.401336 240 -180 -8 20 240.0333287 -0.0333287049893 1 0
2.401058 240 -180 8 -20 239.966662 0.0333379642494 1 0
2.367444 232 -174 -8 20 232.0344776 -0.0344776348823 1 0
2.367147 232 -174 8 -20 231.9655121 0.0344878854062 1 0
2.332364 224 -168 -8 20 224.0357086 -0.0357085932873 1 0
2.332045 224 -168 8 -20 223.96428 0.0357199817728 1 0
2.296008 216 -162 -8 20 216.0370307 -0.037030688556 1 0
2.295665 216 -162 8 -20 215.9629566 0.0370433898738 1 0
2.258281 208 -156 -8 20 208.0384544 -0.0384544291196 1 0
2.257912 208 -156 8 -20 207.9615313 0.0384686530638 1 0
2.219076 200 -150 -8 20 200.039992 -0.0399920031984 1 0
2.218976 400 -300 -16 40 400.039996 -0.0399960007998 1 0
2.218776 400 -300 16 -40 399.959996 0.0400040008002 1 0
2.218676 200 -150 8 -20 199.959992 0.0400080032016 1 0
2.198777 392 -294 -16 40 392.0408121 -0.0408120774855 1 0
2.198569 392 -294 16 -40 391.9591794 0.0408205773458 1 0
2.178271 192 -144 -8 20 192.0416576 -0.0416576283438 1 0
2.178162 384 -288 -16 40 384.0416621 -0.0416621465249 1 0
2.177945 384 -288 16 -40 383.9583288 0.0416711887708 1 0
2.177837 192 -144 8 -20 191.9583243 0.0416757128388 1 0
2.157114 376 -282 -16 40 376.0425484 -0.0425483766905 1 0
2.156887 376 -282 16 -40 375.957442 0.0425580084683 1 0
2.135730 184 -138 -8 20 184.043468 -0.0434679920308 1 0
2.135612 368 -276 -16 40 368.0434731 -0.0434731252375 1 0
2.135376 368 -276 16 -40 367.9565166 0.0434833989293 1 0
2.135258 184 -138 8 -20 183.9565115 0.0434885394188 1 0
2.113639 360 -270 -16 40 360.044439 -0.0444389588304 1 0
2.113392 360 -270 16 -40 359.9555501 0.0444499327681 1 0
2.091301 176 -132 -8 20 176.0454428 -0.0454428122206 1 0
2.091172 352 -264 -16 40 352.0454487 -0.0454486773231 1 0
2.090913 352 -264 16 -40 351.9545396 0.0454604166178 1 0
2.090784 176 -132 8 -20 175.9545337 0.0454662908159 1 0
2.068188 344 -258 -16 40 344.0465053 -0.0465053408525 1 0
2.067918 344 -258 16 -40 343.9534821 0.0465179183626 1 0
2.044806 168 -126 -8 20 168.0476056 -0.0476055578028 1 0
2.044664 336 -252 -16 40 336.0476123 -0.0476123008 1 0
2.044381 336 -252 16 -40 335.9523742 0.0476257982639 1 0
2.044239 168 -126 8 -20 167.9523674 0.0476325527386 1 0
2.020574 328 -246 -16 40 328.0487732 -0.048773235279 1 0
2.020276 328 -246 16 -40 327.9512123 0.0487877446464 1 0
1.996045 160 -120 -8 20 160.0499844 -0.049984384758 1 0
1.995888 320 -240 -16 40 320.0499922 -0.0499921899404 1 0
1.995576 320 -240 16 -40 319.9499922 0.0500078149423 1 0
1.995420 160 -120 8 -20 159.9499844 0.0500156347733 1 0
1.970579 312 -234 -16 40 312.0512736 -0.0512736250493 1 0
1.970250 312 -234 16 -40 311.9487095 0.0512904830566 1 0
1.944785 152 -114 -8 20 152.0526134 -0.0526133673262 1 0
1.944612 304 -228 -16 40 304.0526225 -0.0526224699857 1 0
1.944266 304 -228 16 -40 303.9473593 0.0526406942194 1 0
1.944093 152 -114 8 -20 151.9473502 0.0526498158099 1 0
1.917953 296 -222 -16 40 296.0540442 -0.054044186574 1 0
1.917588 296 -222 16 -40 295.9459361 0.0540639287446 1 0
1.890757 144 -108 -8 20 144.0555341 -0.0555341386073 1 0
1.890565 288 -216 -16 40 288.0555448 -0.0555448429529 1 0
1.890179 288 -216 16 -40 287.9444337 0.0555662764274 1 0
1.889986 144 -108 8 -20 143.944423 0.0555770055802 1 0
1.862405 280 -210 -16 40 280.0571312 -0.0571312000928 1 0
1.861997 280 -210 16 -40 279.9428455 0.0571545237128 1 0
1.833646 136 -102 -8 20 136.0587981 -0.0587981086942 1 0
1.833430 272 -204 -16 40 272.0588108 -0.0588108135596 1 0
1.832997 272 -204 16 -40 271.9411637 0.0588362562686 1 0
1.832781 136 -102 8 -20 135.941151 0.0588489941479 1 0
1.813561 400 -300 -24 60 400.059991 -0.059991002699 1 0
1.813261 400 -300 24 -60 399.939991 0.060009002701 1 0
1.803590 264 -198 -16 40 264.0605922 -0.0605921537534 1 0
1.803131 264 -198 16 -40 263.93938 0.0606199802349 1 0
1.793364 392 -294 -24 60 392.0612149 -0.0612149304395 1 0
1.793052 392 -294 24 -60 391.9387659 0.0612340551263 1 0
1.773077 128 -96 -8 20 128.0624695 -0.0624695121879 1 0
1.772833 256 -192 -16 40 256.0624847 -0.062484748657 1 0
1.772751 384 -288 -24 60 384.0624898 -0.062489830784 1 0
1.772426 384 -288 24 -60 383.9374898 0.0625101758388 1 0
1.772344 256 -192 16 -40 255.9374847 0.0625152662442 1 0
1.772100 128 -96 8 -20 127.9374695 0.0625305474169 1 0
1.751705 376 -282 -24 60 376.063819 -0.0638189551621 1 0
1.751366 376 -282 24 -60 375.9361594 0.0638406266639 1 0
1.741100 248 -186 -16 40 248.0644994 -0.0644993541666 1 0
1.740580 248 -186 16 -40 247.9354671 0.0645329213627 1 0
1.730206 368 -276 -24 60 368.0652058 -0.0652058374966 1 0
1.729852 368 -276 24 -60 367.934771 0.0652289533053 1 0
1.708605 120 -90 -8 20 120.0666297 -0.0666296707248 1 0
1.708328 240 -180 -16 40 240.0666482 -0.0666481584291 1 0
1.708235 360 -270 -24 60 360.0666543 -0.066654325558 1 0
1.707865 360 -270 24 -60 359.933321 0.0666790169203 1 0
1.707772 240 -180 16 -40 239.9333148 0.0666851954804 1 0
1.707494 120 -90 8 -20 119.9332963 0.0667037449132 1 0
1.685771 352 -264 -24 60 352.0681686 -0.0681686165901 1 0
1.685384 352 -264 24 -60 351.931805 0.068195030006 1 0
1.674446 232 -174 -16 40 232.068945 -0.0689450283753 1 0
1.673851 232 -174 16 -40 231.931014 0.0689860304845 1 0
1.662791 344 -258 -24 60 344.0697533 -0.0697532978995 1 0
1.662385 344 -258 24 -60 343.9302184 0.0697815973004 1 0
1.639694 112 -84 -8 20 112.0713831 -0.0713830755047 1 0
1.639376 224 -168 -16 40 224.0714058 -0.0714058089752 1 0
1.639270 336 -252 -24 60 336.0714134 -0.0714133932359 1 0
1.638845 336 -252 24 -60 335.9285562 0.0714437625333 1 0
1.638738 224 -168 16 -40 223.9285486 0.0714513629342 1 0
1.638419 112 -84 8 -20 111.9285258 0.0714741835617 1 0
1.615183 328 -246 -24 60 328.0731544 -0.0731544159495 1 0
1.614737 328 -246 24 -60 327.9268129 0.0731870620306 1 0
1.603032 216 -162 -16 40 216.0740487 -0.0740486888504 1 0
1.602347 216 -162 16 -40 215.9259005 0.0740994941437 1 0
1.590501 320 -240 -24 60 320.0749824 -0.0749824301099 1 0
1.590033 320 -240 24 -60 319.9249824 0.0750175863696 1 0
1.565688 104 -78 -8 20 104.0768663 -0.0768662651661 1 0
1.565319 208 -156 -16 40 208.0768947 -0.0768946500615 1 0
1.565196 312 -234 -24 60 312.0769041 -0.0769041210134 1 0
1.564703 312 -234 24 -60 311.9230579 0.0769420515362 1 0
1.564579 208 -156 16 -40 207.9230485 0.0769515458674 1 0
1.564209 104 -78 8 -20 103.9230199 0.0769800570113 1 0
1.539233 304 -228 -24 60 304.0789269 -0.078926876803 1 0
1.538714 304 -228 24 -60 303.9210321 0.0789678813365 1 0
1.526128 200 -150 -16 40 200.079968 -0.0799680255744 1 0
1.525929 400 -300 -32 80 400.079984 -0.0799840063968 1 0
1.525529 400 -300 32 -80 399.919984 0.0800160064032 1 0
1.525328 200 -150 16 -40 199.919968 0.0800320256256 1 0
1.512579 296 -222 -24 60 296.0810589 -0.0810588833021 1 0
1.512032 296 -222 24 -60 295.9188967 0.0811033031952 1 0
1.505734 392 -294 -32 80 392.0816157 -0.0816156604183 1 0
1.505318 392 -294 32 -80 391.9183503 0.0816496598647 1 0
1.485774 96 -72 -8 20 96.08326112 -0.0832611206852 1 0
1.485340 192 -144 -16 40 192.0832972 -0.0832971957145 1 0
1.485196 288 -216 -24 60 288.0833092 -0.083309234623 1 0
1.485124 384 -288 -32 80 384.0833153 -0.0833152566875 1 0
1.484690 384 -288 32 -80 383.9166486 0.0833514256775 1 0
1.484617 288 -216 24 -60 287.9166425 0.0833574599518 1 0
1.484472 192 -144 16 -40 191.9166305 0.0833695337456 1 0
1.484037 96 -72 8 -20 95.9165942 0.0834057971562 1 0
1.464080 376 -282 -32 80 376.0850871 -0.0850871281399 1 0
1.463627 376 -282 32 -80 375.9148743 0.0851256552585 1 0
1.457042 280 -210 -24 60 280.0856881 -0.0856880626997 1 0
1.456430 280 -210 24 -60 279.9142595 0.0857405408584 1 0
1.442819 184 -138 -16 40 184.0869155 -0.0869154657707 1 0
1.442583 368 -276 -32 80 368.086936 -0.0869359840616 1 0
1.442111 368 -276 32 -80 367.9130229 0.0869770788376 1 0
1.441874 184 -138 16 -40 183.9130023 0.0869976553915 1 0
1.428072 272 -204 -24 60 272.0882067 -0.088206689632 1 0
1.427424 272 -204 24 -60 271.9117361 0.088263935744 1 0
1.420615 360 -270 -32 80 360.088867 -0.0888669518469 1 0
1.420121 360 -270 32 -80 359.9110892 0.0889108476078 1 0
1.398927 88 -66 -8 20 88.09081537 -0.0908153700972 1 0
1.398411 176 -132 -16 40 176.0908622 -0.090862182181 1 0
1.398239 264 -198 -24 60 264.0908778 -0.0908778076669 1 0
1.398153 352 -264 -32 80 352.0908856 -0.0908856244411 1 0
1.397637 352 -264 32 -80 351.9090674 0.0909325816318 1 0
1.397551 264 -198 24 -60 263.9090596 0.0909404172708 1 0
1.397378 176 -132 16 -40 175.9090439 0.0909560966564 1 0
1.396861 88 -66 8 -20 87.9089968 0.0910031997997 1 0
1.375176 344 -258 -32 80 344.0929981 -0.0929981143916 1 0
1.374635 344 -258 32 -80 343.9069516 0.0930484244456 1 0
1.367490 256 -192 -24 60 256.0937157 -0.0937156928473 1 0
1.366757 256 -192 24 -60 255.9062156 0.0937843574442 1 0
1.351942 168 -126 -16 40 168.0951842 -0.0951841665146 1 0
1.351659 336 -252 -32 80 336.0952111 -0.0952111156056 1 0
1.351092 336 -252 32 -80 335.9047349 0.0952651054772 1 0
1.350808 168 -126 16 -40 167.9047079 0.0952921463879 1 0
1.335765 248 -186 -24 60 248.0967365 -0.0967364599086 1 0
1.334984 248 -186 24 -60 247.903188 0.0968119861317 1 0
1.327575 328 -246 -32 80 328.097532 -0.0975319741281 1 0
1.326980 328 -246 32 -80 327.90241 0.097590011617 1 0
1.303833 80 -60 -8 20 80.09987531 -0.0998753115268 1 0
1.303210 160 -120 -16 40 160.0999376 -0.0999375780031 1 0
1.303001 240 -180 -24 60 240.0999584 -0.0999583680194 1 0
1.302897 320 -240 -32 80 320.0999688 -0.099968769516 1 0
1.302835 400 -300 -40 100 400.099975 -0.0999750124922 1 0
1.302335 400 -300 40 -100 399.899975 0.100025012508 1 0
1.302272 320 -240 32 -80 319.8999687 0.100031269547 1 0
1.302168 240 -180 24 -60 239.8999583 0.100041701425 1 0
1.301960 160 -120 16 -40 159.8999374 0.100062578247 1 0
1.301333 80 -60 8 -20 79.89987469 0.10012531348 1 0
1.282643 392 -294 -40 100 392.1020143 -0.102014268084 1 0
1.282122 392 -294 40 -100 391.8979326 0.102067392226 1 0
1.277596 312 -234 -32 80 312.1025304 -0.102530408703 1 0
1.276938 312 -234 32 -80 311.8974022 0.102597840759 1 0
1.269129 232 -174 -24 60 232.1034022 -0.1034021896 1 0
1.268237 232 -174 24 -60 231.8965056 0.103494444397 1 0
1.262034 384 -288 -40 100 384.1041384 -0.10413842497 1 0
1.261492 384 -288 40 -100 383.8958051 0.104194939024 1 0
1.251984 152 -114 -16 40 152.1051904 -0.105190361762 1 0
1.251638 304 -228 -32 80 304.1052267 -0.105226734652 1 0
1.250945 304 -228 32 -80 303.8947004 0.10529963162 1 0
1.250599 152 -114 16 -40 151.8946638 0.105336155959 1 0
1.240993 376 -282 -40 100 376.1063529 -0.10635289644 1 0
1.240427 376 -282 40 -100 375.8935869 0.106413095071 1 0
1.234070 224 -168 -24 60 224.1070917 -0.107091657932 1 0
1.233114 224 -168 24 -60 223.8928058 0.107194154405 1 0
1.224989 296 -222 -32 80 296.1080687 -0.108068652589 1 0
1.224258 296 -222 32 -80 295.8918524 0.108147621311 1 0
1.219499 368 -276 -40 100 368.1086636 -0.108663565841 1 0
1.218908 368 -276 40 -100 367.8912722 0.108727776439 1 0
1.198764 72 -54 -8 20 72.11094017 -0.110940170536 1 0
1.197995 144 -108 -16 40 144.1110255 -0.11102550928 1 0
1.197739 216 -162 -24 60 216.111054 -0.111054013917 1 0
1.197610 288 -216 -32 80 288.1110683 -0.111068277215 1 0
1.197533 360 -270 -40 100 360.1110768 -0.111076838711 1 0
1.196916 360 -270 40 -100 359.8888546 0.111145425849 1 0
1.196839 288 -216 32 -80 287.888846 0.11115401116 1 0
1.196710 216 -162 24 -60 215.8888317 0.111168325911 1 0
1.196452 144 -108 16 -40 143.888803 0.111196977554 1 0
1.195678 72 -54 8 -20 71.88871689 0.111283110147 1 0
1.175074 352 -264 -40 100 352.1135997 -0.113599702011 1 0
1.174429 352 -264 40 -100 351.8863269 0.113673072635 1 0
1.169462 280 -210 -32 80 280.1142391 -0.114239105096 1 0
1.168645 280 -210 32 -80 279.8856676 0.114332399634 1 0
1.160039 208 -156 -24 60 208.1153207 -0.115320678563 1 0
1.158929 208 -156 24 -60 207.8845513 0.115448694236 1 0
1.152100 344 -258 -40 100 344.1162398 -0.116239791601 1 0
1.151424 344 -258 40 -100 343.8836816 0.116318401077 1 0
1.140930 136 -102 -16 40 136.1175455 -0.117545463706 1 0
1.140498 272 -204 -32 80 272.1175962 -0.117596217388 1 0
1.139633 272 -204 32 -80 271.882302 0.117697988296 1 0
1.139200 136 -102 16 -40 135.882251 0.117749006091 1 0
1.128586 336 -252 -40 100 336.1190055 -0.11900546934 1 0
1.127877 336 -252 40 -100 335.8809102 0.119089828534 1 0
1.120863 200 -150 -24 60 200.1199281 -0.119928086271 1 0
1.120563 400 -300 -48 120 400.119964 -0.119964021584 1 0
1.119963 400 -300 48 -120 399.879964 0.120036021616 1 0
1.119663 200 -150 24 -60 199.8799279 0.12007208653 1 0
1.110672 264 -198 -32 80 264.1211565 -0.12115651931 1 0
1.109754 264 -198 32 -80 263.8787322 0.121267825324 1 0
1.104506 328 -246 -40 100 328.1219059 -0.121905911429 1 0
1.103762 328 -246 40 -100 327.8780034 0.121996595028 1 0
1.100373 392 -294 -48 120 392.1224108 -0.1224107541 1 0
1.099748 392 -294 48 -120 391.8775127 0.122487252875 1 0
1.081389 64 -48 -8 20 64.12475681 -0.124756808418 1 0
1.080417 128 -96 -16 40 128.1248782 -0.124878167526 1 0
1.080092 192 -144 -24 60 192.1249187 -0.124918725583 1 0
1.079929 256 -192 -32 80 256.124939 -0.124939024376 1 0
1.079832 320 -240 -40 100 320.1249512 -0.124951209985 1 0
1.079767 384 -288 -48 120 384.1249593 -0.124959336365 1 0
1.079116 384 -288 48 -120 383.8749593 0.125040716617 1 0
1.079051 320 -240 40 -100 319.8749511 0.125048866309 1 0
1.078953 256 -192 32 -80 255.8749389 0.125061094834 1 0
1.078790 192 -144 24 -60 191.8749185 0.125081486345 1 0
1.078464 128 -96 16 -40 127.8748777 0.125122309315 1 0
1.077483 64 -48 8 -20 63.8747549 0.125245098982 1 0
1.058727 376 -282 -48 120 376.1276163 -0.127616260878 1 0
1.058048 376 -282 48 -120 375.8722971 0.127702946922 1 0
1.054534 312 -234 -40 100 312.1281525 -0.12815249019 1 0
1.053713 312 -234 40 -100 311.8717421 0.12825785281 1 0
1.048213 248 -186 -32 80 248.1289652 -0.128965193463 1 0
1.047172 248 -186 32 -80 247.8709005 0.129099462384 1 0
1.037590 184 -138 -24 60 184.1303425 -0.130342450248 1 0
1.037236 368 -276 -48 120 368.1303886 -0.130388583742 1 0
1.036527 368 -276 48 -120 367.869519 0.130481047021 1 0
1.036172 184 -138 24 -60 183.8694726 0.130527377153 1 0
1.028581 304 -228 -40 100 304.131522 -0.131522045893 1 0
1.027715 304 -228 40 -100 303.8683641 0.131635947443 1 0
1.016012 120 -90 -16 40 120.1331855 -0.133185513492 1 0
1.015458 240 -180 -32 80 240.1332593 -0.13325934145 1 0
1.015273 360 -270 -48 120 360.133284 -0.133283987163 1 0
1.014532 360 -270 48 -120 359.8666172 0.133382752663 1 0
1.014347 240 -180 32 -80 239.8665925 0.133407489826 1 0
1.013790 120 -90 16 -40 119.8665182 0.133481811617 1 0
1.001936 296 -222 -40 100 296.1350735 -0.13507349713 1 0
1.001023 296 -222 40 -100 295.8648031 0.135196885804 1 0
0.993204 176 -132 -24 60 176.1362581 -0.136258146123 1 0
0.992817 352 -264 -48 120 352.1363109 -0.136310850432 1 0
0.992043 352 -264 48 -120 351.8635835 0.136416504155 1 0
0.991654 176 -132 24 -60 175.8635305 0.136469454045 1 0
0.981595 232 -174 -32 80 232.1378491 -0.137849127664 1 0
0.980406 232 -174 32 -80 231.8619869 0.138013136318 1 0
0.974563 288 -216 -40 100 288.138822 -0.138821973818 1 0
0.973598 288 -216 40 -100 287.8610441 0.138955933164 1 0
0.969846 344 -258 -48 120 344.1394783 -0.1394783308 1 0
0.969035 344 -258 48 -120 343.8604085 0.139591528473 1 0
0.966463 400 -300 -56 140 400.139951 -0.13995103427 1 0
0.965763 400 -300 56 -140 399.859951 0.14004903433 1 0
0.948451 56 -42 -8 20 56.14249456 -0.142494558941 1 0
0.947183 112 -84 -16 40 112.1426754 -0.142675390473 1 0
0.946759 168 -126 -24 60 168.1427359 -0.142735871851 1 0
0.946547 224 -168 -32 80 224.1427662 -0.142766151009 1 0
0.946420 280 -210 -40 100 280.1427843 -0.142784330839 1 0
0.946335 336 -252 -48 120 336.1427965 -0.14279645587 1 0
0.946274 392 -294 -56 140 392.1428051 -0.142805119127 1 0
0.945546 392 -294 56 -140 391.8570908 0.142909242479 1 0
0.945485 336 -252 48 -120 335.8570821 0.142917933142 1 0
0.945400 280 -210 40 -100 279.8570699 0.142930103623 1 0
0.945272 224 -168 32 -80 223.8570516 0.142948367123 1 0
0.945059 168 -126 24 -60 167.8570212 0.142978827053 1 0
0.944632 112 -84 16 -40 111.8569602 0.143039824924 1 0
0.943349 56 -42 8 -20 55.85677655 0.143223445632 1 0
0.925670 384 -288 -56 140 384.145778 -0.145777991607 1 0
0.924911 384 -288 56 -140 383.8541112 0.145888759193 1 0
0.922258 328 -246 -48 120 328.1462762 -0.146276229466 1 0
0.921366 328 -246 48 -120 327.8535932 0.146406813888 1 0
0.917463 272 -204 -40 100 272.1469794 -0.14697940094 1 0
0.916382 272 -204 40 -100 271.8528616 0.147138418066 1 0
0.910228 216 -162 -32 80 216.1480467 -0.148046676766 1 0
0.908856 216 -162 32 -80 215.8517501 0.148249898298 1 0
0.904633 376 -282 -56 140 376.1488772 -0.148877222268 1 0
0.903841 376 -282 56 -140 375.8510048 0.148995211631 1 0
0.898056 160 -120 -24 60 160.1498596 -0.149859638056 1 0
0.897588 320 -240 -48 120 320.1499298 -0.149929753341 1 0
0.896651 320 -240 48 -120 319.8499296 0.150070378495 1 0
0.896181 160 -120 24 -60 159.8498591 0.150140889291 1 0
0.887643 264 -198 -40 100 264.1514283 -0.151428293454 1 0
0.886495 264 -198 40 -100 263.8483978 0.151602209204 1 0
0.883145 368 -276 -56 140 368.152111 -0.152111038674 1 0
0.882317 368 -276 56 -140 367.8477631 0.152236891498 1 0
0.873278 104 -78 -16 40 104.1536192 -0.153619241621 1 0
0.872541 208 -156 -32 80 208.1537325 -0.153732530332 1 0
0.872295 312 -234 -48 120 312.1537704 -0.153770367545 1 0
0.871309 312 -234 48 -120 311.8460779 0.153922089775 1 0
0.871062 208 -156 32 -80 207.8460399 0.153960114023 1 0
0.870320 104 -78 16 -40 103.8459256 0.154074412737 1 0
0.861184 360 -270 -56 140 360.1554884 -0.155488398217 1 0
0.860320 360 -270 56 -140 359.8443772 0.155622829069 1 0
0.856908 256 -192 -40 100 256.1561547 -0.156154748806 1 0
0.855687 256 -192 40 -100 255.8436545 0.156345484025 1 0
0.846864 152 -114 -24 60 152.1577311 -0.157731058639 1 0
0.846346 304 -228 -48 120 304.1578128 -0.157812812882 1 0
0.845307 304 -228 48 -120 303.8420232 0.157976831182 1 0
0.844786 152 -114 24 -60 151.8419409 0.158059096566 1 0
0.838731 352 -264 -56 140 352.1590191 -0.159019070838 1 0
0.837827 352 -264 56 -140 351.8408371 0.159162877334 1 0
0.833381 200 -150 -32 80 200.1598722 -0.159872204391 1 0
0.831781 200 -150 32 -80 199.8398718 0.160128205211 1 0
0.825199 248 -186 -40 100 248.1611856 -0.16118556135 1 0
0.823898 248 -186 40 -100 247.8386046 0.161395356698 1 0
0.819706 296 -222 -48 120 296.1620734 -0.162073419617 1 0
0.818610 296 -222 48 -120 295.8377489 0.162251099389 1 0
0.815763 344 -258 -56 140 344.1627137 -0.162713733259 1 0
0.814816 344 -258 56 -140 343.8371322 0.162867807915 1 0
0.795214 48 -36 -8 20 48.16609195 -0.166091947189 1 0
0.793491 96 -72 -16 40 96.16637832 -0.166378315169 1 0
0.792915 144 -108 -24 60 144.1664742 -0.166474210675 1 0
0.792626 192 -144 -32 80 192.1665222 -0.16652224137 1 0
0.792453 240 -180 -40 100 240.1665511 -0.166551086398 1 0
0.792338 288 -216 -48 120 288.1665703 -0.166570327521 1 0
0.792255 336 -252 -56 140 336.1665841 -0.166584076623 1 0
0.791263 336 -252 56 -140 335.8332506 0.166749420742 1 0
0.791180 288 -216 48 -120 287.8332368 0.166763229078 1 0
0.791064 240 -180 40 -100 239.8332174 0.166782568438 1 0
0.790890 192 -144 32 -80 191.8331884 0.166811594312 1 0
0.790600 144 -108 24 -60 143.83314 0.166860015728 1 0
0.790019 96 -72 16 -40 95.83304297 0.166957027594 1 0
0.788269 48 -36 8 -20 47.83275058 0.167249424374 1 0
0.768182 328 -246 -56 140 328.1706429 -0.170642929849 1 0
0.767141 328 -246 56 -140 327.8291793 0.170820669821 1 0
0.764200 280 -210 -48 120 280.1713237 -0.171323743482 1 0
0.762976 280 -210 48 -120 279.8284663 0.171533656412 1 0
0.758600 232 -174 -40 100 232.1722859 -0.172285851661 1 0
0.757114 232 -174 40 -100 231.8274579 0.172542115438 1 0
0.750144 184 -138 -32 80 184.173749 -0.173748974423 1 0
0.748253 184 -138 32 -80 183.8259223 0.174077734008 1 0
0.743516 320 -240 -56 140 320.1749044 -0.174904401407 1 0
0.742422 320 -240 56 -140 319.8249042 0.175095807944 1 0
0.735896 136 -102 -24 60 136.1762422 -0.176242196237 1 0
0.735249 272 -204 -48 120 272.1763562 -0.176356244394 1 0
0.733952 272 -204 48 -120 271.8234148 0.176585229203 1 0
0.733301 136 -102 24 -60 135.8232998 0.176700168747 1 0
0.723563 224 -168 -40 100 224.1784293 -0.178429299041 1 0
0.721968 224 -168 40 -100 223.821286 0.178714012045 1 0
0.718226 312 -234 -56 140 312.179384 -0.179384042837 1 0
0.717076 312 -234 56 -140 311.8204094 0.17959055374 1 0
0.706808 88 -66 -16 40 88.18144407 -0.181444068749 1 0
0.705780 176 -132 -32 80 176.1816307 -0.181630740194 1 0
0.705436 264 -198 -48 120 264.1816931 -0.181693134866 1 0
0.704059 264 -198 48 -120 263.8180564 0.181943573727 1 0
0.703713 176 -132 32 -80 175.8179936 0.182006399599 1 0
0.702676 88 -66 16 -40 87.8178046 0.182195399587 1 0
0.692281 304 -228 -56 140 304.184099 -0.184099037974 1 0
0.691070 304 -228 56 -140 303.8156777 0.184322285213 1 0
0.687255 216 -162 -40 100 216.1850267 -0.185026690388 1 0
0.685541 216 -162 40 -100 215.8146558 0.185344224452 1 0
0.675438 128 -96 -24 60 128.1872261 -0.187226143525 1 0
0.674708 256 -192 -48 120 256.1873629 -0.187362871697 1 0
0.673243 256 -192 48 -120 255.8123625 0.187637530636 1 0
0.672508 128 -96 24 -60 127.8122245 0.187775465825 1 0
0.665646 296 -222 -56 140 296.1890684 -0.189068422742 1 0
0.664368 296 -222 56 -140 295.8106897 0.189310264785 1 0
0.659360 168 -126 -32 80 168.1902607 -0.190260719397 1 0
0.657092 168 -126 32 -80 167.8093074 0.190692640972 1 0
0.649582 208 -156 -40 100 208.1921302 -0.192130221049 1 0
0.647733 208 -156 40 -100 207.8075142 0.192485821112 1 0
0.643007 248 -186 -48 120 248.1933976 -0.19339757008 1 0
0.641446 248 -186 48 -120 247.8063003 0.193699675663 1 0
0.638283 288 -216 -56 140 288.1943133 -0.194313341407 1 0
0.636933 288 -216 56 -140 287.8054241 0.19457590202 1 0
0.614401 40 -30 -8 20 40.19900988 -0.199009876724 1 0
0.611929 80 -60 -16 40 80.19950248 -0.199502484484 1 0
0.611100 120 -90 -24 60 120.1996678 -0.19966777317 1 0
0.610686 160 -120 -32 80 160.1997506 -0.199750623054 1 0
0.610436 200 -150 -40 100 200.1998004 -0.199800399003 1 0
0.610270 240 -180 -48 120 240.1998336 -0.199833610534 1 0
0.610151 280 -210 -56 140 280.1998573 -0.199857346575 1 0
0.608723 280 -210 56 -140 279.7998569 0.20014306159 1 0
0.608604 240 -180 48 -120 239.7998331 0.200166945025 1 0
0.608436 200 -150 40 -100 199.7997996 0.200200401003 1 0
0.608186 160 -120 32 -80 159.7997494 0.20025062696 1 0
0.607767 120 -90 24 -60 119.7996656 0.200334449096 1 0
0.606928 80 -60 16 -40 79.79949748 0.200502515735 1 0
0.604400 40 -30 8 -20 39.79898987 0.201010126777 1 0
0.581206 272 -204 -56 140 272.2057268 -0.205726751851 1 0
0.579693 272 -204 56 -140 271.7939616 0.206038425856 1 0
0.576427 232 -174 -48 120 232.2067124 -0.206712370672 1 0
0.574643 232 -174 48 -120 231.7929186 0.207081390959 1 0
0.569699 192 -144 -40 100 192.2081078 -0.208107766446 1 0
0.567529 192 -144 40 -100 191.7914401 0.208559881376 1 0
0.559527 152 -114 -32 80 152.2102355 -0.210235533031 1 0
0.556757 152 -114 32 -80 151.7891813 0.210818714014 1 0
0.551400 264 -198 -56 140 264.211951 -0.211951048307 1 0
0.549793 264 -198 56 -140 263.7877081 0.212291923715 1 0
0.542353 112 -84 -24 60 112.2138773 -0.213877290221 1 0
0.541400 224 -168 -48 120 224.2140811 -0.214081112844 1 0
0.539487 224 -168 48 -120 223.7855089 0.214491100143 1 0
0.538526 112 -84 24 -60 111.7853027 0.214697276075 1 0
0.527236 184 -138 -40 100 184.2171351 -0.217135067188 1 0
0.524873 184 -138 40 -100 183.7823512 0.21764875533 1 0
0.520679 256 -192 -56 140 256.2185634 -0.218563398597 1 0
0.518970 256 -192 56 -140 255.7810628 0.218937240294 1 0
0.507150 72 -54 -16 40 72.22154055 -0.22154055255 1 0
0.505617 144 -108 -32 80 144.2218803 -0.221880341071 1 0
0.505105 216 -162 -48 120 216.2219941 -0.221994067749 1 0
0.503047 216 -162 48 -120 215.7775487 0.22245131754 1 0
0.502531 144 -108 32 -80 143.7774338 0.222566220295 1 0
0.500977 72 -54 16 -40 71.77708764 0.222912360003 1 0
0.488986 248 -186 -56 140 248.2256012 -0.225601226156 1 0
0.487165 248 -186 56 -140 247.7739876 0.226012425874 1 0
0.482893 176 -132 -40 100 176.22698 -0.226980000451 1 0
0.480311 176 -132 40 -100 175.772433 0.227566970033 1 0
0.468549 104 -78 -24 60 104.2302594 -0.230259428802 1 0
0.467445 208 -156 -48 120 208.2305138 -0.230513766363 1 0
0.465226 208 -156 48 -120 207.7689742 0.231025831417 1 0
0.464111 104 -78 24 -60 103.7687164 0.231283577821 1 0
0.456258 240 -180 -56 140 240.2331069 -0.233106921513 1 0
0.454314 240 -180 56 -140 239.7664394 0.233560627361 1 0
0.448645 136 -102 -32 80 136.2348884 -0.234888436928 1 0
0.445184 136 -102 32 -80 135.7642974 0.23570261561 1 0
0.436499 168 -126 -40 100 168.2377588 -0.237758754611 1 0
0.433664 168 -126 40 -100 167.7615664 0.238433634512 1 0
0.428314 200 -150 -48 120 200.2397127 -0.239712689133 1 0
0.425914 200 -150 48 -120 199.7597113 0.240288693281 1 0
0.422424 232 -174 -56 140 232.2411287 -0.241128693763 1 0
0.420344 232 -174 56 -140 231.758369 0.241630972098 1 0
0.394017 32 -24 -8 20 32.24807681 -0.248076809272 1 0
0.390178 64 -48 -16 40 64.24903099 -0.249030993194 1 0
0.388888 96 -72 -24 60 96.24935233 -0.249352327259 1 0
0.388242 128 -96 -32 80 128.2495136 -0.249513616836 1 0
0.387853 160 -120 -40 100 160.2496106 -0.249610590956 1 0
0.387594 192 -144 -48 120 192.2496753 -0.249675324128 1 0
0.387409 224 -168 -56 140 224.2497216 -0.249721603218 1 0
0.385176 224 -168 56 -140 223.7497204 0.250279642408 1 0
0.384990 192 -144 48 -120 191.7496736 0.250326371313 1 0
0.384728 160 -120 40 -100 159.7496081 0.250391850492 1 0
0.384335 128 -96 32 -80 127.7495098 0.250490197963 1 0
0.383680 96 -72 24 -60 95.74934555 0.250654454747 1 0
0.382365 64 -48 16 -40 63.74901573 0.250984267225 1 0
0.378389 32 -24 8 -20 31.74801575 0.251984251976 1 0
0.351125 216 -162 -56 140 216.2589488 -0.258948821795 1 0
0.348724 216 -162 56 -140 215.7404288 0.259571190755 1 0
0.345150 184 -138 -48 120 184.2605008 -0.260500757366 1 0
0.342314 184 -138 48 -120 183.7387595 0.261240470562 1 0
0.336728 152 -114 -40 100 152.2627039 -0.26270385975 1 0
0.333265 152 -114 40 -100 151.7363849 0.263615084954 1 0
0.323971 120 -90 -32 80 120.2660767 -0.266076693277 1 0
0.319526 120 -90 32 -80 119.7327381 0.267261907728 1 0
0.313478 208 -156 -56 140 208.2688832 -0.268883181897 1 0
0.310889 208 -156 56 -140 207.7304198 0.26958016088 1 0
0.302368 88 -66 -24 60 88.27188724 -0.271887242357 1 0
0.300829 176 -132 -48 120 176.272306 -0.272305962856 1 0
0.297730 176 -132 48 -120 175.7268488 0.273151202155 1 0
0.296169 88 -66 24 -60 87.72642222 0.273577781849 1 0
0.282857 144 -108 -40 100 144.277244 -0.277243998371 1 0
0.278999 144 -108 40 -100 143.7216843 0.278315691836 1 0
0.274363 200 -150 -56 140 200.2796091 -0.279609093773 1 0
0.271563 200 -150 56 -140 199.7196069 0.280393101457 1 0
0.257826 56 -42 -16 40 56.28427125 -0.284271247462 1 0
0.255304 112 -84 -32 80 112.2849891 -0.284989117881 1 0
0.254459 168 -126 -48 120 168.28523 -0.285230022822 1 0
0.251058 168 -126 48 -120 167.7137981 0.286201854175 1 0
0.250202 112 -84 32 -80 111.7135531 0.286446891264 1 0
0.247621 56 -42 16 -40 55.71281292 0.287187078898 1 0
0.233659 192 -144 -56 140 192.2912249 -0.291224937686 1 0
0.230621 192 -144 56 -140 191.7078889 0.292111087957 1 0
0.225931 136 -102 -40 100 136.2934843 -0.293484315855 1 0
0.221606 136 -102 40 -100 135.7052435 0.294756480757 1 0
0.207702 80 -60 -24 60 80.29888336 -0.29888335922 1 0
0.205843 160 -120 -48 120 160.2994396 -0.299439599539 1 0
0.202093 160 -120 48 -120 159.6994354 0.300564619315 1 0
0.200202 80 -60 24 -60 79.69886648 0.301133517442 1 0
0.191234 184 -138 -56 140 184.3038461 -0.303846073715 1 0
0.187926 184 -138 56 -140 183.6951471 0.304852909219 1 0
0.181601 104 -78 -32 80 104.3067873 -0.306787322488 1 0
0.175683 104 -78 32 -80 103.6913919 0.30860806672 1 0
0.165583 128 -96 -40 100 128.3117408 -0.311740763254 1 0
0.160700 128 -96 40 -100 127.6867333 0.313266687637 1 0
0.154751 152 -114 -48 120 152.3151361 -0.315136113356 1 0
0.150595 152 -114 48 -120 151.6835517 0.316448286302 1 0
0.146935 176 -132 -56 140 176.3176087 -0.317608663278 1 0
0.143320 176 -132 56 -140 175.6812409 0.318759132868 1 0
0.112220 24 -18 -8 20 24.32882801 -0.328828005938 1 0
0.105485 48 -36 -16 40 48.33105012 -0.331050121193 1 0
0.103210 72 -54 -24 60 72.33180425 -0.33180424917 1 0
0.102067 96 -72 -32 80 96.33218389 -0.332183894378 1 0
0.101379 120 -90 -40 100 120.3324125 -0.332412515993 1 0
0.100919 144 -108 -48 120 144.3325653 -0.3325652801 1 0
0.100591 168 -126 -56 140 168.3326746 -0.332674569232 1 0
0.096622 168 -126 56 -140 167.6660027 0.333997346592 1 0
0.096289 144 -108 48 -120 143.6658915 0.334108531324 1 0
0.095823 120 -90 40 -100 119.6657356 0.334264439295 1 0
0.095122 96 -72 32 -80 95.66550115 0.334498848748 1 0
0.093950 72 -54 24 -60 71.665109 0.334890999746 1 0
0.091594 48 -36 16 -40 47.66431913 0.335680867602 1 0
0.084425 24 -18 8 -20 23.66190379 0.338096210309 1 0
0.052002 160 -120 -56 140 160.3492377 -0.349237706403 1 0
0.047627 160 -120 56 -140 159.649231 0.35076899304 1 0
0.044039 136 -102 -48 120 136.35203 -0.35202996254 1 0
0.038849 136 -102 48 -120 135.6461381 0.353861898849 1 0
0.032793 112 -84 -40 100 112.3560112 -0.356011214421 1 0
0.026415 112 -84 40 -100 111.641711 0.358289027026 1 0
0.015708 88 -66 -32 80 88.36214603 -0.362146025638 1 0
0.007443 88 -66 32 -80 87.63484846 0.365151541457 1 0
0.000944 152 -114 -56 140 152.3675324 -0.367532368147 1 0
-0.003904 152 -114 56 -140 151.6306816 0.369318395244 1 0
-0.013362 64 -48 -24 60 64.37282811 -0.372828112477 1 0
-0.016254 128 -96 -48 120 128.3739078 -0.373907757724 1 0
-0.022113 128 -96 48 -120 127.6238949 0.376105117653 1 0
-0.025082 64 -48 24 -60 63.6227766 0.377223398316 1 0
-0.040811 104 -78 -40 100 104.3832034 -0.383203414835 1 0
-0.048207 104 -78 40 -100 103.6139516 0.386048397744 1 0
-0.052849 144 -108 -56 140 144.3878443 -0.387844283415 1 0
-0.058250 144 -108 56 -140 143.6100552 0.389944840127 1 0
-0.073856 40 -30 -16 40 40.39607805 -0.396078054371 1 0
-0.078746 80 -60 -32 80 80.39801975 -0.398019753448 1 0
-0.080392 120 -90 -48 120 120.3986755 -0.398675482166 1 0
-0.087059 120 -90 48 -120 119.5986577 0.401342296995 1 0
-0.088747 80 -60 32 -80 79.59797975 0.402020253553 1 0
-0.093863 40 -30 16 -40 39.59591794 0.404082057735 1 0
-0.109683 136 -102 -56 140 136.4105255 -0.410525505948 1 0
-0.115738 136 -102 56 -140 135.586981 0.413019005137 1 0
-0.120219 96 -72 -40 100 96.41487375 -0.414873747641 1 0
-0.128900 96 -72 40 -100 95.58150901 0.418490986519 1 0
-0.145135 56 -42 -24 60 56.42534081 -0.425340807104 1 0
-0.148897 112 -84 -48 120 112.4269439 -0.426943918664 1 0
-0.156551 112 -84 48 -120 111.569776 0.430224042201 1 0
-0.160445 56 -42 24 -60 55.5680975 0.43190249582 1 0
-0.169921 128 -96 -56 140 128.4360148 -0.436014774348 1 0
-0.176757 128 -96 56 -140 127.5609943 0.439005671717 1 0
-0.182953 72 -54 -32 80 72.44173432 -0.441734316577 1 0
-0.195301 72 -54 32 -80 71.55277767 0.447222330738 1 0
-0.206417 88 -66 -40 100 88.45222154 -0.452221541786 1 0
-0.216748 88 -66 40 -100 87.54308211 0.456917885846 1 0
-0.222401 104 -78 -48 120 104.4595082 -0.459508194416 1 0
-0.231278 104 -78 48 -120 103.5363949 0.463605093099 1 0
-0.233994 120 -90 -56 140 120.4648658 -0.464865831324 1 0
-0.241772 120 -90 56 -140 119.5315043 0.468495735451 1 0
-0.276974 16 -12 -8 20 16.48528137 -0.485281374239 1 0
-0.291582 32 -24 -16 40 32.4924225 -0.492422502471 1 0
-0.296595 48 -36 -24 60 48.49489743 -0.494897427832 1 0
-0.299130 64 -48 -32 80 64.49615362 -0.496153618544 1 0
-0.300661 80 -60 -40 100 80.49691346 -0.496913462633 1 0
-0.301685 96 -72 -48 120 96.49742261 -0.497422611929 1 0
-0.302418 112 -84 -56 140 112.4977876 -0.497787567302 1 0
-0.311347 112 -84 56 -140 111.4977477 0.502252297954 1 0
-0.312102 96 -72 48 -120 95.49736835 0.502631651848 1 0
-0.313162 80 -60 40 -100 79.49683532 0.503164683737 1 0
-0.314758 64 -48 32 -80 63.4960315 0.503968503953 1 0
-0.317436 48 -36 24 -60 47.49468025 0.505319751059 1 0
-0.322857 32 -24 16 -40 31.49193338 0.50806661517 1 0
-0.339679 16 -12 8 -20 15.48331477 0.516685226452 1 0
-0.375823 104 -78 -56 140 104.5357021 -0.535702146255 1 0
-0.386179 104 -78 56 -140 103.4587213 0.541278678926 1 0
-0.387723 88 -66 -48 120 88.5421149 -0.54211490264 1 0
-0.400121 88 -66 48 -120 87.45112196 0.548878035199 1 0
-0.404585 72 -54 -40 100 72.55133376 -0.551333764994 1 0
-0.420020 72 -54 40 -100 71.44009029 0.559909706661 1 0
-0.430333 56 -42 -32 80 56.56571371 -0.565713714171 1 0
-0.450748 56 -42 32 -80 55.4226184 0.577381598396 1 0
-0.454982 96 -72 -56 140 96.57983121 -0.579831205964 1 0
-0.467136 96 -72 56 -140 95.41307836 0.586921635481 1 0
-0.474501 40 -30 -24 60 40.59126028 -0.591260281974 1 0
-0.481757 80 -60 -48 120 80.59556626 -0.595566260369 1 0
-0.496760 80 -60 48 -120 79.39543121 0.604568792816 1 0
-0.504524 40 -30 24 -60 39.39071943 0.609280570335 1 0
-0.520371 64 -48 -40 100 64.61901286 -0.6190128606 1 0
-0.539908 64 -48 40 -100 63.36877428 0.631225717284 1 0
-0.540861 88 -66 -56 140 88.63182721 -0.631827208843 1 0
-0.555326 88 -66 56 -140 87.35896678 0.641033222642 1 0
-0.567848 24 -18 -16 40 24.64911064 -0.649110640674 1 0
-0.580927 48 -36 -32 80 48.65765601 -0.657656011876 1 0
-0.585402 72 -54 -48 120 72.66060556 -0.660605559647 1 0
-0.603925 72 -54 48 -120 71.32704347 0.672956534689 1 0
-0.608722 48 -36 32 -80 47.32380758 0.676192420619 1 0
-0.623547 24 -18 16 -40 23.3137085 0.686291501015 1 0
-0.634688 80 -60 -56 140 80.6939799 -0.693979898752 1 0
-0.651010 56 -42 -40 100 56.70540019 -0.705400188815 1 0
-0.652192 80 -60 56 -140 79.29376541 0.706234591223 1 0
-0.676534 56 -42 40 -100 55.27636339 0.723636606028 1 0
-0.689664 32 -24 -24 60 32.73320053 -0.733200530682 1 0
-0.700800 64 -48 -48 120 64.74141109 -0.74141108749 1 0
-0.724248 64 -48 48 -120 63.2409987 0.759001296373 1 0
-0.736625 32 -24 24 -60 31.23154621 0.768453788272 1 0
-0.738054 72 -54 -56 140 72.76955262 -0.7695526217 1 0
-0.757431 40 -30 -32 80 40.78460969 -0.784609690827 1 0
-0.759667 72 -54 56 -140 71.21363372 0.786366276682 1 0
-0.797485 40 -30 32 -80 39.18332609 0.816673906749 1 0
-0.800753 48 -36 -40 100 48.81934729 -0.819347291982 1 0
-0.830883 56 -42 -48 120 56.8444102 -0.844410203712 1 0
-0.835510 48 -36 40 -100 47.15167381 0.84832619442 1 0
-0.853069 64 -48 -56 140 64.86335345 -0.86335345031 1 0
-0.861519 56 -42 48 -120 55.12931993 0.870680067499 1 0
-0.880430 64 -48 56 -140 63.11269837 0.887301627792 1 0
-0.893505 8 -6 -8 20 8.898979486 -0.898979485566 1 0
-0.942659 16 -12 -16 40 16.94427191 -0.944271909999 1 0
-0.960720 24 -18 -24 60 24.9614814 -0.961481396816 1 0
-0.970121 32 -24 -32 80 32.97056275 -0.970562748477 1 0
-0.975889 40 -30 -40 100 40.97617696 -0.976176963403 1 0
-0.979789 48 -36 -48 120 48.97999199 -0.979991993594 1 0
-0.982603 56 -42 -56 140 56.98275349 -0.982753492379 1 0
-1.018355 56 -42 56 -140 54.98147513 1.01852487354 1 0
-1.021516 48 -36 48 -120 46.97825059 1.02174941385 1 0
-1.025993 40 -30 40 -100 38.97366596 1.02633403899 1 0
-1.032826 32 -24 32 -80 30.96662955 1.0333704529 1 0
-1.044542 24 -18 24 -60 22.95445115 1.0455488499 1 0
-1.069336 16 -12 16 -40 14.92820323 1.07179676972 1 0
-1.130686 48 -36 -56 140 49.13961018 -1.13961017995 1 0
-1.153588 40 -30 -48 120 41.16601049 -1.16601048852 1 0
-1.158347 8 -6 8 -20 6.828427125 1.17157287525 1 0
-1.179394 48 -36 56 -140 46.8035085 1.19649149802 1 0
-1.186190 32 -22 -40 280 33.20465053 -1.20465053409 1 0
-1.186190 32 -24 -40 100 33.20465053 -1.20465053409 1 0
-1.186190 32 -114 -40 280 33.20465053 -1.20465053409 1 0
-1.213769 40 -30 48 -120 38.76166304 1.23833696071 1 0
-1.213769 40 -32 48 -336 38.76166304 1.23833696071 1 0
-1.213769 40 -138 48 -336 38.76166304 1.23833696071 1 0
-1.236257 24 -18 -32 80 25.26649916 -1.26649916142 1 0
-1.264717 32 -24 40 -100 30.69693846 1.3030615433 1 0
-1.303179 40 -30 -56 140 41.3541565 -1.35415650406 1 0
-1.322686 16 -12 -24 60 17.38083152 -1.38083151965 1 0
-1.348538 24 -18 32 -80 22.58300524 1.41699475574 1 0
-1.361580 32 -24 -48 120 33.43559577 -1.43559577416 1 0
-1.373467 40 -30 56 -140 38.54723699 1.45276300901 1 0
-1.447669 24 -18 -40 100 25.56465997 -1.56465996625 1 0
-1.456028 32 -24 48 -120 30.4222051 1.57779489814 1 0
-1.504921 8 -6 -16 40 9.656854249 -1.65685424949 1 0
-1.508937 32 -24 -56 140 33.66352173 -1.66352173266 1 0
-1.516079 16 -12 24 -60 14.32455532 1.67544467966 1 0
-1.586652 16 -12 -32 80 17.79795897 -1.79795897113 1 0
-1.588876 24 -18 40 -100 22.19803903 1.80196097281 1 0
-1.618643 24 -18 -48 120 25.85640646 -1.85640646055 1 0
-1.619428 32 -24 56 -140 30.14213562 1.85786437627 1 0
-1.761803 24 -18 -56 140 26.14213562 -2.14213562373 1 0
-1.787566 16 -12 -40 100 18.19803903 -2.19803902719 1 0
-1.789385 24 -18 48 -120 21.79795897 2.20204102887 1 0
-1.843529 8 -6 -24 60 10.32455532 -2.32455532034 1 0
-1.851494 16 -12 32 -80 13.65685425 2.34314575051 1 0
-1.948954 16 -12 -48 120 18.58300524 -2.58300524426 1 0
-1.962857 24 -18 56 -140 21.38083152 2.61916848035 1 0
-2.074389 8 -6 -32 80 10.92820323 -2.92820323028 1 0
-2.083313 16 -12 -56 140 18.95445115 -2.9544511501 1 0
-2.131731 16 -12 40 -100 12.89897949 3.10102051443 1 0
-2.247984 8 -6 -40 100 11.48331477 -3.48331477355 1 0
-2.386294 16 -12 48 -120 12 4 1 0
-2.386294 8 -6 16 -40 4 4 1 0
-2.386294 8 -6 -48 120 12 -4 1 0
-2.386294 8 -10 16 -112 4 4 1 0
-2.386294 8 -18 16 -352 4 4 1 0
-2.386294 8 -24 16 -112 4 4 1 0
-2.386294 8 -48 16 -352 4 4 1 0
-2.386294 8 -70 16 -352 4 4 1 0
-2.386294 8 -84 16 -352 4 4 1 0
-2.500801 8 -6 -56 140 12.48528137 -4.48528137424 1 0
-2.589027 8 -6 24 -60 4.898979486 4.89897948557 1 1
-2.643177 16 -12 56 -140 10.82842712 5.17157287525 1 0
-2.732868 8 -6 32 -80 5.656854249 5.65685424949 1 1
-2.844440 8 -6 40 -100 6.32455532 6.32455532034 1 1
-2.935601 8 -6 48 -120 6.92820323 6.92820323028 1 1
-3.012676 8 -6 56 -140 7.483314774 7.48331477355 1 1
-3.386294 8 294 16 -40 4 4 2 0
-3.386294 8 290 16 -352 4 4 2 0
-3.386294 8 286 16 -216 4 4 2 0
-3.386294 8 276 16 -112 4 4 2 0
-3.386294 8 270 16 0 4 4 2 0
-3.386294 8 260 16 -40 4 4 2 0
-3.386294 8 252 16 -352 4 4 2 0
-3.386294 8 250 16 -216 4 4 2 0
-3.386294 8 242 16 -112 4 4 2 0
-3.386294 8 238 16 0 4 4 2 0
-3.386294 8 228 16 -40 4 4 2 0
-3.386294 8 216 16 -216 4 4 2 0
-3.386294 8 216 16 -352 4 4 2 0
-3.386294 8 210 16 -112 4 4 2 0
-3.386294 8 208 16 0 4 4 2 0
-3.386294 8 198 16 -40 4 4 2 0
-3.386294 8 184 16 -216 4 4 2 0
-3.386294 8 182 16 -352 4 4 2 0
-3.386294 8 180 16 0 4 4 2 0
-3.386294 8 180 16 -112 4 4 2 0
-3.386294 8 170 16 -40 4 4 2 0
-3.386294 8 154 16 0 4 4 2 0
-3.386294 8 154 16 -216 4 4 2 0
-3.386294 8 152 16 -112 4 4 2 0
-3.386294 8 150 16 -352 4 4 2 0
-3.386294 8 144 16 -40 4 4 2 0
-3.386294 8 130 16 0 4 4 2 0
-3.386294 8 126 16 -112 4 4 2 0
-3.386294 8 126 16 -216 4 4 2 0
-3.386294 8 120 16 -40 4 4 2 0
-3.386294 8 120 16 -352 4 4 2 0
-3.386294 8 108 16 0 4 4 2 0
-3.386294 8 102 16 -112 4 4 2 0
-3.386294 8 100 16 -216 4 4 2 0
-3.386294 8 98 16 -40 4 4 2 0
-3.386294 8 92 16 -352 4 4 2 0
-3.386294 8 88 16 0 4 4 2 0
-3.386294 8 80 16 -112 4 4 2 0
-3.386294 8 78 16 -40 4 4 2 0
-3.386294 8 76 16 -216 4 4 2 0
-3.386294 8 70 16 0 4 4 2 0
-3.386294 8 66 16 -352 4 4 2 0
-3.386294 8 60 16 -40 4 4 2 0
-3.386294 8 60 16 -112 4 4 2 0
-3.386294 8 54 16 0 4 4 2 0
-3.386294 8 54 16 -216 4 4 2 0
-3.386294 8 44 16 -40 4 4 2 0
-3.386294 8 42 16 -112 4 4 2 0
-3.386294 8 42 16 -352 4 4 2 0
-3.386294 8 40 16 0 4 4 2 0
-3.386294 8 34 16 -216 4 4 2 0
-3.386294 8 30 16 -40 4 4 2 0
-3.386294 8 28 16 0 4 4 2 0
-3.386294 8 26 16 -112 4 4 2 0
-3.386294 8 20 16 -352 4 4 2 0
-3.386294 8 18 16 0 4 4 2 0
-3.386294 8 18 16 -40 4 4 2 0
-3.386294 8 16 16 -216 4 4 2 0
-3.386294 8 12 16 -112 4 4 2 0
-3.386294 8 10 16 0 4 4 2 0
-3.386294 8 8 16 -40 4 4 2 0
-3.386294 8 4 16 0 4 4 2 0
-3.386294 8 -2 16 0 4 4 2 0
-3.386294 8 -10 16 -40 4 4 2 0
-3.386294 8 -12 16 -40 4 4 2 0
-3.386294 8 -14 16 -216 4 4 2 0
-3.386294 8 -18 16 -112 4 4 2 0
-3.386294 8 -26 16 -216 4 4 2 0
-3.386294 8 -28 16 -112 4 4 2 0
-3.386294 8 -30 16 -112 4 4 2 0
-3.386294 8 -34 16 -352 4 4 2 0
-3.386294 8 -36 16 -216 4 4 2 0
-3.386294 8 -44 16 -216 4 4 2 0
-3.386294 8 -50 16 -216 4 4 2 0
-3.386294 8 -54 16 -216 4 4 2 0
-3.386294 8 -56 16 -216 4 4 2 0
-3.386294 8 -60 16 -352 4 4 2 0
-3.386294 8 -78 16 -352 4 4 2 0
-3.386294 8 -88 16 -352 4 4 2 0
-3.386294 8 -90 16 -352 4 4 2 0
-8.693147 4 63 4 -378 2 2 8 0
-8.693147 4 57 4 -304 2 2 8 0
-8.693147 4 51 4 -238 2 2 8 0
-8.693147 4 45 4 -180 2 2 8 0
-8.693147 4 39 4 -130 2 2 8 0
-8.693147 4 33 4 -88 2 2 8 0
-8.693147 4 27 4 -54 2 2 8 0
-8.693147 4 21 4 -28 2 2 8 0
-8.693147 4 15 4 -10 2 2 8 0
-8.693147 4 9 4 0 2 2 8 0
-9.693147 4 20 4 -378 2 2 9 0
-9.693147 4 18 4 -304 2 2 9 0
-9.693147 4 16 4 -238 2 2 9 0
-9.693147 4 14 4 -180 2 2 9 0
-9.693147 4 12 4 -130 2 2 9 0
-9.693147 4 10 4 -88 2 2 9 0
-9.693147 4 8 4 -54 2 2 9 0
-9.693147 4 6 4 -28 2 2 9 0
-9.693147 4 4 4 -10 2 2 9 0
-9.693147 4 2 4 0 2 2 9 0
-9.791759 12 63 36 -252 6 6 8 0
-9.791759 12 45 36 -90 6 6 8 0
-9.791759 12 27 36 0 6 6 8 0
-10.386294 12 -6 32 -14 8 4 9 0
-10.386294 4 -6 -32 14 8 -4 9 0
-10.791759 12 18 36 -252 6 6 9 0
-10.791759 12 12 36 -90 6 6 9 0
-10.791759 12 6 36 0 6 6 9 0
