-2.386294 16 -10 48 252 12 4 1 0
-2.386294 8 10 -48 -252 12 -4 1 0
-2.386294 8 -14 16 36 4 4 1 0
-2.386294 8 -18 16 -44 4 4 1 0
-2.386294 8 -34 16 -44 4 4 1 0
-2.386294 8 -42 16 -44 4 4 1 0
-2.386294 8 -62 16 -156 4 4 1 0
-3.386294 16 -30 48 252 12 4 2 0
-3.386294 12 -10 32 168 8 4 2 0
-3.386294 12 -20 32 168 8 4 2 0
-3.386294 8 290 16 -156 4 4 2 0
-3.386294 8 282 16 100 4 4 2 0
-3.386294 8 278 16 84 4 4 2 0
-3.386294 8 266 16 36 4 4 2 0
-3.386294 8 254 16 -300 4 4 2 0
-3.386294 8 246 16 -44 4 4 2 0
-3.386294 8 218 16 100 4 4 2 0
-3.386294 8 218 16 -156 4 4 2 0
-3.386294 8 214 16 84 4 4 2 0
-3.386294 8 202 16 36 4 4 2 0
-3.386294 8 182 16 -44 4 4 2 0
-3.386294 8 182 16 -300 4 4 2 0
-3.386294 8 162 16 100 4 4 2 0
-3.386294 8 158 16 84 4 4 2 0
-3.386294 8 154 16 -156 4 4 2 0
-3.386294 8 146 16 36 4 4 2 0
-3.386294 8 126 16 -44 4 4 2 0
-3.386294 8 118 16 -300 4 4 2 0
-3.386294 8 114 16 100 4 4 2 0
-3.386294 8 110 16 84 4 4 2 0
-3.386294 8 98 16 36 4 4 2 0
-3.386294 8 98 16 -156 4 4 2 0
-3.386294 8 78 16 -44 4 4 2 0
-3.386294 8 74 16 100 4 4 2 0
-3.386294 8 70 16 84 4 4 2 0
-3.386294 8 62 16 -300 4 4 2 0
-3.386294 8 58 16 36 4 4 2 0
-3.386294 8 50 16 -156 4 4 2 0
-3.386294 8 42 16 100 4 4 2 0
-3.386294 8 38 16 84 4 4 2 0
-3.386294 8 38 16 -44 4 4 2 0
-3.386294 8 26 16 36 4 4 2 0
-3.386294 8 18 16 100 4 4 2 0
-3.386294 8 14 16 84 4 4 2 0
-3.386294 8 14 16 -300 4 4 2 0
-3.386294 8 10 16 -156 4 4 2 0
-3.386294 8 6 16 -44 4 4 2 0
-3.386294 8 2 16 100 4 4 2 0
-3.386294 8 2 16 36 4 4 2 0
-3.386294 8 -2 16 84 4 4 2 0
-3.386294 8 -6 16 100 4 4 2 0
-3.386294 8 -10 16 84 4 4 2 0
-3.386294 8 -22 16 36 4 4 2 0
-3.386294 8 -22 16 -156 4 4 2 0
-3.386294 8 -26 16 -300 4 4 2 0
-3.386294 8 -30 -48 -252 12 -4 2 0
-3.386294 8 -46 16 -156 4 4 2 0
-3.386294 8 -58 16 -300 4 4 2 0
-3.386294 8 -70 16 -156 4 4 2 0
-3.386294 8 -82 16 -300 4 4 2 0
-3.386294 8 -98 16 -300 4 4 2 0
-3.386294 8 -106 16 -300 4 4 2 0
-3.386294 4 10 -32 -168 8 -4 2 0
-3.386294 4 -20 -32 -168 8 -4 2 0
-9.386294 2 7 -24 -54 6 -4 8 0
-9.693147 30 -70 56 294 28 2 9 0
-9.693147 26 -60 48 252 24 2 9 0
-9.693147 26 -70 -56 -294 28 -2 9 0
-9.693147 22 -50 40 210 20 2 9 0
-9.693147 22 -60 -48 -252 24 -2 9 0
-9.693147 18 -40 32 168 16 2 9 0
-9.693147 18 -50 -40 -210 20 -2 9 0
-9.693147 14 -30 24 126 12 2 9 0
-9.693147 14 -40 -32 -168 16 -2 9 0
-9.693147 10 -20 16 84 8 2 9 0
-9.693147 10 -30 -24 -126 12 -2 9 0
-9.693147 6 -10 8 42 4 2 9 0
-9.693147 6 -20 -16 -84 8 -2 9 0
-9.693147 2 -10 -8 -42 4 -2 9 0
-10.386294 18 -10 56 294 14 4 9 0
-10.386294 14 -10 40 210 10 4 9 0
-10.386294 10 10 -56 -294 14 -4 9 0
-10.386294 10 -10 24 126 6 4 9 0
-10.386294 6 10 -40 -210 10 -4 9 0
-10.386294 2 34 -24 -54 6 -4 9 0
-10.386294 2 10 -24 -126 6 -4 9 0
-10.791759 14 -20 48 252 8 6 9 0
-10.791759 2 -20 -48 -252 8 -6 9 0
