1.198569 392 -294 16 60 391.9591794 0.0408205773458 2 0
1.156887 376 -282 16 60 375.957442 0.0425580084683 2 0
1.113392 360 -270 16 60 359.9555501 0.0444499327681 2 0
1.100373 392 -294 -48 -180 392.1224108 -0.1224107541 1 0
1.067918 344 -258 16 60 343.9534821 0.0465179183626 2 0
1.058727 376 -282 -48 -180 376.1276163 -0.127616260878 1 0
1.020276 328 -246 16 60 327.9512123 0.0487877446464 2 0
1.015273 360 -270 -48 -180 360.133284 -0.133283987163 1 0
0.970250 312 -234 16 60 311.9487095 0.0512904830566 2 0
0.969846 344 -258 -48 -180 344.1394783 -0.1394783308 1 0
0.922258 328 -246 -48 -180 328.1462762 -0.146276229466 1 0
0.917588 296 -222 16 60 295.9459361 0.0540639287446 2 0
0.872295 312 -234 -48 -180 312.1537704 -0.153770367545 1 0
0.861997 280 -210 16 60 279.9428455 0.0571545237128 2 0
0.819706 296 -222 -48 -180 296.1620734 -0.162073419617 1 0
0.803131 264 -198 16 60 263.93938 0.0606199802349 2 0
0.764200 280 -210 -48 -180 280.1713237 -0.171323743482 1 0
0.740580 248 -186 16 60 247.9354671 0.0645329213627 2 0
0.705436 264 -198 -48 -180 264.1816931 -0.181693134866 1 0
0.673851 232 -174 16 60 231.931014 0.0689860304845 2 0
0.643007 248 -186 -48 -180 248.1933976 -0.19339757008 1 0
0.602347 216 -162 16 60 215.9259005 0.0740994941437 2 0
0.576427 232 -174 -48 -180 232.2067124 -0.206712370672 1 0
0.525328 200 -150 16 60 199.919968 0.0800320256256 2 0
0.505105 216 -162 -48 -180 216.2219941 -0.221994067749 1 0
0.441874 184 -138 16 60 183.9130023 0.0869976553915 2 0
0.428314 200 -150 -48 -180 200.2397127 -0.239712689133 1 0
0.350808 168 -126 16 60 167.9047079 0.0952921463879 2 0
0.345150 184 -138 -48 -180 184.2605008 -0.260500757366 1 0
0.254459 168 -126 -48 -180 168.28523 -0.285230022822 1 0
0.250599 152 -114 16 60 151.8946638 0.105336155959 2 0
0.154751 152 -114 -48 -180 152.3151361 -0.315136113356 1 0
0.139200 136 -102 16 60 135.882251 0.117749006091 2 0
0.044039 136 -102 -48 -180 136.35203 -0.35202996254 1 0
0.013790 120 -90 16 60 119.8665182 0.133481811617 2 0
-0.080392 120 -90 -48 -180 120.3986755 -0.398675482166 1 0
-0.129680 104 -78 16 60 103.8459256 0.154074412737 2 0
-0.222401 104 -78 -48 -180 104.4595082 -0.459508194416 1 0
-0.297324 88 -66 16 60 87.8178046 0.182195399587 2 0
-0.387723 88 -66 -48 -180 88.5421149 -0.54211490264 1 0
-0.499023 72 -54 16 60 71.77708764 0.222912360003 2 0
-0.585402 72 -54 -48 -180 72.66060556 -0.660605559647 1 0
-0.752379 56 -42 16 60 55.71281292 0.287187078898 2 0
-0.830883 56 -42 -48 -180 56.8444102 -0.844410203712 1 0
-1.093863 40 -30 16 60 39.59591794 0.404082057735 2 0
-1.153588 40 -30 -48 -180 41.16601049 -1.16601048852 1 0
-1.618643 24 -18 -48 -180 25.85640646 -1.85640646055 1 0
-1.623547 24 -18 16 60 23.3137085 0.686291501015 2 0
-2.386294 8 -6 -48 -180 12 -4 1 0
-2.386294 8 -10 16 28 4 4 1 0
-2.386294 8 -14 16 -36 4 4 1 0
-2.386294 8 -26 16 -36 4 4 1 0
-2.386294 8 -38 16 -132 4 4 1 0
-2.386294 8 -50 16 -132 4 4 1 0
-3.098612 19 6 48 180 16 3 2 0
-3.098612 19 -14 48 180 16 3 2 0
-3.386294 8 294 16 -36 4 4 2 0
-3.386294 8 270 16 -132 4 4 2 0
-3.386294 8 250 16 60 4 4 2 0
-3.386294 8 242 16 28 4 4 2 0
-3.386294 8 238 16 -260 4 4 2 0
-3.386294 8 226 16 -36 4 4 2 0
-3.386294 8 202 16 -132 4 4 2 0
-3.386294 8 190 16 60 4 4 2 0
-3.386294 8 182 16 28 4 4 2 0
-3.386294 8 170 16 -260 4 4 2 0
-3.386294 8 166 16 -36 4 4 2 0
-3.386294 8 142 16 -132 4 4 2 0
-3.386294 8 138 16 60 4 4 2 0
-3.386294 8 130 16 28 4 4 2 0
-3.386294 8 114 16 -36 4 4 2 0
-3.386294 8 110 16 -260 4 4 2 0
-3.386294 8 94 16 60 4 4 2 0
-3.386294 8 90 16 -132 4 4 2 0
-3.386294 8 86 16 28 4 4 2 0
-3.386294 8 70 16 -36 4 4 2 0
-3.386294 8 58 16 60 4 4 2 0
-3.386294 8 58 16 -260 4 4 2 0
-3.386294 8 50 16 28 4 4 2 0
-3.386294 8 46 16 -132 4 4 2 0
-3.386294 8 34 16 -36 4 4 2 0
-3.386294 8 30 16 60 4 4 2 0
-3.386294 8 22 16 28 4 4 2 0
-3.386294 8 14 16 -260 4 4 2 0
-3.386294 8 10 16 60 4 4 2 0
-3.386294 8 10 16 -132 4 4 2 0
-3.386294 8 6 16 -36 4 4 2 0
-3.386294 8 2 16 28 4 4 2 0
-3.386294 8 -2 16 60 4 4 2 0
-3.386294 8 -6 16 60 4 4 2 0
-3.386294 8 -14 16 28 4 4 2 0
-3.386294 8 -18 16 -132 4 4 2 0
-3.386294 8 -22 16 -260 4 4 2 0
-3.386294 8 -30 16 -36 4 4 2 0
-3.386294 8 -50 16 -260 4 4 2 0
-3.386294 8 -54 16 -132 4 4 2 0
-3.386294 8 -70 16 -260 4 4 2 0
-3.386294 8 -82 16 -260 4 4 2 0
-3.386294 8 -86 16 -260 4 4 2 0
