2.912067 450 -300 -9 21 450.0199991 -0.0199991111901 1 0
2.911979 450 -300 9 -21 449.9799991 0.0200008889679 1 0
2.891867 441 -294 -9 21 441.0204072 -0.0204072189239 1 0
2.891774 441 -294 9 -21 440.9795909 0.0204091077816 1 0
2.871249 432 -288 -9 21 432.0208323 -0.0208323287363 1 0
2.871153 432 -288 9 -21 431.9791657 0.0208343381242 1 0
2.850198 423 -282 -9 21 423.0212755 -0.0212755256549 1 0
2.850097 423 -282 9 -21 422.9787223 0.0212776660498 1 0
2.828694 414 -276 -9 21 414.021738 -0.0217379890334 1 0
2.828589 414 -276 9 -21 413.9782597 0.0217402720759 1 0
2.806717 405 -270 -9 21 405.022221 -0.0222210030297 1 0
2.806608 405 -270 9 -21 404.9777766 0.0222234416824 1 0
2.784247 396 -264 -9 21 396.022726 -0.022725968511 1 0
2.784132 396 -264 9 -21 395.9772714 0.022728577243 1 0
2.761260 387 -258 -9 21 387.0232544 -0.0232544166204 1 0
2.761140 387 -258 9 -21 386.9767428 0.0232572116225 1 0
2.737733 378 -252 -9 21 378.023808 -0.0238080242804 1 0
2.737607 378 -252 9 -21 377.976189 0.0238110237165 1 0
2.713638 369 -246 -9 21 369.0243886 -0.0243886319638 1 0
2.713506 369 -246 9 -21 368.9756081 0.0243918562674 1 0
2.688949 360 -240 -9 21 360.0249983 -0.02499826413 1 0
2.688810 360 -240 9 -21 359.9749983 0.0250017363523 1 0
2.663635 351 -234 -9 21 351.0256392 -0.025639152803 1 0
2.663489 351 -234 9 -21 350.9743571 0.0256428990264 1 0
2.637663 342 -228 -9 21 342.0263138 -0.0263137648707 1 0
2.637509 342 -228 9 -21 341.9736822 0.0263178146999 1 0
2.610999 333 -222 -9 21 333.0270248 -0.0270248338089 1 0
2.610837 333 -222 9 -21 332.9729708 0.0270292209573 1 0
2.583605 324 -216 -9 21 324.0277754 -0.0277753966893 1 0
2.583433 324 -216 9 -21 323.9722198 0.0277801596829 1 0
2.555439 315 -210 -9 21 315.0285688 -0.0285688375286 1 0
2.555257 315 -210 9 -21 314.971426 0.0285740205545 1 0
2.526457 306 -204 -9 21 306.0294089 -0.0294089382822 1 0
2.526264 306 -204 9 -21 305.9705854 0.0294145922165 1 0
2.496610 297 -198 -9 21 297.0302999 -0.0302999391033 1 0
2.496406 297 -198 9 -21 296.9696939 0.0303061227646 1 0
2.465844 288 -192 -9 21 288.0312466 -0.0312466098937 1 0
2.465627 288 -192 9 -21 287.9687466 0.0312533915781 1 0
2.434103 279 -186 -9 21 279.0322543 -0.0322543356911 1 0
2.433872 279 -186 9 -21 278.9677382 0.032261795066 1 0
2.401321 270 -180 -9 21 270.0333292 -0.0333292191228 1 0
2.401074 270 -180 9 -21 269.9666626 0.0333374495761 1 0
2.367428 261 -174 -9 21 261.0344782 -0.0344782040362 1 0
2.367164 261 -174 9 -21 260.9655127 0.0344873156128 1 0
2.332346 252 -168 -9 21 252.0357092 -0.0357092256 1 0
2.332063 252 -168 9 -21 251.9642807 0.0357193486979 1 0
2.295989 243 -162 -9 21 243.0370314 -0.0370313937279 1 0
2.295684 243 -162 9 -21 242.9629573 0.0370426837877 1 0
2.258261 234 -156 -9 21 234.0384552 -0.038455218787 1 0
2.257932 234 -156 9 -21 233.9615321 0.0384678622924 1 0
2.219054 225 -150 -9 21 225.0399929 -0.0399928914162 1 0
2.218965 450 -300 -18 42 450.0399964 -0.0399964450764 1 0
2.218787 450 -300 18 -42 449.9599964 0.0400035561878 1 0
2.218698 225 -150 9 -21 224.9599929 0.0400071136406 1 0
2.198766 441 -294 -18 42 441.0408125 -0.0408125495143 1 0
2.198581 441 -294 18 -42 440.9591799 0.0408201049455 1 0
2.178247 216 -144 -9 21 216.0416586 -0.0416586322146 1 0
2.178150 432 -288 -18 42 432.0416626 -0.041662648666 1 0
2.177957 432 -288 18 -42 431.9583293 0.0416706862178 1 0
2.177861 216 -144 9 -21 215.9583253 0.0416747073205 1 0
2.157101 423 -282 -18 42 423.0425489 -0.0425489115606 1 0
2.156900 423 -282 18 -42 422.9574425 0.0425574731407 1 0
2.135704 207 -138 -9 21 207.0434691 -0.0434691325339 1 0
2.135599 414 -276 -18 42 414.0434737 -0.0434736957434 1 0
2.135389 414 -276 18 -42 413.9565172 0.0434828279138 1 0
2.135284 207 -138 9 -21 206.9565126 0.0434873968777 1 0
2.113625 405 -270 -18 42 405.0444396 -0.0444395682093 1 0
2.113406 405 -270 18 -42 404.9555507 0.0444493228205 1 0
2.091272 198 -132 -9 21 198.0454441 -0.0454441153151 1 0
2.091157 396 -264 -18 42 396.0454493 -0.0454493291881 1 0
2.090928 396 -264 18 -42 395.9545402 0.0454597641165 1 0
2.090813 198 -132 9 -21 197.954535 0.0454649851762 1 0
2.068173 387 -258 -18 42 387.046506 -0.0465060392463 1 0
2.067933 387 -258 18 -42 386.9534828 0.046517219255 1 0
2.044774 189 -126 -9 21 189.0476071 -0.0476070559165 1 0
2.044648 378 -252 -18 42 378.0476131 -0.0476130502578 1 0
2.044396 378 -252 18 -42 377.952375 0.0476250480032 1 0
2.044270 189 -126 9 -21 188.9523689 0.047631051413 1 0
2.020557 369 -246 -18 42 369.048774 -0.0487740409023 1 0
2.020293 369 -246 18 -42 368.9512131 0.0487869381174 1 0
1.996010 180 -120 -9 21 180.0499861 -0.0499861188218 1 0
1.995871 360 -240 -18 42 360.0499931 -0.0499930574839 1 0
1.995593 360 -240 18 -42 359.9499931 0.0500069463741 1 0
1.995454 180 -120 9 -21 179.9499861 0.0500138966103 1 0
1.970561 351 -234 -18 42 351.0512746 -0.0512745610239 1 0
1.970268 351 -234 18 -42 350.9487105 0.0512895459188 1 0
1.944747 171 -114 -9 21 171.0526154 -0.0526153895952 1 0
1.944593 342 -228 -18 42 342.0526235 -0.0526234817812 1 0
1.944285 342 -228 18 -42 341.9473603 0.0526396810995 1 0
1.944131 171 -114 9 -21 170.9473522 0.0526477882433 1 0
1.917933 333 -222 -18 42 333.0540453 -0.0540452826049 1 0
1.917608 333 -222 18 -42 332.9459372 0.0540628312004 1 0
1.890715 162 -108 -9 21 162.0555365 -0.0555365166378 1 0
1.890543 324 -216 -18 42 324.055546 -0.0555460328341 1 0
1.890200 324 -216 18 -42 323.9444349 0.0555650848106 1 0
1.890029 162 -108 9 -21 161.9444254 0.0555746206078 1 0
1.862382 315 -210 -18 42 315.0571325 -0.0571324948509 1 0
1.862019 315 -210 18 -42 314.9428468 0.0571532269567 1 0
1.833598 153 -102 -9 21 153.0588009 -0.0588009310491 1 0
1.833406 306 -204 -18 42 306.0588122 -0.0588122258892 1 0
1.833021 306 -204 18 -42 305.9411652 0.0588348416294 1 0
1.832829 153 -102 9 -21 152.9411538 0.0588461625546 1 0
1.813544 450 -300 -27 63 450.059992 -0.0599920021326 1 0
1.813277 450 -300 27 -63 449.939992 0.0600080021341 1 0
1.803564 297 -198 -18 42 297.0605937 -0.060593698329 1 0
1.803156 297 -198 18 -42 296.9393816 0.0606184329778 1 0
1.793347 441 -294 -27 63 441.061216 -0.0612159922954 1 0
1.793069 441 -294 27 -63 440.938767 0.0612329920166 1 0
1.773022 144 -96 -9 21 144.0624729 -0.0624728967859 1 0
1.772806 288 -192 -18 42 288.0624864 -0.0624864425156 1 0
1.772733 432 -288 -27 63 432.062491 -0.0624909603701 1 0
1.772444 432 -288 27 -63 431.937491 0.0625090448627 1 0
1.772372 288 -192 18 -42 287.9374864 0.0625135692581 1 0
1.772154 144 -96 9 -21 143.9374728 0.0625271503092 1 0
1.751686 423 -282 -27 63 423.0638202 -0.0638201583626 1 0
1.751384 423 -282 27 -63 422.9361606 0.0638394219191 1 0
1.741071 279 -186 -18 42 279.0645012 -0.0645012171792 1 0
1.740609 279 -186 18 -42 278.9354689 0.0645310546847 1 0
1.730187 414 -276 -27 63 414.0652071 -0.0652071208488 1 0
1.729872 414 -276 27 -63 413.9347723 0.0652276682336 1 0
1.708544 135 -90 -9 21 135.0666338 -0.0666337773312 1 0
1.708297 270 -180 -18 42 270.0666502 -0.0666502138851 1 0
1.708215 405 -270 -27 63 405.0666557 -0.0666556963411 1 0
1.707886 405 -270 27 -63 404.9333224 0.0666776442179 1 0
1.707803 270 -180 18 -42 269.9333169 0.0666831357059 1 0
1.707556 135 -90 9 -21 134.9333004 0.0666996210329 1 0
1.685749 396 -264 -27 63 396.0681701 -0.0681700829288 1 0
1.685405 396 -264 27 -63 395.9318064 0.0681935615198 1 0
1.674413 261 -174 -18 42 261.0689473 -0.0689473037138 1 0
1.673884 261 -174 18 -42 260.9310162 0.0689837500298 1 0
1.662768 387 -258 -27 63 387.0697549 -0.0697548688844 1 0
1.662408 387 -258 27 -63 386.93022 0.0697800239063 1 0
1.639624 126 -84 -9 21 126.0713881 -0.0713881248859 1 0
1.639341 252 -168 -18 42 252.0714083 -0.0714083367042 1 0
1.639246 378 -252 -27 63 378.0714151 -0.0714150790648 1 0
1.638868 378 -252 27 -63 377.9285579 0.0714420739945 1 0
1.638774 252 -168 18 -42 251.9285512 0.0714488291079 1 0
1.638490 126 -84 9 -21 125.9285309 0.0714691097909 1 0
1.615158 369 -246 -27 63 369.0731562 -0.0731562280929 1 0
1.614761 369 -246 27 -63 368.9268148 0.0731852468302 1 0
1.602994 243 -162 -18 42 243.0740515 -0.0740515077128 1 0
1.602385 243 -162 18 -42 242.9259033 0.0740966679679 1 0
1.590475 360 -240 -27 63 360.0749844 -0.074984381507 1 0
1.590059 360 -240 27 -63 359.9249844 0.0750156315138 1 0
1.565606 117 -78 -9 21 117.0768726 -0.0768725692999 1 0
1.565278 234 -156 -18 42 234.0768978 -0.0768978065271 1 0
1.565168 351 -234 -27 63 351.0769062 -0.076906226303 1 0
1.564730 351 -234 27 -63 350.9230601 0.0769399423212 1 0
1.564620 234 -156 18 -42 233.9230516 0.0769483805695 1 0
1.564291 117 -78 9 -21 116.9230263 0.0769737175487 1 0
1.539205 342 -228 -27 63 342.0789292 -0.078929152599 1 0
1.538743 342 -228 27 -63 341.9210344 0.0789656010706 1 0
1.526084 225 -150 -18 42 225.0799716 -0.0799715757648 1 0
1.525906 450 -300 -36 84 450.0799858 -0.0799857828323 1 0
1.525551 450 -300 36 -84 449.9199858 0.0800142272813 1 0
1.525373 225 -150 18 -42 224.9199715 0.0800284646896 1 0
1.512549 333 -222 -27 63 333.0810613 -0.0810613485218 1 0
1.512062 333 -222 27 -63 332.9188992 0.0811008328681 1 0
1.505711 441 -294 -36 84 441.0816175 -0.0816175477911 1 0
1.505341 441 -294 36 -84 440.9183522 0.0816477695199 1 0
1.485677 108 -72 -9 21 108.0832691 -0.0832691319598 1 0
1.485292 216 -144 -18 42 216.0833012 -0.0833012079109 1 0
1.485164 324 -216 -27 63 324.0833119 -0.0833119108812 1 0
1.485099 432 -288 -36 84 432.0833173 -0.0833172644293 1 0
1.484714 432 -288 36 -84 431.9166506 0.083349414641 1 0
1.484649 324 -216 27 -63 323.9166452 0.0833547778364 1 0
1.484521 216 -144 18 -42 215.9166345 0.0833655083703 1 0
1.484134 108 -72 9 -21 107.9166023 0.0833977331657 1 0
1.464054 423 -282 -36 84 423.0850893 -0.0850892667061 1 0
1.463652 423 -282 36 -84 422.9148765 0.0851235130318 1 0
1.457008 315 -210 -27 63 315.085691 -0.0856909747836 1 0
1.456464 315 -210 27 -63 314.9142624 0.0857376220312 1 0
1.442767 207 -138 -18 42 207.08692 -0.0869200237173 1 0
1.442557 414 -276 -36 84 414.0869383 -0.0869382650678 1 0
1.442137 414 -276 36 -84 413.9130252 0.0869747937554 1 0
1.441927 207 -138 18 -42 206.9130069 0.0869930811409 1 0
1.428036 306 -204 -27 63 306.0882099 -0.0882098660769 1 0
1.427460 306 -204 27 -63 305.9117392 0.0882607515041 1 0
1.420588 405 -270 -36 84 405.0888694 -0.0888693882268 1 0
1.420149 405 -270 36 -84 404.9110916 0.0889084066785 1 0
1.398812 99 -66 -9 21 99.09082576 -0.0908257644496 1 0
1.398354 198 -132 -18 42 198.0908674 -0.0908673894825 1 0
1.398201 297 -198 -27 63 297.0908813 -0.0908812814568 1 0
1.398125 396 -264 -36 84 396.0908882 -0.0908882306301 1 0
1.397666 396 -264 36 -84 395.90907 0.0909299703523 1 0
1.397589 297 -198 27 -63 296.9090631 0.0909369344311 1 0
1.397436 198 -132 18 -42 197.9090491 0.0909508689928 1 0
1.396976 99 -66 9 -21 98.90900728 0.0909927239982 1 0
1.375146 387 -258 -36 84 387.0930009 -0.0930009065411 1 0
1.374665 387 -258 36 -84 386.9069544 0.0930456265856 1 0
1.367449 288 -192 -27 63 288.0937195 -0.0937195022739 1 0
1.366798 288 -192 27 -63 287.9062195 0.0937805374625 1 0
1.351879 189 -126 -18 42 189.0951902 -0.0951901525654 1 0
1.351627 378 -252 -36 84 378.0952141 -0.0952141118331 1 0
1.351123 378 -252 36 -84 377.9047379 0.095262102826 1 0
1.350871 189 -126 18 -42 188.9047139 0.0952861346426 1 0
1.335722 279 -186 -27 63 279.0967406 -0.0967406496298 1 0
1.335028 279 -186 27 -63 278.9031922 0.0968077840396 1 0
1.327542 369 -246 -36 84 369.0975352 -0.0975351948124 1 0
1.327013 369 -246 36 -84 368.9024132 0.0975867836866 1 0
1.303694 90 -60 -9 21 90.09988914 -0.0998891351187 1 0
1.303140 180 -120 -18 42 180.0999445 -0.0999445060872 1 0
1.302955 270 -180 -27 63 270.099963 -0.0999629903724 1 0
1.302863 360 -240 -36 84 360.0999722 -0.0999722376436 1 0
1.302807 450 -300 -45 105 450.0999778 -0.0999777876488 1 0
1.302363 450 -300 45 -105 449.8999778 0.100022232104 1 0
1.302307 360 -240 36 -84 359.8999722 0.100027793221 1 0
1.302215 270 -180 27 -63 269.8999629 0.100037064497 1 0
1.302029 180 -120 18 -42 179.8999444 0.10005561737 1 0
1.301472 90 -60 9 -21 89.89988864 0.100111358713 1 0
1.282614 441 -294 -45 105 441.1020172 -0.102017216525 1 0
1.282151 441 -294 45 -105 440.8979356 0.102064437981 1 0
1.277559 351 -234 -36 84 351.1025342 -0.102534150279 1 0
1.276975 351 -234 36 -84 350.8974059 0.102594089878 1 0
1.269080 261 -174 -27 63 261.1034073 -0.103407306241 1 0
1.268287 261 -174 27 -63 260.8965107 0.103489310488 1 0
1.262004 432 -288 -45 105 432.1041416 -0.104141561424 1 0
1.261522 432 -288 45 -105 431.8958082 0.104191796135 1 0
1.251907 171 -114 -18 42 171.1051984 -0.105198440282 1 0
1.251599 342 -228 -36 84 342.1052308 -0.10523077919 1 0
1.250984 342 -228 36 -84 341.8947044 0.105295576487 1 0
1.250676 171 -114 18 -42 170.894672 0.105328035058 1 0
1.240961 423 -282 -45 105 423.1063562 -0.106356237236 1 0
1.240458 423 -282 45 -105 422.8935903 0.106409747126 1 0
1.234017 252 -168 -27 63 252.1070973 -0.107097341902 1 0
1.233167 252 -168 27 -63 251.8928116 0.107188449856 1 0
1.224948 333 -222 -36 84 333.108073 -0.108073033692 1 0
1.224299 333 -222 36 -84 332.8918568 0.108143228101 1 0
1.219466 414 -276 -45 105 414.1086671 -0.108667129118 1 0
1.218941 414 -276 45 -105 413.8912758 0.1087242052 1 0
1.198594 81 -54 -9 21 81.11095911 -0.110959112043 1 0
1.197910 162 -108 -18 42 162.111035 -0.111035007575 1 0
1.197682 243 -162 -27 63 243.1110604 -0.111060352256 1 0
1.197567 324 -216 -36 84 324.111073 -0.111073033276 1 0
1.197499 405 -270 -45 105 405.1110806 -0.111080644668 1 0
1.196950 405 -270 45 -105 404.8888584 0.111141611007 1 0
1.196881 324 -216 36 -84 323.8888508 0.111149241216 1 0
1.196767 243 -162 27 -63 242.888838 0.111161962889 1 0
1.196538 162 -108 18 -42 161.8888126 0.111187423723 1 0
1.195850 81 -54 9 -21 80.88873605 0.111263946491 1 0
1.175039 396 -264 -45 105 396.1136038 -0.113603773189 1 0
1.174465 396 -264 45 -105 395.886331 0.113668991514 1 0
1.169416 315 -210 -36 84 315.1142443 -0.114244280141 1 0
1.168691 315 -210 36 -84 314.8856728 0.114327208605 1 0
1.159977 234 -156 -27 63 234.1153278 -0.115327775659 1 0
1.158991 234 -156 27 -63 233.8845584 0.115441567331 1 0
1.152063 387 -258 -45 105 387.1162442 -0.116244153222 1 0
1.151462 387 -258 45 -105 386.883686 0.116314028303 1 0
1.140834 153 -102 -18 42 153.1175567 -0.117556734733 1 0
1.140450 306 -204 -36 84 306.1176019 -0.117601862098 1 0
1.139681 306 -204 36 -84 305.8823077 0.117692325109 1 0
1.139296 153 -102 18 -42 152.8822623 0.117737661156 1 0
1.128546 378 -252 -45 105 378.1190101 -0.119010149694 1 0
1.127917 378 -252 45 -105 377.8809149 0.119085135634 1 0
1.120796 225 -150 -27 63 225.1199361 -0.119936068176 1 0
1.120530 450 -300 -54 126 450.119968 -0.119968017055 1 0
1.119997 450 -300 54 -126 449.879968 0.120032017078 1 0
1.119730 225 -150 27 -63 224.8799359 0.120064068358 1 0
1.110621 297 -198 -36 84 297.1211627 -0.121162692263 1 0
1.109805 297 -198 36 -84 296.8787384 0.12126163092 1 0
1.104464 369 -246 -45 105 369.1219109 -0.121910942336 1 0
1.103803 369 -246 45 -105 368.8780085 0.121991549968 1 0
1.100338 441 -294 -54 126 441.122415 -0.12241499902 1 0
1.099783 441 -294 54 -126 440.877517 0.122482997925 1 0
1.081173 72 -48 -9 21 72.12478374 -0.124783736377 1 0
1.080308 144 -96 -18 42 144.1248917 -0.124891681028 1 0
1.080020 216 -144 -27 63 216.1249277 -0.124927745641 1 0
1.079875 288 -192 -36 84 288.1249458 -0.124945793572 1 0
1.079789 360 -240 -45 105 360.1249566 -0.124956627337 1 0
1.079731 432 -288 -54 126 432.1249639 -0.124963851935 1 0
1.079152 432 -288 54 -126 431.8749638 0.125036189928 1 0
1.079094 360 -240 45 -105 359.8749566 0.125043432945 1 0
1.079007 288 -192 36 -84 287.8749457 0.125054300618 1 0
1.078862 216 -144 27 -63 215.8749276 0.125072421809 1 0
1.078572 144 -96 18 -42 143.8748913 0.125108695734 1 0
1.077701 72 -48 9 -21 71.87478223 0.125217770696 1 0
1.058690 423 -282 -54 126 423.1276211 -0.127621070597 1 0
1.058086 423 -282 54 -126 422.8723019 0.127698124849 1 0
1.054489 351 -234 -45 105 351.1281583 -0.128158334591 1 0
1.053758 351 -234 45 -105 350.871748 0.128251990236 1 0
1.048155 279 -186 -36 84 279.1289726 -0.128972638203 1 0
1.047230 279 -186 36 -84 278.870908 0.129091988321 1 0
1.037511 207 -138 -27 63 207.1303527 -0.130352696495 1 0
1.037197 414 -276 -54 126 414.1303937 -0.130393713718 1 0
1.036567 414 -276 54 -126 413.8695241 0.130475903288 1 0
1.036251 207 -138 27 -63 206.8694829 0.13051707588 1 0
1.028533 342 -228 -45 105 342.1315284 -0.13152836342 1 0
1.027763 342 -228 45 -105 341.8683704 0.131629609222 1 0
1.015889 135 -90 -18 42 135.1332019 -0.133201905573 1 0
1.015396 270 -180 -36 84 270.1332676 -0.133267554662 1 0
1.015232 405 -270 -54 126 405.1332895 -0.133289466465 1 0
1.014574 405 -270 54 -126 404.8666227 0.133377258007 1 0
1.014409 270 -180 36 -84 269.8666008 0.133399242066 1 0
1.013914 135 -90 18 -42 134.8665347 0.133465281343 1 0
1.001886 333 -222 -45 105 333.1350803 -0.135080340245 1 0
1.001074 333 -222 45 -105 332.86481 0.135190019043 1 0
0.993118 198 -132 -27 63 198.1362699 -0.13626985115 1 0
0.992774 396 -264 -54 126 396.1363167 -0.1363167115 1 0
0.992086 396 -264 54 -126 395.8635894 0.136410625906 1 0
0.991741 198 -132 27 -63 197.8635423 0.136457680296 1 0
0.981530 261 -174 -36 84 261.1378582 -0.137858218818 1 0
0.980473 261 -174 36 -84 260.861996 0.138004004234 1 0
0.974509 324 -216 -45 105 324.1388294 -0.13882940246 1 0
0.973652 324 -216 45 -105 323.8610515 0.138948477405 1 0
0.969801 387 -258 -54 126 387.1394846 -0.139484609932 1 0
0.969080 387 -258 54 -126 386.8604148 0.139585230068 1 0
0.948170 63 -42 -9 21 63.14253466 -0.142534664593 1 0
0.947042 126 -84 -18 42 126.1426955 -0.142695539548 1 0
0.946665 189 -126 -27 63 189.1427493 -0.142749326084 1 0
0.946477 252 -168 -36 84 252.1427762 -0.142776249772 1 0
0.946363 315 -210 -45 105 315.1427924 -0.142792413735 1 0
0.946288 378 -252 -54 126 378.1428032 -0.142803193777 1 0
0.945532 378 -252 54 -126 377.8570888 0.142911173554 1 0
0.945456 315 -210 45 -105 314.857078 0.142921989508 1 0
0.945343 252 -168 36 -84 251.8570618 0.142938219582 1 0
0.945153 189 -126 27 -63 188.8570347 0.142965286101 1 0
0.944774 126 -84 18 -42 125.8569805 0.143019480729 1 0
0.943635 63 -42 9 -21 62.85681744 0.14318255945 1 0
0.922209 369 -246 -54 126 369.1462835 -0.14628347194 1 0
0.921416 369 -246 54 -126 368.8536005 0.146399546958 1 0
0.917403 306 -204 -45 105 306.1469882 -0.146988217203 1 0
0.916442 306 -204 45 -105 305.8528704 0.147129565716 1 0
0.910152 243 -162 -36 84 243.1480579 -0.148057937642 1 0
0.908932 243 -162 36 -84 242.8517614 0.148238578915 1 0
0.897952 180 -120 -27 63 180.1498752 -0.1498752079 1 0
0.897536 360 -240 -54 126 360.1499376 -0.149937552029 1 0
0.896703 360 -240 54 -126 359.8499374 0.150062552138 1 0
0.896286 180 -120 27 -63 179.8498748 0.150125208768 1 0
0.887579 297 -198 -45 105 297.1514379 -0.151437934518 1 0
0.886559 297 -198 45 -105 296.8484075 0.151592526242 1 0
0.873115 117 -78 -18 42 117.1536444 -0.153644388051 1 0
0.872459 234 -156 -36 84 234.1537451 -0.1537451386 1 0
0.872240 351 -234 -54 126 351.1537788 -0.153778780873 1 0
0.871364 351 -234 54 -126 350.8460864 0.153913645043 1 0
0.871144 234 -156 36 -84 233.8460526 0.153947435097 1 0
0.870485 117 -78 18 -42 116.845951 0.15404898367 1 0
0.856840 288 -192 -45 105 288.1561653 -0.156165320808 1 0
0.855755 288 -192 45 -105 287.8436651 0.156334863158 1 0
0.846749 171 -114 -27 63 171.1577492 -0.157749211615 1 0
0.846288 342 -228 -54 126 342.1578219 -0.157821907151 1 0
0.845365 342 -228 54 -126 341.8420323 0.157967701154 1 0
0.844902 171 -114 27 -63 170.8419592 0.158040800553 1 0
0.833292 225 -150 -36 84 225.1598864 -0.159886383752 1 0
0.831870 225 -150 36 -84 224.8398861 0.160113939883 1 0
0.825127 279 -186 -45 105 279.1611972 -0.161197188052 1 0
0.823971 279 -186 45 -105 278.8386163 0.161383672723 1 0
0.819645 333 -222 -54 126 333.1620833 -0.162083270311 1 0
0.818671 333 -222 54 -126 332.8377588 0.162241207836 1 0
0.794832 54 -36 -9 21 54.16615541 -0.166155414412 1 0
0.793299 108 -72 -18 42 108.1664103 -0.166410255803 1 0
0.792787 162 -108 -27 63 162.1664956 -0.166495550812 1 0
0.792530 216 -144 -36 84 216.1665383 -0.16653826392 1 0
0.792376 270 -180 -45 105 270.1665639 -0.166563912826 1 0
0.792273 324 -216 -54 126 324.166581 -0.166581020875 1 0
0.791245 324 -216 54 -126 323.8332475 0.166752488866 1 0
0.791142 270 -180 45 -105 269.8332303 0.166769674535 1 0
0.790987 216 -144 36 -84 215.8332045 0.166795466331 1 0
0.790729 162 -108 27 -63 161.8331615 0.166838488155 1 0
0.790213 108 -72 18 -42 107.8330753 0.166924665221 1 0
0.788659 54 -36 9 -21 53.83281573 0.167184270003 1 0
0.764132 315 -210 -54 126 315.1713354 -0.171335378375 1 0
0.763044 315 -210 54 -126 314.828478 0.171521967573 1 0
0.758518 261 -174 -45 105 261.1723 -0.172300048633 1 0
0.757197 261 -174 45 -105 260.8274722 0.172527838525 1 0
0.750039 207 -138 -36 84 207.1737672 -0.173767173765 1 0
0.748359 207 -138 36 -84 206.8259406 0.174059404233 1 0
0.735752 153 -102 -27 63 153.1762675 -0.176267514792 1 0
0.735177 306 -204 -54 126 306.1763689 -0.176368934637 1 0
0.734024 306 -204 54 -126 305.8234275 0.1765724766 1 0
0.733446 153 -102 27 -63 152.8233254 0.176674600749 1 0
0.723474 252 -168 -45 105 252.1784451 -0.178445068879 1 0
0.722057 252 -168 45 -105 251.8213019 0.178698146935 1 0
0.706580 99 -66 -18 42 99.18148549 -0.181485485038 1 0
0.705665 198 -132 -36 84 198.1816515 -0.181651528899 1 0
0.705360 297 -198 -54 126 297.181707 -0.181707011993 1 0
0.704135 297 -198 54 -126 296.8180704 0.181929624203 1 0
0.703829 198 -132 36 -84 197.8180146 0.181985447996 1 0
0.702906 99 -66 18 -42 98.81784667 0.182153331679 1 0
0.687160 243 -162 -45 105 243.1850443 -0.185044274142 1 0
0.685636 243 -162 45 -105 242.8146735 0.185326526425 1 0
0.675276 144 -96 -27 63 144.1872565 -0.187256493096 1 0
0.674627 288 -192 -54 126 288.1873781 -0.187378088375 1 0
0.673325 288 -192 54 -126 287.8123778 0.187622229517 1 0
0.672672 144 -96 27 -63 143.8122552 0.187744778485 1 0
0.659234 189 -126 -36 84 189.1902846 -0.19028461252 1 0
0.657219 189 -126 36 -84 188.8093315 0.190668542291 1 0
0.649479 234 -156 -45 105 234.1921499 -0.192149907748 1 0
0.647836 234 -156 45 -105 233.807534 0.192465996409 1 0
0.642921 279 -186 -54 126 279.1934143 -0.193414304326 1 0
0.641533 279 -186 54 -126 278.8063172 0.19368284245 1 0
0.613853 45 -30 -9 21 45.19911893 -0.199118925632 1 0
0.611653 90 -60 -18 42 90.19955752 -0.199557519958 1 0
0.610916 135 -90 -27 63 135.1997046 -0.199704578381 1 0
0.610547 180 -120 -36 84 180.1997783 -0.199778270237 1 0
0.610326 225 -150 -45 105 225.1998225 -0.199822537571 1 0
0.610178 270 -180 -54 126 270.1998521 -0.199852070925 1 0
0.608696 270 -180 54 -126 269.7998516 0.200148368034 1 0
0.608548 225 -150 45 -105 224.7998219 0.200178094531 1 0
0.608325 180 -120 36 -84 179.7997773 0.200222717425 1 0
0.607953 135 -90 27 -63 134.7997028 0.200297177476 1 0
0.607208 90 -60 18 -42 89.79955357 0.200446430796 1 0
0.604964 45 -30 9 -21 44.79910312 0.200896879022 1 0
0.576328 261 -174 -54 126 261.2067328 -0.206732802867 1 0
0.574743 261 -174 54 -126 260.7929392 0.207060820626 1 0
0.569579 216 -144 -45 105 216.2081328 -0.208132781229 1 0
0.567650 216 -144 45 -105 215.7914653 0.20853466067 1 0
0.559373 171 -114 -36 84 171.2102678 -0.21026776297 1 0
0.556911 171 -114 36 -84 170.7892139 0.210786145023 1 0
0.542141 126 -84 -27 63 126.2139225 -0.213922517116 1 0
0.541294 252 -168 -54 126 252.2141038 -0.214103807776 1 0
0.539594 252 -168 54 -126 251.7855318 0.21446824058 1 0
0.538740 126 -84 27 -63 125.7853486 0.214651390631 1 0
0.527105 207 -138 -45 105 207.2171635 -0.217163478375 1 0
0.525004 207 -138 45 -105 206.7823799 0.217620089388 1 0
0.506810 81 -54 -18 42 81.22161588 -0.221615881495 1 0
0.505446 162 -108 -36 84 162.2219182 -0.221918224085 1 0
0.504991 243 -162 -54 126 243.2220194 -0.22201937201 1 0
0.503162 243 -162 54 -126 242.7775742 0.222425815817 1 0
0.502703 162 -108 36 -84 161.7774721 0.222527892982 1 0
0.501323 81 -54 18 -42 80.77716475 0.222835253707 1 0
0.482750 198 -132 -45 105 198.2270125 -0.227012451247 1 0
0.480455 198 -132 45 -105 197.7724658 0.227534201074 1 0
0.468304 117 -78 -27 63 117.2303159 -0.230315851356 1 0
0.467322 234 -156 -54 126 234.2305421 -0.23054209548 1 0
0.465349 234 -156 54 -126 233.7690027 0.230997263829 1 0
0.464359 117 -78 27 -63 116.7687738 0.231226201335 1 0
0.448453 153 -102 -36 84 153.2349334 -0.234933374572 1 0
0.445378 153 -102 36 -84 152.7643429 0.235657086683 1 0
0.436342 189 -126 -45 105 189.237796 -0.237796047829 1 0
0.433822 189 -126 45 -105 188.7616041 0.23839593981 1 0
0.428181 225 -150 -54 126 225.2397445 -0.239744544681 1 0
0.426048 225 -150 54 -126 224.7597435 0.240256547594 1 0
0.393168 36 -24 -9 21 36.24828759 -0.248287590895 1 0
0.389749 72 -48 -18 42 72.24913792 -0.249137920784 1 0
0.388601 108 -72 -27 63 108.249424 -0.249423960075 1 0
0.388026 144 -96 -36 84 144.2495675 -0.249567472754 1 0
0.387680 180 -120 -45 105 180.2496537 -0.249653738948 1 0
0.387450 216 -144 -54 126 216.2497113 -0.249711316012 1 0
0.385135 216 -144 54 -126 215.74971 0.250290023592 1 0
0.384903 180 -120 45 -105 179.7496518 0.25034819009 1 0
0.384554 144 -96 36 -84 143.7495645 0.250435541392 1 0
0.383971 108 -72 27 -63 107.7494186 0.250581398493 1 0
0.382804 72 -48 18 -42 71.74912586 0.250874136561 1 0
0.379276 36 -24 9 -21 35.74823935 0.251760650701 1 0
0.344993 207 -138 -54 126 207.2605416 -0.260541633128 1 0
0.342472 207 -138 54 -126 206.7388008 0.261199154581 1 0
0.336536 171 -114 -45 105 171.2627542 -0.262754153537 1 0
0.333459 171 -114 45 -105 170.7364359 0.263564128948 1 0
0.323725 135 -90 -36 84 135.266142 -0.266141988459 1 0
0.319775 135 -90 36 -84 134.7328045 0.267195506955 1 0
0.302026 99 -66 -27 63 99.27198007 -0.271980069111 1 0
0.300658 198 -132 -54 126 198.2723526 -0.272352646646 1 0
0.297903 198 -132 54 -126 197.726896 0.273103968574 1 0
0.296517 99 -66 27 -63 98.72651724 0.273482755734 1 0
0.282644 162 -108 -45 105 162.2773031 -0.277303104864 1 0
0.279215 162 -108 45 -105 161.7217443 0.278255717558 1 0
0.257268 63 -42 -18 42 63.28443015 -0.284430150626 1 0
0.255023 126 -84 -36 84 126.2850693 -0.285069329187 1 0
0.254271 189 -126 -54 126 189.2852837 -0.285283667877 1 0
0.251248 189 -126 54 -126 188.7138525 0.286147515347 1 0
0.250488 126 -84 36 -84 125.7136349 0.286365118899 1 0
0.248197 63 -42 18 -42 62.71297807 0.287021929973 1 0
0.225692 153 -102 -45 105 153.2935544 -0.293554417021 1 0
0.221848 153 -102 45 -105 152.7053148 0.294685224717 1 0
0.207290 90 -60 -27 63 90.29900661 -0.299006611624 1 0
0.205635 180 -120 -54 126 180.2995017 -0.299501659754 1 0
0.202302 180 -120 54 -126 179.6994983 0.300501673644 1 0
0.200623 90 -60 27 -63 89.69899328 0.301006722746 1 0
0.181275 117 -78 -36 84 117.3068874 -0.306887351738 1 0
0.176015 117 -78 36 -84 116.6914942 0.308505776188 1 0
0.165314 144 -96 -45 105 144.3118248 -0.311824759164 1 0
0.160974 144 -96 45 -105 143.6868189 0.313181127909 1 0
0.154521 171 -114 -54 126 171.3152084 -0.315208442327 1 0
0.150828 171 -114 54 -126 170.6836252 0.316374812996 1 0
0.110735 27 -18 -9 21 27.32931669 -0.329316685939 1 0
0.104729 54 -36 -18 42 54.33130074 -0.331300737433 1 0
0.102702 81 -54 -27 63 81.33197277 -0.331972766449 1 0
0.101685 108 -72 -36 84 108.3323108 -0.332310828824 1 0
0.101072 135 -90 -45 105 135.3325143 -0.33251432757 1 0
0.100664 162 -108 -54 126 162.3326503 -0.332650270356 1 0
0.096548 162 -108 54 -126 161.665978 0.334022041507 1 0
0.096134 135 -90 45 -105 134.6658395 0.334160468286 1 0
0.095511 108 -72 36 -84 107.6656315 0.334368540005 1 0
0.094471 81 -54 27 -63 80.66528352 0.334716483012 1 0
0.092381 54 -36 18 -42 53.66458325 0.335416748053 1 0
0.086032 27 -18 9 -21 26.66244658 0.337553418912 1 0
0.043753 153 -102 -54 126 153.3521307 -0.352130744697 1 0
0.039139 153 -102 54 -126 152.6462409 0.353759121018 1 0
0.032442 126 -84 -45 105 126.3561362 -0.356136245829 1 0
0.026773 126 -84 45 -105 125.6418391 0.358160946537 1 0
0.015254 99 -66 -36 84 99.36231042 -0.362310415784 1 0
0.007907 99 -66 36 -84 98.63501806 0.364981937522 1 0
-0.014003 72 -48 -27 63 72.37306696 -0.373066958946 1 0
-0.016577 144 -96 -54 126 144.3740285 -0.374028490889 1 0
-0.021785 144 -96 54 -126 143.6240183 0.37598168212 1 0
-0.024420 72 -48 27 -63 71.62302626 0.376973738886 1 0
-0.041217 117 -78 -45 105 117.3833593 -0.383359279172 1 0
-0.047792 117 -78 45 -105 116.6141119 0.385888116568 1 0
-0.074937 45 -30 -18 42 45.39650628 -0.396506283711 1 0
-0.079294 90 -60 -36 84 90.39823785 -0.398237851265 1 0
-0.080759 135 -90 -54 126 135.3988218 -0.398821786538 1 0
-0.086685 135 -90 54 -126 134.5988077 0.401192260965 1 0
-0.088184 90 -60 36 -84 89.59820624 0.401793758044 1 0
-0.092719 45 -30 18 -42 44.59637979 0.403620206016 1 0
-0.120695 108 -72 -45 105 108.4150714 -0.415071441651 1 0
-0.128412 108 -72 45 -105 107.5817133 0.418286701525 1 0
-0.145968 63 -42 -27 63 63.42569498 -0.425694980689 1 0
-0.149318 126 -84 -54 126 126.4271235 -0.427123535598 1 0
-0.156121 126 -84 54 -126 125.5699608 0.430039156157 1 0
-0.159575 63 -42 27 -63 62.56847277 0.431527234188 1 0
-0.183627 81 -54 -36 84 81.44203219 -0.442032191869 1 0
-0.194602 81 -54 36 -84 80.55308977 0.446910231544 1 0
-0.206983 99 -66 -45 105 99.45247742 -0.45247741604 1 0
-0.216166 99 -66 45 -105 98.54334817 0.456651827185 1 0
-0.222888 117 -78 -54 126 117.459732 -0.459732021101 1 0
-0.230778 117 -78 54 -126 116.5366264 0.463373633541 1 0
-0.280166 18 -12 -9 21 18.48683298 -0.486832980505 1 0
-0.293245 36 -24 -18 42 36.49324201 -0.493242008907 1 0
-0.297720 54 -36 -27 63 54.49545417 -0.495454169735 1 0
-0.299980 72 -48 -36 84 72.49657518 -0.496575181789 1 0
-0.301343 90 -60 -45 105 90.49725266 -0.497252664309 1 0
-0.302255 108 -72 -54 126 108.4977064 -0.497706373755 1 0
-0.311515 108 -72 54 -126 107.4976635 0.502336499619 1 0
-0.312455 90 -60 45 -105 89.49719092 0.502809077426 1 0
-0.313871 72 -48 36 -84 71.4964787 0.503521301402 1 0
-0.316243 54 -36 27 -63 53.4952826 0.504717401016 1 0
-0.321040 36 -24 18 -42 35.49285568 0.507144315464 1 0
-0.335865 18 -12 9 -21 17.48528137 0.514718625761 1 0
-0.388400 99 -66 -54 126 99.54248195 -0.542481952837 1 0
-0.399420 99 -66 54 -126 98.45150662 0.548493383758 1 0
-0.405424 81 -54 -45 105 81.55179655 -0.551796550212 1 0
-0.419144 81 -54 45 -105 80.44058087 0.559419132917 1 0
-0.431435 63 -42 -36 84 63.56633749 -0.566337489648 1 0
-0.449580 63 -42 36 -84 62.42329219 0.576707807868 1 0
-0.476100 45 -30 -27 63 45.59220648 -0.592206477511 1 0
-0.482573 90 -60 -54 126 90.59605246 -0.596052460712 1 0
-0.495909 90 -60 54 -126 89.39594576 0.604054239154 1 0
-0.502783 45 -30 27 -63 44.39177928 0.60822072101 1 0
-0.521427 72 -48 -45 105 72.61966685 -0.619666847201 1 0
-0.538792 72 -48 45 -105 71.36947837 0.630521632345 1 0
-0.570711 27 -18 -18 42 27.6509717 -0.650971698085 1 0
-0.582412 54 -36 -36 84 54.65863337 -0.658633371879 1 0
-0.586404 81 -54 -54 126 81.6612682 -0.661268202037 1 0
-0.602869 81 -54 54 -126 80.32775414 0.672245857945 1 0
-0.607116 54 -36 36 -84 53.32489316 0.675106837824 1 0
-0.620194 27 -18 18 -42 26.31600562 0.683994382024 1 0
-0.652378 63 -42 -45 105 63.70636583 -0.706365830376 1 0
-0.675063 63 -42 45 -105 62.27742679 0.722573206975 1 0
-0.692107 36 -24 -27 63 36.734994 -0.734993995195 1 0
-0.702060 72 -48 -54 126 72.74234614 -0.742346141748 1 0
-0.722901 72 -48 54 -126 71.24202037 0.757979626588 1 0
-0.733834 36 -24 27 -63 35.23368794 0.766312060386 1 0
-0.759535 45 -30 -36 84 45.78626204 -0.78626204439 1 0
-0.795128 45 -30 36 -84 44.18524844 0.814751557799 1 0
-0.802592 54 -36 -45 105 54.82085549 -0.820855486487 1 0
-0.832513 63 -42 -54 126 63.84578798 -0.845787979272 1 0
-0.833481 54 -36 45 -105 53.15339366 0.846606338756 1 0
-0.859741 63 -42 54 -126 62.13086678 0.869133215007 1 0
-0.903849 9 -6 -9 21 9.908326913 -0.908326913196 1 0
-0.948574 18 -12 -18 42 18.94987437 -0.949874371066 1 0
-0.964866 27 -18 -27 63 27.96547614 -0.965476141489 1 0
-0.973313 36 -24 -36 84 36.97366596 -0.97366596101 1 0
-0.978484 45 -30 -45 105 45.97871376 -0.978713763748 1 0
-0.981976 54 -36 -54 126 54.98213716 -0.982137159266 1 0
-1.019055 54 -36 54 -126 52.98076211 1.01923788647 1 0
-1.023002 45 -30 45 -105 43.97673159 1.02326840509 1 0
-1.029012 36 -24 36 -84 34.97056275 1.02943725152 1 0
-1.039282 27 -18 27 -63 25.95993579 1.04006420562 1 0
-1.060856 18 -12 18 -42 16.93725393 1.06274606681 1 0
-1.136189 9 -6 9 -21 7.854101966 1.14589803375 1 0
-1.156662 45 -30 -54 126 46.16960076 -1.16960075709 1 0
-1.190102 36 -24 -45 105 37.20937271 -1.2093727123 1 0
-1.210123 45 -30 54 -126 43.76617032 1.23382968186 1 0
-1.241602 27 -18 -36 84 28.2732867 -1.27328670269 1 0
-1.259828 36 -24 45 -105 34.70329309 1.29670691151 1 0
-1.330961 18 -12 -27 63 19.39230485 -1.39230484541 1 0
-1.341185 27 -18 36 -84 25.59338662 1.40661337755 1 0
-1.366185 36 -24 -54 126 37.4422221 -1.44222209522 1 0
-1.450007 36 -24 54 -126 34.43167673 1.56832327485 1 0
-1.454137 27 -18 -45 105 28.57481343 -1.57481343168 1 0
-1.501703 18 -12 27 -63 16.34846923 1.65153077165 1 0
-1.521563 9 -6 -18 42 10.68465844 -1.68465843843 1 0
-1.579209 27 -18 45 -105 25.21537451 1.78462548614 1 0
-1.596996 18 -12 -36 84 19.81665383 -1.81665382639 1 0
-1.626166 27 -18 -54 126 28.87042615 -1.87042614894 1 0
-1.777143 27 -18 54 -126 24.82475165 2.17524834709 1 0
-1.799744 18 -12 -45 105 20.22497216 -2.22497216032 1 0
-1.829336 18 -12 36 -84 15.70820393 2.2917960675 1 0
-1.864519 9 -6 -27 63 11.37386354 -2.37386354243 1 0
-1.962773 18 -12 -54 126 20.61895004 -2.61895003862 1 0
-2.098612 18 -12 45 -105 15 3 1 0
-2.098612 9 -6 18 -42 6 3 1 0
-2.098612 9 -6 -36 84 12 -3 1 0
-2.274733 9 -6 -45 105 12.57774721 -3.5777472107 1 0
-2.336013 18 -12 54 -126 14.19615242 3.80384757729 1 0
-2.415087 9 -6 -54 126 13.11684397 -4.11684396981 1 0
-2.647918 9 -6 27 -63 5.196152423 5.19615242271 1 1
-2.791759 9 -6 36 -84 6 6 1 1
-2.903331 9 -6 45 -105 6.708203932 6.7082039325 1 1
-2.994492 9 -6 54 -126 7.348469228 7.34846922835 1 1
-7.098612 6 119 9 -396 3 3 6 0
-7.098612 6 104 9 -285 3 3 6 0
-7.098612 6 89 9 -192 3 3 6 0
-7.098612 6 74 9 -117 3 3 6 0
-7.098612 6 67 9 -396 3 3 6 0
-7.098612 6 59 9 -60 3 3 6 0
-7.098612 6 58 9 -285 3 3 6 0
-7.098612 6 49 9 -192 3 3 6 0
-7.098612 6 44 9 -21 3 3 6 0
-7.098612 6 40 9 -117 3 3 6 0
-7.098612 6 31 9 -60 3 3 6 0
-7.098612 6 29 9 0 3 3 6 0
-7.098612 6 22 9 -21 3 3 6 0
-7.098612 6 13 9 0 3 3 6 0
-7.791759 12 118 36 -240 6 6 6 0
-7.791759 12 88 36 -84 6 6 6 0
-7.791759 12 62 36 -240 6 6 6 0
-7.791759 12 58 36 0 6 6 6 0
-7.791759 12 44 36 -84 6 6 6 0
-7.791759 12 26 36 0 6 6 6 0
-8.098612 21 -12 54 -30 18 3 7 0
-8.098612 15 -12 -54 30 18 -3 7 0
-8.098612 12 -6 27 -15 9 3 7 0
-8.098612 6 21 9 -396 3 3 7 0
-8.098612 6 18 9 -285 3 3 7 0
-8.098612 6 15 9 -192 3 3 7 0
-8.098612 6 12 9 -117 3 3 7 0
-8.098612 6 9 9 -60 3 3 7 0
-8.098612 6 6 9 -21 3 3 7 0
-8.098612 6 3 9 0 3 3 7 0
-8.098612 6 -6 -27 15 9 -3 7 0
-8.791759 15 -6 54 -30 9 6 7 0
-8.791759 12 18 36 -240 6 6 7 0
-8.791759 12 12 36 -84 6 6 7 0
-8.791759 12 6 36 0 6 6 7 0
-8.791759 3 -6 -54 30 9 -6 7 0
