1 -1 -2 -60 240 300
1 0 -1 -60 120 180
1 -1 -2 -59 236 295
1 0 -1 -59 118 177
1 -1 -2 -58 232 290
1 0 -1 -58 116 174
1 -1 -2 -57 228 285
1 0 -1 -57 114 171
1 -1 -104 -56 224 280
1 -1 -40 -56 224 280
1 -1 -16 -56 224 -168
1 -1 -2 -56 224 280
1 -1 14 -56 224 -168
1 0 -32 -56 112 168
1 0 -8 -56 112 0
1 0 -1 -56 112 168
1 0 7 -56 112 0
1 0 28 -56 112 168
1 1 -14 -56 0 224
1 1 12 -56 0 224
1 -1 -2 -55 220 275
1 0 -1 -55 110 165
1 -1 -2 -54 216 270
1 0 -1 -54 108 162
1 -1 -2 -53 212 265
1 0 -1 -53 106 159
1 -1 -2 -52 208 260
1 0 -1 -52 104 156
1 -1 -2 -51 204 255
1 0 -1 -51 102 153
1 -1 -2 -50 200 250
1 0 -1 -50 100 150
1 -1 -2 -49 196 245
1 0 -1 -49 98 147
1 -1 -2 -48 192 240
1 0 -1 -48 96 144
1 -1 -2 -47 188 235
1 0 -1 -47 94 141
1 -1 -2 -46 184 230
1 0 -1 -46 92 138
1 -1 -2 -45 180 225
1 0 -1 -45 90 135
1 -1 -2 -44 176 220
1 0 -1 -44 88 132
1 -1 -2 -43 172 215
1 0 -1 -43 86 129
1 -1 -14 -42 168 -126
1 -1 -2 -42 168 210
1 -1 12 -42 168 -126
1 0 -63 -42 84 336
1 0 -28 -42 84 126
1 0 -7 -42 84 0
1 0 -1 -42 84 126
1 0 6 -42 84 0
1 0 24 -42 84 126
1 0 54 -42 84 336
1 -1 -2 -41 164 205
1 0 -1 -41 82 123
1 -1 -2 -40 160 200
1 0 -1 -40 80 120
1 1 -12 -40 0 160
1 1 10 -40 0 160
1 -1 -2 -39 156 195
1 0 -1 -39 78 117
1 -1 -2 -38 152 190
1 0 -1 -38 76 114
1 -1 -2 -37 148 185
1 0 -1 -37 74 111
1 -1 -2 -36 144 180
1 0 -16 -36 72 288
1 0 -1 -36 72 108
1 0 11 -36 72 288
1 -1 -2 -35 140 175
1 0 -1 -35 70 105
1 -1 -2 -34 136 170
1 0 -1 -34 68 102
1 -1 -2 -33 132 165
1 0 -1 -33 66 99
1 1 -11 -33 0 132
1 1 9 -33 0 132
1 -1 -2 -32 128 160
1 0 -1 -32 64 96
1 -1 -2 -31 124 155
1 0 -1 -31 62 93
1 -1 -12 -30 120 -90
1 -1 -2 -30 120 150
1 -1 10 -30 120 -90
1 0 -54 -30 60 240
1 0 -24 -30 60 90
1 0 -6 -30 60 0
1 0 -1 -30 60 90
1 0 5 -30 60 0
1 0 20 -30 60 90
1 0 45 -30 60 240
1 -1 -2 -29 116 145
1 0 -1 -29 58 87
1 -1 -2 -28 112 140
1 0 -1 -28 56 84
1 -1 -2 -27 108 135
1 0 -1 -27 54 81
1 -1 -2 -26 104 130
1 0 -14 -26 52 208
1 0 -1 -26 52 78
1 0 9 -26 52 208
1 1 24 -26 0 234
1 -1 -2 -25 100 125
1 0 -1 -25 50 75
1 -1 -2 -24 96 120
1 0 -1 -24 48 72
1 -1 -2 -23 92 115
1 0 -1 -23 46 69
1 -1 -2 -22 88 110
1 0 -1 -22 44 66
1 -1 -2 -21 84 105
1 0 -1 -21 42 63
1 1 -9 -21 0 84
1 1 7 -21 0 84
1 -1 -16 -20 80 240
1 -1 -10 -20 80 -60
1 -1 -2 -20 80 100
1 -1 8 -20 80 -60
1 -1 8 -20 80 240
1 0 -80 -20 40 300
1 0 -45 -20 40 160
1 0 -20 -20 40 60
1 0 -5 -20 40 0
1 0 -1 -20 40 60
1 0 4 -20 40 0
1 0 16 -20 40 60
1 0 36 -20 40 160
1 0 64 -20 40 300
1 -1 -2 -19 76 95
1 0 -1 -19 38 57
1 -1 -2 -18 72 90
1 0 -1 -18 36 54
1 -1 -2 -17 68 85
1 0 -1 -17 34 51
1 -1 -2 -16 64 80
1 0 -1 -16 32 48
1 1 -8 -16 0 64
1 1 6 -16 0 64
1 -1 -2 -15 60 75
1 0 -1 -15 30 45
1 -1 -2 -14 56 70
1 0 -11 -14 28 112
1 0 -1 -14 28 42
1 0 6 -14 28 112
1 0 38 -14 28 336
1 -1 -2 -13 52 65
1 0 -1 -13 26 39
1 -1 -26 -12 48 0
1 -1 -8 -12 48 -36
1 -1 -6 -12 48 0
1 -1 -2 -12 48 60
1 -1 6 -12 48 -36
1 -1 18 -12 48 252
1 -1 30 -12 48 144
1 -1 66 -12 48 144
1 0 -100 -12 24 288
1 0 -64 -12 24 180
1 0 -36 -12 24 96
1 0 -16 -12 24 36
1 0 -4 -12 24 0
1 0 -1 -12 24 36
1 0 3 -12 24 0
1 0 12 -12 24 36
1 0 27 -12 24 96
1 0 48 -12 24 180
1 0 75 -12 24 288
1 -1 -13 -11 44 132
1 -1 -2 -11 44 55
1 -1 5 -11 44 132
1 0 -1 -11 22 33
1 -1 -2 -10 40 50
1 0 -1 -10 20 30
1 -1 -2 -9 36 45
1 0 -1 -9 18 27
1 -1 -2 -8 32 40
1 0 -9 -8 16 64
1 0 -1 -8 16 24
1 0 4 -8 16 64
1 1 -12 -8 0 128
1 1 -6 -8 0 32
1 1 4 -8 0 32
1 -1 -2 -7 28 35
1 0 -1 -7 14 21
1 -1 -174 -6 24 270
1 -1 -120 -6 24 270
1 -1 -6 -6 24 -18
1 -1 -2 -6 24 30
1 -1 4 -6 24 -18
1 -1 76 -6 24 270
1 -1 120 -6 24 270
1 0 -192 -6 12 378
1 0 -147 -6 12 288
1 0 -108 -6 12 210
1 0 -75 -6 12 144
1 0 -48 -6 12 90
1 0 -27 -6 12 48
1 0 -12 -6 12 18
1 0 -3 -6 12 0
1 0 -1 -6 12 18
1 0 2 -6 12 0
1 0 8 -6 12 18
1 0 18 -6 12 48
1 0 32 -6 12 90
1 0 50 -6 12 144
1 0 72 -6 12 210
1 0 98 -6 12 288
1 0 128 -6 12 378
1 -1 -2 -5 20 25
1 0 -1 -5 10 15
1 1 -5 -5 0 20
1 1 3 -5 0 20
1 1 3 -5 0 80
1 -1 -2 -4 16 20
1 0 -1 -4 8 12
1 -1 -9 -3 12 36
1 -1 -2 -3 12 15
1 -1 1 -3 12 36
1 -1 6 -3 12 63
1 0 -1 -3 6 9
1 -1 -184 -2 8 154
1 -1 -140 -2 8 154
1 -1 -4 -2 8 -6
1 -1 -2 -2 8 10
1 -1 2 -2 8 -6
1 -1 4 -2 8 10
1 -1 14 -2 8 10
1 -1 102 -2 8 234
1 -1 140 -2 8 234
1 0 -288 -2 4 286
1 0 -242 -2 4 240
1 0 -200 -2 4 198
1 0 -162 -2 4 160
1 0 -128 -2 4 126
1 0 -98 -2 4 96
1 0 -72 -2 4 70
1 0 -50 -2 4 48
1 0 -32 -2 4 30
1 0 -18 -2 4 16
1 0 -8 -2 4 6
1 0 -6 -2 4 16
1 0 -2 -2 4 0
1 0 -1 -2 4 6
1 0 1 -2 4 0
1 0 1 -2 4 16
1 0 4 -2 4 6
1 0 9 -2 4 16
1 0 16 -2 4 30
1 0 25 -2 4 48
1 0 36 -2 4 70
1 0 49 -2 4 96
1 0 64 -2 4 126
1 0 81 -2 4 160
1 0 100 -2 4 198
1 0 121 -2 4 240
1 0 144 -2 4 286
1 0 169 -2 4 336
1 0 196 -2 4 390
1 -1 -2 -1 4 5
1 0 -1 -1 2 3
1 1 -3 -1 0 4
1 1 1 -1 0 4
1 -1 -2 1 -4 -5
1 -1 -1 1 -4 4
1 -1 1 1 -4 4
1 0 -1 1 -2 -3
1 -1 -2 2 -8 -10
1 0 -1 2 -4 -6
1 -1 -2 3 -12 -15
1 0 -1 3 -6 -9
1 -1 -2 4 -16 -20
1 -1 -2 4 -16 16
1 -1 2 4 -16 16
1 0 -1 4 -8 -12
1 -1 -2 5 -20 -25
1 0 -1 5 -10 -15
1 -1 -2 6 -24 -30
1 0 -1 6 -12 -18
274 -137 -137 -60 180 -120
274 0 -274 -60 120 180
274 -137 -137 -59 177 -118
274 0 -274 -59 118 177
274 137 -137 -59 59 118
274 -137 -137 -58 174 -116
274 0 -274 -58 116 174
274 -137 -137 -57 171 -114
274 0 -274 -57 114 171
274 -137 -137 -56 168 -112
274 0 -274 -56 112 168
274 -137 -137 -55 165 -110
274 0 -274 -55 110 165
274 137 -137 -55 55 110
274 -137 -137 -54 162 -108
274 0 -274 -54 108 162
274 -137 -137 -53 159 -106
274 0 -274 -53 106 159
274 -137 -137 -52 156 -104
274 0 -274 -52 104 156
274 -137 -137 -51 153 -102
274 0 -274 -51 102 153
274 137 -137 -51 51 102
274 -137 -137 -50 150 -100
274 0 -274 -50 100 150
274 -137 -137 -49 147 -98
274 0 -274 -49 98 147
274 -137 -137 -48 144 -96
274 0 -274 -48 96 144
274 -137 -137 -47 141 -94
274 0 -274 -47 94 141
274 137 -137 -47 47 94
274 -137 -137 -46 138 -92
274 0 -274 -46 92 138
274 -137 -137 -45 135 -90
274 0 -274 -45 90 135
274 -137 -137 -44 132 -88
274 0 -274 -44 88 132
274 -137 -137 -43 129 -86
274 0 -274 -43 86 129
274 137 -137 -43 43 86
274 -137 -137 -42 126 -84
274 0 -274 -42 84 126
274 -137 -137 -41 123 -82
274 0 -274 -41 82 123
274 -137 -137 -40 120 -80
274 0 -274 -40 80 120
274 -137 -137 -39 117 -78
274 0 -274 -39 78 117
274 137 -137 -39 39 78
274 -137 -137 -38 114 -76
274 0 -274 -38 76 114
274 -137 -137 -37 111 -74
274 0 -274 -37 74 111
274 -137 -137 -36 108 -72
274 0 -274 -36 72 108
274 -137 -137 -35 105 -70
274 0 -274 -35 70 105
274 137 -137 -35 35 70
274 -137 -137 -34 102 -68
274 0 -274 -34 68 102
274 -137 -137 -33 99 -66
274 0 -274 -33 66 99
274 -137 -137 -32 96 -64
274 0 -274 -32 64 96
274 -137 -137 -31 93 -62
274 0 -274 -31 62 93
274 137 -137 -31 31 62
274 -137 -137 -30 90 -60
274 0 -274 -30 60 90
274 -137 -137 -29 87 -58
274 0 -274 -29 58 87
274 -137 -137 -28 84 -56
274 0 -274 -28 56 84
274 -137 -137 -27 81 -54
274 0 -274 -27 54 81
274 137 -137 -27 27 54
274 -137 -137 -26 78 -52
274 0 -274 -26 52 78
274 -137 -137 -25 75 -50
274 0 -274 -25 50 75
274 -137 -137 -24 72 -48
274 0 -274 -24 48 72
274 -137 -137 -23 69 -46
274 0 -274 -23 46 69
274 137 -137 -23 23 46
274 -137 -137 -22 66 -44
274 0 -274 -22 44 66
274 -137 -137 -21 63 -42
274 0 -274 -21 42 63
274 -137 -137 -20 60 -40
274 0 -274 -20 40 60
274 -137 -137 -19 57 -38
274 0 -274 -19 38 57
274 137 -137 -19 19 38
274 -137 -137 -18 54 -36
274 0 -274 -18 36 54
274 -137 -137 -17 51 -34
274 0 -274 -17 34 51
274 -137 -137 -16 48 -32
274 0 -274 -16 32 48
274 -137 -137 -15 45 -30
274 0 -274 -15 30 45
274 137 -137 -15 15 30
274 -137 -137 -14 42 -28
274 0 -274 -14 28 42
274 -137 -137 -13 39 -26
274 0 -274 -13 26 39
274 -137 -137 -12 36 -24
274 0 -274 -12 24 36
274 -137 -137 -11 33 -22
274 0 -274 -11 22 33
274 137 -137 -11 11 22
274 -137 -137 -10 30 -20
274 0 -274 -10 20 30
274 -137 -137 -9 27 -18
274 0 -274 -9 18 27
274 -137 -137 -8 24 -16
2731 -2731 -1 1 -4 4
2731 -2731 1 1 -4 4
547 -547 -1 1 -4 4
547 -547 1 1 -4 4
547 -547 -2 4 -16 16
547 -547 2 4 -16 16
1093 -1093 -1 1 -4 4
1093 -1093 1 1 -4 4
1366 13661639 -1639 0 -60 240 -180
1912 -12185 -2185 0 -60 240 -180
