3.135151 1000 250 16 -4 999.9839997 0.0160002560082 1 0
3.119021 984 246 16 -4 983.9837396 0.0162604313024 1 0
3.102626 968 242 16 -4 967.9834708 0.0165292078664 1 0
3.085959 952 238 16 -4 951.983193 0.0168070194075 1 0
3.069008 936 234 16 -4 935.9829057 0.0170943292907 1 0
3.051766 920 230 16 -4 919.9826084 0.0173916331184 1 0
3.034221 904 226 16 -4 903.9823005 0.0176994615829 1 0
3.016363 888 222 16 -4 887.9819816 0.0180183836285 1 0
2.998180 872 218 16 -4 871.981651 0.0183490099612 1 0
2.979660 856 214 16 -4 855.981308 0.0186919969518 1 0
2.960790 840 210 16 -4 839.9809519 0.019048050986 1 0
2.941558 824 206 16 -4 823.9805821 0.0194179333205 1 0
2.921949 808 202 16 -4 807.9801975 0.0198024655169 1 0
2.901947 792 198 16 -4 791.9797975 0.0202025355334 1 0
2.881537 776 194 16 -4 775.9793809 0.0206191045715 1 0
2.860702 760 190 16 -4 759.9789468 0.0210532147867 1 0
2.839423 744 186 16 -4 743.978494 0.0215059979946 1 0
2.817682 728 182 16 -4 727.9780213 0.0219786855256 1 0
2.795458 712 178 16 -4 711.9775274 0.0224726194082 1 0
2.772728 696 174 16 -4 695.9770107 0.0229892650952 1 0
2.749469 680 170 16 -4 679.9764698 0.0235302259875 1 0
2.725657 664 166 16 -4 663.9759027 0.0240972600571 1 0
2.701264 648 162 16 -4 647.9753077 0.0246922989346 1 0
2.676261 632 158 16 -4 631.9746825 0.025317469896 1 0
2.650616 616 154 16 -4 615.9740249 0.0259751212775 1 0
2.624296 600 150 16 -4 599.9733321 0.0266678519572 1 0
2.597265 584 146 16 -4 583.9726015 0.0273985456855 1 0
2.569483 568 142 16 -4 567.9718296 0.0281704112184 1 0
2.540907 552 138 16 -4 551.971013 0.0289870294346 1 0
2.511490 536 134 16 -4 535.9701476 0.0298524088924 1 0
2.481181 520 130 16 -4 519.9692289 0.0307710516493 1 0
2.449925 504 126 16 -4 503.968252 0.031748031622 1 0
2.417659 488 122 16 -4 487.9672109 0.0327890883695 1 0
2.384318 472 118 16 -4 471.9660993 0.033900739958 1 0
2.349827 456 114 16 -4 455.9649096 0.0350904195999 1 0
2.314103 440 110 16 -4 439.9636334 0.0363666421197 1 0
2.277056 424 106 16 -4 423.9622608 0.0377392081317 1 0
2.238582 408 102 16 -4 407.9607805 0.0392194562886 1 0
2.198569 392 98 16 -4 391.9591794 0.0408205773458 1 0
2.156887 376 94 16 -4 375.957442 0.0425580084683 1 0
2.135151 1000 -750 16 -36 999.9839997 0.0160002560082 2 0
2.135151 1000 -750 16 -100 999.9839997 0.0160002560082 2 0
2.119021 984 -738 16 -36 983.9837396 0.0162604313024 2 0
2.119021 984 -738 16 -100 983.9837396 0.0162604313024 2 0
2.113392 360 90 16 -4 359.9555501 0.0444499327681 1 0
2.102626 968 -726 16 -36 967.9834708 0.0165292078664 2 0
2.102626 968 -726 16 -100 967.9834708 0.0165292078664 2 0
2.085959 952 -714 16 -36 951.983193 0.0168070194075 2 0
2.085959 952 -714 16 -100 951.983193 0.0168070194075 2 0
2.069008 936 -702 16 -36 935.9829057 0.0170943292907 2 0
2.069008 936 -702 16 -100 935.9829057 0.0170943292907 2 0
2.067918 344 86 16 -4 343.9534821 0.0465179183626 1 0
2.051766 920 -690 16 -36 919.9826084 0.0173916331184 2 0
2.051766 920 -690 16 -100 919.9826084 0.0173916331184 2 0
2.036602 1000 250 -48 12 1000.047998 -0.0479976962212 1 0
2.036602 1000 -750 -48 108 1000.047998 -0.0479976962212 1 0
2.034221 904 -678 16 -36 903.9823005 0.0176994615829 2 0
2.034221 904 -678 16 -100 903.9823005 0.0176994615829 2 0
2.020474 984 246 -48 12 984.0487781 -0.048778069817 1 0
2.020474 984 -738 -48 108 984.0487781 -0.048778069817 1 0
2.020276 328 82 16 -4 327.9512123 0.0487877446464 1 0
2.016363 888 -666 16 -36 887.9819816 0.0180183836285 2 0
2.016363 888 -666 16 -100 887.9819816 0.0180183836285 2 0
2.004082 968 242 -48 12 968.0495842 -0.049584236987 1 0
2.004082 968 -726 -48 108 968.0495842 -0.049584236987 1 0
1.998180 872 -654 16 -36 871.981651 0.0183490099612 2 0
1.998180 872 -654 16 -100 871.981651 0.0183490099612 2 0
1.987417 952 238 -48 12 952.0504175 -0.0504174979789 1 0
1.987417 952 -714 -48 108 952.0504175 -0.0504174979789 1 0
1.979660 856 -642 16 -36 855.981308 0.0186919969518 2 0
1.979660 856 -642 16 -100 855.981308 0.0186919969518 2 0
1.970469 936 234 -48 12 936.0512792 -0.0512792419224 1 0
1.970469 936 -702 -48 108 936.0512792 -0.0512792419224 1 0
1.970250 312 78 16 -4 311.9487095 0.0512904830566 1 0
1.960790 840 -630 16 -36 839.9809519 0.019048050986 2 0
1.960790 840 -630 16 -100 839.9809519 0.019048050986 2 0
1.953229 920 230 -48 12 920.052171 -0.052170954556 1 0
1.953229 920 -690 -48 108 920.052171 -0.052170954556 1 0
1.941558 824 -618 16 -36 823.9805821 0.0194179333205 2 0
1.941558 824 -618 16 -100 823.9805821 0.0194179333205 2 0
1.935687 904 226 -48 12 904.0530942 -0.0530942267733 1 0
1.935687 904 -678 -48 108 904.0530942 -0.0530942267733 1 0
1.921949 808 -606 16 -36 807.9801975 0.0198024655169 2 0
1.921949 808 -606 16 -100 807.9801975 0.0198024655169 2 0
1.917832 888 222 -48 12 888.0540508 -0.0540507640933 1 0
1.917832 888 -666 -48 108 888.0540508 -0.0540507640933 1 0
1.917588 296 74 16 -4 295.9459361 0.0540639287446 1 0
1.901947 792 -594 16 -36 791.9797975 0.0202025355334 2 0
1.901947 792 -594 16 -100 791.9797975 0.0202025355334 2 0
1.899652 872 218 -48 12 872.0550424 -0.0550423971726 1 0
1.899652 872 -654 -48 108 872.0550424 -0.0550423971726 1 0
1.881537 776 -582 16 -36 775.9793809 0.0206191045715 2 0
1.881537 776 -582 16 -100 775.9793809 0.0206191045715 2 0
1.881135 856 214 -48 12 856.0560711 -0.0560710934959 1 0
1.881135 856 -642 -48 108 856.0560711 -0.0560710934959 1 0
1.862269 840 210 -48 12 840.057139 -0.0571389704024 1 0
1.862269 840 -630 -48 108 840.057139 -0.0571389704024 1 0
1.861997 280 70 16 -4 279.9428455 0.0571545237128 1 0
1.860702 760 -570 16 -36 759.9789468 0.0210532147867 2 0
1.860702 760 -570 16 -100 759.9789468 0.0210532147867 2 0
1.843040 824 206 -48 12 824.0582483 -0.0582483096292 1 0
1.843040 824 -618 -48 108 824.0582483 -0.0582483096292 1 0
1.839423 744 -558 16 -36 743.978494 0.0215059979946 2 0
1.839423 744 -558 16 -100 743.978494 0.0215059979946 2 0
1.823435 808 202 -48 12 808.0594016 -0.0594015735805 1 0
1.823435 808 -606 -48 108 808.0594016 -0.0594015735805 1 0
1.817682 728 -546 16 -36 727.9780213 0.0219786855256 2 0
1.817682 728 -546 16 -100 727.9780213 0.0219786855256 2 0
1.803437 792 198 -48 12 792.0606014 -0.06060142357 1 0
1.803437 792 -594 -48 108 792.0606014 -0.06060142357 1 0
1.803131 264 66 16 -4 263.93938 0.0606199802349 1 0
1.795458 712 -534 16 -36 711.9775274 0.0224726194082 2 0
1.795458 712 -534 16 -100 711.9775274 0.0224726194082 2 0
1.783031 776 194 -48 12 776.0618507 -0.0618507403169 1 0
1.783031 776 -582 -48 108 776.0618507 -0.0618507403169 1 0
1.772728 696 -522 16 -36 695.9770107 0.0229892650952 2 0
1.772728 696 -522 16 -100 695.9770107 0.0229892650952 2 0
1.762201 760 190 -48 12 760.0631526 -0.0631526470305 1 0
1.762201 760 -570 -48 108 760.0631526 -0.0631526470305 1 0
1.749469 680 -510 16 -36 679.9764698 0.0235302259875 2 0
1.749469 680 -510 16 -100 679.9764698 0.0235302259875 2 0
1.740927 744 186 -48 12 744.0645105 -0.0645105354715 1 0
1.740927 744 -558 -48 108 744.0645105 -0.0645105354715 1 0
1.740905 992 248 -64 16 992.0645119 -0.0645119336799 1 0
1.740775 992 248 64 -16 991.9354797 0.0645203254762 1 0
1.740580 248 62 16 -4 247.9354671 0.0645329213627 1 0
1.725657 664 -498 16 -36 663.9759027 0.0240972600571 2 0
1.725657 664 -498 16 -100 663.9759027 0.0240972600571 2 0
1.724647 976 244 -64 16 976.0655694 -0.0655693654286 1 0
1.724512 976 244 64 -16 975.9344218 0.065578176739 1 0
1.719191 728 182 -48 12 728.0659281 -0.0659280954481 1 0
1.719191 728 -546 -48 108 728.0659281 -0.0659280954481 1 0
1.708120 960 240 -64 16 960.066662 -0.0666620376799 1 0
1.707981 960 240 64 -16 959.9333287 0.0666712969394 1 0
1.701264 648 -486 16 -36 647.9753077 0.0246922989346 2 0
1.701264 648 -486 16 -100 647.9753077 0.0246922989346 2 0
1.696972 712 178 -48 12 712.0674093 -0.0674093482862 1 0
1.696972 712 -534 -48 108 712.0674093 -0.0674093482862 1 0
1.691315 944 236 -64 16 944.0677917 -0.0677917418217 1 0
1.691171 944 236 64 -16 943.9321985 0.067801479916 1 0
1.676261 632 -474 16 -36 631.9746825 0.025317469896 2 0
1.676261 632 -474 16 -100 631.9746825 0.025317469896 2 0
1.674248 696 174 -48 12 696.0689587 -0.0689586849135 1 0
1.674248 696 -522 -48 108 696.0689587 -0.0689586849135 1 0
1.674223 928 232 -64 16 928.0689604 -0.0689603927416 1 0
1.674074 928 232 64 -16 927.9310294 0.0689706432647 1 0
1.673851 232 58 16 -4 231.931014 0.0689860304845 1 0
1.656834 912 228 -64 16 912.07017 -0.0701700396552 1 0
1.656680 912 228 64 -16 911.9298192 0.0701808391998 1 0
1.650996 680 170 -48 12 680.0705809 -0.0705809093165 1 0
1.650996 680 -510 -48 108 680.0705809 -0.0705809093165 1 0
1.650616 616 -462 16 -36 615.9740249 0.0259751212775 2 0
1.650616 616 -462 16 -100 615.9740249 0.0259751212775 2 0
1.639137 896 224 -64 16 896.0714229 -0.0714228780943 1 0
1.638978 896 224 64 -16 895.9285657 0.0714342665786 1 0
1.627190 664 166 -48 12 664.0722813 -0.0722812882761 1 0
1.627190 664 -498 -48 108 664.0722813 -0.0722812882761 1 0
1.624296 600 -450 16 -36 599.9733321 0.0266678519572 2 0
1.624296 600 -450 16 -100 599.9733321 0.0266678519572 2 0
1.621121 880 220 -64 16 880.0727213 -0.0727212632021 1 0
1.620956 880 220 64 -16 879.9272667 0.0727332842393 1 0
1.602804 648 162 -48 12 648.0740656 -0.0740656084655 1 0
1.602804 648 -486 -48 108 648.0740656 -0.0740656084655 1 0
1.602775 864 216 -64 16 864.0740677 -0.0740677245049 1 0
1.602604 864 216 64 -16 863.9259196 0.0740804258212 1 0
1.602347 216 54 16 -4 215.9259005 0.0740994941437 1 0
1.597265 584 -438 16 -36 583.9726015 0.0273985456855 2 0
1.597265 584 -438 16 -100 583.9726015 0.0273985456855 2 0
1.584087 848 212 -64 16 848.075465 -0.0754649823543 1 0
1.583909 848 212 64 -16 847.9245216 0.0754784162634 1 0
1.577809 632 158 -48 12 632.0759402 -0.0759402422146 1 0
1.577809 632 -474 -48 108 632.0759402 -0.0759402422146 1 0
1.569483 568 -426 16 -36 567.9718296 0.0281704112184 2 0
1.569483 568 -426 16 -100 567.9718296 0.0281704112184 2 0
1.565042 832 208 -64 16 832.076916 -0.076915966267 1 0
1.564857 832 208 64 -16 831.9230698 0.0769301902093 1 0
1.552172 616 154 -48 12 616.0779122 -0.0779122235153 1 0
1.552172 616 -462 -48 108 616.0779122 -0.0779122235153 1 0
1.545627 816 204 -64 16 816.0784238 -0.0784238354192 1 0
1.545435 816 204 64 -16 815.9215611 0.0784389125772 1 0
1.540907 552 -414 16 -36 551.971013 0.0289870294346 2 0
1.540907 552 -414 16 -100 551.971013 0.0289870294346 2 0
1.525862 600 150 -48 12 600.0799893 -0.0799893361768 1 0
1.525862 600 -450 -48 108 600.0799893 -0.0799893361768 1 0
1.525829 800 200 -64 16 800.079992 -0.0799920015996 1 0
1.525649 1000 250 80 -20 999.9199936 0.0800064010242 1 0
1.525629 800 200 64 -16 799.919992 0.0800080016004 1 0
1.525328 200 50 16 -4 199.919968 0.0800320256256 1 0
1.511490 536 -402 16 -36 535.9701476 0.0298524088924 2 0
1.511490 536 -402 16 -100 535.9701476 0.0298524088924 2 0
1.509517 984 246 80 -20 983.9186925 0.0813075314173 1 0
1.505630 784 196 -64 16 784.0816242 -0.0816241549711 1 0
1.505422 784 196 64 -16 783.9183588 0.0816411546915 1 0
1.498841 584 146 -48 12 584.0821802 -0.0821802164589 1 0
1.498841 584 -438 -48 108 584.0821802 -0.0821802164589 1 0
1.493120 968 242 80 -20 967.9173483 0.0826516852284 1 0
1.485015 768 192 -64 16 768.0833243 -0.0833242930497 1 0
1.484798 768 192 64 -16 767.9166576 0.0833423775416 1 0
1.481181 520 -390 16 -36 519.9692289 0.0307710516493 2 0
1.481181 520 -390 16 -100 519.9692289 0.0307710516493 2 0
1.476450 952 238 80 -20 951.915959 0.0840410324529 1 0
1.471069 568 142 -48 12 568.0844945 -0.0844944730352 1 0
1.471069 568 -426 -48 108 568.0844945 -0.0844944730352 1 0
1.463966 752 188 -64 16 752.0850968 -0.0850967533811 1 0
1.463740 752 188 64 -16 751.914884 0.0851160169366 1 0
1.459498 936 234 80 -20 935.9145221 0.0854778915277 1 0
1.449925 504 -378 16 -36 503.968252 0.031748031622 2 0
1.449925 504 -378 16 -100 503.968252 0.031748031622 2 0
1.442505 552 138 -48 12 552.0869428 -0.0869428277983 1 0
1.442505 552 -414 -48 108 552.0869428 -0.0869428277983 1 0
1.442465 736 184 -64 16 736.0869463 -0.0869462504749 1 0
1.442253 920 230 80 -20 919.9130353 0.0869647422461 1 0
1.442229 736 184 64 -16 735.9130332 0.0869667978586 1 0
1.441874 184 46 16 -4 183.9130023 0.0869976553915 1 0
1.424705 904 226 80 -20 903.9114958 0.0885042400448 1 0
1.420492 720 180 -64 16 720.0888779 -0.0888779176608 1 0
1.420245 720 180 64 -16 719.9111001 0.0888998655362 1 0
1.417659 488 -366 16 -36 487.9672109 0.0327890883695 2 0
1.417659 488 -366 16 -100 487.9672109 0.0327890883695 2 0
1.413100 536 134 -48 12 536.0895373 -0.0895372818566 1 0
1.413100 536 -402 -48 108 536.0895373 -0.0895372818566 1 0
1.406844 888 222 80 -20 887.9099008 0.0900992318374 1 0
1.398024 704 176 -64 16 704.0908974 -0.0908973546462 1 0
1.397766 704 176 64 -16 703.9090792 0.0909208332357 1 0
1.388658 872 218 80 -20 871.9082472 0.0917527735911 1 0
1.384318 472 -354 16 -36 471.9660993 0.033900739958 2 0
1.384318 472 -354 16 -100 471.9660993 0.033900739958 2 0
1.382805 520 130 -48 12 520.0922913 -0.0922913121418 1 0
1.382805 520 -390 -48 108 520.0922913 -0.0922913121418 1 0
1.375041 688 172 -64 16 688.0930107 -0.0930106817051 1 0
1.374771 688 172 64 -16 687.9069642 0.0930358367252 1 0
1.370135 856 214 80 -20 855.9065319 0.0934681498774 1 0
1.351564 504 126 -48 12 504.0952201 -0.0952201054197 1 0
1.351564 504 -378 -48 108 504.0952201 -0.0952201054197 1 0
1.351517 672 168 -64 16 672.0952246 -0.0952246016001 1 0
1.351262 840 210 80 -20 839.9047511 0.0952488956573 1 0
1.351234 672 168 64 -16 671.9047484 0.0952515965278 1 0
1.350808 168 42 16 -4 167.9047079 0.0952921463879 1 0
1.349827 456 -342 16 -36 455.9649096 0.0350904195999 2 0
1.349827 456 -342 16 -100 455.9649096 0.0350904195999 2 0
1.332026 824 206 80 -20 823.9029012 0.097098820608 1 0
1.327426 656 164 -64 16 656.0975465 -0.097546470558 1 0
1.327129 656 164 64 -16 655.9024245 0.0975754892929 1 0
1.319316 488 122 -48 12 488.0983408 -0.0983408382777 1 0
1.319316 488 -366 -48 108 488.0983408 -0.0983408382777 1 0
1.314103 440 -330 16 -36 439.9636334 0.0363666421197 2 0
1.314103 440 -330 16 -100 439.9636334 0.0363666421197 2 0
1.312413 808 202 80 -20 807.900978 0.0990220363412 1 0
1.302741 640 160 -64 16 640.0999844 -0.0999843798809 1 0
1.302429 640 160 64 -16 639.8999844 0.100015629885 1 0
1.292407 792 198 80 -20 791.898977 0.101022986924 1 0
1.285993 472 118 -48 12 472.101673 -0.101673013979 1 0
1.285993 472 -354 -48 108 472.101673 -0.101673013979 1 0
1.277432 624 156 -64 16 624.1025473 -0.102547250099 1 0
1.277103 624 156 64 -16 623.897419 0.102580966113 1 0
1.277056 424 -318 16 -36 423.9622608 0.0377392081317 2 0
1.277056 424 -318 16 -100 423.9622608 0.0377392081317 2 0
1.271993 776 194 80 -20 775.8968935 0.103106483179 1 0
1.251523 456 114 -48 12 456.1052389 -0.105238870132 1 0
1.251523 456 -342 -48 108 456.1052389 -0.105238870132 1 0
1.251465 608 152 -64 16 608.1052449 -0.105244939971 1 0
1.251153 760 190 80 -20 759.8947223 0.105277741319 1 0
1.251119 608 152 64 -16 607.8947186 0.105281388439 1 0
1.250599 152 38 16 -4 151.8946638 0.105336155959 1 0
1.238582 408 -306 16 -36 407.9607805 0.0392194562886 2 0
1.238582 408 -306 16 -100 407.9607805 0.0392194562886 2 0
1.229870 744 186 80 -20 743.8924576 0.107542426577 1 0
1.224806 592 148 -64 16 592.1080884 -0.108088373148 1 0
1.224441 592 148 64 -16 591.8918721 0.108127857489 1 0
1.215822 440 110 -48 12 440.1090639 -0.109063875162 1 0
1.215822 440 -330 -48 108 440.1090639 -0.109063875162 1 0
1.208123 728 182 80 -20 727.8900933 0.109906702587 1 0
1.198569 392 -294 16 -36 391.9591794 0.0408205773458 2 0
1.198569 392 -294 16 -100 391.9591794 0.0408205773458 2 0
1.197417 576 144 -64 16 576.1110897 -0.111089685906 1 0
1.197032 576 144 64 -16 575.8888674 0.111132552855 1 0
1.185893 712 178 80 -20 711.8876227 0.112377287436 1 0
1.178799 424 106 -48 12 424.1131773 -0.113177337006 1 0
1.178799 424 -318 -48 108 424.1131773 -0.113177337006 1 0
1.169258 560 140 -64 16 560.1142624 -0.114262400186 1 0
1.168850 560 140 64 -16 559.885691 0.114309047426 1 0
1.163158 696 174 80 -20 695.8850385 0.114961517458 1 0
1.156887 376 -282 16 -36 375.957442 0.0425580084683 2 0
1.156887 376 -282 16 -100 375.957442 0.0425580084683 2 0
1.140354 408 102 -48 12 408.1176132 -0.117613154769 1 0
1.140354 408 -306 -48 108 408.1176132 -0.117613154769 1 0
1.140282 544 136 -64 16 544.1176216 -0.117621627119 1 0
1.139893 680 170 80 -20 679.8823326 0.117667420032 1 0
1.139850 544 136 64 -16 543.8823275 0.117672512537 1 0
1.139200 136 34 16 -4 135.882251 0.117749006091 1 0
1.116074 664 166 80 -20 663.8794962 0.120503796935 1 0
1.113392 360 -270 16 -36 359.9555501 0.0444499327681 2 0
1.113392 360 -270 16 -100 359.9555501 0.0444499327681 2 0
1.110443 528 132 -64 16 528.1211843 -0.121184307507 1 0
1.109984 528 132 64 -16 527.87876 0.12123996047 1 0
1.100373 392 98 -48 12 392.1224108 -0.1224107541 1 0
1.100373 392 -294 -48 108 392.1224108 -0.1224107541 1 0
1.091673 648 162 80 -20 647.8765197 0.123480320045 1 0
1.079686 512 128 -64 16 512.1249695 -0.124969497314 1 0
1.079197 512 128 64 -16 511.8749695 0.125030532488 1 0
1.067918 344 -258 16 -36 343.9534821 0.0465179183626 2 0
1.067918 344 -258 16 -100 343.9534821 0.0465179183626 2 0
1.066662 632 158 80 -20 631.8733924 0.126607641606 1 0
1.058727 376 94 -48 12 376.1276163 -0.127616260878 1 0
1.058727 376 -282 -48 108 376.1276163 -0.127616260878 1 0
1.047953 496 124 -64 16 496.1289987 -0.128998708333 1 0
1.047433 496 124 64 -16 495.8709342 0.129065842725 1 0
1.041009 616 154 80 -20 615.8701025 0.129897521698 1 0
1.020276 328 -246 16 -36 327.9512123 0.0487877446464 2 0
1.020276 328 -246 16 -100 327.9512123 0.0487877446464 2 0
1.015273 360 90 -48 12 360.133284 -0.133283987163 1 0
1.015273 360 -270 -48 108 360.133284 -0.133283987163 1 0
1.015181 480 120 -64 16 480.1332963 -0.133296316858 1 0
1.014681 600 150 80 -20 599.866637 0.133362976139 1 0
1.014625 480 120 64 -16 479.8666296 0.133370390961 1 0
1.013790 120 30 16 -4 119.8665182 0.133481811617 1 0
0.987640 584 146 80 -20 583.8629816 0.137018448725 1 0
0.981299 464 116 -64 16 464.1378901 -0.137890056751 1 0
0.980704 464 116 64 -16 463.8620279 0.137972060969 1 0
0.970250 312 -234 16 -36 311.9487095 0.0512904830566 2 0
0.970250 312 -234 16 -100 311.9487095 0.0512904830566 2 0
0.969846 344 86 -48 12 344.1394783 -0.1394783308 1 0
0.969846 344 -258 -48 108 344.1394783 -0.1394783308 1 0
0.959847 568 142 80 -20 567.85912 0.140880012637 1 0
0.946229 448 112 -64 16 448.1428116 -0.14281161795 1 0
0.945591 448 112 64 -16 447.8570973 0.142902725868 1 0
0.931259 552 138 80 -20 551.8550344 0.144965606933 1 0
0.922258 328 82 -48 12 328.1462762 -0.146276229466 1 0
0.922258 328 -246 -48 108 328.1462762 -0.146276229466 1 0
0.917588 296 -222 16 -36 295.9459361 0.0540639287446 2 0
0.917588 296 -222 16 -100 295.9459361 0.0540639287446 2 0
0.909885 432 108 -64 16 432.1480974 -0.148097377701 1 0
0.909199 432 108 64 -16 431.851801 0.148198988287 1 0
0.901829 536 134 80 -20 535.8507047 0.149295315469 1 0
0.872295 312 78 -48 12 312.1537704 -0.153770367545 1 0
0.872295 312 -234 -48 108 312.1537704 -0.153770367545 1 0
0.872172 416 104 -64 16 416.1537893 -0.153789300123 1 0
0.871506 520 130 80 -20 519.8461083 0.153891697413 1 0
0.871432 416 104 64 -16 415.8460969 0.153903091735 1 0
0.870320 104 26 16 -4 103.8459256 0.154074412737 1 0
0.861997 280 -210 16 -36 279.9428455 0.0571545237128 2 0
0.861997 280 -210 16 -100 279.9428455 0.0571545237128 2 0
0.840235 504 126 80 -20 503.8412198 0.158780180845 1 0
0.832981 400 100 -64 16 400.1599361 -0.159936051149 1 0
0.832181 400 100 64 -16 399.8399359 0.160064051251 1 0
0.819706 296 74 -48 12 296.1620734 -0.162073419617 1 0
0.819706 296 -222 -48 108 296.1620734 -0.162073419617 1 0
0.807953 488 122 80 -20 487.8360105 0.163989533949 1 0
0.803131 264 -198 16 -36 263.93938 0.0606199802349 2 0
0.803131 264 -198 16 -100 263.93938 0.0606199802349 2 0
0.803131 264 -990 16 -196 263.93938 0.0606199802349 2 0
0.792193 384 96 -64 16 384.1665944 -0.166594391429 1 0
0.791325 384 96 64 -16 383.8332609 0.166739067491 1 0
0.774593 472 118 80 -20 471.8304476 0.169552432261 1 0
0.764200 280 70 -48 12 280.1713237 -0.171323743482 1 0
0.764200 280 -210 -48 108 280.1713237 -0.171323743482 1 0
0.749672 368 92 -64 16 368.1738309 -0.173830931541 1 0
0.748727 368 92 64 -16 367.8260047 0.173995310783 1 0
0.740905 992 -744 -64 144 992.0645119 -0.0645119336799 2 0
0.740775 992 -744 64 -144 991.9354797 0.0645203254762 2 0
0.740580 248 -186 16 -36 247.9354671 0.0645329213627 2 0
0.740580 248 -186 16 -100 247.9354671 0.0645329213627 2 0
0.740580 248 -930 16 -196 247.9354671 0.0645329213627 2 0
0.740081 456 114 80 -20 455.8244939 0.17550614563 1 0
0.724647 976 -732 -64 144 976.0655694 -0.0655693654286 2 0
0.724512 976 -732 64 -144 975.9344218 0.065578176739 2 0
0.708120 960 -720 -64 144 960.066662 -0.0666620376799 2 0
0.707981 960 -720 64 -144 959.9333287 0.0666712969394 2 0
0.705436 264 66 -48 12 264.1816931 -0.181693134866 1 0
0.705436 264 -198 -48 108 264.1816931 -0.181693134866 1 0
0.705264 352 88 -64 16 352.1817244 -0.181724364362 1 0
0.704335 440 110 80 -20 439.8181066 0.181893375455 1 0
0.704231 352 88 64 -16 351.8180878 0.181912193313 1 0
0.702676 88 22 16 -4 87.8178046 0.182195399587 1 0
0.691315 944 -708 -64 144 944.0677917 -0.0677917418217 2 0
0.691171 944 -708 64 -144 943.9321985 0.067801479916 2 0
0.674223 928 -696 -64 144 928.0689604 -0.0689603927416 2 0
0.674074 928 -696 64 -144 927.9310294 0.0689706432647 2 0
0.673851 232 -174 16 -36 231.931014 0.0689860304845 2 0
0.673851 232 -174 16 -100 231.931014 0.0689860304845 2 0
0.673851 232 -870 16 -196 231.931014 0.0689860304845 2 0
0.667262 424 106 80 -20 423.8112367 0.18876328202 1 0
0.658794 336 84 -64 16 336.1903683 -0.190368333029 1 0
0.657661 336 84 64 -16 335.8094157 0.190584292776 1 0
0.656834 912 -684 -64 144 912.07017 -0.0701700396552 2 0
0.656680 912 -684 64 -144 911.9298192 0.0701808391998 2 0
0.643007 248 62 -48 12 248.1933976 -0.19339757008 1 0
0.643007 248 -186 -48 108 248.1933976 -0.19339757008 1 0
0.639137 896 -672 -64 144 896.0714229 -0.0714228780943 2 0
0.638978 896 -672 64 -144 895.9285657 0.0714342665786 2 0
0.628760 408 102 80 -20 407.8038272 0.196172754288 1 0
0.621121 880 -660 -64 144 880.0727213 -0.0727212632021 2 0
0.620956 880 -660 64 -144 879.9272667 0.0727332842393 2 0
0.610062 320 80 -64 16 320.1998752 -0.199875156006 1 0
0.608812 320 80 64 -16 319.7998748 0.200125156495 1 0
0.602775 864 -648 -64 144 864.0740677 -0.0740677245049 2 0
0.602604 864 -648 64 -144 863.9259196 0.0740804258212 2 0
0.602347 216 -162 16 -36 215.9259005 0.0740994941437 2 0
0.602347 216 -162 16 -100 215.9259005 0.0740994941437 2 0
0.602347 216 -810 16 -196 215.9259005 0.0740994941437 2 0
0.588714 392 98 80 -20 391.795812 0.204187991673 1 0
0.584087 848 -636 -64 144 848.075465 -0.0754649823543 2 0
0.583909 848 -636 64 -144 847.9245216 0.0754784162634 2 0
0.576427 232 58 -48 12 232.2067124 -0.206712370672 1 0
0.576427 232 -174 -48 108 232.2067124 -0.206712370672 1 0
0.565042 832 -624 -64 144 832.076916 -0.076915966267 2 0
0.564857 832 -624 64 -144 831.9230698 0.0769301902093 2 0
0.558836 304 76 -64 16 304.2103807 -0.210380723524 1 0
0.557451 304 76 64 -16 303.7893277 0.210672311918 1 0
0.546996 376 94 80 -20 375.7871135 0.212886491112 1 0
0.545627 816 -612 -64 144 816.0784238 -0.0784238354192 2 0
0.545435 816 -612 64 -144 815.9215611 0.0784389125772 2 0
0.525829 800 -600 -64 144 800.079992 -0.0799920015996 2 0
0.525649 1000 -750 80 -180 999.9199936 0.0800064010242 2 0
0.525629 800 -600 64 -144 799.919992 0.0800080016004 2 0
0.525328 200 -150 16 -36 199.919968 0.0800320256256 2 0
0.525328 200 -150 16 -100 199.919968 0.0800320256256 2 0
0.525328 200 -750 16 -196 199.919968 0.0800320256256 2 0
0.509517 984 -738 80 -180 983.9186925 0.0813075314173 2 0
0.505630 784 -588 -64 144 784.0816242 -0.0816241549711 2 0
0.505422 784 -588 64 -144 783.9183588 0.0816411546915 2 0
0.505105 216 54 -48 12 216.2219941 -0.221994067749 1 0
0.505105 216 -162 -48 108 216.2219941 -0.221994067749 1 0
0.504848 288 72 -64 16 288.222051 -0.22205101856 1 0
0.503460 360 90 80 -20 359.7776404 0.222359566046 1 0
0.503305 288 72 64 -16 287.777606 0.222393955109 1 0
0.500977 72 18 16 -4 71.77708764 0.222912360003 1 0
0.493120 968 -726 80 -180 967.9173483 0.0826516852284 2 0
0.485015 768 -576 -64 144 768.0833243 -0.0833242930497 2 0
0.484798 768 -576 64 -144 767.9166576 0.0833423775416 2 0
0.476450 952 -714 80 -180 951.915959 0.0840410324529 2 0
0.463966 752 -564 -64 144 752.0850968 -0.0850967533811 2 0
0.463740 752 -564 64 -144 751.914884 0.0851160169366 2 0
0.459498 936 -702 80 -180 935.9145221 0.0854778915277 2 0
0.457938 344 86 80 -20 343.7672844 0.232715571329 1 0
0.447783 272 68 -64 16 272.2350909 -0.235090927411 1 0
0.446053 272 68 64 -16 271.764502 0.235498012183 1 0
0.442465 736 -552 -64 144 736.0869463 -0.0869462504749 2 0
0.442253 920 -690 80 -180 919.9130353 0.0869647422461 2 0
0.442229 736 -552 64 -144 735.9130332 0.0869667978586 2 0
0.441874 184 -138 16 -36 183.9130023 0.0869976553915 2 0
0.441874 184 -138 16 -100 183.9130023 0.0869976553915 2 0
0.441874 184 -690 16 -196 183.9130023 0.0869976553915 2 0
0.428314 200 50 -48 12 200.2397127 -0.239712689133 1 0
0.428314 200 -150 -48 108 200.2397127 -0.239712689133 1 0
0.424705 904 -678 80 -180 903.9114958 0.0885042400448 2 0
0.420492 720 -540 -64 144 720.0888779 -0.0888779176608 2 0
0.420245 720 -540 64 -144 719.9111001 0.0888998655362 2 0
0.410243 328 82 80 -20 327.7559159 0.24408407633 1 0
0.406844 888 -666 80 -180 887.9099008 0.0900992318374 2 0
0.406059 11 3 -1 0 11.09016994 -0.0901699437495 2 0
0.398024 704 -528 -64 144 704.0908974 -0.0908973546462 2 0
0.397766 704 -528 64 -144 703.9090792 0.0909208332357 2 0
0.388658 872 -654 80 -180 871.9082472 0.0917527735911 2 0
0.387269 256 64 -64 16 256.2497563 -0.249756335051 1 0
0.385316 256 64 64 -16 255.7497554 0.25024461863 1 0
0.375041 688 -516 -64 144 688.0930107 -0.0930106817051 2 0
0.374771 688 -516 64 -144 687.9069642 0.0930358367252 2 0
0.370135 856 -642 80 -180 855.9065319 0.0934681498774 2 0
0.360154 312 78 80 -20 311.7433787 0.256621328546 1 0
0.351517 672 -504 -64 144 672.0952246 -0.0952246016001 2 0
0.351262 840 -630 80 -180 839.9047511 0.0952488956573 2 0
0.351234 672 -504 64 -144 671.9047484 0.0952515965278 2 0
0.350808 168 -126 16 -36 167.9047079 0.0952921463879 2 0
0.350808 168 -126 16 -100 167.9047079 0.0952921463879 2 0
0.350808 168 -630 16 -196 167.9047079 0.0952921463879 2 0
0.345150 184 46 -48 12 184.2605008 -0.260500757366 1 0
0.345150 184 -138 -48 108 184.2605008 -0.260500757366 1 0
0.332026 824 -618 80 -180 823.9029012 0.097098820608 2 0
0.327426 656 -492 -64 144 656.0975465 -0.097546470558 2 0
0.327129 656 -492 64 -144 655.9024245 0.0975754892929 2 0
0.322865 240 60 -64 16 240.266371 -0.266371026983 1 0
0.320643 240 60 64 -16 239.7330364 0.266963623234 1 0
0.312413 808 -606 80 -180 807.900978 0.0990220363412 2 0
0.307418 296 74 80 -20 295.7294825 0.270517499045 1 0
0.302741 640 -480 -64 144 640.0999844 -0.0999843798809 2 0
0.302429 640 -480 64 -144 639.8999844 0.100015629885 2 0
0.292407 792 -594 80 -180 791.898977 0.101022986924 2 0
0.277432 624 -468 -64 144 624.1025473 -0.102547250099 2 0
0.277103 624 -468 64 -144 623.897419 0.102580966113 2 0
0.271993 776 -582 80 -180 775.8968935 0.103106483179 2 0
0.254459 168 42 -48 12 168.28523 -0.285230022822 1 0
0.254459 168 -126 -48 108 168.28523 -0.285230022822 1 0
0.254036 224 56 -64 16 224.2853508 -0.285350780946 1 0
0.251741 280 70 80 -20 279.7139936 0.286006427416 1 0
0.251485 224 56 64 -16 223.7139204 0.286079649848 1 0
0.251465 608 -456 -64 144 608.1052449 -0.105244939971 2 0
0.251153 760 -570 80 -180 759.8947223 0.105277741319 2 0
0.251119 608 -456 64 -144 607.8947186 0.105281388439 2 0
0.250599 152 -114 16 -36 151.8946638 0.105336155959 2 0
0.250599 152 -114 16 -100 151.8946638 0.105336155959 2 0
0.250599 152 -570 16 -196 151.8946638 0.105336155959 2 0
0.247621 56 14 16 -4 55.71281292 0.287187078898 1 0
0.229870 744 -558 80 -180 743.8924576 0.107542426577 2 0
0.224806 592 -444 -64 144 592.1080884 -0.108088373148 2 0
0.224441 592 -444 64 -144 591.8918721 0.108127857489 2 0
0.208123 728 -546 80 -180 727.8900933 0.109906702587 2 0
0.197417 576 -432 -64 144 576.1110897 -0.111089685906 2 0
0.197032 576 -432 64 -144 575.8888674 0.111132552855 2 0
0.192773 264 66 80 -20 263.6966211 0.303378934765 1 0
0.185893 712 -534 80 -180 711.8876227 0.112377287436 2 0
0.180131 208 52 -64 16 208.3072385 -0.307238483242 1 0
0.177172 208 52 64 -16 207.6918512 0.308148825474 1 0
0.169258 560 -420 -64 144 560.1142624 -0.114262400186 2 0
0.168850 560 -420 64 -144 559.885691 0.114309047426 2 0
0.163158 696 -522 80 -180 695.8850385 0.114961517458 2 0
0.154751 152 38 -48 12 152.3151361 -0.315136113356 1 0
0.154751 152 -114 -48 108 152.3151361 -0.315136113356 1 0
0.140282 544 -408 -64 144 544.1176216 -0.117621627119 2 0
0.139893 680 -510 80 -180 679.8823326 0.117667420032 2 0
0.139850 544 -408 64 -144 543.8823275 0.117672512537 2 0
0.139200 136 -102 16 -36 135.882251 0.117749006091 2 0
0.139200 136 -102 16 -100 135.882251 0.117749006091 2 0
0.139200 136 -510 16 -196 135.882251 0.117749006091 2 0
0.130099 248 62 80 -20 247.6769987 0.323001330078 1 0
0.116074 664 -498 80 -180 663.8794962 0.120503796935 2 0
0.110443 528 -396 -64 144 528.1211843 -0.121184307507 2 0
0.109984 528 -396 64 -144 527.87876 0.12123996047 2 0
0.100344 192 48 -64 16 192.3327566 -0.332756630338 1 0
0.096872 192 48 64 -16 191.6660859 0.333914055189 1 0
0.091673 648 -486 80 -180 647.8765197 0.123480320045 2 0
0.079686 512 -384 -64 144 512.1249695 -0.124969497314 2 0
0.079197 512 -384 64 -144 511.8749695 0.125030532488 2 0
0.066662 632 -474 80 -180 631.8733924 0.126607641606 2 0
0.063221 232 58 80 -20 231.6546584 0.345341641592 1 0
0.047953 496 -372 -64 144 496.1289987 -0.128998708333 2 0
0.047433 496 -372 64 -144 495.8709342 0.129065842725 2 0
0.044039 136 34 -48 12 136.35203 -0.35202996254 1 0
0.044039 136 -102 -48 108 136.35203 -0.35202996254 1 0
0.041009 616 -462 80 -180 615.8701025 0.129897521698 2 0
0.015181 480 -360 -64 144 480.1332963 -0.133296316858 2 0
0.014681 600 -450 80 -180 599.866637 0.133362976139 2 0
0.014625 480 -360 64 -144 479.8666296 0.133370390961 2 0
0.013790 120 -90 16 -36 119.8665182 0.133481811617 2 0
0.013790 120 -90 16 -100 119.8665182 0.133481811617 2 0
0.013790 120 -450 16 -196 119.8665182 0.133481811617 2 0
0.013661 176 44 -64 16 176.3628881 -0.362888137498 1 0
0.009528 176 44 64 -16 175.6356092 0.364390799173 1 0
-0.008467 216 54 80 -20 215.6289924 0.37100762341 1 0
-0.012360 584 -438 80 -180 583.8629816 0.137018448725 2 0
-0.018701 464 -348 -64 144 464.1378901 -0.137890056751 2 0
-0.019296 464 -348 64 -144 463.8620279 0.137972060969 2 0
-0.040153 568 -426 80 -180 567.85912 0.140880012637 2 0
-0.053771 448 -336 -64 144 448.1428116 -0.14281161795 2 0
-0.054409 448 -336 64 -144 447.8570973 0.142902725868 2 0
-0.068741 552 -414 80 -180 551.8550344 0.144965606933 2 0
-0.080392 120 30 -48 12 120.3986755 -0.398675482166 1 0
-0.080392 120 -90 -48 108 120.3986755 -0.398675482166 1 0
-0.081219 160 40 -64 16 160.399005 -0.399004968967 1 0
-0.085715 200 50 80 -20 199.5991968 0.40080321609 1 0
-0.086219 160 40 64 -16 159.598995 0.40100503147 1 0
-0.090115 432 -324 -64 144 432.1480974 -0.148097377701 2 0
-0.090801 432 -324 64 -144 431.851801 0.148198988287 2 0
-0.093863 40 10 16 -4 39.59591794 0.404082057735 1 0
-0.098171 536 -402 80 -180 535.8507047 0.149295315469 2 0
-0.127828 416 -312 -64 144 416.1537893 -0.153789300123 2 0
-0.128494 520 -390 80 -180 519.8461083 0.153891697413 2 0
-0.128568 416 -312 64 -144 415.8460969 0.153903091735 2 0
-0.129680 104 -78 16 -36 103.8459256 0.154074412737 2 0
-0.129680 104 -78 16 -100 103.8459256 0.154074412737 2 0
-0.129680 104 -390 16 -196 103.8459256 0.154074412737 2 0
-0.159765 504 -378 80 -180 503.8412198 0.158780180845 2 0
-0.167019 400 -300 -64 144 400.1599361 -0.159936051149 2 0
-0.167819 400 -300 64 -144 399.8399359 0.160064051251 2 0
-0.169462 184 46 80 -20 183.5641851 0.435814861923 1 0
-0.185998 144 36 -64 16 144.4430811 -0.443081105099 1 0
-0.192047 488 -366 80 -180 487.8360105 0.163989533949 2 0
-0.192171 144 36 64 -16 143.5541753 0.445824720007 1 0
-0.207807 384 -288 -64 144 384.1665944 -0.166594391429 2 0
-0.208675 384 -288 64 -144 383.8332609 0.166739067491 2 0
-0.222401 104 26 -48 12 104.4595082 -0.459508194416 1 0
-0.222401 104 -78 -48 108 104.4595082 -0.459508194416 1 0
-0.225407 472 -354 80 -180 471.8304476 0.169552432261 2 0
-0.250328 368 -276 -64 144 368.1738309 -0.173830931541 2 0
-0.251273 368 -276 64 -144 367.8260047 0.173995310783 2 0
-0.259919 456 -342 80 -180 455.8244939 0.17550614563 2 0
-0.260909 168 42 80 -20 167.5224521 0.477547928716 1 0
-0.287088 22 6 -4 0 22.18033989 -0.180339887499 2 0
-0.294736 352 -264 -64 144 352.1817244 -0.181724364362 2 0
-0.295665 440 -330 80 -180 439.8181066 0.181893375455 2 0
-0.295769 352 -264 64 -144 351.8180878 0.181912193313 2 0
-0.297324 88 -66 16 -36 87.8178046 0.182195399587 2 0
-0.297324 88 -66 16 -100 87.8178046 0.182195399587 2 0
-0.297324 88 -330 16 -196 87.8178046 0.182195399587 2 0
-0.302969 128 32 -64 16 128.498062 -0.498061986388 1 0
-0.310782 128 32 64 -16 127.4980315 0.50196853445 1 0
-0.332738 424 -318 80 -180 423.8112367 0.18876328202 2 0
-0.341206 336 -252 -64 144 336.1903683 -0.190368333029 2 0
-0.342339 336 -252 64 -144 335.8094157 0.190584292776 2 0
-0.361627 152 38 80 -20 151.4718491 0.528150943547 1 0
-0.371240 408 -306 80 -180 407.8038272 0.196172754288 2 0
-0.387723 88 22 -48 12 88.5421149 -0.54211490264 1 0
-0.387723 88 -66 -48 108 88.5421149 -0.54211490264 1 0
-0.389938 320 -240 -64 144 320.1998752 -0.199875156006 2 0
-0.391188 320 -240 64 -144 319.7998748 0.200125156495 2 0
-0.411286 392 -294 80 -180 391.795812 0.204187991673 2 0
-0.435321 112 28 -64 16 112.5685425 -0.568542494924 1 0
-0.441164 304 -228 -64 144 304.2103807 -0.210380723524 2 0
-0.442549 304 -228 64 -144 303.7893277 0.210672311918 2 0
-0.445526 112 30 64 -4 111.4256258 0.574374157796 1 0
-0.445526 112 28 64 -16 111.4256258 0.574374157796 1 0
-0.453004 376 -282 80 -180 375.7871135 0.212886491112 2 0
-0.473725 136 34 80 -20 135.4091982 0.590801814589 1 0
-0.495152 288 -216 -64 144 288.222051 -0.22205101856 2 0
-0.496540 360 -270 80 -180 359.7776404 0.222359566046 2 0
-0.496695 288 -216 64 -144 287.777606 0.222393955109 2 0
-0.499023 72 -54 16 -36 71.77708764 0.222912360003 2 0
-0.499023 72 -54 16 -100 71.77708764 0.222912360003 2 0
-0.499023 72 -270 16 -196 71.77708764 0.222912360003 2 0
-0.542062 344 -258 80 -180 343.7672844 0.232715571329 2 0
-0.552217 272 -204 -64 144 272.2350909 -0.235090927411 2 0
-0.553947 272 -204 64 -144 271.764502 0.235498012183 2 0
-0.585402 72 18 -48 12 72.66060556 -0.660605559647 1 0
-0.585402 72 -54 -48 108 72.66060556 -0.660605559647 1 0
-0.587662 96 24 -64 16 96.66210024 -0.662100242386 1 0
-0.589757 328 -246 80 -180 327.7559159 0.24408407633 2 0
-0.600137 120 30 80 -20 119.3295879 0.670412103235 1 0
-0.601553 96 24 64 -16 95.32863826 0.671361735203 1 0
-0.612731 256 -192 -64 144 256.2497563 -0.249756335051 2 0
-0.614684 256 -192 64 -144 255.7497554 0.25024461863 2 0
-0.623547 24 6 16 -4 23.3137085 0.686291501015 1 0
-0.639846 312 -234 80 -180 311.7433787 0.256621328546 2 0
-0.677135 240 -180 -64 144 240.266371 -0.266371026983 2 0
-0.679357 240 -180 64 -144 239.7330364 0.266963623234 2 0
-0.692553 33 9 -9 0 33.27050983 -0.270509831248 2 0
-0.692582 296 -222 80 -180 295.7294825 0.270517499045 2 0
-0.745116 104 26 80 -20 103.2249939 0.775006100537 1 0
-0.745964 224 -168 -64 144 224.2853508 -0.285350780946 2 0
-0.748259 280 -210 80 -180 279.7139936 0.286006427416 2 0
-0.748515 224 -168 64 -144 223.7139204 0.286079649848 2 0
-0.752379 56 -42 16 -36 55.71281292 0.287187078898 2 0
-0.752379 56 -42 16 -100 55.71281292 0.287187078898 2 0
-0.752379 56 -210 16 -196 55.71281292 0.287187078898 2 0
-0.767003 80 20 -64 16 80.79215611 -0.792156108742 1 0
-0.787010 80 20 64 -16 79.19183588 0.808164115469 1 0
-0.807227 264 -198 80 -180 263.6966211 0.303378934765 2 0
-0.819869 208 -156 -64 144 208.3072385 -0.307238483242 2 0
-0.822828 208 -156 64 -144 207.6918512 0.308148825474 2 0
-0.830883 56 14 -48 12 56.8444102 -0.844410203712 1 0
-0.830883 56 -42 -48 108 56.8444102 -0.844410203712 1 0
-0.869901 248 -186 80 -180 247.6769987 0.323001330078 2 0
-0.899656 192 -144 -64 144 192.3327566 -0.332756630338 2 0
-0.903128 192 -144 64 -144 191.6660859 0.333914055189 2 0
-0.915184 88 22 80 -20 87.08131846 0.918681542924 1 0
-0.936779 232 -174 80 -180 231.6546584 0.345341641592 2 0
-0.980235 44 12 -16 0 44.36067977 -0.360679774998 2 0
-0.984729 64 16 -64 16 64.984845 -0.984845004941 1 0
-0.986339 176 -132 -64 144 176.3628881 -0.362888137498 2 0
-0.990472 176 -132 64 -144 175.6356092 0.364390799173 2 0
-1.008467 216 -162 80 -180 215.6289924 0.37100762341 2 0
-1.016004 64 16 64 -16 62.98386677 1.01613323034 1 0
-1.081219 160 -120 -64 144 160.399005 -0.399004968967 2 0
-1.085715 200 -150 80 -180 199.5991968 0.40080321609 2 0
-1.086219 160 -120 64 -144 159.598995 0.40100503147 2 0
-1.093863 40 -30 16 -36 39.59591794 0.404082057735 2 0
-1.093863 40 -30 16 -100 39.59591794 0.404082057735 2 0
-1.093863 40 -150 16 -196 39.59591794 0.404082057735 2 0
-1.121163 72 18 80 -20 70.87119155 1.12880845167 1 0
-1.153588 40 10 -48 12 41.16601049 -1.16601048852 1 0
-1.153588 40 -30 -48 108 41.16601049 -1.16601048852 1 0
-1.169462 184 -138 80 -180 183.5641851 0.435814861923 2 0
-1.185998 144 -108 -64 144 144.4430811 -0.443081105099 2 0
-1.192171 144 -108 64 -144 143.5541753 0.445824720007 2 0
-1.203379 55 15 -25 0 55.45084972 -0.450849718747 2 0
-1.260909 168 -126 80 -180 167.5224521 0.477547928716 2 0
-1.260995 48 12 -64 16 49.29822128 -1.29822128135 1 0
-1.302969 128 -96 -64 144 128.498062 -0.498061986388 2 0
-1.310782 128 -96 64 -144 127.4980315 0.50196853445 2 0
-1.316694 48 12 64 -16 46.627417 1.37258300203 1 0
-1.361627 152 -114 80 -180 151.4718491 0.528150943547 2 0
-1.383221 56 14 80 -20 54.53299832 1.46700167716 1 0
-1.385700 66 18 -36 0 66.54101966 -0.541019662497 2 0
-1.435321 112 -84 -64 144 112.5685425 -0.568542494924 2 0
-1.445526 112 -84 64 -144 111.4256258 0.574374157796 2 0
-1.473725 136 -102 80 -180 135.4091982 0.590801814589 2 0
-1.539851 77 21 -49 0 77.63118961 -0.631189606246 2 0
-1.587662 96 -72 -64 144 96.66210024 -0.662100242386 2 0
-1.600137 120 -90 80 -180 119.3295879 0.670412103235 2 0
-1.601553 96 -72 64 -144 95.32863826 0.671361735203 2 0
-1.618643 24 6 -48 12 25.85640646 -1.85640646055 1 0
-1.618643 24 -18 -48 108 25.85640646 -1.85640646055 1 0
-1.623547 24 -18 16 -36 23.3137085 0.686291501015 2 0
-1.623547 24 -18 16 -100 23.3137085 0.686291501015 2 0
-1.623547 24 -90 16 -196 23.3137085 0.686291501015 2 0
-1.635806 32 8 -64 16 33.88854382 -1.88854382 1 0
-1.673382 88 24 -64 0 88.72135955 -0.721359549996 2 0
-1.693147 29 8 54 -6 27 2 1 0
-1.745116 104 -78 80 -180 103.2249939 0.775006100537 2 0
-1.747378 40 10 80 -20 37.88854382 2.11145618 1 0
-1.762484 32 8 64 -16 29.85640646 2.14359353945 1 0
-1.767003 80 -60 -64 144 80.79215611 -0.792156108742 2 0
-1.787010 80 -60 64 -144 79.19183588 0.808164115469 2 0
-1.791165 99 27 -81 0 99.81152949 -0.811529493745 2 0
-1.896526 110 30 -100 0 110.9016994 -0.901699437495 2 0
-1.915184 88 -66 80 -180 87.08131846 0.918681542924 2 0
-1.984729 64 -48 -64 144 64.984845 -0.984845004941 2 0
-2.000000 10 3 9 0 9 1 2 0
-2.000000 7 2 -8 0 8 -1 2 0
-2.000000 2 993 1 0 1 1 2 0
-2.000000 2 931 1 0 1 1 2 0
-2.000000 2 871 1 0 1 1 2 0
-2.000000 2 813 1 0 1 1 2 0
-2.000000 2 757 1 0 1 1 2 0
-2.000000 2 703 1 0 1 1 2 0
-2.000000 2 651 1 0 1 1 2 0
-2.000000 2 601 1 0 1 1 2 0
-2.000000 2 553 1 0 1 1 2 0
-2.000000 2 507 1 0 1 1 2 0
-2.000000 2 463 1 0 1 1 2 0
-2.000000 2 421 1 0 1 1 2 0
-2.000000 2 381 1 0 1 1 2 0
-2.000000 2 343 1 0 1 1 2 0
-2.000000 2 307 1 0 1 1 2 0
-2.000000 2 273 1 0 1 1 2 0
-2.000000 2 241 1 0 1 1 2 0
-2.000000 2 211 1 0 1 1 2 0
-2.000000 2 183 1 0 1 1 2 0
-2.000000 2 157 1 0 1 1 2 0
-2.000000 2 133 1 0 1 1 2 0
-2.000000 2 111 1 0 1 1 2 0
-2.000000 2 91 1 0 1 1 2 0
-2.000000 2 73 1 0 1 1 2 0
-2.000000 2 57 1 0 1 1 2 0
-2.000000 2 43 1 0 1 1 2 0
-2.000000 2 31 1 0 1 1 2 0
-2.000000 2 21 1 0 1 1 2 0
-2.000000 2 13 1 0 1 1 2 0
-2.000000 2 7 1 0 1 1 2 0
-2.000000 2 3 1 0 1 1 2 0
-2.000000 2 1 1 0 1 1 2 0
-2.016004 64 -48 64 -144 62.98386677 1.01613323034 2 0
-2.121163 72 -54 80 -180 70.87119155 1.12880845167 2 0
-2.198068 16 4 -64 16 19.3137085 -3.31370849898 1 0
-2.260995 48 -36 -64 144 49.29822128 -1.29822128135 2 0
-2.316694 48 -36 64 -144 46.627417 1.37258300203 2 0
-2.383221 56 -42 80 -180 54.53299832 1.46700167716 2 0
-2.386294 24 6 80 -20 20 4 1 0
-2.386294 20 6 64 -4 16 4 1 0
-2.386294 8 902 16 -4 4 4 1 0
-2.386294 8 786 16 -4 4 4 1 0
-2.386294 8 678 16 -4 4 4 1 0
-2.386294 8 578 16 -4 4 4 1 0
-2.386294 8 486 16 -4 4 4 1 0
-2.386294 8 402 16 -4 4 4 1 0
-2.386294 8 326 16 -4 4 4 1 0
-2.386294 8 258 16 -4 4 4 1 0
-2.386294 8 198 16 -4 4 4 1 0
-2.386294 8 146 16 -4 4 4 1 0
-2.386294 8 102 16 -4 4 4 1 0
-2.386294 8 66 16 -4 4 4 1 0
-2.386294 8 38 16 -4 4 4 1 0
-2.386294 8 18 16 -4 4 4 1 0
-2.386294 8 6 16 -4 4 4 1 0
-2.386294 8 6 -48 108 12 -4 1 0
-2.386294 8 2 16 -4 4 4 1 0
-2.386294 8 2 -48 12 12 -4 1 0
-2.386294 8 -6 -48 108 12 -4 1 0
-2.386294 8 -10 -48 108 12 -4 1 0
-2.635806 32 -24 -64 144 33.88854382 -1.88854382 2 0
-2.693147 20 6 36 0 18 2 2 0
-2.693147 14 4 -32 0 16 -2 2 0
-2.693147 4 926 4 0 2 2 2 0
-2.693147 4 842 4 0 2 2 2 0
-2.693147 4 762 4 0 2 2 2 0
-2.693147 4 686 4 0 2 2 2 0
-2.693147 4 614 4 0 2 2 2 0
-2.693147 4 546 4 0 2 2 2 0
-2.693147 4 482 4 0 2 2 2 0
-2.693147 4 422 4 0 2 2 2 0
-2.693147 4 366 4 0 2 2 2 0
-2.693147 4 314 4 0 2 2 2 0
-2.693147 4 266 4 0 2 2 2 0
-2.693147 4 222 4 0 2 2 2 0
-2.693147 4 182 4 0 2 2 2 0
-2.693147 4 146 4 0 2 2 2 0
-2.693147 4 114 4 0 2 2 2 0
-2.693147 4 86 4 0 2 2 2 0
-2.693147 4 62 4 0 2 2 2 0
-2.693147 4 42 4 0 2 2 2 0
-2.693147 4 26 4 0 2 2 2 0
-2.693147 4 14 4 0 2 2 2 0
-2.693147 4 6 4 0 2 2 2 0
-2.693147 4 2 4 0 2 2 2 0
-2.747378 40 -30 80 -180 37.88854382 2.11145618 2 0
-2.762484 32 -24 64 -144 29.85640646 2.14359353945 2 0
-3.079442 16 972 64 -16 8 8 1 0
-3.079442 16 930 64 -4 8 8 1 0
-3.079442 16 846 64 -4 8 8 1 0
-3.079442 16 804 64 -16 8 8 1 0
-3.079442 16 766 64 -4 8 8 1 0
-3.079442 16 690 64 -4 8 8 1 0
-3.079442 16 652 64 -16 8 8 1 0
-3.079442 16 618 64 -4 8 8 1 0
-3.079442 16 550 64 -4 8 8 1 0
-3.079442 16 516 64 -16 8 8 1 0
-3.079442 16 486 64 -4 8 8 1 0
-3.079442 16 426 64 -4 8 8 1 0
-3.079442 16 396 64 -16 8 8 1 0
-3.079442 16 370 64 -4 8 8 1 0
-3.079442 16 318 64 -4 8 8 1 0
-3.079442 16 292 64 -16 8 8 1 0
-3.079442 16 270 64 -4 8 8 1 0
-3.079442 16 226 64 -4 8 8 1 0
-3.079442 16 204 64 -16 8 8 1 0
-3.079442 16 186 64 -4 8 8 1 0
-3.079442 16 150 64 -4 8 8 1 0
-3.079442 16 132 64 -16 8 8 1 0
-3.079442 16 118 64 -4 8 8 1 0
-3.079442 16 90 64 -4 8 8 1 0
-3.079442 16 76 64 -16 8 8 1 0
-3.079442 16 66 64 -4 8 8 1 0
-3.079442 16 46 64 -4 8 8 1 0
-3.079442 16 36 64 -16 8 8 1 0
-3.079442 16 30 64 -4 8 8 1 0
-3.079442 16 18 64 -4 8 8 1 0
-3.079442 16 12 64 -16 8 8 1 0
-3.079442 16 10 64 -4 8 8 1 0
-3.079442 16 6 64 -4 8 8 1 0
-3.079442 16 4 64 -16 8 8 1 0
-3.098612 30 9 81 0 27 3 2 0
-3.098612 21 6 -72 0 24 -3 2 0
-3.098612 6 921 9 0 3 3 2 0
-3.098612 6 819 9 0 3 3 2 0
-3.098612 6 723 9 0 3 3 2 0
-3.098612 6 633 9 0 3 3 2 0
-3.098612 6 549 9 0 3 3 2 0
-3.098612 6 471 9 0 3 3 2 0
-3.098612 6 399 9 0 3 3 2 0
-3.098612 6 333 9 0 3 3 2 0
-3.098612 6 273 9 0 3 3 2 0
-3.098612 6 219 9 0 3 3 2 0
-3.098612 6 171 9 0 3 3 2 0
-3.098612 6 129 9 0 3 3 2 0
-3.098612 6 93 9 0 3 3 2 0
-3.098612 6 63 9 0 3 3 2 0
-3.098612 6 39 9 0 3 3 2 0
-3.098612 6 21 9 0 3 3 2 0
-3.098612 6 9 9 0 3 3 2 0
-3.098612 6 3 9 0 3 3 2 0
-3.191013 8 2 80 -20 8.94427191 8.94427191 1 1
-3.197225 18 936 81 -9 9 9 1 0
-3.197225 18 876 81 -9 9 9 1 0
-3.197225 18 762 81 -9 9 9 1 0
-3.197225 18 708 81 -9 9 9 1 0
-3.197225 18 606 81 -9 9 9 1 0
-3.197225 18 558 81 -9 9 9 1 0
-3.197225 18 468 81 -9 9 9 1 0
-3.197225 18 426 81 -9 9 9 1 0
-3.197225 18 348 81 -9 9 9 1 0
-3.197225 18 312 81 -9 9 9 1 0
-3.197225 18 246 81 -9 9 9 1 0
-3.197225 18 216 81 -9 9 9 1 0
-3.197225 18 162 81 -9 9 9 1 0
-3.197225 18 138 81 -9 9 9 1 0
-3.197225 18 96 81 -9 9 9 1 0
-3.197225 18 78 81 -9 9 9 1 0
-3.197225 18 48 81 -9 9 9 1 0
-3.197225 18 36 81 -9 9 9 1 0
-3.197225 18 18 81 -9 9 9 1 0
-3.197225 18 12 81 -9 9 9 1 0
-3.197225 18 6 81 -9 9 9 1 0
-3.198068 16 -12 -64 144 19.3137085 -3.31370849898 2 0
-3.386294 24 2 80 -180 20 4 2 0
-3.386294 24 -14 80 -180 20 4 2 0
-3.386294 24 -18 80 -180 20 4 2 0
-3.386294 12 4 32 0 8 4 2 0
-3.386294 8 978 16 -196 4 4 2 0
-3.386294 8 964 16 0 4 4 2 0
-3.386294 8 894 16 -36 4 4 2 0
-3.386294 8 878 16 -100 4 4 2 0
-3.386294 8 854 16 -196 4 4 2 0
-3.386294 8 844 16 0 4 4 2 0
-3.386294 8 778 16 -36 4 4 2 0
-3.386294 8 762 16 -100 4 4 2 0
-3.386294 8 738 16 -196 4 4 2 0
-3.386294 8 732 16 0 4 4 2 0
-3.386294 8 670 16 -36 4 4 2 0
-3.386294 8 654 16 -100 4 4 2 0
-3.386294 8 630 16 -196 4 4 2 0
-3.386294 8 628 16 0 4 4 2 0
-3.386294 8 570 16 -36 4 4 2 0
-3.386294 8 554 16 -100 4 4 2 0
-3.386294 8 532 16 0 4 4 2 0
-3.386294 8 530 16 -196 4 4 2 0
-3.386294 8 478 16 -36 4 4 2 0
-3.386294 8 462 16 -100 4 4 2 0
-3.386294 8 444 16 0 4 4 2 0
-3.386294 8 438 16 -196 4 4 2 0
-3.386294 8 394 16 -36 4 4 2 0
-3.386294 8 378 16 -100 4 4 2 0
-3.386294 8 364 16 0 4 4 2 0
-3.386294 8 354 16 -196 4 4 2 0
-3.386294 8 318 16 -36 4 4 2 0
-3.386294 8 302 16 -100 4 4 2 0
-3.386294 8 292 16 0 4 4 2 0
-3.386294 8 278 16 -196 4 4 2 0
-3.386294 8 250 16 -36 4 4 2 0
-3.386294 8 234 16 -100 4 4 2 0
-3.386294 8 228 16 0 4 4 2 0
-3.386294 8 210 16 -196 4 4 2 0
-3.386294 8 190 16 -36 4 4 2 0
-3.386294 8 174 16 -100 4 4 2 0
-3.386294 8 172 16 0 4 4 2 0
-3.386294 8 150 16 -196 4 4 2 0
-3.386294 8 138 16 -36 4 4 2 0
-3.386294 8 124 16 0 4 4 2 0
-3.386294 8 122 16 -100 4 4 2 0
-3.386294 8 98 16 -196 4 4 2 0
-3.386294 8 94 16 -36 4 4 2 0
-3.386294 8 84 16 0 4 4 2 0
-3.386294 8 78 16 -100 4 4 2 0
-3.386294 8 58 16 -36 4 4 2 0
-3.386294 8 54 16 -196 4 4 2 0
-3.386294 8 52 16 0 4 4 2 0
-3.386294 8 42 16 -100 4 4 2 0
-3.386294 8 30 16 -36 4 4 2 0
-3.386294 8 28 16 0 4 4 2 0
-3.386294 8 18 16 -196 4 4 2 0
-3.386294 8 14 16 -100 4 4 2 0
-3.386294 8 12 16 0 4 4 2 0
-3.386294 8 10 16 -36 4 4 2 0
-3.386294 8 4 16 0 4 4 2 0
-3.386294 8 -2 16 -36 4 4 2 0
-3.386294 8 -6 16 -36 4 4 2 0
-3.386294 8 -6 16 -100 4 4 2 0
-3.386294 8 -10 16 -196 4 4 2 0
-3.386294 8 -18 16 -100 4 4 2 0
-3.386294 8 -22 16 -100 4 4 2 0
-3.386294 8 -30 16 -196 4 4 2 0
-3.386294 8 -42 16 -196 4 4 2 0
-3.386294 8 -46 16 -196 4 4 2 0
-3.609438 10 915 25 0 5 5 2 0
-3.609438 10 785 25 0 5 5 2 0
-3.609438 10 665 25 0 5 5 2 0
-3.609438 10 555 25 0 5 5 2 0
-3.609438 10 455 25 0 5 5 2 0
-3.609438 10 365 25 0 5 5 2 0
-3.609438 10 285 25 0 5 5 2 0
-3.609438 10 215 25 0 5 5 2 0
-3.609438 10 155 25 0 5 5 2 0
-3.609438 10 105 25 0 5 5 2 0
-3.609438 10 65 25 0 5 5 2 0
-3.609438 10 35 25 0 5 5 2 0
-3.609438 10 15 25 0 5 5 2 0
-3.609438 10 5 25 0 5 5 2 0
-3.647918 9 3 27 0 5.196152423 5.19615242271 2 1
-3.791759 12 942 36 0 6 6 2 0
-3.791759 12 798 36 0 6 6 2 0
-3.791759 12 666 36 0 6 6 2 0
-3.791759 12 546 36 0 6 6 2 0
-3.791759 12 438 36 0 6 6 2 0
-3.791759 12 342 36 0 6 6 2 0
-3.791759 12 258 36 0 6 6 2 0
-3.791759 12 186 36 0 6 6 2 0
-3.791759 12 126 36 0 6 6 2 0
-3.791759 12 78 36 0 6 6 2 0
-3.791759 12 42 36 0 6 6 2 0
-3.791759 12 18 36 0 6 6 2 0
-3.791759 12 6 36 0 6 6 2 0
-3.945910 14 931 49 0 7 7 2 0
-3.945910 14 777 49 0 7 7 2 0
-3.945910 14 637 49 0 7 7 2 0
-3.945910 14 511 49 0 7 7 2 0
-3.945910 14 399 49 0 7 7 2 0
-3.945910 14 301 49 0 7 7 2 0
-3.945910 14 217 49 0 7 7 2 0
-3.945910 14 147 49 0 7 7 2 0
-3.945910 14 91 49 0 7 7 2 0
-3.945910 14 49 49 0 7 7 2 0
-3.945910 14 21 49 0 7 7 2 0
-3.945910 14 7 49 0 7 7 2 0
-4.079442 17 6 72 0 9 8 2 0
-4.079442 16 994 64 -196 8 8 2 0
-4.079442 16 956 64 -144 8 8 2 0
-4.079442 16 926 64 -36 8 8 2 0
-4.079442 16 918 64 -100 8 8 2 0
-4.079442 16 906 64 -196 8 8 2 0
-4.079442 16 888 64 0 8 8 2 0
-4.079442 16 842 64 -36 8 8 2 0
-4.079442 16 834 64 -100 8 8 2 0
-4.079442 16 822 64 -196 8 8 2 0
-4.079442 16 788 64 -144 8 8 2 0
-4.079442 16 762 64 -36 8 8 2 0
-4.079442 16 754 64 -100 8 8 2 0
-4.079442 16 742 64 -196 8 8 2 0
-4.079442 16 728 64 0 8 8 2 0
-4.079442 16 686 64 -36 8 8 2 0
-4.079442 16 678 64 -100 8 8 2 0
-4.079442 16 666 64 -196 8 8 2 0
-4.079442 16 636 64 -144 8 8 2 0
-4.079442 16 614 64 -36 8 8 2 0
-4.079442 16 606 64 -100 8 8 2 0
-4.079442 16 594 64 -196 8 8 2 0
-4.079442 16 584 64 0 8 8 2 0
-4.079442 16 546 64 -36 8 8 2 0
-4.079442 16 538 64 -100 8 8 2 0
-4.079442 16 526 64 -196 8 8 2 0
-4.079442 16 500 64 -144 8 8 2 0
-4.079442 16 482 64 -36 8 8 2 0
-4.079442 16 474 64 -100 8 8 2 0
-4.079442 16 462 64 -196 8 8 2 0
-4.079442 16 456 64 0 8 8 2 0
-4.079442 16 422 64 -36 8 8 2 0
-4.079442 16 414 64 -100 8 8 2 0
-4.079442 16 402 64 -196 8 8 2 0
-4.079442 16 380 64 -144 8 8 2 0
-4.079442 16 366 64 -36 8 8 2 0
-4.079442 16 358 64 -100 8 8 2 0
-4.079442 16 346 64 -196 8 8 2 0
-4.079442 16 344 64 0 8 8 2 0
-4.079442 16 314 64 -36 8 8 2 0
-4.079442 16 306 64 -100 8 8 2 0
-4.079442 16 294 64 -196 8 8 2 0
-4.079442 16 276 64 -144 8 8 2 0
-4.079442 16 266 64 -36 8 8 2 0
-4.079442 16 258 64 -100 8 8 2 0
-4.079442 16 248 64 0 8 8 2 0
-4.079442 16 246 64 -196 8 8 2 0
-4.079442 16 222 64 -36 8 8 2 0
-4.079442 16 214 64 -100 8 8 2 0
-4.079442 16 202 64 -196 8 8 2 0
-4.079442 16 188 64 -144 8 8 2 0
-4.079442 16 182 64 -36 8 8 2 0
-4.079442 16 174 64 -100 8 8 2 0
-4.079442 16 168 64 0 8 8 2 0
-4.079442 16 162 64 -196 8 8 2 0
-4.079442 16 146 64 -36 8 8 2 0
-4.079442 16 138 64 -100 8 8 2 0
-4.079442 16 126 64 -196 8 8 2 0
-4.079442 16 116 64 -144 8 8 2 0
-4.079442 16 114 64 -36 8 8 2 0
-4.079442 16 106 64 -100 8 8 2 0
-4.079442 16 104 64 0 8 8 2 0
-4.079442 16 94 64 -196 8 8 2 0
-4.079442 16 86 64 -36 8 8 2 0
-4.079442 16 78 64 -100 8 8 2 0
-4.079442 16 66 64 -196 8 8 2 0
-4.079442 16 62 64 -36 8 8 2 0
-4.079442 16 60 64 -144 8 8 2 0
-4.079442 16 56 64 0 8 8 2 0
-4.079442 16 54 64 -100 8 8 2 0
-4.079442 16 42 64 -36 8 8 2 0
-4.079442 16 42 64 -196 8 8 2 0
-4.079442 16 34 64 -100 8 8 2 0
-4.079442 16 26 64 -36 8 8 2 0
-4.079442 16 24 64 0 8 8 2 0
-4.079442 16 22 64 -196 8 8 2 0
-4.079442 16 20 64 -144 8 8 2 0
-4.079442 16 18 64 -100 8 8 2 0
-4.079442 16 14 64 -36 8 8 2 0
-4.079442 16 8 64 0 8 8 2 0
-4.079442 16 6 64 -36 8 8 2 0
-4.079442 16 6 64 -100 8 8 2 0
-4.079442 16 6 64 -196 8 8 2 0
-4.079442 16 2 64 -36 8 8 2 0
-4.079442 16 -2 64 -100 8 8 2 0
-4.079442 16 -4 64 -144 8 8 2 0
-4.079442 16 -6 64 -100 8 8 2 0
-4.079442 16 -6 64 -196 8 8 2 0
-4.079442 16 -12 64 -144 8 8 2 0
-4.079442 16 -14 64 -196 8 8 2 0
-4.079442 16 -18 64 -196 8 8 2 0
-4.191013 8 -6 80 -180 8.94427191 8.94427191 2 1
-4.197225 18 999 81 0 9 9 2 0
-4.197225 18 933 81 -36 9 9 2 0
-4.197225 18 921 81 -144 9 9 2 0
-4.197225 18 873 81 -36 9 9 2 0
-4.197225 18 861 81 -144 9 9 2 0
-4.197225 18 819 81 0 9 9 2 0
-4.197225 18 759 81 -36 9 9 2 0
-4.197225 18 747 81 -144 9 9 2 0
-4.197225 18 705 81 -36 9 9 2 0
-4.197225 18 693 81 -144 9 9 2 0
-4.197225 18 657 81 0 9 9 2 0
-4.197225 18 603 81 -36 9 9 2 0
-4.197225 18 591 81 -144 9 9 2 0
-4.197225 18 555 81 -36 9 9 2 0
-4.197225 18 543 81 -144 9 9 2 0
-4.197225 18 513 81 0 9 9 2 0
-4.197225 18 465 81 -36 9 9 2 0
-4.197225 18 453 81 -144 9 9 2 0
-4.197225 18 423 81 -36 9 9 2 0
-4.197225 18 411 81 -144 9 9 2 0
-4.197225 18 387 81 0 9 9 2 0
-4.197225 18 345 81 -36 9 9 2 0
-4.197225 18 333 81 -144 9 9 2 0
-4.197225 18 309 81 -36 9 9 2 0
-4.197225 18 297 81 -144 9 9 2 0
-4.197225 18 279 81 0 9 9 2 0
-4.197225 18 243 81 -36 9 9 2 0
-4.197225 18 231 81 -144 9 9 2 0
-4.197225 18 213 81 -36 9 9 2 0
-4.197225 18 201 81 -144 9 9 2 0
-4.197225 18 189 81 0 9 9 2 0
-4.197225 18 159 81 -36 9 9 2 0
-4.197225 18 147 81 -144 9 9 2 0
-4.197225 18 135 81 -36 9 9 2 0
-4.197225 18 123 81 -144 9 9 2 0
-4.197225 18 117 81 0 9 9 2 0
-4.197225 18 93 81 -36 9 9 2 0
-4.197225 18 81 81 -144 9 9 2 0
-4.197225 18 75 81 -36 9 9 2 0
-4.197225 18 63 81 0 9 9 2 0
-4.197225 18 63 81 -144 9 9 2 0
-4.197225 18 45 81 -36 9 9 2 0
-4.197225 18 33 81 -36 9 9 2 0
-4.197225 18 33 81 -144 9 9 2 0
-4.197225 18 27 81 0 9 9 2 0
-4.197225 18 21 81 -144 9 9 2 0
-4.197225 18 15 81 -36 9 9 2 0
-4.197225 18 9 81 0 9 9 2 0
-4.197225 18 9 81 -36 9 9 2 0
-4.197225 18 3 81 -36 9 9 2 0
-4.197225 18 3 81 -144 9 9 2 0
-4.197225 18 -3 81 -144 9 9 2 0
-4.197225 18 -9 81 -144 9 9 2 0
-4.302585 20 910 100 0 10 10 2 0
-4.302585 20 730 100 0 10 10 2 0
-4.302585 20 570 100 0 10 10 2 0
-4.302585 20 430 100 0 10 10 2 0
-4.302585 20 310 100 0 10 10 2 0
-4.302585 20 210 100 0 10 10 2 0
-4.302585 20 130 100 0 10 10 2 0
-4.302585 20 70 100 0 10 10 2 0
-4.302585 20 30 100 0 10 10 2 0
-4.302585 20 10 100 0 10 10 2 0
