2 1 -1 -59 59 118
2 1 -1 -55 55 110
2 1 -12 -54 54 108
2 1 9 -54 54 108
2 1 -1 -51 51 102
2 1 -4 -48 48 36
2 1 -1 -47 47 94
2 1 -11 -44 44 88
2 1 8 -44 44 88
2 1 -1 -43 43 86
2 1 -1 -39 39 78
2 1 -10 -35 35 70
2 1 -1 -35 35 70
2 1 7 -35 35 70
2 1 -1 -31 31 62
2 1 -9 -27 27 54
2 1 -1 -27 27 54
2 1 6 -27 27 54
2 1 -6 -24 24 90
2 1 2 -24 24 18
2 1 11 -24 24 90
2 1 -1 -23 23 46
2 1 -8 -20 20 40
2 1 5 -20 20 40
2 1 -1 -19 19 38
2 1 -1 -15 15 30
2 1 -7 -14 14 28
2 1 4 -14 14 28
2 1 -1 -11 11 22
2 1 -6 -9 9 18
2 1 3 -9 9 18
2 1 -2 -8 8 6
2 1 -1 -7 7 14
2 1 -5 -5 5 10
2 1 2 -5 5 10
2 1 -13 -3 3 90
2 1 -12 -3 3 36
2 1 -1 -3 3 6
2 1 -4 -2 2 4
2 1 1 -2 2 4
2 1 -56 1 -1 -72
2 1 -56 1 -1 -56
2 1 -55 1 -1 -56
2 1 -54 1 -1 -90
2 1 -52 1 -1 -56
2 1 -47 1 -1 -72
2 1 -47 1 -1 -56
2 1 -46 1 -1 -110
2 1 -42 1 -1 -42
2 1 -41 1 -1 -90
2 1 -41 1 -1 -42
2 1 -40 1 -1 -56
2 1 -38 1 -1 -42
2 1 -36 1 -1 -72
2 1 -33 1 -1 -42
2 1 -31 1 -1 -56
2 1 -30 1 -1 -30
2 1 -29 1 -1 -110
2 1 -29 1 -1 -30
2 1 -26 1 -1 -90
2 1 -26 1 -1 -42
2 1 -26 1 -1 -30
2 1 -23 1 -1 -72
2 1 -21 1 -1 -30
2 1 -20 1 -1 -56
2 1 -20 1 -1 -20
2 1 -19 1 -1 -20
2 1 -17 1 -1 -42
2 1 -16 1 -1 -20
2 1 -14 1 -1 -30
2 1 -12 1 -1 -12
2 1 -11 1 -1 -20
2 1 -11 1 -1 -12
2 1 -10 1 -1 -110
2 1 -9 1 -1 -90
2 1 -8 1 -1 -72
2 1 -8 1 -1 -12
2 1 -7 1 -1 -56
2 1 -6 1 -1 -42
2 1 -6 1 -1 -6
2 1 -5 1 -1 -30
2 1 -5 1 -1 -6
2 1 -4 1 -1 -20
2 1 -3 1 -1 -12
2 1 -2 1 -1 -6
2 1 -2 1 -1 -2
2 1 -1 1 -1 -2
2 1 1 1 -1 0
2 1 2 1 -1 -2
2 1 3 1 -1 -6
2 1 4 1 -1 -12
2 1 4 1 -1 0
2 1 5 1 -1 -20
2 1 6 1 -1 -30
2 1 7 1 -1 -42
2 1 7 1 -1 -2
2 1 8 1 -1 -56
2 1 9 1 -1 -72
2 1 9 1 -1 0
2 1 10 1 -1 -90
2 1 10 1 -1 -6
2 1 11 1 -1 -110
2 1 13 1 -1 -12
2 1 14 1 -1 -2
2 1 16 1 -1 -20
2 1 16 1 -1 0
2 1 19 1 -1 -30
2 1 19 1 -1 -6
2 1 22 1 -1 -42
2 1 23 1 -1 -2
2 1 24 1 -1 -12
2 1 25 1 -1 -56
2 1 25 1 -1 0
2 1 28 1 -1 -72
2 1 29 1 -1 -20
2 1 30 1 -1 -6
2 1 31 1 -1 -90
2 1 34 1 -1 -110
2 1 34 1 -1 -30
2 1 34 1 -1 -2
2 1 36 1 -1 0
2 1 37 1 -1 -12
2 1 39 1 -1 -42
2 1 43 1 -1 -6
2 1 44 1 -1 -56
2 1 44 1 -1 -20
2 1 47 1 -1 -2
2 1 49 1 -1 -72
2 1 49 1 -1 0
2 1 51 1 -1 -30
2 1 52 1 -1 -12
2 1 54 1 -1 -90
2 1 58 1 -1 -42
2 1 58 1 -1 -6
2 1 59 1 -1 -110
2 1 -1 5 -5 -10
2 1 -1 9 -9 -18
2 1 -1 13 -13 -26
2 1 -1 17 -17 -34
2 1 -1 21 -21 -42
2 1 -1 25 -25 -50
2 1 -1 29 -29 -58
2 1 -1 33 -33 -66
2 1 -1 37 -37 -74
2 1 -1 41 -41 -82
2 1 -1 45 -45 -90
2 1 -1 49 -49 -98
2 1 -1 53 -53 -106
2 1 -1 57 -57 -114
4 2 -2 -60 60 120
4 2 -14 -56 56 112
4 2 -2 -56 56 112
4 2 8 -56 56 112
4 2 -2 -52 52 104
4 2 -2 -48 48 96
4 2 -2 -44 44 88
4 2 -2 -40 40 80
4 2 -12 -36 36 72
4 2 -2 -36 36 72
4 2 6 -36 36 72
4 2 -4 -32 32 24
4 2 -2 -32 32 64
4 2 2 -32 32 24
4 2 -2 -28 28 56
4 2 -2 -24 24 48
4 2 -10 -20 20 40
4 2 -2 -20 20 40
4 2 4 -20 20 40
4 2 12 -18 18 108
4 2 -2 -16 16 32
4 2 -2 -12 12 24
4 2 -8 -8 8 16
4 2 -2 -8 8 16
4 2 2 -8 8 16
4 2 -2 -4 4 8
4 2 -60 4 -4 -120
4 2 -58 4 -4 -120
4 2 -52 4 -4 -120
4 2 -42 4 -4 -120
4 2 -40 4 -4 -80
4 2 -38 4 -4 -80
4 2 -32 4 -4 -80
4 2 -28 4 -4 -120
4 2 -24 4 -4 -48
4 2 -22 4 -4 -80
4 2 -22 4 -4 -48
4 2 -16 4 -4 -48
4 2 -12 4 -4 -24
4 2 -10 4 -4 -120
4 2 -10 4 -4 -24
4 2 -8 4 -4 -80
4 2 -6 4 -4 -48
4 2 -4 4 -4 -24
4 2 -4 4 -4 -8
4 2 -2 4 -4 -8
4 2 2 4 -4 0
4 2 4 4 -4 -8
4 2 6 4 -4 -24
4 2 8 4 -4 -48
4 2 8 4 -4 0
4 2 10 4 -4 -80
4 2 12 4 -4 -120
4 2 14 4 -4 -8
4 2 18 4 -4 0
4 2 20 4 -4 -24
4 2 26 4 -4 -48
4 2 28 4 -4 -8
4 2 32 4 -4 -80
4 2 32 4 -4 0
4 2 38 4 -4 -120
4 2 38 4 -4 -24
4 2 46 4 -4 -8
4 2 48 4 -4 -48
4 2 50 4 -4 0
4 2 58 4 -4 -80
4 2 60 4 -4 -24
4 2 -2 8 -8 -16
4 2 -2 12 -12 -24
4 2 -2 16 -16 -32
4 2 -2 20 -20 -40
4 2 -2 24 -24 -48
4 2 -2 28 -28 -56
4 2 -2 32 -32 -64
4 2 -2 36 -36 -72
4 2 -2 40 -40 -80
4 2 -2 44 -44 -88
4 2 -2 48 -48 -96
4 2 -2 52 -52 -104
4 2 -2 56 -56 -112
4 2 -2 60 -60 -120
6 3 -3 -59 59 118
6 3 -16 -56 56 112
6 3 7 -56 56 112
6 3 -3 -55 55 110
6 3 -3 -51 51 102
6 3 -3 -47 47 94
6 3 -15 -45 45 90
6 3 6 -45 45 90
6 3 -3 -43 43 86
6 3 2 -40 40 30
6 3 -3 -39 39 78
6 3 -14 -35 35 70
6 3 -3 -35 35 70
6 3 5 -35 35 70
6 3 -3 -31 31 62
6 3 -3 -27 27 54
6 3 -13 -26 26 52
6 3 4 -26 26 52
6 3 -3 -23 23 46
6 3 -22 -19 19 114
6 3 -3 -19 19 38
6 3 1 -19 19 114
6 3 10 -19 19 114
6 3 -12 -18 18 36
6 3 3 -18 18 36
6 3 -4 -16 16 12
6 3 -3 -15 15 30
6 3 -11 -11 11 22
6 3 -3 -11 11 22
6 3 2 -11 11 22
6 3 -17 -7 7 84
6 3 -3 -7 7 14
6 3 -10 -5 5 10
6 3 1 -5 5 10
6 3 -3 -3 3 6
6 3 -3 1 -1 -2
6 3 -8 4 -4 -8
6 3 -1 4 -4 -8
6 3 -10 5 -5 -30
6 3 -3 5 -5 -10
6 3 -7 7 -7 -14
6 3 -2 7 -7 -14
6 3 -2 8 -8 -6
6 3 -36 9 -9 -108
6 3 -33 9 -9 -108
6 3 -24 9 -9 -108
6 3 -18 9 -9 -54
6 3 -15 9 -9 -54
6 3 -9 9 -9 -108
6 3 -6 9 -9 -54
6 3 -6 9 -9 -18
6 3 -3 9 -9 -18
6 3 3 9 -9 0
6 3 6 9 -9 -18
6 3 9 9 -9 -54
6 3 12 9 -9 -108
6 3 12 9 -9 0
6 3 21 9 -9 -18
6 3 27 9 -9 0
6 3 30 9 -9 -54
6 3 39 9 -9 -108
6 3 42 9 -9 -18
6 3 48 9 -9 0
6 3 57 9 -9 -54
6 3 -5 10 -10 -20
6 3 -4 10 -10 -20
6 3 -3 13 -13 -26
6 3 -3 17 -17 -34
6 3 -3 21 -21 -42
6 3 -3 25 -25 -50
6 3 -3 29 -29 -58
6 3 -3 33 -33 -66
6 3 -3 37 -37 -74
6 3 -3 41 -41 -82
6 3 -3 45 -45 -90
6 3 -3 49 -49 -98
6 3 -3 53 -53 -106
6 3 -3 57 -57 -114
8 4 -4 -60 60 120
8 4 -4 -56 56 112
8 4 -18 -54 54 108
8 4 6 -54 54 108
8 4 -4 -52 52 104
8 4 -6 -48 48 36
8 4 -4 -48 48 96
8 4 2 -48 48 36
8 4 -4 -44 44 88
8 4 -4 -40 40 80
8 4 -4 -36 36 72
8 4 -16 -32 32 64
8 4 -4 -32 32 64
8 4 4 -32 32 64
8 4 -4 -28 28 56
8 4 -4 -24 24 48
8 4 -4 -20 20 40
8 4 -4 -16 16 32
8 4 -14 -14 14 28
8 4 2 -14 14 28
8 4 -4 -12 12 24
8 4 -4 -8 8 16
8 4 -4 -4 4 8
8 4 -4 4 -4 -8
8 4 -4 8 -8 -16
8 4 -10 10 -10 -20
8 4 -2 10 -10 -20
8 4 -4 12 -12 -24
8 4 -24 16 -16 -96
8 4 -20 16 -16 -96
8 4 -14 16 -16 -60
8 4 -8 16 -16 -96
8 4 -8 16 -16 -32
8 4 -6 16 -16 -60
8 4 -4 16 -16 -32
8 4 -2 16 -16 -12
8 4 2 16 -16 4
8 4 4 16 -16 0
8 4 6 16 -16 -12
8 4 8 16 -16 -32
8 4 10 16 -16 -60
8 4 10 16 -16 4
8 4 12 16 -16 -96
8 4 16 16 -16 0
8 4 22 16 -16 -12
8 4 26 16 -16 4
8 4 28 16 -16 -32
8 4 34 16 -16 -60
8 4 36 16 -16 0
8 4 40 16 -16 -96
8 4 46 16 -16 -12
8 4 50 16 -16 4
8 4 56 16 -16 -32
8 4 -6 18 -18 -36
8 4 -4 20 -20 -40
8 4 -4 24 -24 -48
8 4 -4 28 -28 -56
8 4 -4 32 -32 -64
8 4 -4 36 -36 -72
8 4 -4 40 -40 -80
8 4 -4 44 -44 -88
8 4 -4 48 -48 -96
8 4 -4 52 -52 -104
8 4 -4 56 -56 -112
8 4 -4 60 -60 -120
10 5 -5 -59 59 118
10 5 2 -56 56 42
10 5 -5 -55 55 110
10 5 -5 -51 51 102
10 5 -20 -50 50 100
10 5 5 -50 50 100
10 5 -5 -47 47 94
10 5 -5 -43 43 86
10 5 -5 -39 39 78
10 5 -19 -38 38 76
10 5 4 -38 38 76
10 5 -5 -35 35 70
10 5 -5 -31 31 62
10 5 -18 -27 27 54
10 5 -5 -27 27 54
10 5 3 -27 27 54
10 5 -6 -24 24 18
10 5 -5 -23 23 46
10 5 -5 -19 19 38
10 5 -17 -17 17 34
10 5 2 -17 17 34
10 5 -5 -15 15 30
10 5 -5 -11 11 22
10 5 -16 -8 8 16
10 5 1 -8 8 16
10 5 -5 -7 7 14
10 5 -5 -3 3 6
10 5 -5 1 -1 -2
10 5 -5 5 -5 -10
10 5 -14 7 -7 -14
10 5 -1 7 -7 -14
10 5 -5 9 -9 -18
10 5 -13 13 -13 -26
10 5 -5 13 -13 -26
10 5 -2 13 -13 -26
10 5 -4 16 -16 -12
10 5 -5 17 -17 -34
10 5 -12 18 -18 -36
10 5 -3 18 -18 -36
10 5 -5 21 -21 -42
10 5 -11 22 -22 -44
10 5 -4 22 -22 -44
10 5 -2 24 -24 -18
10 5 -10 25 -25 -50
10 5 -5 25 -25 -50
10 5 5 25 -25 0
10 5 10 25 -25 -50
10 5 20 25 -25 0
10 5 35 25 -25 -50
10 5 45 25 -25 0
10 5 -9 27 -27 -54
10 5 -6 27 -27 -54
10 5 -8 28 -28 -56
10 5 -7 28 -28 -56
10 5 -5 29 -29 -58
10 5 -5 33 -33 -66
10 5 -5 37 -37 -74
10 5 -5 41 -41 -82
10 5 -5 45 -45 -90
10 5 -5 49 -49 -98
10 5 -5 53 -53 -106
10 5 -5 57 -57 -114
12 6 -6 -60 60 120
12 6 -6 -56 56 112
12 6 -6 -52 52 104
12 6 -6 -48 48 96
12 6 -22 -44 44 88
12 6 -6 -44 44 88
12 6 4 -44 44 88
12 6 -6 -40 40 80
12 6 -6 -36 36 72
12 6 -6 -32 32 64
12 6 -6 -28 28 56
12 6 -6 -24 24 48
12 6 -20 -20 20 40
12 6 -6 -20 20 40
12 6 2 -20 20 40
12 6 -38 -16 16 96
12 6 -6 -16 16 32
12 6 -4 -16 16 96
12 6 -6 -12 12 24
12 6 -6 -8 8 16
12 6 -6 -4 4 8
12 6 -6 4 -4 -8
12 6 -6 8 -8 -16
12 6 -6 12 -12 -24
12 6 -16 16 -16 -32
12 6 -6 16 -16 -32
12 6 -2 16 -16 -32
12 6 -20 20 -20 -120
12 6 -6 20 -20 -40
12 6 -6 24 -24 -48
12 6 -14 28 -28 -56
12 6 -6 28 -28 -56
12 6 -4 28 -28 -56
12 6 -18 32 -32 -120
12 6 -8 32 -32 -120
12 6 -6 32 -32 -64
12 6 -4 32 -32 -24
12 6 -2 32 -32 -24
12 6 -12 36 -36 -72
12 6 -6 36 -36 -72
12 6 6 36 -36 0
12 6 12 36 -36 -72
12 6 24 36 -36 0
12 6 42 36 -36 -72
12 6 54 36 -36 0
12 6 -10 40 -40 -80
12 6 -8 40 -40 -80
12 6 -6 40 -40 -80
12 6 -6 44 -44 -88
12 6 -6 48 -48 -96
12 6 -6 52 -52 -104
12 6 -6 56 -56 -112
12 6 -6 60 -60 -120
14 7 -7 -59 59 118
14 7 -7 -55 55 110
14 7 -7 -51 51 102
14 7 -25 -50 50 100
14 7 4 -50 50 100
14 7 -7 -47 47 94
14 7 -7 -43 43 86
14 7 -7 -39 39 78
14 7 -24 -36 36 72
14 7 3 -36 36 72
14 7 -7 -35 35 70
14 7 -8 -32 32 24
14 7 -7 -31 31 62
14 7 -7 -27 27 54
14 7 -23 -23 23 46
14 7 -7 -23 23 46
14 7 2 -23 23 46
14 7 -7 -19 19 38
14 7 -7 -15 15 30
14 7 -22 -11 11 22
14 7 -7 -11 11 22
14 7 1 -11 11 22
14 7 -7 -7 7 14
14 7 -7 -3 3 6
14 7 -7 1 -1 -2
14 7 -7 5 -5 -10
14 7 -7 9 -9 -18
14 7 -20 10 -10 -20
14 7 -1 10 -10 -20
14 7 -7 13 -13 -26
14 7 -7 17 -17 -34
14 7 -19 19 -19 -38
14 7 -2 19 -19 -38
14 7 -7 21 -21 -42
14 7 -6 24 -24 -18
14 7 -7 25 -25 -50
14 7 -18 27 -27 -54
14 7 -3 27 -27 -54
14 7 -7 29 -29 -58
14 7 -7 33 -33 -66
14 7 -17 34 -34 -68
14 7 -4 34 -34 -68
14 7 -7 37 -37 -74
14 7 -16 40 -40 -80
14 7 -5 40 -40 -80
14 7 -2 40 -40 -30
14 7 -7 41 -41 -82
14 7 -15 45 -45 -90
14 7 -7 45 -45 -90
14 7 -6 45 -45 -90
14 7 -4 48 -48 -36
14 7 -14 49 -49 -98
14 7 -7 49 -49 -98
14 7 7 49 -49 0
14 7 14 49 -49 -98
14 7 28 49 -49 0
14 7 49 49 -49 -98
14 7 -13 52 -52 -104
14 7 -8 52 -52 -104
14 7 -7 53 -53 -106
14 7 -12 54 -54 -108
14 7 -9 54 -54 -108
14 7 -11 55 -55 -110
14 7 -10 55 -55 -110
14 7 -7 57 -57 -114
16 8 -8 -60 60 120
16 8 -28 -56 56 112
16 8 -8 -56 56 112
16 8 4 -56 56 112
16 8 -8 -52 52 104
16 8 -8 -48 48 96
16 8 -8 -44 44 88
16 8 -8 -40 40 80
16 8 -8 -36 36 72
16 8 -8 -32 32 64
16 8 -8 -28 28 56
16 8 -26 -26 26 52
16 8 2 -26 26 52
16 8 -8 -24 24 48
16 8 -8 -20 20 40
16 8 -8 -16 16 32
16 8 -8 -12 12 24
16 8 -8 -8 8 16
16 8 -8 -4 4 8
16 8 -8 4 -4 -8
16 8 -8 8 -8 -16
16 8 -8 12 -12 -24
16 8 -8 16 -16 -32
16 8 -8 20 -20 -40
16 8 -22 22 -22 -44
16 8 -2 22 -22 -44
16 8 -8 24 -24 -48
16 8 -8 28 -28 -56
16 8 -8 32 -32 -64
16 8 -8 36 -36 -72
16 8 -20 40 -40 -80
16 8 -8 40 -40 -80
16 8 -4 40 -40 -80
16 8 -8 44 -44 -88
16 8 -8 48 -48 -96
16 8 -6 48 -48 -36
16 8 -2 48 -48 -36
16 8 -8 52 -52 -104
16 8 -18 54 -54 -108
16 8 -6 54 -54 -108
16 8 -8 56 -56 -112
16 8 -8 60 -60 -120
18 9 -9 -59 59 118
18 9 -9 -55 55 110
18 9 -9 -51 51 102
18 9 -9 -47 47 94
18 9 -30 -45 45 90
18 9 3 -45 45 90
18 9 -9 -43 43 86
18 9 -10 -40 40 30
18 9 -9 -39 39 78
18 9 -9 -35 35 70
18 9 -9 -31 31 62
18 9 -29 -29 29 58
18 9 2 -29 29 58
18 9 -9 -27 27 54
18 9 -9 -23 23 46
18 9 -9 -19 19 38
18 9 -9 -15 15 30
18 9 -28 -14 14 28
18 9 1 -14 14 28
18 9 -9 -11 11 22
18 9 -9 -7 7 14
18 9 -9 -3 3 6
18 9 -9 1 -1 -2
18 9 -9 5 -5 -10
18 9 -9 9 -9 -18
18 9 -26 13 -13 -26
18 9 -9 13 -13 -26
18 9 -1 13 -13 -26
18 9 -9 17 -17 -34
18 9 -9 21 -21 -42
18 9 -25 25 -25 -50
18 9 -9 25 -25 -50
18 9 -2 25 -25 -50
18 9 -9 29 -29 -58
18 9 -8 32 -32 -24
18 9 -9 33 -33 -66
18 9 -24 36 -36 -72
18 9 -3 36 -36 -72
18 9 -9 37 -37 -74
18 9 -9 41 -41 -82
18 9 -9 45 -45 -90
18 9 -23 46 -46 -92
18 9 -4 46 -46 -92
18 9 -9 49 -49 -98
18 9 -9 53 -53 -106
18 9 -22 55 -55 -110
18 9 -5 55 -55 -110
18 9 -2 56 -56 -42
18 9 -9 57 -57 -114
20 10 -10 -60 60 120
20 10 -10 -56 56 112
20 10 -10 -52 52 104
20 10 -10 -48 48 96
20 10 -10 -44 44 88
20 10 -10 -40 40 80
20 10 -10 -36 36 72
20 10 -32 -32 32 64
20 10 -10 -32 32 64
20 10 2 -32 32 64
20 10 -10 -28 28 56
20 10 -10 -24 24 48
20 10 -10 -20 20 40
20 10 -10 -16 16 32
20 10 -10 -12 12 24
20 10 -10 -8 8 16
20 10 -10 -4 4 8
20 10 -10 4 -4 -8
20 10 -10 8 -8 -16
20 10 -10 12 -12 -24
20 10 -10 16 -16 -32
20 10 -10 20 -20 -40
20 10 -10 24 -24 -48
20 10 -28 28 -28 -56
20 10 -10 28 -28 -56
20 10 -2 28 -28 -56
20 10 -10 32 -32 -64
20 10 -10 36 -36 -72
20 10 -10 40 -40 -80
20 10 -10 44 -44 -88
20 10 -10 48 -48 -96
20 10 -26 52 -52 -104
20 10 -10 52 -52 -104
20 10 -4 52 -52 -104
20 10 -10 56 -56 -112
20 10 -10 60 -60 -120
22 11 -11 -59 59 118
22 11 -11 -55 55 110
22 11 -36 -54 54 108
22 11 3 -54 54 108
22 11 -11 -51 51 102
22 11 -12 -48 48 36
22 11 -11 -47 47 94
22 11 -11 -43 43 86
22 11 -11 -39 39 78
22 11 -35 -35 35 70
22 11 -11 -35 35 70
22 11 2 -35 35 70
22 11 -11 -31 31 62
22 11 -11 -27 27 54
22 11 -11 -23 23 46
22 11 -11 -19 19 38
22 11 -34 -17 17 34
22 11 1 -17 17 34
22 11 -11 -15 15 30
22 11 -11 -11 11 22
22 11 -11 -7 7 14
22 11 -11 -3 3 6
22 11 -11 1 -1 -2
22 11 -11 5 -5 -10
22 11 -11 9 -9 -18
22 11 -11 13 -13 -26
22 11 -32 16 -16 -32
22 11 -1 16 -16 -32
22 11 -11 17 -17 -34
22 11 -11 21 -21 -42
22 11 -11 25 -25 -50
22 11 -11 29 -29 -58
22 11 -31 31 -31 -62
22 11 -2 31 -31 -62
22 11 -11 33 -33 -66
22 11 -11 37 -37 -74
22 11 -10 40 -40 -30
22 11 -11 41 -41 -82
22 11 -30 45 -45 -90
22 11 -11 45 -45 -90
22 11 -3 45 -45 -90
22 11 -11 49 -49 -98
22 11 -11 53 -53 -106
22 11 -11 57 -57 -114
22 11 -29 58 -58 -116
22 11 -4 58 -58 -116
24 12 -12 -60 60 120
24 12 -12 -56 56 112
24 12 -12 -52 52 104
24 12 -12 -48 48 96
24 12 -12 -44 44 88
24 12 -12 -40 40 80
24 12 -38 -38 38 76
24 12 2 -38 38 76
24 12 -12 -36 36 72
24 12 -12 -32 32 64
24 12 -12 -28 28 56
24 12 -12 -24 24 48
24 12 -12 -20 20 40
24 12 -12 -16 16 32
24 12 -12 -12 12 24
24 12 -12 -8 8 16
24 12 -12 -4 4 8
24 12 -12 4 -4 -8
24 12 -12 8 -8 -16
24 12 -12 12 -12 -24
24 12 -12 16 -16 -32
24 12 2 16 -16 4
24 12 -12 20 -20 -40
24 12 -12 24 -24 -48
24 12 -12 28 -28 -56
24 12 -12 32 -32 -64
24 12 -34 34 -34 -68
24 12 -2 34 -34 -68
24 12 -12 36 -36 -72
24 12 -12 40 -40 -80
24 12 -12 44 -44 -88
24 12 -12 48 -48 -96
24 12 -12 52 -52 -104
24 12 -12 56 -56 -112
24 12 -12 60 -60 -120
26 13 -13 -59 59 118
26 13 -14 -56 56 42
26 13 -13 -55 55 110
26 13 -13 -51 51 102
26 13 -13 -47 47 94
26 13 -13 -43 43 86
26 13 -41 -41 41 82
26 13 2 -41 41 82
26 13 -13 -39 39 78
26 13 -13 -35 35 70
26 13 -13 -31 31 62
26 13 -13 -27 27 54
26 13 2 -27 27 -6
26 13 -13 -23 23 46
26 13 -40 -20 20 40
26 13 1 -20 20 40
26 13 -13 -19 19 38
26 13 -13 -15 15 30
26 13 -13 -11 11 22
26 13 -13 -7 7 14
26 13 -13 -3 3 6
26 13 -13 1 -1 -2
26 13 -13 5 -5 -10
26 13 -13 9 -9 -18
26 13 -13 13 -13 -26
26 13 -13 17 -17 -34
26 13 -38 19 -19 -38
26 13 -1 19 -19 -38
26 13 -13 21 -21 -42
26 13 -13 25 -25 -50
26 13 -13 29 -29 -58
26 13 -13 33 -33 -66
26 13 -37 37 -37 -74
26 13 -13 37 -37 -74
26 13 -2 37 -37 -74
26 13 -13 41 -41 -82
26 13 -13 45 -45 -90
26 13 -12 48 -48 -36
26 13 -13 49 -49 -98
26 13 -13 53 -53 -106
26 13 -36 54 -54 -108
26 13 -3 54 -54 -108
26 13 -13 57 -57 -114
28 14 -14 -60 60 120
28 14 -14 -56 56 112
28 14 -14 -52 52 104
28 14 -14 -48 48 96
28 14 -44 -44 44 88
28 14 -14 -44 44 88
28 14 2 -44 44 88
28 14 -14 -40 40 80
28 14 -14 -36 36 72
28 14 -14 -32 32 64
28 14 -14 -28 28 56
28 14 -14 -24 24 48
28 14 -14 -20 20 40
28 14 -14 -16 16 32
28 14 -14 -12 12 24
28 14 -14 -8 8 16
28 14 -14 -4 4 8
28 14 -14 4 -4 -8
28 14 -14 8 -8 -16
28 14 -14 12 -12 -24
28 14 -14 16 -16 -32
28 14 -14 20 -20 -40
28 14 -14 24 -24 -48
28 14 -14 28 -28 -56
28 14 -14 32 -32 -64
28 14 -14 36 -36 -72
28 14 -40 40 -40 -80
28 14 -14 40 -40 -80
28 14 -2 40 -40 -80
28 14 -14 44 -44 -88
28 14 -14 48 -48 -96
28 14 -14 52 -52 -104
28 14 -14 56 -56 -112
28 14 -14 60 -60 -120
30 15 -15 -59 59 118
30 15 -15 -55 55 110
30 15 -15 -51 51 102
30 15 -47 -47 47 94
30 15 -15 -47 47 94
30 15 2 -47 47 94
30 15 -15 -43 43 86
30 15 -15 -39 39 78
30 15 -15 -35 35 70
30 15 -15 -31 31 62
30 15 -15 -27 27 54
30 15 -46 -23 23 46
30 15 -15 -23 23 46
30 15 1 -23 23 46
30 15 -15 -19 19 38
30 15 -14 -19 19 114
30 15 -15 -15 15 30
30 15 -15 -11 11 22
30 15 -15 -7 7 14
30 15 -15 -3 3 6
30 15 -15 1 -1 -2
30 15 -15 5 -5 -10
30 15 -15 9 -9 -18
30 15 -15 13 -13 -26
30 15 -15 17 -17 -34
30 15 -15 21 -21 -42
30 15 -44 22 -22 -44
30 15 -1 22 -22 -44
30 15 -15 25 -25 -50
30 15 -15 29 -29 -58
30 15 -15 33 -33 -66
30 15 -15 37 -37 -74
30 15 -15 41 -41 -82
30 15 -43 43 -43 -86
30 15 -2 43 -43 -86
30 15 -15 45 -45 -90
30 15 -15 49 -49 -98
30 15 -15 53 -53 -106
30 15 -14 56 -56 -42
30 15 -15 57 -57 -114
32 16 -16 -60 60 120
32 16 -16 -56 56 112
32 16 -16 -52 52 104
32 16 -50 -50 50 100
32 16 2 -50 50 100
32 16 -16 -48 48 96
32 16 -16 -44 44 88
32 16 -16 -40 40 80
32 16 -16 -36 36 72
32 16 -16 -32 32 64
32 16 -16 -28 28 56
32 16 -16 -24 24 48
32 16 -16 -20 20 40
32 16 -16 -16 16 32
32 16 -16 -12 12 24
32 16 -16 -8 8 16
32 16 -16 -4 4 8
32 16 -16 4 -4 -8
32 16 -16 8 -8 -16
32 16 -16 12 -12 -24
32 16 -16 16 -16 -32
32 16 -16 20 -20 -40
32 16 -16 24 -24 -48
32 16 -16 28 -28 -56
32 16 -16 32 -32 -64
32 16 -16 36 -36 -72
32 16 -16 40 -40 -80
32 16 -16 44 -44 -88
32 16 -46 46 -46 -92
32 16 -2 46 -46 -92
32 16 -16 48 -48 -96
32 16 -16 52 -52 -104
32 16 -16 56 -56 -112
32 16 -16 60 -60 -120
34 17 -17 -59 59 118
34 17 -17 -55 55 110
34 17 -53 -53 53 106
34 17 2 -53 53 106
34 17 -17 -51 51 102
34 17 -17 -47 47 94
34 17 -17 -43 43 86
34 17 -17 -39 39 78
34 17 -17 -35 35 70
34 17 -17 -31 31 62
34 17 -17 -27 27 54
34 17 -52 -26 26 52
34 17 1 -26 26 52
34 17 -17 -23 23 46
34 17 -17 -19 19 38
34 17 -17 -15 15 30
34 17 -17 -11 11 22
34 17 -17 -7 7 14
34 17 -17 -3 3 6
34 17 -17 1 -1 -2
34 17 -17 5 -5 -10
34 17 -17 9 -9 -18
34 17 -17 13 -13 -26
34 17 -17 17 -17 -34
34 17 -17 21 -21 -42
34 17 -50 25 -25 -50
34 17 -17 25 -25 -50
34 17 -1 25 -25 -50
34 17 -17 29 -29 -58
34 17 -17 33 -33 -66
34 17 -17 37 -37 -74
34 17 -17 41 -41 -82
34 17 -17 45 -45 -90
34 17 -49 49 -49 -98
34 17 -17 49 -49 -98
34 17 -2 49 -49 -98
34 17 -17 53 -53 -106
34 17 -17 57 -57 -114
36 18 -18 -60 60 120
36 18 -56 -56 56 112
36 18 -18 -56 56 112
36 18 2 -56 56 112
36 18 -18 -52 52 104
36 18 -18 -48 48 96
36 18 -18 -44 44 88
36 18 -18 -40 40 80
36 18 -18 -36 36 72
36 18 -18 -32 32 64
36 18 -18 -28 28 56
36 18 -18 -24 24 48
36 18 -18 -20 20 40
36 18 -18 -16 16 32
36 18 -18 -12 12 24
36 18 -18 -8 8 16
36 18 -18 -4 4 8
36 18 -18 4 -4 -8
36 18 -18 8 -8 -16
36 18 -18 12 -12 -24
36 18 -18 16 -16 -32
36 18 -18 20 -20 -40
36 18 -18 24 -24 -48
36 18 -18 28 -28 -56
36 18 -18 32 -32 -64
36 18 -18 36 -36 -72
36 18 -18 40 -40 -80
36 18 -18 44 -44 -88
36 18 -18 48 -48 -96
36 18 -52 52 -52 -104
36 18 -18 52 -52 -104
36 18 -2 52 -52 -104
36 18 -18 56 -56 -112
36 18 -18 60 -60 -120
38 19 -59 -59 59 118
38 19 -19 -59 59 118
38 19 2 -59 59 118
38 19 -19 -55 55 110
38 19 -19 -51 51 102
38 19 -19 -47 47 94
38 19 -19 -43 43 86
38 19 -19 -39 39 78
38 19 -19 -35 35 70
38 19 -19 -31 31 62
38 19 -58 -29 29 58
38 19 1 -29 29 58
38 19 -19 -27 27 54
38 19 -19 -23 23 46
38 19 -19 -19 19 38
38 19 -19 -15 15 30
38 19 -19 -11 11 22
38 19 -19 -7 7 14
38 19 -19 -3 3 6
38 19 -19 1 -1 -2
38 19 -19 5 -5 -10
38 19 -19 9 -9 -18
38 19 -19 13 -13 -26
38 19 -19 17 -17 -34
38 19 -19 21 -21 -42
38 19 -19 25 -25 -50
38 19 -56 28 -28 -56
38 19 -1 28 -28 -56
38 19 -19 29 -29 -58
38 19 -19 33 -33 -66
38 19 -19 37 -37 -74
38 19 -19 41 -41 -82
38 19 -19 45 -45 -90
38 19 -19 49 -49 -98
38 19 -19 53 -53 -106
38 19 -55 55 -55 -110
38 19 -2 55 -55 -110
38 19 -19 57 -57 -114
40 20 -20 -60 60 120
40 20 -20 -56 56 112
40 20 -20 -52 52 104
40 20 -20 -48 48 96
40 20 -20 -44 44 88
40 20 -20 -40 40 80
40 20 -20 -36 36 72
40 20 -20 -32 32 64
40 20 -20 -28 28 56
40 20 -20 -24 24 48
40 20 -20 -20 20 40
40 20 -20 -16 16 32
40 20 -20 -12 12 24
40 20 -20 -8 8 16
40 20 -20 -4 4 8
40 20 -20 4 -4 -8
40 20 -20 8 -8 -16
40 20 -20 12 -12 -24
40 20 -20 16 -16 -32
40 20 -20 20 -20 -40
40 20 -20 24 -24 -48
40 20 -20 28 -28 -56
40 20 -20 32 -32 -64
40 20 -20 36 -36 -72
40 20 -20 40 -40 -80
40 20 -20 44 -44 -88
40 20 -20 48 -48 -96
40 20 -20 52 -52 -104
40 20 -20 56 -56 -112
40 20 -58 58 -58 -116
40 20 -2 58 -58 -116
40 20 -20 60 -60 -120
42 21 -21 -59 59 118
42 21 -21 -55 55 110
42 21 -21 -51 51 102
42 21 -21 -47 47 94
42 21 -21 -43 43 86
42 21 -21 -39 39 78
42 21 -21 -35 35 70
42 21 1 -32 32 64
42 21 -21 -31 31 62
42 21 -21 -27 27 54
42 21 -21 -23 23 46
42 21 -21 -19 19 38
42 21 -21 -15 15 30
42 21 -21 -11 11 22
42 21 -21 -7 7 14
42 21 -21 -3 3 6
42 21 -21 1 -1 -2
42 21 -21 5 -5 -10
42 21 -21 9 -9 -18
42 21 -21 13 -13 -26
42 21 -21 17 -17 -34
42 21 -21 21 -21 -42
42 21 -21 25 -25 -50
42 21 -21 29 -29 -58
42 21 -1 31 -31 -62
42 21 -21 33 -33 -66
42 21 -21 37 -37 -74
42 21 -21 41 -41 -82
42 21 -21 45 -45 -90
42 21 -21 49 -49 -98
42 21 -21 53 -53 -106
42 21 -21 57 -57 -114
44 22 -22 -60 60 120
44 22 -22 -56 56 112
44 22 -22 -52 52 104
44 22 -22 -48 48 96
44 22 -22 -44 44 88
44 22 -22 -40 40 80
44 22 -22 -36 36 72
44 22 -22 -32 32 64
44 22 -22 -28 28 56
44 22 -22 -24 24 48
44 22 -22 -20 20 40
44 22 -22 -16 16 32
44 22 -22 -12 12 24
44 22 -22 -8 8 16
44 22 -22 -4 4 8
44 22 -22 4 -4 -8
44 22 -22 8 -8 -16
44 22 -22 12 -12 -24
44 22 -22 16 -16 -32
44 22 -22 20 -20 -40
44 22 -22 24 -24 -48
44 22 -22 28 -28 -56
44 22 -22 32 -32 -64
44 22 -22 36 -36 -72
44 22 -22 40 -40 -80
44 22 -22 44 -44 -88
44 22 -22 48 -48 -96
44 22 -22 52 -52 -104
44 22 -22 56 -56 -112
44 22 -22 60 -60 -120
46 23 -23 -59 59 118
46 23 -23 -55 55 110
46 23 -23 -51 51 102
46 23 -23 -47 47 94
46 23 -23 -43 43 86
46 23 -23 -39 39 78
46 23 -23 -35 35 70
46 23 1 -35 35 70
46 23 -23 -31 31 62
46 23 -23 -27 27 54
46 23 -23 -23 23 46
46 23 -23 -19 19 38
46 23 -23 -15 15 30
46 23 -23 -11 11 22
46 23 -23 -7 7 14
46 23 -23 -3 3 6
46 23 -23 1 -1 -2
46 23 -23 5 -5 -10
46 23 -23 9 -9 -18
46 23 -23 13 -13 -26
46 23 -23 17 -17 -34
46 23 -23 21 -21 -42
46 23 -23 25 -25 -50
46 23 -23 29 -29 -58
46 23 -23 33 -33 -66
46 23 -1 34 -34 -68
46 23 -23 37 -37 -74
46 23 -23 41 -41 -82
46 23 -23 45 -45 -90
46 23 -23 49 -49 -98
46 23 -23 53 -53 -106
46 23 -23 57 -57 -114
48 24 -24 -60 60 120
48 24 -24 -56 56 112
48 24 -24 -52 52 104
48 24 -24 -48 48 96
48 24 -24 -44 44 88
48 24 -24 -40 40 80
48 24 -24 -36 36 72
48 24 -24 -32 32 64
48 24 -24 -28 28 56
48 24 -24 -24 24 48
48 24 -24 -20 20 40
48 24 -24 -16 16 32
48 24 -24 -12 12 24
48 24 -24 -8 8 16
48 24 -24 -4 4 8
48 24 -24 4 -4 -8
48 24 -24 8 -8 -16
48 24 -24 12 -12 -24
48 24 -24 16 -16 -32
48 24 -24 20 -20 -40
48 24 -24 24 -24 -48
48 24 -24 28 -28 -56
48 24 -24 32 -32 -64
48 24 -24 36 -36 -72
48 24 -24 40 -40 -80
48 24 -24 44 -44 -88
48 24 -24 48 -48 -96
48 24 -24 52 -52 -104
48 24 -24 56 -56 -112
48 24 -24 60 -60 -120
50 25 -25 -59 59 118
50 25 -25 -55 55 110
50 25 -25 -51 51 102
50 25 -25 -47 47 94
50 25 -25 -43 43 86
50 25 -25 -39 39 78
50 25 1 -38 38 76
50 25 -25 -35 35 70
50 25 -25 -31 31 62
50 25 -25 -27 27 54
50 25 -25 -23 23 46
50 25 -25 -19 19 38
50 25 -25 -15 15 30
50 25 -25 -11 11 22
50 25 -25 -7 7 14
50 25 -25 -3 3 6
50 25 -25 1 -1 -2
50 25 -25 5 -5 -10
50 25 -25 9 -9 -18
50 25 -25 13 -13 -26
50 25 -25 17 -17 -34
50 25 -25 21 -21 -42
50 25 -25 25 -25 -50
50 25 -25 29 -29 -58
50 25 -25 33 -33 -66
50 25 -25 37 -37 -74
50 25 -1 37 -37 -74
50 25 -25 41 -41 -82
50 25 -25 45 -45 -90
50 25 -25 49 -49 -98
50 25 -25 53 -53 -106
50 25 -25 57 -57 -114
52 26 -26 -60 60 120
52 26 -26 -56 56 112
52 26 -26 -52 52 104
52 26 -26 -48 48 96
52 26 -26 -44 44 88
52 26 -26 -40 40 80
52 26 -26 -36 36 72
52 26 -26 -32 32 64
52 26 -26 -28 28 56
52 26 -26 -24 24 48
52 26 -26 -20 20 40
52 26 -26 -16 16 32
52 26 -26 -12 12 24
52 26 -26 -8 8 16
52 26 -26 -4 4 8
52 26 -26 4 -4 -8
52 26 -26 8 -8 -16
52 26 -26 12 -12 -24
52 26 -26 16 -16 -32
52 26 -26 20 -20 -40
52 26 -26 24 -24 -48
52 26 -26 28 -28 -56
52 26 -26 32 -32 -64
52 26 -26 36 -36 -72
52 26 -26 40 -40 -80
52 26 -26 44 -44 -88
52 26 -26 48 -48 -96
52 26 -26 52 -52 -104
52 26 -26 56 -56 -112
52 26 -26 60 -60 -120
54 27 -27 -59 59 118
54 27 -27 -55 55 110
54 27 -27 -51 51 102
54 27 -27 -47 47 94
54 27 -27 -43 43 86
54 27 1 -41 41 82
54 27 -27 -39 39 78
54 27 -27 -35 35 70
54 27 -27 -31 31 62
54 27 -27 -27 27 54
54 27 -27 -23 23 46
54 27 -27 -19 19 38
54 27 -27 -15 15 30
54 27 -27 -11 11 22
54 27 -27 -7 7 14
54 27 -27 -3 3 6
54 27 -27 1 -1 -2
54 27 -27 5 -5 -10
54 27 -27 9 -9 -18
54 27 -27 13 -13 -26
54 27 -27 17 -17 -34
54 27 -27 21 -21 -42
54 27 -27 25 -25 -50
54 27 -27 29 -29 -58
54 27 -27 33 -33 -66
54 27 -27 37 -37 -74
54 27 -1 40 -40 -80
54 27 -27 41 -41 -82
54 27 -27 45 -45 -90
54 27 -27 49 -49 -98
54 27 -27 53 -53 -106
54 27 -27 57 -57 -114
56 28 -28 -60 60 120
56 28 -28 -56 56 112
56 28 -28 -52 52 104
56 28 -28 -48 48 96
56 28 -28 -44 44 88
56 28 -28 -40 40 80
56 28 -28 -36 36 72
56 28 -28 -32 32 64
56 28 -28 -28 28 56
56 28 -28 -24 24 48
56 28 -28 -20 20 40
56 28 -28 -16 16 32
56 28 -28 -12 12 24
56 28 -28 -8 8 16
56 28 -28 -4 4 8
56 28 -28 4 -4 -8
56 28 -28 8 -8 -16
56 28 -28 12 -12 -24
56 28 -28 16 -16 -32
56 28 -28 20 -20 -40
56 28 -28 24 -24 -48
56 28 -28 28 -28 -56
56 28 -28 32 -32 -64
56 28 -28 36 -36 -72
56 28 -28 40 -40 -80
56 28 -28 44 -44 -88
56 28 -28 48 -48 -96
56 28 -28 52 -52 -104
56 28 -28 56 -56 -112
56 28 -28 60 -60 -120
58 29 -29 -59 59 118
58 29 -29 -55 55 110
58 29 -29 -51 51 102
58 29 -29 -47 47 94
58 29 1 -44 44 88
58 29 -29 -43 43 86
58 29 -29 -39 39 78
58 29 -29 -35 35 70
58 29 -29 -31 31 62
58 29 -29 -27 27 54
58 29 -29 -23 23 46
58 29 -29 -19 19 38
58 29 -29 -15 15 30
58 29 -29 -11 11 22
58 29 -29 -7 7 14
58 29 -29 -3 3 6
58 29 -29 1 -1 -2
58 29 -29 5 -5 -10
58 29 -29 9 -9 -18
58 29 -29 13 -13 -26
58 29 -29 17 -17 -34
58 29 -29 21 -21 -42
58 29 -29 25 -25 -50
58 29 -29 29 -29 -58
58 29 -29 33 -33 -66
58 29 -29 37 -37 -74
58 29 -29 41 -41 -82
58 29 -1 43 -43 -86
58 29 -29 45 -45 -90
58 29 -29 49 -49 -98
58 29 -29 53 -53 -106
58 29 -29 57 -57 -114
60 30 -30 -60 60 120
60 30 -30 -56 56 112
60 30 -30 -52 52 104
60 30 -30 -48 48 96
60 30 -30 -44 44 88
60 30 -30 -40 40 80
60 30 -30 -36 36 72
60 30 -30 -32 32 64
60 30 -30 -28 28 56
60 30 -30 -24 24 48
60 30 -30 -20 20 40
60 30 -30 -16 16 32
60 30 -30 -12 12 24
60 30 -30 -8 8 16
60 30 -30 -4 4 8
60 30 -30 4 -4 -8
60 30 -30 8 -8 -16
60 30 -30 12 -12 -24
60 30 -30 16 -16 -32
60 30 -30 20 -20 -40
60 30 -30 24 -24 -48
60 30 -30 28 -28 -56
60 30 -30 32 -32 -64
60 30 -30 36 -36 -72
60 30 -30 40 -40 -80
60 30 -30 44 -44 -88
60 30 -30 48 -48 -96
60 30 -30 52 -52 -104
60 30 -30 56 -56 -112
60 30 -30 60 -60 -120
62 31 -31 -59 59 118
62 31 -31 -55 55 110
62 31 -31 -51 51 102
62 31 -31 -47 47 94
62 31 1 -47 47 94
62 31 -31 -43 43 86
62 31 -31 -39 39 78
62 31 -31 -35 35 70
62 31 -31 -31 31 62
62 31 -31 -27 27 54
62 31 -31 -23 23 46
62 31 -31 -19 19 38
62 31 -31 -15 15 30
62 31 -31 -11 11 22
62 31 -31 -7 7 14
62 31 -31 -3 3 6
62 31 -31 1 -1 -2
62 31 -31 5 -5 -10
62 31 -31 9 -9 -18
62 31 -31 13 -13 -26
62 31 -31 17 -17 -34
62 31 -31 21 -21 -42
62 31 -31 25 -25 -50
62 31 -31 29 -29 -58
62 31 -31 33 -33 -66
62 31 -31 37 -37 -74
62 31 -31 41 -41 -82
62 31 -31 45 -45 -90
62 31 -1 46 -46 -92
62 31 -31 49 -49 -98
62 31 -31 53 -53 -106
62 31 -31 57 -57 -114
64 32 -32 -60 60 120
64 32 -32 -56 56 112
64 32 -32 -52 52 104
64 32 -32 -48 48 96
64 32 -32 -44 44 88
64 32 -32 -40 40 80
64 32 -32 -36 36 72
64 32 -32 -32 32 64
64 32 -32 -28 28 56
64 32 -32 -24 24 48
64 32 -32 -20 20 40
64 32 -32 -16 16 32
64 32 -32 -12 12 24
64 32 -32 -8 8 16
64 32 -32 -4 4 8
64 32 -32 4 -4 -8
64 32 -32 8 -8 -16
64 32 -32 12 -12 -24
64 32 -32 16 -16 -32
64 32 -32 20 -20 -40
64 32 -32 24 -24 -48
64 32 -32 28 -28 -56
64 32 -32 32 -32 -64
64 32 -32 36 -36 -72
64 32 -32 40 -40 -80
64 32 -32 44 -44 -88
64 32 -32 48 -48 -96
64 32 -32 52 -52 -104
64 32 -32 56 -56 -112
64 32 -32 60 -60 -120
66 33 -33 -59 59 118
66 33 -33 -55 55 110
66 33 -33 -51 51 102
66 33 1 -50 50 100
66 33 -33 -47 47 94
66 33 -33 -43 43 86
66 33 -33 -39 39 78
66 33 -33 -35 35 70
66 33 -33 -31 31 62
66 33 -33 -27 27 54
66 33 -33 -23 23 46
66 33 -33 -19 19 38
66 33 -33 -15 15 30
66 33 -33 -11 11 22
66 33 -33 -7 7 14
66 33 -33 -3 3 6
66 33 -33 1 -1 -2
66 33 -33 5 -5 -10
66 33 -33 9 -9 -18
66 33 -33 13 -13 -26
66 33 -33 17 -17 -34
66 33 -33 21 -21 -42
66 33 -33 25 -25 -50
66 33 -33 29 -29 -58
66 33 -33 33 -33 -66
66 33 -33 37 -37 -74
66 33 -33 41 -41 -82
66 33 -33 45 -45 -90
66 33 -33 49 -49 -98
66 33 -1 49 -49 -98
66 33 -33 53 -53 -106
66 33 -33 57 -57 -114
68 34 -34 -60 60 120
68 34 -34 -56 56 112
68 34 -34 -52 52 104
68 34 -34 -48 48 96
68 34 -34 -44 44 88
68 34 -34 -40 40 80
68 34 -34 -36 36 72
68 34 -34 -32 32 64
68 34 -34 -28 28 56
68 34 -34 -24 24 48
68 34 -34 -20 20 40
68 34 -34 -16 16 32
68 34 -34 -12 12 24
68 34 -34 -8 8 16
68 34 -34 -4 4 8
68 34 -34 4 -4 -8
68 34 -34 8 -8 -16
68 34 -34 12 -12 -24
68 34 -34 16 -16 -32
68 34 -34 20 -20 -40
68 34 -34 24 -24 -48
68 34 -34 28 -28 -56
68 34 -34 32 -32 -64
68 34 -34 36 -36 -72
68 34 -34 40 -40 -80
68 34 -34 44 -44 -88
68 34 -34 48 -48 -96
68 34 -34 52 -52 -104
68 34 -34 56 -56 -112
68 34 -34 60 -60 -120
70 35 -35 -59 59 118
70 35 -35 -55 55 110
70 35 1 -53 53 106
70 35 -35 -51 51 102
70 35 -35 -47 47 94
70 35 -35 -43 43 86
70 35 -35 -39 39 78
70 35 -35 -35 35 70
70 35 -35 -31 31 62
70 35 -35 -27 27 54
70 35 -35 -23 23 46
70 35 -35 -19 19 38
70 35 -35 -15 15 30
70 35 -35 -11 11 22
70 35 -35 -7 7 14
70 35 -35 -3 3 6
70 35 -35 1 -1 -2
70 35 -35 5 -5 -10
70 35 -35 9 -9 -18
70 35 -35 13 -13 -26
70 35 -35 17 -17 -34
70 35 -35 21 -21 -42
70 35 -35 25 -25 -50
70 35 -35 29 -29 -58
70 35 -35 33 -33 -66
70 35 -35 37 -37 -74
70 35 -35 41 -41 -82
70 35 -35 45 -45 -90
70 35 -35 49 -49 -98
70 35 -1 52 -52 -104
70 35 -35 53 -53 -106
70 35 -35 57 -57 -114
72 36 -36 -60 60 120
72 36 -36 -56 56 112
72 36 -36 -52 52 104
72 36 -36 -48 48 96
72 36 -36 -44 44 88
72 36 -36 -40 40 80
72 36 -36 -36 36 72
72 36 -36 -32 32 64
72 36 -36 -28 28 56
72 36 -36 -24 24 48
72 36 -36 -20 20 40
72 36 -36 -16 16 32
72 36 -36 -12 12 24
72 36 -36 -8 8 16
72 36 -36 -4 4 8
72 36 -36 4 -4 -8
72 36 -36 8 -8 -16
72 36 -36 12 -12 -24
72 36 -36 16 -16 -32
72 36 -36 20 -20 -40
72 36 -36 24 -24 -48
72 36 -36 28 -28 -56
72 36 -36 32 -32 -64
72 36 -36 36 -36 -72
72 36 -36 40 -40 -80
72 36 -36 44 -44 -88
72 36 -36 48 -48 -96
72 36 -36 52 -52 -104
72 36 -36 56 -56 -112
72 36 -36 60 -60 -120
74 37 -37 -59 59 118
74 37 1 -56 56 112
74 37 -37 -55 55 110
74 37 -37 -51 51 102
74 37 -37 -47 47 94
74 37 -37 -43 43 86
74 37 -37 -39 39 78
74 37 -37 -35 35 70
74 37 -37 -31 31 62
74 37 -37 -27 27 54
74 37 -37 -23 23 46
74 37 -37 -19 19 38
74 37 -37 -15 15 30
74 37 -37 -11 11 22
74 37 -37 -7 7 14
74 37 -37 -3 3 6
74 37 -37 1 -1 -2
74 37 -37 5 -5 -10
74 37 -37 9 -9 -18
74 37 -37 13 -13 -26
74 37 -37 17 -17 -34
74 37 -37 21 -21 -42
74 37 -37 25 -25 -50
74 37 -37 29 -29 -58
74 37 -37 33 -33 -66
74 37 -37 37 -37 -74
74 37 -37 41 -41 -82
74 37 -37 45 -45 -90
74 37 -37 49 -49 -98
74 37 -37 53 -53 -106
74 37 -1 55 -55 -110
74 37 -37 57 -57 -114
76 38 -38 -60 60 120
76 38 -38 -56 56 112
76 38 -38 -52 52 104
76 38 -38 -48 48 96
76 38 -38 -44 44 88
76 38 -38 -40 40 80
76 38 -38 -36 36 72
76 38 -38 -32 32 64
76 38 -38 -28 28 56
76 38 -38 -24 24 48
76 38 -38 -20 20 40
76 38 -38 -16 16 32
76 38 -38 -12 12 24
76 38 -38 -8 8 16
76 38 -38 -4 4 8
76 38 -38 4 -4 -8
76 38 -38 8 -8 -16
76 38 -38 12 -12 -24
76 38 -38 16 -16 -32
76 38 -38 20 -20 -40
76 38 -38 24 -24 -48
76 38 -38 28 -28 -56
76 38 -38 32 -32 -64
76 38 -38 36 -36 -72
76 38 -38 40 -40 -80
76 38 -38 44 -44 -88
76 38 -38 48 -48 -96
76 38 -38 52 -52 -104
76 38 -38 56 -56 -112
76 38 -38 60 -60 -120
78 39 -39 -59 59 118
78 39 1 -59 59 118
78 39 -39 -55 55 110
78 39 -39 -51 51 102
78 39 -39 -47 47 94
78 39 -39 -43 43 86
78 39 -39 -39 39 78
78 39 -39 -35 35 70
78 39 -39 -31 31 62
78 39 -39 -27 27 54
78 39 -39 -23 23 46
78 39 -39 -19 19 38
78 39 -39 -15 15 30
78 39 -39 -11 11 22
78 39 -39 -7 7 14
78 39 -39 -3 3 6
78 39 -39 1 -1 -2
78 39 -39 5 -5 -10
78 39 -39 9 -9 -18
78 39 -39 13 -13 -26
78 39 -39 17 -17 -34
78 39 -39 21 -21 -42
78 39 -39 25 -25 -50
78 39 -39 29 -29 -58
78 39 -39 33 -33 -66
78 39 -39 37 -37 -74
78 39 -39 41 -41 -82
78 39 -39 45 -45 -90
78 39 -39 49 -49 -98
78 39 -39 53 -53 -106
78 39 -39 57 -57 -114
78 39 -1 58 -58 -116
80 40 -40 -60 60 120
80 40 -40 -56 56 112
80 40 -40 -52 52 104
80 40 -40 -48 48 96
80 40 -40 -44 44 88
80 40 -40 -40 40 80
80 40 -40 -36 36 72
80 40 -40 -32 32 64
80 40 -40 -28 28 56
80 40 -40 -24 24 48
80 40 -40 -20 20 40
80 40 -40 -16 16 32
80 40 -40 -12 12 24
80 40 -40 -8 8 16
80 40 -40 -4 4 8
80 40 -40 4 -4 -8
80 40 -40 8 -8 -16
80 40 -40 12 -12 -24
80 40 -40 16 -16 -32
80 40 -40 20 -20 -40
80 40 -40 24 -24 -48
80 40 -40 28 -28 -56
80 40 -40 32 -32 -64
80 40 -40 36 -36 -72
80 40 -40 40 -40 -80
80 40 -40 44 -44 -88
80 40 -40 48 -48 -96
80 40 -40 52 -52 -104
80 40 -40 56 -56 -112
80 40 -40 60 -60 -120
82 41 -41 -59 59 118
82 41 -41 -55 55 110
82 41 -41 -51 51 102
82 41 -41 -47 47 94
82 41 -41 -43 43 86
82 41 -41 -39 39 78
82 41 -41 -35 35 70
82 41 -41 -31 31 62
82 41 -41 -27 27 54
82 41 -41 -23 23 46
82 41 -41 -19 19 38
82 41 -41 -15 15 30
82 41 -41 -11 11 22
82 41 -41 -7 7 14
82 41 -41 -3 3 6
82 41 -41 1 -1 -2
82 41 -41 5 -5 -10
82 41 -41 9 -9 -18
82 41 -41 13 -13 -26
82 41 -41 17 -17 -34
82 41 -41 21 -21 -42
82 41 -41 25 -25 -50
82 41 -41 29 -29 -58
82 41 -41 33 -33 -66
82 41 -41 37 -37 -74
82 41 -41 41 -41 -82
82 41 -41 45 -45 -90
82 41 -41 49 -49 -98
82 41 -41 53 -53 -106
82 41 -41 57 -57 -114
84 42 -42 -60 60 120
84 42 -42 -56 56 112
84 42 -42 -52 52 104
84 42 -42 -48 48 96
84 42 -42 -44 44 88
84 42 -42 -40 40 80
84 42 -42 -36 36 72
84 42 -42 -32 32 64
84 42 -42 -28 28 56
84 42 -42 -24 24 48
84 42 -42 -20 20 40
84 42 -42 -16 16 32
84 42 -42 -12 12 24
84 42 -42 -8 8 16
84 42 -42 -4 4 8
84 42 -42 4 -4 -8
84 42 -42 8 -8 -16
84 42 -42 12 -12 -24
84 42 -42 16 -16 -32
84 42 -42 20 -20 -40
84 42 -42 24 -24 -48
84 42 -42 28 -28 -56
84 42 -42 32 -32 -64
84 42 -42 36 -36 -72
84 42 -42 40 -40 -80
84 42 -42 44 -44 -88
84 42 -42 48 -48 -96
84 42 -42 52 -52 -104
84 42 -42 56 -56 -112
84 42 -42 60 -60 -120
86 43 -43 -59 59 118
86 43 -43 -55 55 110
86 43 -43 -51 51 102
86 43 -43 -47 47 94
86 43 -43 -43 43 86
86 43 -43 -39 39 78
86 43 -43 -35 35 70
86 43 -43 -31 31 62
86 43 -43 -27 27 54
86 43 -43 -23 23 46
86 43 -43 -19 19 38
86 43 -43 -15 15 30
86 43 -43 -11 11 22
86 43 -43 -7 7 14
86 43 -43 -3 3 6
86 43 -43 1 -1 -2
86 43 -43 5 -5 -10
86 43 -43 9 -9 -18
86 43 -43 13 -13 -26
86 43 -43 17 -17 -34
86 43 -43 21 -21 -42
86 43 -43 25 -25 -50
86 43 -43 29 -29 -58
86 43 -43 33 -33 -66
86 43 -43 37 -37 -74
86 43 -43 41 -41 -82
86 43 -43 45 -45 -90
86 43 -43 49 -49 -98
86 43 -43 53 -53 -106
86 43 -43 57 -57 -114
88 44 -44 -60 60 120
88 44 -44 -56 56 112
88 44 -44 -52 52 104
88 44 -44 -48 48 96
88 44 -44 -44 44 88
88 44 -44 -40 40 80
88 44 -44 -36 36 72
88 44 -44 -32 32 64
88 44 -44 -28 28 56
88 44 -44 -24 24 48
88 44 -44 -20 20 40
88 44 -44 -16 16 32
88 44 -44 -12 12 24
88 44 -44 -8 8 16
88 44 -44 -4 4 8
88 44 -44 4 -4 -8
88 44 -44 8 -8 -16
88 44 -44 12 -12 -24
88 44 -44 16 -16 -32
88 44 -44 20 -20 -40
88 44 -44 24 -24 -48
88 44 -44 28 -28 -56
88 44 -44 32 -32 -64
88 44 -44 36 -36 -72
88 44 -44 40 -40 -80
88 44 -44 44 -44 -88
88 44 -44 48 -48 -96
88 44 -44 52 -52 -104
88 44 -44 56 -56 -112
88 44 -44 60 -60 -120
90 45 -45 -59 59 118
90 45 -45 -55 55 110
90 45 -45 -51 51 102
90 45 -45 -47 47 94
90 45 -45 -43 43 86
90 45 -45 -39 39 78
90 45 -45 -35 35 70
90 45 -45 -31 31 62
90 45 -45 -27 27 54
90 45 -45 -23 23 46
90 45 -45 -19 19 38
90 45 -45 -15 15 30
90 45 -45 -11 11 22
90 45 -45 -7 7 14
90 45 -45 -3 3 6
90 45 -45 1 -1 -2
90 45 -45 5 -5 -10
90 45 -45 9 -9 -18
90 45 -45 13 -13 -26
90 45 -45 17 -17 -34
90 45 -45 21 -21 -42
90 45 -45 25 -25 -50
90 45 -45 29 -29 -58
90 45 -45 33 -33 -66
90 45 -45 37 -37 -74
90 45 -45 41 -41 -82
90 45 -45 45 -45 -90
90 45 -45 49 -49 -98
90 45 -45 53 -53 -106
90 45 -45 57 -57 -114
92 46 -46 -60 60 120
92 46 -46 -56 56 112
92 46 -46 -52 52 104
92 46 -46 -48 48 96
92 46 -46 -44 44 88
92 46 -46 -40 40 80
92 46 -46 -36 36 72
92 46 -46 -32 32 64
92 46 -46 -28 28 56
92 46 -46 -24 24 48
92 46 -46 -20 20 40
92 46 -46 -16 16 32
92 46 -46 -12 12 24
92 46 -46 -8 8 16
92 46 -46 -4 4 8
92 46 -46 4 -4 -8
92 46 -46 8 -8 -16
92 46 -46 12 -12 -24
92 46 -46 16 -16 -32
92 46 -46 20 -20 -40
92 46 -46 24 -24 -48
92 46 -46 28 -28 -56
92 46 -46 32 -32 -64
92 46 -46 36 -36 -72
92 46 -46 40 -40 -80
92 46 -46 44 -44 -88
92 46 -46 48 -48 -96
92 46 -46 52 -52 -104
92 46 -46 56 -56 -112
92 46 -46 60 -60 -120
94 47 -47 -59 59 118
94 47 -47 -55 55 110
94 47 -47 -51 51 102
94 47 -47 -47 47 94
94 47 -47 -43 43 86
94 47 -47 -39 39 78
94 47 -47 -35 35 70
94 47 -47 -31 31 62
94 47 -47 -27 27 54
94 47 -47 -23 23 46
94 47 -47 -19 19 38
94 47 -47 -15 15 30
94 47 -47 -11 11 22
94 47 -47 -7 7 14
94 47 -47 -3 3 6
94 47 -47 1 -1 -2
94 47 -47 5 -5 -10
94 47 -47 9 -9 -18
94 47 -47 13 -13 -26
94 47 -47 17 -17 -34
94 47 -47 21 -21 -42
94 47 -47 25 -25 -50
94 47 -47 29 -29 -58
94 47 -47 33 -33 -66
94 47 -47 37 -37 -74
94 47 -47 41 -41 -82
94 47 -47 45 -45 -90
94 47 -47 49 -49 -98
94 47 -47 53 -53 -106
94 47 -47 57 -57 -114
96 48 -48 -60 60 120
96 48 -48 -56 56 112
96 48 -48 -52 52 104
96 48 -48 -48 48 96
96 48 -48 -44 44 88
96 48 -48 -40 40 80
96 48 -48 -36 36 72
96 48 -48 -32 32 64
96 48 -48 -28 28 56
96 48 -48 -24 24 48
96 48 -48 -20 20 40
96 48 -48 -16 16 32
96 48 -48 -12 12 24
96 48 -48 -8 8 16
96 48 -48 -4 4 8
96 48 -48 4 -4 -8
96 48 -48 8 -8 -16
96 48 -48 12 -12 -24
96 48 -48 16 -16 -32
96 48 -48 20 -20 -40
96 48 -48 24 -24 -48
96 48 -48 28 -28 -56
96 48 -48 32 -32 -64
96 48 -48 36 -36 -72
96 48 -48 40 -40 -80
96 48 -48 44 -44 -88
96 48 -48 48 -48 -96
96 48 -48 52 -52 -104
96 48 -48 56 -56 -112
96 48 -48 60 -60 -120
98 49 -49 -59 59 118
98 49 -49 -55 55 110
98 49 -49 -51 51 102
98 49 -49 -47 47 94
98 49 -49 -43 43 86
98 49 -49 -39 39 78
98 49 -49 -35 35 70
98 49 -49 -31 31 62
98 49 -49 -27 27 54
98 49 -49 -23 23 46
98 49 -49 -19 19 38
98 49 -49 -15 15 30
98 49 -49 -11 11 22
98 49 -49 -7 7 14
98 49 -49 -3 3 6
98 49 -49 1 -1 -2
98 49 -49 5 -5 -10
98 49 -49 9 -9 -18
98 49 -49 13 -13 -26
98 49 -49 17 -17 -34
98 49 -49 21 -21 -42
98 49 -49 25 -25 -50
98 49 -49 29 -29 -58
98 49 -49 33 -33 -66
98 49 -49 37 -37 -74
98 49 -49 41 -41 -82
98 49 -49 45 -45 -90
98 49 -49 49 -49 -98
98 49 -49 53 -53 -106
98 49 -49 57 -57 -114
100 50 -50 -60 60 120
100 50 -50 -56 56 112
100 50 -50 -52 52 104
100 50 -50 -48 48 96
100 50 -50 -44 44 88
100 50 -50 -40 40 80
100 50 -50 -36 36 72
100 50 -50 -32 32 64
100 50 -50 -28 28 56
100 50 -50 -24 24 48
100 50 -50 -20 20 40
100 50 -50 -16 16 32
100 50 -50 -12 12 24
100 50 -50 -8 8 16
100 50 -50 -4 4 8
100 50 -50 4 -4 -8
100 50 -50 8 -8 -16
100 50 -50 12 -12 -24
100 50 -50 16 -16 -32
100 50 -50 20 -20 -40
100 50 -50 24 -24 -48
100 50 -50 28 -28 -56
100 50 -50 32 -32 -64
100 50 -50 36 -36 -72
100 50 -50 40 -40 -80
100 50 -50 44 -44 -88
100 50 -50 48 -48 -96
100 50 -50 52 -52 -104
100 50 -50 56 -56 -112
100 50 -50 60 -60 -120
102 51 -51 -59 59 118
102 51 -51 -55 55 110
102 51 -51 -51 51 102
102 51 -51 -47 47 94
102 51 -51 -43 43 86
102 51 -51 -39 39 78
102 51 -51 -35 35 70
102 51 -51 -31 31 62
102 51 -51 -27 27 54
102 51 -51 -23 23 46
102 51 -51 -19 19 38
102 51 -51 -15 15 30
102 51 -51 -11 11 22
102 51 -51 -7 7 14
102 51 -51 -3 3 6
102 51 -51 1 -1 -2
102 51 -51 5 -5 -10
102 51 -51 9 -9 -18
102 51 -51 13 -13 -26
102 51 -51 17 -17 -34
102 51 -51 21 -21 -42
102 51 -51 25 -25 -50
102 51 -51 29 -29 -58
102 51 -51 33 -33 -66
102 51 -51 37 -37 -74
102 51 -51 41 -41 -82
102 51 -51 45 -45 -90
102 51 -51 49 -49 -98
102 51 -51 53 -53 -106
102 51 -51 57 -57 -114
104 52 -52 -60 60 120
104 52 -52 -56 56 112
104 52 -52 -52 52 104
104 52 -52 -48 48 96
104 52 -52 -44 44 88
104 52 -52 -40 40 80
104 52 -52 -36 36 72
104 52 -52 -32 32 64
104 52 -52 -28 28 56
104 52 -52 -24 24 48
104 52 -52 -20 20 40
104 52 -52 -16 16 32
104 52 -52 -12 12 24
104 52 -52 -8 8 16
104 52 -52 -4 4 8
104 52 -52 4 -4 -8
104 52 -52 8 -8 -16
104 52 -52 12 -12 -24
104 52 -52 16 -16 -32
104 52 -52 20 -20 -40
104 52 -52 24 -24 -48
104 52 -52 28 -28 -56
104 52 -52 32 -32 -64
104 52 -52 36 -36 -72
104 52 -52 40 -40 -80
104 52 -52 44 -44 -88
104 52 -52 48 -48 -96
104 52 -52 52 -52 -104
104 52 -52 56 -56 -112
104 52 -52 60 -60 -120
106 53 -53 -59 59 118
106 53 -53 -55 55 110
106 53 -53 -51 51 102
106 53 -53 -47 47 94
106 53 -53 -43 43 86
106 53 -53 -39 39 78
106 53 -53 -35 35 70
106 53 -53 -31 31 62
106 53 -53 -27 27 54
106 53 -53 -23 23 46
106 53 -53 -19 19 38
106 53 -53 -15 15 30
106 53 -53 -11 11 22
106 53 -53 -7 7 14
106 53 -53 -3 3 6
106 53 -53 1 -1 -2
106 53 -53 5 -5 -10
106 53 -53 9 -9 -18
106 53 -53 13 -13 -26
106 53 -53 17 -17 -34
106 53 -53 21 -21 -42
106 53 -53 25 -25 -50
106 53 -53 29 -29 -58
106 53 -53 33 -33 -66
106 53 -53 37 -37 -74
106 53 -53 41 -41 -82
106 53 -53 45 -45 -90
106 53 -53 49 -49 -98
106 53 -53 53 -53 -106
106 53 -53 57 -57 -114
108 54 -54 -60 60 120
108 54 -54 -56 56 112
108 54 -54 -52 52 104
108 54 -54 -48 48 96
108 54 -54 -44 44 88
108 54 -54 -40 40 80
108 54 -54 -36 36 72
108 54 -54 -32 32 64
108 54 -54 -28 28 56
108 54 -54 -24 24 48
108 54 -54 -20 20 40
108 54 -54 -16 16 32
108 54 -54 -12 12 24
108 54 -54 -8 8 16
108 54 -54 -4 4 8
108 54 -54 4 -4 -8
108 54 -54 8 -8 -16
108 54 -54 12 -12 -24
108 54 -54 16 -16 -32
108 54 -54 20 -20 -40
108 54 -54 24 -24 -48
108 54 -54 28 -28 -56
108 54 -54 32 -32 -64
108 54 -54 36 -36 -72
108 54 -54 40 -40 -80
108 54 -54 44 -44 -88
108 54 -54 48 -48 -96
108 54 -54 52 -52 -104
108 54 -54 56 -56 -112
108 54 -54 60 -60 -120
110 55 -55 -59 59 118
110 55 -55 -55 55 110
110 55 -55 -51 51 102
110 55 -55 -47 47 94
110 55 -55 -43 43 86
110 55 -55 -39 39 78
110 55 -55 -35 35 70
110 55 -55 -31 31 62
110 55 -55 -27 27 54
110 55 -55 -23 23 46
110 55 -55 -19 19 38
110 55 -55 -15 15 30
110 55 -55 -11 11 22
110 55 -55 -7 7 14
110 55 -55 -3 3 6
110 55 -55 1 -1 -2
110 55 -55 5 -5 -10
110 55 -55 9 -9 -18
110 55 -55 13 -13 -26
110 55 -55 17 -17 -34
110 55 -55 21 -21 -42
110 55 -55 25 -25 -50
110 55 -55 29 -29 -58
110 55 -55 33 -33 -66
110 55 -55 37 -37 -74
110 55 -55 41 -41 -82
110 55 -55 45 -45 -90
110 55 -55 49 -49 -98
110 55 -55 53 -53 -106
110 55 -55 57 -57 -114
112 56 -56 -60 60 120
112 56 -56 -56 56 112
112 56 -56 -52 52 104
112 56 -56 -48 48 96
112 56 -56 -44 44 88
112 56 -56 -40 40 80
112 56 -56 -36 36 72
112 56 -56 -32 32 64
112 56 -56 -28 28 56
112 56 -56 -24 24 48
112 56 -56 -20 20 40
112 56 -56 -16 16 32
112 56 -56 -12 12 24
112 56 -56 -8 8 16
112 56 -56 -4 4 8
112 56 -56 4 -4 -8
112 56 -56 8 -8 -16
112 56 -56 12 -12 -24
112 56 -56 16 -16 -32
112 56 -56 20 -20 -40
112 56 -56 24 -24 -48
112 56 -56 28 -28 -56
112 56 -56 32 -32 -64
112 56 -56 36 -36 -72
112 56 -56 40 -40 -80
112 56 -56 44 -44 -88
112 56 -56 48 -48 -96
112 56 -56 52 -52 -104
112 56 -56 56 -56 -112
112 56 -56 60 -60 -120
114 57 -57 -59 59 118
114 57 -57 -55 55 110
114 57 -57 -51 51 102
114 57 -57 -47 47 94
114 57 -57 -43 43 86
114 57 -57 -39 39 78
114 57 -57 -35 35 70
114 57 -57 -31 31 62
114 57 -57 -27 27 54
114 57 -57 -23 23 46
114 57 -57 -19 19 38
114 57 -57 -15 15 30
114 57 -57 -11 11 22
114 57 -57 -7 7 14
114 57 -57 -3 3 6
114 57 -57 1 -1 -2
114 57 -57 5 -5 -10
114 57 -57 9 -9 -18
114 57 -57 13 -13 -26
114 57 -57 17 -17 -34
114 57 -57 21 -21 -42
114 57 -57 25 -25 -50
114 57 -57 29 -29 -58
114 57 -57 33 -33 -66
114 57 -57 37 -37 -74
114 57 -57 41 -41 -82
114 57 -57 45 -45 -90
114 57 -57 49 -49 -98
114 57 -57 53 -53 -106
114 57 -57 57 -57 -114
116 58 -58 -60 60 120
116 58 -58 -56 56 112
116 58 -58 -52 52 104
116 58 -58 -48 48 96
116 58 -58 -44 44 88
116 58 -58 -40 40 80
116 58 -58 -36 36 72
116 58 -58 -32 32 64
116 58 -58 -28 28 56
116 58 -58 -24 24 48
116 58 -58 -20 20 40
116 58 -58 -16 16 32
116 58 -58 -12 12 24
116 58 -58 -8 8 16
116 58 -58 -4 4 8
116 58 -58 4 -4 -8
116 58 -58 8 -8 -16
116 58 -58 12 -12 -24
116 58 -58 16 -16 -32
116 58 -58 20 -20 -40
116 58 -58 24 -24 -48
116 58 -58 28 -28 -56
116 58 -58 32 -32 -64
116 58 -58 36 -36 -72
116 58 -58 40 -40 -80
116 58 -58 44 -44 -88
116 58 -58 48 -48 -96
116 58 -58 52 -52 -104
116 58 -58 56 -56 -112
116 58 -58 60 -60 -120
118 59 -59 -59 59 118
118 59 -59 -55 55 110
118 59 -59 -51 51 102
118 59 -59 -47 47 94
118 59 -59 -43 43 86
118 59 -59 -39 39 78
118 59 -59 -35 35 70
118 59 -59 -31 31 62
118 59 -59 -27 27 54
118 59 -59 -23 23 46
118 59 -59 -19 19 38
118 59 -59 -15 15 30
118 59 -59 -11 11 22
118 59 -59 -7 7 14
118 59 -59 -3 3 6
118 59 -59 1 -1 -2
118 59 -59 5 -5 -10
118 59 -59 9 -9 -18
118 59 -59 13 -13 -26
118 59 -59 17 -17 -34
118 59 -59 21 -21 -42
118 59 -59 25 -25 -50
118 59 -59 29 -29 -58
118 59 -59 33 -33 -66
118 59 -59 37 -37 -74
118 59 -59 41 -41 -82
118 59 -59 45 -45 -90
118 59 -59 49 -49 -98
118 59 -59 53 -53 -106
118 59 -59 57 -57 -114
120 60 -60 -60 60 120
120 60 -60 -56 56 112
120 60 -60 -52 52 104
120 60 -60 -48 48 96
120 60 -60 -44 44 88
120 60 -60 -40 40 80
120 60 -60 -36 36 72
120 60 -60 -32 32 64
120 60 -60 -28 28 56
120 60 -60 -24 24 48
120 60 -60 -20 20 40
120 60 -60 -16 16 32
120 60 -60 -12 12 24
120 60 -60 -8 8 16
120 60 -60 -4 4 8
120 60 -60 4 -4 -8
120 60 -60 8 -8 -16
120 60 -60 12 -12 -24
120 60 -60 16 -16 -32
120 60 -60 20 -20 -40
120 60 -60 24 -24 -48
120 60 -60 28 -28 -56
120 60 -60 32 -32 -64
120 60 -60 36 -36 -72
120 60 -60 40 -40 -80
120 60 -60 44 -44 -88
120 60 -60 48 -48 -96
120 60 -60 52 -52 -104
120 60 -60 56 -56 -112
120 60 -60 60 -60 -120
136 68 10 16 -16 4
