1 1 2 3 5 31 -8 -33 -25 -8
1 1 2 3 5 31 -8 -31 -23 8
1 1 2 3 5 32 -8 -1 -1 -8
1 1 2 3 5 32 -8 1 1 8
1 1 2 3 5 33 -8 31 23 -8
1 1 2 3 5 33 -8 33 25 8
1 1 2 3 5 34 -8 63 47 -8
1 1 2 3 5 38 -10 -64 -48 -8
1 1 2 3 5 39 -10 -24 -18 -4
1 1 2 3 5 41 -10 56 42 4
1 1 2 3 5 46 -12 -97 -73 -12
1 1 2 3 5 47 -12 -49 -37 -12
1 1 2 3 5 47 -12 -47 -35 12
1 1 2 3 5 48 -12 -1 -1 -12
1 1 2 3 5 48 -12 1 1 12
1 1 2 3 5 49 -12 47 35 -12
1 1 2 3 5 49 -12 49 37 12
1 1 2 3 5 50 -12 95 71 -12
1 1 2 3 5 54 -14 -96 -72 -8
1 1 2 3 5 55 -14 -104 -78 12
1 1 2 3 5 55 -14 -40 -30 -4
1 1 2 3 5 57 -14 8 6 -12
1 1 2 3 5 57 -14 72 54 4
1 1 2 3 5 62 -16 -129 -97 -16
1 1 2 3 5 63 -16 -128 -96 16
1 1 2 3 5 63 -16 -65 -49 -16
1 1 2 3 5 63 -16 -63 -47 16
1 1 2 3 5 63 -16 0 0 -16
1 1 2 3 5 64 -16 -1 -1 -16
1 1 2 3 5 64 -16 1 1 16
1 1 2 3 5 65 -16 0 0 -16
1 1 2 3 5 65 -16 63 47 -16
1 1 2 3 5 65 -16 65 49 16
1 1 2 3 5 65 -16 128 96 16
1 1 2 3 5 66 -16 127 95 -16
1 1 2 3 5 70 -18 -128 -96 -8
