1 1 2 3 5 71 -18 -120 -90 12
1 1 2 3 5 71 -18 -56 -42 -4
1 1 2 3 5 73 -18 24 18 -12
1 1 2 3 5 73 -18 88 66 4
1 1 2 3 5 78 -20 -161 -121 -20
1 1 2 3 5 79 -20 -144 -108 16
1 1 2 3 5 79 -20 -81 -61 -20
1 1 2 3 5 79 -20 -79 -59 20
1 1 2 3 5 79 -20 -16 -12 -16
1 1 2 3 5 80 -20 -1 -1 -20
1 1 2 3 5 80 -20 1 1 20
1 1 2 3 5 81 -20 16 12 -16
1 1 2 3 5 81 -20 79 59 -20
1 1 2 3 5 81 -20 81 61 20
1 1 2 3 5 81 -20 144 108 16
1 1 2 3 5 82 -20 159 119 -20
1 1 2 3 5 86 -22 -160 -120 -8
1 1 2 3 5 87 -22 -136 -102 12
1 1 2 3 5 87 -22 -72 -54 -4
1 1 2 3 5 87 -22 -8 -6 -20
1 1 2 3 5 89 -22 40 30 -12
1 1 2 3 5 89 -22 104 78 4
1 1 2 3 5 89 -22 168 126 20
1 1 2 3 5 90 -22 128 96 -24
1 1 2 3 5 94 -24 -193 -145 -24
1 1 2 3 5 95 -24 -160 -120 16
1 1 2 3 5 95 -24 -97 -73 -24
1 1 2 3 5 95 -24 -95 -71 24
1 1 2 3 5 95 -24 -32 -24 -16
1 1 2 3 5 96 -24 -1 -1 -24
1 1 2 3 5 96 -24 1 1 24
1 1 2 3 5 97 -24 32 24 -16
1 1 2 3 5 97 -24 95 71 -24
1 1 2 3 5 97 -24 97 73 24
1 1 2 3 5 97 -24 160 120 16
1 1 2 3 5 98 -24 191 143 -24
1 1 2 3 5 102 -26 -192 -144 -8
1 1 2 3 5 103 -26 -152 -114 12
1 1 2 3 5 103 -26 -88 -66 -4
1 1 2 3 5 103 -26 -24 -18 -20
1 1 2 3 5 105 -26 56 42 -12
1 1 2 3 5 105 -26 120 90 4
1 1 2 3 5 105 -26 184 138 20
1 1 2 3 5 106 -26 160 120 -24
1 1 2 3 5 110 -28 -225 -169 -28
1 1 2 3 5 111 -28 -176 -132 16
1 1 2 3 5 111 -28 -113 -85 -28
1 1 2 3 5 111 -28 -111 -83 28
1 1 2 3 5 111 -28 -48 -36 -16
1 1 2 3 5 112 -28 -1 -1 -28
1 1 2 3 5 112 -28 1 1 28
1 1 2 3 5 113 -28 48 36 -16
1 1 2 3 5 113 -28 111 83 -28
1 1 2 3 5 113 -28 113 85 28
1 1 2 3 5 113 -28 176 132 16
1 1 2 3 5 114 -28 223 167 -28
1 1 2 3 5 118 -30 -224 -168 -8
1 1 2 3 5 119 -30 -232 -174 28
1 1 2 3 5 119 -30 -168 -126 12
1 1 2 3 5 119 -30 -104 -78 -4
1 1 2 3 5 119 -30 -40 -30 -20
