-1 1 3 -4 -2 133 118 -271 -241 -15
-1 1 3 -4 -2 134 119 -136 -121 -15
-1 1 3 -4 -2 134 119 -134 -119 15
-1 1 3 -4 -2 135 120 -1 -1 -15
-1 1 3 -4 -2 135 120 1 1 15
-1 1 3 -4 -2 136 121 134 119 -15
-1 1 3 -4 -2 136 121 136 121 15
-1 1 3 -4 -2 137 122 269 239 -15
-1 1 3 -4 -2 160 142 -325 -289 -18
-1 1 3 -4 -2 161 143 -163 -145 -18
-1 1 3 -4 -2 161 143 -161 -143 18
-1 1 3 -4 -2 162 144 -1 -1 -18
-1 1 3 -4 -2 162 144 1 1 18
-1 1 3 -4 -2 163 145 161 143 -18
-1 1 3 -4 -2 163 145 163 145 18
-1 1 3 -4 -2 164 146 323 287 -18
