0 1 1 1 1 1 -8 0 -36 -7 -16 5  # REPEATED
0 1 1 1 1 1 -4 -31 -9 80 60 -60  # REPEATED
0 1 1 1 1 1 -4 -30 -10 76 56 -56  # REPEATED
0 1 1 1 1 1 -4 -29 -11 72 52 -52  # REPEATED
0 1 1 1 1 1 -4 -28 -12 68 48 -48  # REPEATED
0 1 1 1 1 1 -4 -27 -13 64 44 -44  # REPEATED
0 1 1 1 1 1 -4 -26 -14 60 40 -40  # REPEATED
0 1 1 1 1 1 -4 -25 -15 56 36 -36  # REPEATED
0 1 1 1 1 1 -4 -24 -16 52 32 -32  # REPEATED
0 1 1 1 1 1 -4 -23 -17 48 28 -28  # REPEATED
0 1 1 1 1 1 -4 -22 -18 44 24 -24  # REPEATED
0 1 1 1 1 1 -4 -21 -19 40 20 -20  # REPEATED
0 1 1 1 1 1 -4 -20 -20 36 16 -16  # REPEATED
0 1 1 1 1 1 -4 -19 -21 32 12 -12  # REPEATED
0 1 1 1 1 1 -4 -18 -22 28 8 -8  # REPEATED
0 1 1 1 1 1 -4 -17 -23 24 4 -4  # REPEATED
0 1 1 1 1 1 -4 -15 -25 16 -4 4  # REPEATED
0 1 1 1 1 1 -4 -14 -26 12 -8 8  # REPEATED
0 1 1 1 1 1 -4 -13 -27 8 -12 12  # REPEATED
0 1 1 1 1 1 -4 -12 -28 4 -16 16  # REPEATED
0 1 1 1 1 1 -4 -10 -30 -4 -24 24  # REPEATED
0 1 1 1 1 1 -4 -9 -31 -8 -28 28  # REPEATED
0 1 1 1 1 1 -4 -8 -32 -12 -32 32  # REPEATED
0 1 1 1 1 1 -4 -7 -33 -16 -36 36  # REPEATED
0 1 1 1 1 1 -4 -6 -34 -20 -40 40  # REPEATED
0 1 1 1 1 1 -4 -5 -35 -24 -44 44  # REPEATED
0 1 1 1 1 1 -4 -4 -36 -28 -48 48  # REPEATED
0 1 1 1 1 1 -4 -4 -24 1 -4 1  # REPEATED
0 1 1 1 1 1 -4 -3 -37 -32 -52 52  # REPEATED
0 1 1 1 1 1 -4 -2 -38 -36 -56 56  # REPEATED
0 1 1 1 1 1 -4 -1 -39 -40 -60 60  # REPEATED
0 1 1 1 1 1 -2 -35 23 63 60 -30  # REPEATED
0 1 1 1 1 1 -2 -34 22 61 58 -29  # REPEATED
0 1 1 1 1 1 -2 -33 21 59 56 -28  # REPEATED
0 1 1 1 1 1 -2 -32 20 57 54 -27  # REPEATED
0 1 1 1 1 1 -2 -31 19 55 52 -26  # REPEATED
0 1 1 1 1 1 -2 -30 18 53 50 -25  # REPEATED
0 1 1 1 1 1 -2 -29 17 51 48 -24  # REPEATED
0 1 1 1 1 1 -2 -28 16 49 46 -23  # REPEATED
0 1 1 1 1 1 -2 -27 15 47 44 -22  # REPEATED
0 1 1 1 1 1 -2 -26 14 45 42 -21  # REPEATED
0 1 1 1 1 1 -2 -25 13 43 40 -20  # REPEATED
0 1 1 1 1 1 -2 -24 12 41 38 -19  # REPEATED
0 1 1 1 1 1 -2 -23 11 39 36 -18  # REPEATED
0 1 1 1 1 1 -2 -22 10 37 34 -17  # REPEATED
0 1 1 1 1 1 -2 -21 9 35 32 -16  # REPEATED
0 1 1 1 1 1 -2 -20 8 33 30 -15  # REPEATED
0 1 1 1 1 1 -2 -19 7 31 28 -14  # REPEATED
0 1 1 1 1 1 -2 -18 6 29 26 -13  # REPEATED
0 1 1 1 1 1 -2 -17 5 27 24 -12  # REPEATED
0 1 1 1 1 1 -2 -16 4 25 22 -11  # REPEATED
0 1 1 1 1 1 -2 -15 3 23 20 -10  # REPEATED
0 1 1 1 1 1 -2 -14 2 21 18 -9  # REPEATED
0 1 1 1 1 1 -2 -13 1 19 16 -8  # REPEATED
0 1 1 1 1 1 -2 -12 0 17 14 -7  # REPEATED
0 1 1 1 1 1 -2 -11 -1 15 12 -6  # REPEATED
0 1 1 1 1 1 -2 -10 -2 13 10 -5  # REPEATED
0 1 1 1 1 1 -2 -9 -3 11 8 -4  # REPEATED
0 1 1 1 1 1 -2 -8 -4 9 6 -3  # REPEATED
0 1 1 1 1 1 -2 -7 -5 7 4 -2  # REPEATED
0 1 1 1 1 1 -2 -6 -6 5 2 -1  # REPEATED
0 1 1 1 1 1 -2 -4 -8 1 -2 1  # REPEATED
0 1 1 1 1 1 -2 -3 -9 -1 -4 2  # REPEATED
0 1 1 1 1 1 -2 -2 -10 -3 -6 3  # REPEATED
0 1 1 1 1 1 -2 -1 -11 -5 -8 4  # REPEATED
0 1 1 1 1 1 -2 0 -12 -7 -10 5  # REPEATED
0 1 1 1 1 1 -2 1 -13 -9 -12 6  # REPEATED
0 1 1 1 1 1 -2 2 -14 -11 -14 7  # REPEATED
0 1 1 1 1 1 -2 3 -15 -13 -16 8  # REPEATED
0 1 1 1 1 1 -2 4 -16 -15 -18 9  # REPEATED
0 1 1 1 1 1 -2 5 -17 -17 -20 10  # REPEATED
0 1 1 1 1 1 -2 6 -18 -19 -22 11  # REPEATED
0 1 1 1 1 1 -2 7 -19 -21 -24 12  # REPEATED
0 1 1 1 1 1 -2 8 -20 -23 -26 13  # REPEATED
0 1 1 1 1 1 -2 9 -21 -25 -28 14  # REPEATED
0 1 1 1 1 1 -2 10 -22 -27 -30 15  # REPEATED
0 1 1 1 1 1 -2 11 -23 -29 -32 16  # REPEATED
0 1 1 1 1 1 -2 12 -24 -31 -34 17  # REPEATED
0 1 1 1 1 1 -2 13 -25 -33 -36 18  # REPEATED
0 1 1 1 1 1 -2 14 -26 -35 -38 19  # REPEATED
0 1 1 1 1 1 -2 15 -27 -37 -40 20  # REPEATED
0 1 1 1 1 1 -2 16 -28 -39 -42 21  # REPEATED
0 1 1 1 1 1 -2 17 -29 -41 -44 22  # REPEATED
0 1 1 1 1 1 -2 18 -30 -43 -46 23  # REPEATED
0 1 1 1 1 1 -2 19 -31 -45 -48 24  # REPEATED
0 1 1 1 1 1 -2 20 -32 -47 -50 25  # REPEATED
0 1 1 1 1 1 -2 21 -33 -49 -52 26  # REPEATED
0 1 1 1 1 1 -2 22 -34 -51 -54 27  # REPEATED
0 1 1 1 1 1 -2 23 -35 -53 -56 28  # REPEATED
0 1 1 1 1 1 -2 24 -36 -55 -58 29  # REPEATED
0 1 1 1 1 1 -2 25 -37 -57 -60 30  # REPEATED
0 1 1 1 1 1 -1 -13 12 19 20 -8  # REPEATED
0 1 1 1 1 1 0 -14 -2 20 8 -8
0 1 1 1 1 1 2 -31 27 -61 -60 -30  # REPEATED
0 1 1 1 1 1 2 -30 26 -59 -58 -29  # REPEATED
0 1 1 1 1 1 2 -29 25 -57 -56 -28  # REPEATED
0 1 1 1 1 1 2 -28 24 -55 -54 -27  # REPEATED
0 1 1 1 1 1 2 -27 23 -53 -52 -26  # REPEATED
0 1 1 1 1 1 2 -26 22 -51 -50 -25  # REPEATED
0 1 1 1 1 1 2 -25 21 -49 -48 -24  # REPEATED
0 1 1 1 1 1 2 -24 20 -47 -46 -23  # REPEATED
0 1 1 1 1 1 2 -23 19 -45 -44 -22  # REPEATED
0 1 1 1 1 1 2 -22 18 -43 -42 -21  # REPEATED
0 1 1 1 1 1 2 -21 17 -41 -40 -20  # REPEATED
0 1 1 1 1 1 2 -20 16 -39 -38 -19  # REPEATED
0 1 1 1 1 1 2 -19 15 -37 -36 -18  # REPEATED
0 1 1 1 1 1 2 -18 14 -35 -34 -17  # REPEATED
0 1 1 1 1 1 2 -17 13 -33 -32 -16  # REPEATED
0 1 1 1 1 1 2 -16 12 -31 -30 -15  # REPEATED
0 1 1 1 1 1 2 -15 11 -29 -28 -14  # REPEATED
0 1 1 1 1 1 2 -14 10 -27 -26 -13  # REPEATED
0 1 1 1 1 1 2 -13 9 -25 -24 -12  # REPEATED
0 1 1 1 1 1 2 -12 8 -23 -22 -11  # REPEATED
0 1 1 1 1 1 2 -11 7 -21 -20 -10  # REPEATED
0 1 1 1 1 1 2 -10 6 -19 -18 -9  # REPEATED
0 1 1 1 1 1 2 -9 5 -17 -16 -8  # REPEATED
0 1 1 1 1 1 2 -8 4 -15 -14 -7  # REPEATED
0 1 1 1 1 1 2 -7 3 -13 -12 -6  # REPEATED
0 1 1 1 1 1 2 -6 2 -11 -10 -5  # REPEATED
0 1 1 1 1 1 2 -5 1 -9 -8 -4  # REPEATED
0 1 1 1 1 1 2 -4 0 -7 -6 -3  # REPEATED
0 1 1 1 1 1 2 -3 -1 -5 -4 -2  # REPEATED
0 1 1 1 1 1 2 -2 -2 -3 -2 -1  # REPEATED
0 1 1 1 1 1 2 0 -4 1 2 1  # REPEATED
0 1 1 1 1 1 2 1 -5 3 4 2  # REPEATED
0 1 1 1 1 1 2 2 -6 5 6 3  # REPEATED
0 1 1 1 1 1 2 3 -7 7 8 4  # REPEATED
0 1 1 1 1 1 2 4 -8 9 10 5  # REPEATED
0 1 1 1 1 1 2 5 -9 11 12 6  # REPEATED
0 1 1 1 1 1 2 6 -10 13 14 7  # REPEATED
0 1 1 1 1 1 2 7 -11 15 16 8  # REPEATED
0 1 1 1 1 1 2 8 -12 17 18 9  # REPEATED
0 1 1 1 1 1 2 9 -13 19 20 10  # REPEATED
0 1 1 1 1 1 2 10 -14 21 22 11  # REPEATED
0 1 1 1 1 1 2 11 -15 23 24 12  # REPEATED
0 1 1 1 1 1 2 12 -16 25 26 13  # REPEATED
0 1 1 1 1 1 2 13 -17 27 28 14  # REPEATED
0 1 1 1 1 1 2 14 -18 29 30 15  # REPEATED
0 1 1 1 1 1 2 15 -19 31 32 16  # REPEATED
0 1 1 1 1 1 2 16 -20 33 34 17  # REPEATED
0 1 1 1 1 1 2 17 -21 35 36 18  # REPEATED
0 1 1 1 1 1 2 18 -22 37 38 19  # REPEATED
0 1 1 1 1 1 2 19 -23 39 40 20  # REPEATED
0 1 1 1 1 1 2 20 -24 41 42 21  # REPEATED
0 1 1 1 1 1 2 21 -25 43 44 22  # REPEATED
0 1 1 1 1 1 2 22 -26 45 46 23  # REPEATED
0 1 1 1 1 1 2 23 -27 47 48 24  # REPEATED
0 1 1 1 1 1 2 24 -28 49 50 25  # REPEATED
0 1 1 1 1 1 2 25 -29 51 52 26  # REPEATED
0 1 1 1 1 1 2 26 -30 53 54 27  # REPEATED
0 1 1 1 1 1 2 27 -31 55 56 28  # REPEATED
0 1 1 1 1 1 2 28 -32 57 58 29  # REPEATED
0 1 1 1 1 1 2 29 -33 59 60 30  # REPEATED
0 1 1 1 1 1 4 -23 -1 -72 -60 -60  # REPEATED
0 1 1 1 1 1 4 -22 -2 -68 -56 -56  # REPEATED
0 1 1 1 1 1 4 -21 -3 -64 -52 -52  # REPEATED
0 1 1 1 1 1 4 -20 -4 -60 -48 -48  # REPEATED
0 1 1 1 1 1 4 -19 -5 -56 -44 -44  # REPEATED
0 1 1 1 1 1 4 -18 -6 -52 -40 -40  # REPEATED
0 1 1 1 1 1 4 -17 -7 -48 -36 -36  # REPEATED
0 1 1 1 1 1 4 -16 -8 -44 -32 -32  # REPEATED
0 1 1 1 1 1 4 -15 -9 -40 -28 -28  # REPEATED
0 1 1 1 1 1 4 -14 -10 -36 -24 -24  # REPEATED
0 1 1 1 1 1 4 -13 -11 -32 -20 -20  # REPEATED
0 1 1 1 1 1 4 -12 -12 -28 -16 -16  # REPEATED
0 1 1 1 1 1 4 -11 -13 -24 -12 -12  # REPEATED
0 1 1 1 1 1 4 -10 -14 -20 -8 -8  # REPEATED
0 1 1 1 1 1 4 -9 -15 -16 -4 -4  # REPEATED
0 1 1 1 1 1 4 -7 -17 -8 4 4  # REPEATED
0 1 1 1 1 1 4 -6 -18 -4 8 8  # REPEATED
0 1 1 1 1 1 4 -4 -20 4 16 16  # REPEATED
0 1 1 1 1 1 4 -3 -21 8 20 20  # REPEATED
0 1 1 1 1 1 4 -2 -22 12 24 24  # REPEATED
0 1 1 1 1 1 4 -1 -23 16 28 28  # REPEATED
0 1 1 1 1 1 4 0 -24 20 32 32  # REPEATED
0 1 1 1 1 1 4 0 -12 1 4 1  # REPEATED
0 1 1 1 1 1 4 1 -25 24 36 36  # REPEATED
0 1 1 1 1 1 4 2 -26 28 40 40  # REPEATED
0 1 1 1 1 1 4 3 -27 32 44 44  # REPEATED
0 1 1 1 1 1 4 4 -28 36 48 48  # REPEATED
0 1 1 1 1 1 4 5 -29 40 52 52  # REPEATED
0 1 1 1 1 1 4 6 -30 44 56 56  # REPEATED
0 1 1 1 1 1 4 7 -31 48 60 60  # REPEATED
0 1 1 1 1 1 5 -13 -24 -32 -10 -20  # REPEATED
0 1 1 1 1 1 6 -28 -32 -87 -42 -63  # REPEATED
0 1 1 1 1 1 6 -27 -33 -81 -36 -54  # REPEATED
0 1 1 1 1 1 6 -26 -34 -75 -30 -45  # REPEATED
0 1 1 1 1 1 6 -25 -35 -69 -24 -36  # REPEATED
0 1 1 1 1 1 6 -24 -36 -63 -18 -27  # REPEATED
0 1 1 1 1 1 6 -23 -37 -57 -12 -18  # REPEATED
0 1 1 1 1 1 6 -22 -38 -51 -6 -9  # REPEATED
0 1 1 1 1 1 6 -20 -40 -39 6 9  # REPEATED
0 1 1 1 1 1 10 1 -21 3 20 2  # REPEATED
0 1 1 1 1 2 -5 -3 -40 -4 -14 4  # REPEATED
0 1 1 1 1 2 -5 -3 -28 -4 -26 4  # REPEATED
0 1 1 1 1 2 -4 -35 -13 84 60 -60  # REPEATED
0 1 1 1 1 2 -4 -34 -14 80 56 -56  # REPEATED
0 1 1 1 1 2 -4 -33 -15 76 52 -52  # REPEATED
0 1 1 1 1 2 -4 -32 -16 72 48 -48  # REPEATED
0 1 1 1 1 2 -4 -31 -17 68 44 -44  # REPEATED
0 1 1 1 1 2 -4 -30 -18 64 40 -40  # REPEATED
0 1 1 1 1 2 -4 -29 -19 60 36 -36  # REPEATED
0 1 1 1 1 2 -4 -28 -20 56 32 -32  # REPEATED
0 1 1 1 1 2 -4 -27 -21 52 28 -28  # REPEATED
0 1 1 1 1 2 -4 -26 -22 48 24 -24  # REPEATED
0 1 1 1 1 2 -4 -25 -23 44 20 -20  # REPEATED
0 1 1 1 1 2 -4 -24 -24 40 16 -16  # REPEATED
0 1 1 1 1 2 -4 -23 -25 36 12 -12  # REPEATED
0 1 1 1 1 2 -4 -22 -26 32 8 -8  # REPEATED
0 1 1 1 1 2 -4 -21 -27 28 4 -4  # REPEATED
0 1 1 1 1 2 -4 -19 -29 20 -4 4  # REPEATED
0 1 1 1 1 2 -4 -18 -30 16 -8 8  # REPEATED
0 1 1 1 1 2 -4 -17 -31 12 -12 12  # REPEATED
0 1 1 1 1 2 -4 -16 -32 8 -16 16  # REPEATED
0 1 1 1 1 2 -4 -15 -33 4 -20 20  # REPEATED
0 1 1 1 1 2 -4 -13 -35 -4 -28 28  # REPEATED
0 1 1 1 1 2 -4 -12 -36 -8 -32 32  # REPEATED
0 1 1 1 1 2 -4 -11 -37 -12 -36 36  # REPEATED
0 1 1 1 1 2 -4 -10 -38 -16 -40 40  # REPEATED
0 1 1 1 1 2 -4 -9 -39 -20 -44 44  # REPEATED
0 1 1 1 1 2 -4 -8 -40 -24 -48 48  # REPEATED
0 1 1 1 1 2 -4 -6 -30 2 -4 1  # REPEATED
0 1 1 1 1 2 -3 -11 -36 -12 -42 36  # REPEATED
0 1 1 1 1 2 -2 -37 21 64 60 -30  # REPEATED
0 1 1 1 1 2 -2 -36 20 62 58 -29  # REPEATED
0 1 1 1 1 2 -2 -35 19 60 56 -28  # REPEATED
0 1 1 1 1 2 -2 -34 18 58 54 -27  # REPEATED
0 1 1 1 1 2 -2 -33 17 56 52 -26  # REPEATED
0 1 1 1 1 2 -2 -32 16 54 50 -25  # REPEATED
0 1 1 1 1 2 -2 -31 15 52 48 -24  # REPEATED
0 1 1 1 1 2 -2 -30 14 50 46 -23  # REPEATED
0 1 1 1 1 2 -2 -29 13 48 44 -22  # REPEATED
0 1 1 1 1 2 -2 -28 12 46 42 -21  # REPEATED
0 1 1 1 1 2 -2 -27 11 44 40 -20  # REPEATED
0 1 1 1 1 2 -2 -26 10 42 38 -19  # REPEATED
0 1 1 1 1 2 -2 -25 9 40 36 -18  # REPEATED
0 1 1 1 1 2 -2 -24 8 38 34 -17  # REPEATED
0 1 1 1 1 2 -2 -23 7 36 32 -16  # REPEATED
0 1 1 1 1 2 -2 -22 6 34 30 -15  # REPEATED
0 1 1 1 1 2 -2 -21 5 32 28 -14  # REPEATED
0 1 1 1 1 2 -2 -20 4 30 26 -13  # REPEATED
0 1 1 1 1 2 -2 -19 3 28 24 -12  # REPEATED
0 1 1 1 1 2 -2 -18 2 26 22 -11  # REPEATED
0 1 1 1 1 2 -2 -17 1 24 20 -10  # REPEATED
0 1 1 1 1 2 -2 -16 0 22 18 -9  # REPEATED
0 1 1 1 1 2 -2 -15 -1 20 16 -8  # REPEATED
0 1 1 1 1 2 -2 -14 -2 18 14 -7  # REPEATED
0 1 1 1 1 2 -2 -13 -3 16 12 -6  # REPEATED
0 1 1 1 1 2 -2 -12 -4 14 10 -5  # REPEATED
0 1 1 1 1 2 -2 -11 -5 12 8 -4  # REPEATED
0 1 1 1 1 2 -2 -10 -6 10 6 -3  # REPEATED
0 1 1 1 1 2 -2 -9 -7 8 4 -2  # REPEATED
0 1 1 1 1 2 -2 -8 -8 6 2 -1  # REPEATED
0 1 1 1 1 2 -2 -6 -10 2 -2 1  # REPEATED
0 1 1 1 1 2 -2 -4 -12 -2 -6 3  # REPEATED
0 1 1 1 1 2 -2 -3 -37 -4 -20 4  # REPEATED
0 1 1 1 1 2 -2 -3 -13 -4 -8 4  # REPEATED
0 1 1 1 1 2 -2 -2 -14 -6 -10 5  # REPEATED
0 1 1 1 1 2 -2 -1 -15 -8 -12 6  # REPEATED
0 1 1 1 1 2 -2 0 -16 -10 -14 7  # REPEATED
0 1 1 1 1 2 -2 1 -17 -12 -16 8  # REPEATED
0 1 1 1 1 2 -2 2 -18 -14 -18 9  # REPEATED
0 1 1 1 1 2 -2 3 -19 -16 -20 10  # REPEATED
0 1 1 1 1 2 -2 4 -20 -18 -22 11  # REPEATED
0 1 1 1 1 2 -2 5 -21 -20 -24 12  # REPEATED
0 1 1 1 1 2 -2 6 -22 -22 -26 13  # REPEATED
0 1 1 1 1 2 -2 7 -23 -24 -28 14  # REPEATED
0 1 1 1 1 2 -2 8 -24 -26 -30 15  # REPEATED
0 1 1 1 1 2 -2 9 -25 -28 -32 16  # REPEATED
0 1 1 1 1 2 -2 10 -26 -30 -34 17  # REPEATED
0 1 1 1 1 2 -2 11 -27 -32 -36 18  # REPEATED
0 1 1 1 1 2 -2 12 -28 -34 -38 19  # REPEATED
0 1 1 1 1 2 -2 13 -29 -36 -40 20  # REPEATED
0 1 1 1 1 2 -2 14 -30 -38 -42 21  # REPEATED
0 1 1 1 1 2 -2 15 -31 -40 -44 22  # REPEATED
0 1 1 1 1 2 -2 16 -32 -42 -46 23  # REPEATED
0 1 1 1 1 2 -2 17 -33 -44 -48 24  # REPEATED
0 1 1 1 1 2 -2 18 -34 -46 -50 25  # REPEATED
0 1 1 1 1 2 -2 19 -35 -48 -52 26  # REPEATED
0 1 1 1 1 2 -2 20 -36 -50 -54 27  # REPEATED
0 1 1 1 1 2 -2 21 -37 -52 -56 28  # REPEATED
0 1 1 1 1 2 -2 22 -38 -54 -58 29  # REPEATED
0 1 1 1 1 2 -2 23 -39 -56 -60 30  # REPEATED
0 1 1 1 1 2 -1 -3 -12 -4 -10 4  # REPEATED
0 1 1 1 1 2 0 -22 34 34 40 -15  # REPEATED
0 1 1 1 1 2 1 -31 0 -64 -32 -32  # REPEATED
0 1 1 1 1 2 1 -17 -18 -18 -9 81  # REPEATED
0 1 1 1 1 2 1 -15 -16 -16 -8 64  # REPEATED
0 1 1 1 1 2 1 -15 0 -32 -16 -16  # REPEATED
0 1 1 1 1 2 1 -13 -14 -14 -7 49  # REPEATED
0 1 1 1 1 2 1 -11 -12 -12 -6 36  # REPEATED
0 1 1 1 1 2 1 -9 -10 -10 -5 25  # REPEATED
0 1 1 1 1 2 1 -7 -8 -8 -4 16  # REPEATED
0 1 1 1 1 2 1 -5 -6 -6 -3 9  # REPEATED
0 1 1 1 1 2 1 -3 -4 -4 -2 4  # REPEATED
0 1 1 1 1 2 1 -1 -2 -2 -1 1  # REPEATED
0 1 1 1 1 2 1 3 2 2 1 1  # REPEATED
0 1 1 1 1 2 1 5 4 4 2 4  # REPEATED
0 1 1 1 1 2 1 7 6 6 3 9  # REPEATED
0 1 1 1 1 2 1 9 8 8 4 16  # REPEATED
0 1 1 1 1 2 1 11 10 10 5 25  # REPEATED
0 1 1 1 1 2 1 13 12 12 6 36  # REPEATED
0 1 1 1 1 2 1 15 14 14 7 49  # REPEATED
0 1 1 1 1 2 1 17 0 32 16 16  # REPEATED
0 1 1 1 1 2 1 17 16 16 8 64  # REPEATED
0 1 1 1 1 2 1 19 18 18 9 81  # REPEATED
0 1 1 1 1 2 1 33 0 64 32 32  # REPEATED
0 1 1 1 1 2 2 -29 29 -60 -60 -30  # REPEATED
0 1 1 1 1 2 2 -28 28 -58 -58 -29  # REPEATED
0 1 1 1 1 2 2 -27 27 -56 -56 -28  # REPEATED
0 1 1 1 1 2 2 -26 26 -54 -54 -27  # REPEATED
0 1 1 1 1 2 2 -25 25 -52 -52 -26  # REPEATED
0 1 1 1 1 2 2 -24 24 -50 -50 -25  # REPEATED
0 1 1 1 1 2 2 -23 23 -48 -48 -24  # REPEATED
0 1 1 1 1 2 2 -22 22 -46 -46 -23  # REPEATED
0 1 1 1 1 2 2 -21 21 -44 -44 -22  # REPEATED
0 1 1 1 1 2 2 -20 20 -42 -42 -21  # REPEATED
0 1 1 1 1 2 2 -19 19 -40 -40 -20  # REPEATED
0 1 1 1 1 2 2 -18 18 -38 -38 -19  # REPEATED
0 1 1 1 1 2 2 -17 17 -36 -36 -18  # REPEATED
0 1 1 1 1 2 2 -16 16 -34 -34 -17  # REPEATED
0 1 1 1 1 2 2 -15 15 -32 -32 -16  # REPEATED
0 1 1 1 1 2 2 -14 14 -30 -30 -15  # REPEATED
0 1 1 1 1 2 2 -13 13 -28 -28 -14  # REPEATED
0 1 1 1 1 2 2 -12 12 -26 -26 -13  # REPEATED
0 1 1 1 1 2 2 -11 11 -24 -24 -12  # REPEATED
0 1 1 1 1 2 2 -10 10 -22 -22 -11  # REPEATED
0 1 1 1 1 2 2 -9 9 -20 -20 -10  # REPEATED
0 1 1 1 1 2 2 -8 8 -18 -18 -9  # REPEATED
0 1 1 1 1 2 2 -7 7 -16 -16 -8  # REPEATED
0 1 1 1 1 2 2 -6 6 -14 -14 -7  # REPEATED
0 1 1 1 1 2 2 -5 -31 -6 -6 9  # REPEATED
0 1 1 1 1 2 2 -5 5 -12 -12 -6  # REPEATED
0 1 1 1 1 2 2 -4 4 -10 -10 -5  # REPEATED
0 1 1 1 1 2 2 -3 -21 -4 -4 4  # REPEATED
0 1 1 1 1 2 2 -3 3 -8 -8 -4  # REPEATED
0 1 1 1 1 2 2 -2 2 -6 -6 -3  # REPEATED
0 1 1 1 1 2 2 -1 -11 -2 -2 1  # REPEATED
0 1 1 1 1 2 2 -1 1 -4 -4 -2  # REPEATED
0 1 1 1 1 2 2 0 0 -2 -2 -1  # REPEATED
0 1 1 1 1 2 2 2 -2 2 2 1  # REPEATED
0 1 1 1 1 2 2 3 -3 4 4 2  # REPEATED
0 1 1 1 1 2 2 3 9 2 2 1  # REPEATED
0 1 1 1 1 2 2 4 -4 6 6 3  # REPEATED
0 1 1 1 1 2 2 5 -5 8 8 4  # REPEATED
0 1 1 1 1 2 2 5 19 4 4 4  # REPEATED
0 1 1 1 1 2 2 6 -6 10 10 5  # REPEATED
0 1 1 1 1 2 2 7 -7 12 12 6  # REPEATED
0 1 1 1 1 2 2 7 29 6 6 9  # REPEATED
0 1 1 1 1 2 2 8 -8 14 14 7  # REPEATED
0 1 1 1 1 2 2 9 -9 16 16 8  # REPEATED
0 1 1 1 1 2 2 9 39 8 8 16  # REPEATED
0 1 1 1 1 2 2 10 -10 18 18 9  # REPEATED
0 1 1 1 1 2 2 11 -11 20 20 10  # REPEATED
0 1 1 1 1 2 2 12 -12 22 22 11  # REPEATED
0 1 1 1 1 2 2 13 -13 24 24 12  # REPEATED
0 1 1 1 1 2 2 14 -14 26 26 13  # REPEATED
0 1 1 1 1 2 2 15 -15 28 28 14  # REPEATED
0 1 1 1 1 2 2 16 -16 30 30 15  # REPEATED
0 1 1 1 1 2 2 17 -17 32 32 16  # REPEATED
0 1 1 1 1 2 2 18 -18 34 34 17  # REPEATED
0 1 1 1 1 2 2 19 -19 36 36 18  # REPEATED
0 1 1 1 1 2 2 20 -20 38 38 19  # REPEATED
0 1 1 1 1 2 2 21 -21 40 40 20  # REPEATED
0 1 1 1 1 2 2 22 -22 42 42 21  # REPEATED
0 1 1 1 1 2 2 23 -23 44 44 22  # REPEATED
0 1 1 1 1 2 2 24 -24 46 46 23  # REPEATED
0 1 1 1 1 2 2 25 -25 48 48 24  # REPEATED
0 1 1 1 1 2 2 26 -26 50 50 25  # REPEATED
0 1 1 1 1 2 2 27 -27 52 52 26  # REPEATED
0 1 1 1 1 2 2 28 -28 54 54 27  # REPEATED
0 1 1 1 1 2 2 29 -29 56 56 28  # REPEATED
0 1 1 1 1 2 2 30 -30 58 58 29  # REPEATED
0 1 1 1 1 2 2 31 -31 60 60 30  # REPEATED
0 1 1 1 1 2 4 -19 3 -68 -60 -60  # REPEATED
0 1 1 1 1 2 4 -18 2 -64 -56 -56  # REPEATED
0 1 1 1 1 2 4 -17 1 -60 -52 -52  # REPEATED
0 1 1 1 1 2 4 -16 0 -56 -48 -48  # REPEATED
0 1 1 1 1 2 4 -15 -1 -52 -44 -44  # REPEATED
0 1 1 1 1 2 4 -14 -2 -48 -40 -40  # REPEATED
0 1 1 1 1 2 4 -13 -3 -44 -36 -36  # REPEATED
0 1 1 1 1 2 4 -12 -4 -40 -32 -32  # REPEATED
0 1 1 1 1 2 4 -11 -5 -36 -28 -28  # REPEATED
0 1 1 1 1 2 4 -10 -6 -32 -24 -24  # REPEATED
0 1 1 1 1 2 4 -9 -7 -28 -20 -20  # REPEATED
0 1 1 1 1 2 4 -8 -8 -24 -16 -16  # REPEATED
0 1 1 1 1 2 4 -7 -9 -20 -12 -12  # REPEATED
0 1 1 1 1 2 4 -6 -10 -16 -8 -8  # REPEATED
0 1 1 1 1 2 4 -5 -11 -12 -4 -4  # REPEATED
0 1 1 1 1 2 4 -3 -13 -4 4 4  # REPEATED
0 1 1 1 1 2 4 -1 -15 4 12 12  # REPEATED
0 1 1 1 1 2 4 0 -16 8 16 16  # REPEATED
0 1 1 1 1 2 4 1 -17 12 20 20  # REPEATED
0 1 1 1 1 2 4 2 -18 16 24 24  # REPEATED
0 1 1 1 1 2 4 2 -6 2 4 1  # REPEATED
0 1 1 1 1 2 4 3 -19 20 28 28  # REPEATED
0 1 1 1 1 2 4 4 -20 24 32 32  # REPEATED
0 1 1 1 1 2 4 5 -21 28 36 36  # REPEATED
0 1 1 1 1 2 4 6 -22 32 40 40  # REPEATED
0 1 1 1 1 2 4 7 -23 36 44 44  # REPEATED
0 1 1 1 1 2 4 8 -24 40 48 48  # REPEATED
0 1 1 1 1 2 4 9 -25 44 52 52  # REPEATED
0 1 1 1 1 2 4 10 -26 48 56 56  # REPEATED
0 1 1 1 1 2 4 11 -27 52 60 60  # REPEATED
0 1 1 1 1 2 5 -3 -12 -4 2 4  # REPEATED
0 1 1 1 1 2 6 -24 -24 -90 -54 -81  # REPEATED
0 1 1 1 1 2 6 -23 -25 -84 -48 -72  # REPEATED
0 1 1 1 1 2 6 -22 -26 -78 -42 -63  # REPEATED
0 1 1 1 1 2 6 -21 -27 -72 -36 -54  # REPEATED
0 1 1 1 1 2 6 -20 -28 -66 -30 -45  # REPEATED
0 1 1 1 1 2 6 -19 -29 -60 -24 -36  # REPEATED
0 1 1 1 1 2 6 -18 -30 -54 -18 -27  # REPEATED
0 1 1 1 1 2 6 -17 -31 -48 -12 -18  # REPEATED
0 1 1 1 1 2 6 -16 -32 -42 -6 -9  # REPEATED
0 1 1 1 1 2 6 -14 -34 -30 6 9  # REPEATED
0 1 1 1 1 2 6 -13 -35 -24 12 18  # REPEATED
0 1 1 1 1 2 6 -12 -36 -18 18 27  # REPEATED
0 1 1 1 1 2 6 -11 -37 -12 24 36  # REPEATED
0 1 1 1 1 2 6 -10 -38 -6 30 45  # REPEATED
0 1 1 1 1 2 6 -8 -40 6 42 63  # REPEATED
0 1 1 1 1 2 7 -11 -36 -12 18 36  # REPEATED
0 1 1 1 1 2 7 -3 -40 -4 10 4  # REPEATED
0 1 1 1 1 2 10 -3 -37 -4 4 4  # REPEATED
0 1 1 1 1 2 10 0 0 -2 -10 -1  # REPEATED
0 1 1 1 1 3 -4 -39 -17 88 60 -60  # REPEATED
0 1 1 1 1 3 -4 -38 -18 84 56 -56  # REPEATED
0 1 1 1 1 3 -4 -37 -19 80 52 -52  # REPEATED
0 1 1 1 1 3 -4 -36 -20 76 48 -48  # REPEATED
0 1 1 1 1 3 -4 -35 -21 72 44 -44  # REPEATED
0 1 1 1 1 3 -4 -34 -22 68 40 -40  # REPEATED
0 1 1 1 1 3 -4 -33 -23 64 36 -36  # REPEATED
0 1 1 1 1 3 -4 -32 -24 60 32 -32  # REPEATED
0 1 1 1 1 3 -4 -31 -25 56 28 -28  # REPEATED
0 1 1 1 1 3 -4 -30 -26 52 24 -24  # REPEATED
0 1 1 1 1 3 -4 -29 -27 48 20 -20  # REPEATED
0 1 1 1 1 3 -4 -28 -28 44 16 -16  # REPEATED
0 1 1 1 1 3 -4 -27 -29 40 12 -12  # REPEATED
0 1 1 1 1 3 -4 -26 -30 36 8 -8  # REPEATED
0 1 1 1 1 3 -4 -25 -31 32 4 -4  # REPEATED
0 1 1 1 1 3 -4 -23 -33 24 -4 4  # REPEATED
0 1 1 1 1 3 -4 -22 -34 20 -8 8  # REPEATED
0 1 1 1 1 3 -4 -21 -35 16 -12 12  # REPEATED
0 1 1 1 1 3 -4 -20 -36 12 -16 16  # REPEATED
0 1 1 1 1 3 -4 -19 -37 8 -20 20  # REPEATED
0 1 1 1 1 3 -4 -18 -38 4 -24 24  # REPEATED
0 1 1 1 1 3 -4 -16 -40 -4 -32 32  # REPEATED
0 1 1 1 1 3 -4 -8 -36 3 -4 1  # REPEATED
0 1 1 1 1 3 -2 -39 19 65 60 -30  # REPEATED
0 1 1 1 1 3 -2 -38 18 63 58 -29  # REPEATED
0 1 1 1 1 3 -2 -37 17 61 56 -28  # REPEATED
0 1 1 1 1 3 -2 -36 16 59 54 -27  # REPEATED
0 1 1 1 1 3 -2 -35 15 57 52 -26  # REPEATED
0 1 1 1 1 3 -2 -34 14 55 50 -25  # REPEATED
0 1 1 1 1 3 -2 -33 13 53 48 -24  # REPEATED
0 1 1 1 1 3 -2 -32 12 51 46 -23  # REPEATED
0 1 1 1 1 3 -2 -31 11 49 44 -22  # REPEATED
0 1 1 1 1 3 -2 -30 10 47 42 -21  # REPEATED
0 1 1 1 1 3 -2 -29 9 45 40 -20  # REPEATED
0 1 1 1 1 3 -2 -28 8 43 38 -19  # REPEATED
0 1 1 1 1 3 -2 -27 7 41 36 -18  # REPEATED
0 1 1 1 1 3 -2 -26 6 39 34 -17  # REPEATED
0 1 1 1 1 3 -2 -25 5 37 32 -16  # REPEATED
0 1 1 1 1 3 -2 -24 4 35 30 -15  # REPEATED
0 1 1 1 1 3 -2 -23 3 33 28 -14  # REPEATED
0 1 1 1 1 3 -2 -22 2 31 26 -13  # REPEATED
0 1 1 1 1 3 -2 -21 1 29 24 -12  # REPEATED
0 1 1 1 1 3 -2 -20 0 27 22 -11  # REPEATED
0 1 1 1 1 3 -2 -19 -1 25 20 -10  # REPEATED
0 1 1 1 1 3 -2 -18 -2 23 18 -9  # REPEATED
0 1 1 1 1 3 -2 -17 -3 21 16 -8  # REPEATED
0 1 1 1 1 3 -2 -16 -4 19 14 -7  # REPEATED
0 1 1 1 1 3 -2 -15 -5 17 12 -6  # REPEATED
0 1 1 1 1 3 -2 -14 -6 15 10 -5  # REPEATED
0 1 1 1 1 3 -2 -13 -7 13 8 -4  # REPEATED
0 1 1 1 1 3 -2 -12 -8 11 6 -3  # REPEATED
0 1 1 1 1 3 -2 -11 -9 9 4 -2  # REPEATED
0 1 1 1 1 3 -2 -10 -10 7 2 -1  # REPEATED
0 1 1 1 1 3 -2 -8 -12 3 -2 1  # REPEATED
0 1 1 1 1 3 -2 -7 -13 1 -4 2  # REPEATED
0 1 1 1 1 3 -2 -6 -14 -1 -6 3  # REPEATED
0 1 1 1 1 3 -2 -5 -15 -3 -8 4  # REPEATED
0 1 1 1 1 3 -2 -4 -16 -5 -10 5  # REPEATED
0 1 1 1 1 3 -2 -3 -17 -7 -12 6  # REPEATED
0 1 1 1 1 3 -2 -2 -18 -9 -14 7  # REPEATED
0 1 1 1 1 3 -2 -1 -19 -11 -16 8  # REPEATED
0 1 1 1 1 3 -2 0 -20 -13 -18 9  # REPEATED
0 1 1 1 1 3 -2 1 -21 -15 -20 10  # REPEATED
0 1 1 1 1 3 -2 2 -22 -17 -22 11  # REPEATED
0 1 1 1 1 3 -2 3 -23 -19 -24 12  # REPEATED
0 1 1 1 1 3 -2 4 -24 -21 -26 13  # REPEATED
0 1 1 1 1 3 -2 5 -25 -23 -28 14  # REPEATED
0 1 1 1 1 3 -2 6 -26 -25 -30 15  # REPEATED
0 1 1 1 1 3 -2 7 -27 -27 -32 16  # REPEATED
0 1 1 1 1 3 -2 8 -28 -29 -34 17  # REPEATED
0 1 1 1 1 3 -2 9 -29 -31 -36 18  # REPEATED
0 1 1 1 1 3 -2 10 -30 -33 -38 19  # REPEATED
0 1 1 1 1 3 -2 11 -31 -35 -40 20  # REPEATED
0 1 1 1 1 3 -2 12 -32 -37 -42 21  # REPEATED
0 1 1 1 1 3 -2 13 -33 -39 -44 22  # REPEATED
0 1 1 1 1 3 -2 14 -34 -41 -46 23  # REPEATED
0 1 1 1 1 3 -2 15 -35 -43 -48 24  # REPEATED
0 1 1 1 1 3 -2 16 -36 -45 -50 25  # REPEATED
0 1 1 1 1 3 -2 17 -37 -47 -52 26  # REPEATED
0 1 1 1 1 3 -2 18 -38 -49 -54 27  # REPEATED
0 1 1 1 1 3 -2 19 -39 -51 -56 28  # REPEATED
0 1 1 1 1 3 -2 20 -40 -53 -58 29  # REPEATED
0 1 1 1 1 3 0 -32 -8 60 24 -32  # REPEATED
0 1 1 1 1 3 0 0 12 -5 -8 -3  # REPEATED
0 1 1 1 1 3 2 -27 31 -59 -60 -30  # REPEATED
0 1 1 1 1 3 2 -26 30 -57 -58 -29  # REPEATED
0 1 1 1 1 3 2 -25 29 -55 -56 -28  # REPEATED
0 1 1 1 1 3 2 -24 28 -53 -54 -27  # REPEATED
0 1 1 1 1 3 2 -23 27 -51 -52 -26  # REPEATED
0 1 1 1 1 3 2 -22 26 -49 -50 -25  # REPEATED
0 1 1 1 1 3 2 -21 25 -47 -48 -24  # REPEATED
0 1 1 1 1 3 2 -20 24 -45 -46 -23  # REPEATED
0 1 1 1 1 3 2 -19 23 -43 -44 -22  # REPEATED
0 1 1 1 1 3 2 -18 22 -41 -42 -21  # REPEATED
0 1 1 1 1 3 2 -17 21 -39 -40 -20  # REPEATED
0 1 1 1 1 3 2 -16 20 -37 -38 -19  # REPEATED
0 1 1 1 1 3 2 -15 19 -35 -36 -18  # REPEATED
0 1 1 1 1 3 2 -14 18 -33 -34 -17  # REPEATED
0 1 1 1 1 3 2 -13 17 -31 -32 -16  # REPEATED
0 1 1 1 1 3 2 -12 16 -29 -30 -15  # REPEATED
0 1 1 1 1 3 2 -11 15 -27 -28 -14  # REPEATED
0 1 1 1 1 3 2 -10 14 -25 -26 -13  # REPEATED
0 1 1 1 1 3 2 -9 13 -23 -24 -12  # REPEATED
0 1 1 1 1 3 2 -8 12 -21 -22 -11  # REPEATED
0 1 1 1 1 3 2 -7 11 -19 -20 -10  # REPEATED
0 1 1 1 1 3 2 -6 10 -17 -18 -9  # REPEATED
0 1 1 1 1 3 2 -5 9 -15 -16 -8  # REPEATED
0 1 1 1 1 3 2 -4 8 -13 -14 -7  # REPEATED
0 1 1 1 1 3 2 -3 7 -11 -12 -6  # REPEATED
0 1 1 1 1 3 2 -2 6 -9 -10 -5  # REPEATED
0 1 1 1 1 3 2 -1 5 -7 -8 -4  # REPEATED
0 1 1 1 1 3 2 0 4 -5 -6 -3  # REPEATED
0 1 1 1 1 3 2 1 3 -3 -4 -2  # REPEATED
0 1 1 1 1 3 2 2 2 -1 -2 -1  # REPEATED
0 1 1 1 1 3 2 4 0 3 2 1  # REPEATED
0 1 1 1 1 3 2 5 -1 5 4 2  # REPEATED
0 1 1 1 1 3 2 6 -2 7 6 3  # REPEATED
0 1 1 1 1 3 2 7 -3 9 8 4  # REPEATED
0 1 1 1 1 3 2 8 -4 11 10 5  # REPEATED
0 1 1 1 1 3 2 9 -5 13 12 6  # REPEATED
0 1 1 1 1 3 2 10 -6 15 14 7  # REPEATED
0 1 1 1 1 3 2 11 -7 17 16 8  # REPEATED
0 1 1 1 1 3 2 12 -8 19 18 9  # REPEATED
0 1 1 1 1 3 2 13 -9 21 20 10  # REPEATED
0 1 1 1 1 3 2 14 -10 23 22 11  # REPEATED
0 1 1 1 1 3 2 15 -11 25 24 12  # REPEATED
0 1 1 1 1 3 2 16 -12 27 26 13  # REPEATED
0 1 1 1 1 3 2 17 -13 29 28 14  # REPEATED
0 1 1 1 1 3 2 18 -14 31 30 15  # REPEATED
0 1 1 1 1 3 2 19 -15 33 32 16  # REPEATED
0 1 1 1 1 3 2 20 -16 35 34 17  # REPEATED
0 1 1 1 1 3 2 21 -17 37 36 18  # REPEATED
0 1 1 1 1 3 2 22 -18 39 38 19  # REPEATED
0 1 1 1 1 3 2 23 -19 41 40 20  # REPEATED
0 1 1 1 1 3 2 24 -20 43 42 21  # REPEATED
0 1 1 1 1 3 2 25 -21 45 44 22  # REPEATED
0 1 1 1 1 3 2 26 -22 47 46 23  # REPEATED
0 1 1 1 1 3 2 27 -23 49 48 24  # REPEATED
0 1 1 1 1 3 2 28 -24 51 50 25  # REPEATED
0 1 1 1 1 3 2 29 -25 53 52 26  # REPEATED
0 1 1 1 1 3 2 30 -26 55 54 27  # REPEATED
0 1 1 1 1 3 2 31 -27 57 56 28  # REPEATED
0 1 1 1 1 3 2 32 -28 59 58 29  # REPEATED
0 1 1 1 1 3 2 33 -29 61 60 30  # REPEATED
0 1 1 1 1 3 4 -15 7 -64 -60 -60  # REPEATED
0 1 1 1 1 3 4 -14 6 -60 -56 -56  # REPEATED
0 1 1 1 1 3 4 -13 5 -56 -52 -52  # REPEATED
0 1 1 1 1 3 4 -12 4 -52 -48 -48  # REPEATED
0 1 1 1 1 3 4 -11 3 -48 -44 -44  # REPEATED
0 1 1 1 1 3 4 -10 2 -44 -40 -40  # REPEATED
0 1 1 1 1 3 4 -9 1 -40 -36 -36  # REPEATED
0 1 1 1 1 3 4 -8 0 -36 -32 -32  # REPEATED
0 1 1 1 1 3 4 -7 -1 -32 -28 -28  # REPEATED
0 1 1 1 1 3 4 -6 -2 -28 -24 -24  # REPEATED
0 1 1 1 1 3 4 -5 -3 -24 -20 -20  # REPEATED
0 1 1 1 1 3 4 -4 -4 -20 -16 -16  # REPEATED
0 1 1 1 1 3 4 -3 -5 -16 -12 -12  # REPEATED
0 1 1 1 1 3 4 -2 -6 -12 -8 -8  # REPEATED
0 1 1 1 1 3 4 -1 -7 -8 -4 -4  # REPEATED
0 1 1 1 1 3 4 2 -10 4 8 8  # REPEATED
0 1 1 1 1 3 4 3 -11 8 12 12  # REPEATED
0 1 1 1 1 3 4 4 -12 12 16 16  # REPEATED
0 1 1 1 1 3 4 4 0 3 4 1  # REPEATED
0 1 1 1 1 3 4 5 -13 16 20 20  # REPEATED
0 1 1 1 1 3 4 6 -14 20 24 24  # REPEATED
0 1 1 1 1 3 4 7 -15 24 28 28  # REPEATED
0 1 1 1 1 3 4 8 -16 28 32 32  # REPEATED
0 1 1 1 1 3 4 9 -17 32 36 36  # REPEATED
0 1 1 1 1 3 4 10 -18 36 40 40  # REPEATED
0 1 1 1 1 3 4 11 -19 40 44 44  # REPEATED
0 1 1 1 1 3 4 12 -20 44 48 48  # REPEATED
0 1 1 1 1 3 4 13 -21 48 52 52  # REPEATED
0 1 1 1 1 3 4 14 -22 52 56 56  # REPEATED
0 1 1 1 1 3 4 15 -23 56 60 60  # REPEATED
0 1 1 1 1 3 6 -19 -17 -87 -60 -90  # REPEATED
0 1 1 1 1 3 6 -18 -18 -81 -54 -81  # REPEATED
0 1 1 1 1 3 6 -17 -19 -75 -48 -72  # REPEATED
0 1 1 1 1 3 6 -16 -20 -69 -42 -63  # REPEATED
0 1 1 1 1 3 6 -15 -21 -63 -36 -54  # REPEATED
0 1 1 1 1 3 6 -14 -22 -57 -30 -45  # REPEATED
0 1 1 1 1 3 6 -13 -23 -51 -24 -36  # REPEATED
0 1 1 1 1 3 6 -12 -24 -45 -18 -27  # REPEATED
0 1 1 1 1 3 6 -11 -25 -39 -12 -18  # REPEATED
0 1 1 1 1 3 6 -10 -26 -33 -6 -9  # REPEATED
0 1 1 1 1 3 6 -8 -28 -21 6 9  # REPEATED
0 1 1 1 1 3 6 -7 -29 -15 12 18  # REPEATED
0 1 1 1 1 3 6 -6 -30 -9 18 27  # REPEATED
0 1 1 1 1 3 6 -5 -31 -3 24 36  # REPEATED
0 1 1 1 1 3 6 -4 -32 3 30 45  # REPEATED
0 1 1 1 1 3 6 -3 -33 9 36 54  # REPEATED
0 1 1 1 1 3 6 -2 -34 15 42 63  # REPEATED
0 1 1 1 1 3 6 -1 -35 21 48 72  # REPEATED
0 1 1 1 1 3 6 0 -36 27 54 81  # REPEATED
0 1 1 1 1 3 6 1 -37 33 60 90  # REPEATED
0 1 1 1 1 3 7 3 -32 8 30 12  # REPEATED
0 1 1 1 1 3 8 4 -36 12 32 16  # REPEATED
0 1 1 1 1 3 10 -1 21 -7 -40 -4  # REPEATED
0 1 1 1 1 3 12 3 -27 8 20 12  # REPEATED
0 1 1 1 1 4 -4 -42 -22 88 56 -56  # REPEATED
0 1 1 1 1 4 -4 -41 -23 84 52 -52  # REPEATED
0 1 1 1 1 4 -4 -40 -24 80 48 -48  # REPEATED
0 1 1 1 1 4 -4 -39 -25 76 44 -44  # REPEATED
0 1 1 1 1 4 -4 -38 -26 72 40 -40  # REPEATED
0 1 1 1 1 4 -4 -37 -27 68 36 -36  # REPEATED
0 1 1 1 1 4 -4 -36 -28 64 32 -32  # REPEATED
0 1 1 1 1 4 -4 -35 -29 60 28 -28  # REPEATED
0 1 1 1 1 4 -4 -34 -30 56 24 -24  # REPEATED
0 1 1 1 1 4 -4 -33 -31 52 20 -20  # REPEATED
0 1 1 1 1 4 -4 -32 -32 48 16 -16  # REPEATED
0 1 1 1 1 4 -4 -31 -33 44 12 -12  # REPEATED
0 1 1 1 1 4 -4 -30 -34 40 8 -8  # REPEATED
0 1 1 1 1 4 -4 -29 -35 36 4 -4  # REPEATED
0 1 1 1 1 4 -4 -27 -37 28 -4 4  # REPEATED
0 1 1 1 1 4 -4 -26 -38 24 -8 8  # REPEATED
0 1 1 1 1 4 -4 -25 -39 20 -12 12  # REPEATED
0 1 1 1 1 4 -4 -24 -40 16 -16 16  # REPEATED
0 1 1 1 1 4 -2 -41 17 66 60 -30  # REPEATED
0 1 1 1 1 4 -2 -40 16 64 58 -29  # REPEATED
0 1 1 1 1 4 -2 -39 15 62 56 -28  # REPEATED
0 1 1 1 1 4 -2 -38 14 60 54 -27  # REPEATED
0 1 1 1 1 4 -2 -37 13 58 52 -26  # REPEATED
0 1 1 1 1 4 -2 -36 12 56 50 -25  # REPEATED
0 1 1 1 1 4 -2 -35 11 54 48 -24  # REPEATED
0 1 1 1 1 4 -2 -34 10 52 46 -23  # REPEATED
0 1 1 1 1 4 -2 -33 9 50 44 -22  # REPEATED
0 1 1 1 1 4 -2 -32 8 48 42 -21  # REPEATED
0 1 1 1 1 4 -2 -31 7 46 40 -20  # REPEATED
0 1 1 1 1 4 -2 -30 6 44 38 -19  # REPEATED
0 1 1 1 1 4 -2 -29 5 42 36 -18  # REPEATED
0 1 1 1 1 4 -2 -28 4 40 34 -17  # REPEATED
0 1 1 1 1 4 -2 -27 3 38 32 -16  # REPEATED
0 1 1 1 1 4 -2 -26 2 36 30 -15  # REPEATED
0 1 1 1 1 4 -2 -25 1 34 28 -14  # REPEATED
0 1 1 1 1 4 -2 -24 0 32 26 -13  # REPEATED
0 1 1 1 1 4 -2 -23 -1 30 24 -12  # REPEATED
0 1 1 1 1 4 -2 -22 -2 28 22 -11  # REPEATED
0 1 1 1 1 4 -2 -21 -3 26 20 -10  # REPEATED
0 1 1 1 1 4 -2 -20 -4 24 18 -9  # REPEATED
0 1 1 1 1 4 -2 -19 -5 22 16 -8  # REPEATED
0 1 1 1 1 4 -2 -18 -6 20 14 -7  # REPEATED
0 1 1 1 1 4 -2 -17 -7 18 12 -6  # REPEATED
0 1 1 1 1 4 -2 -16 -8 16 10 -5  # REPEATED
0 1 1 1 1 4 -2 -15 -9 14 8 -4  # REPEATED
0 1 1 1 1 4 -2 -14 -10 12 6 -3  # REPEATED
0 1 1 1 1 4 -2 -13 -11 10 4 -2  # REPEATED
0 1 1 1 1 4 -2 -12 -12 8 2 -1  # REPEATED
0 1 1 1 1 4 -2 -10 -14 4 -2 1  # REPEATED
0 1 1 1 1 4 -2 -9 -15 2 -4 2  # REPEATED
0 1 1 1 1 4 -2 -7 -17 -2 -8 4  # REPEATED
0 1 1 1 1 4 -2 -6 -18 -4 -10 5  # REPEATED
0 1 1 1 1 4 -2 -5 -19 -6 -12 6  # REPEATED
0 1 1 1 1 4 -2 -4 -20 -8 -14 7  # REPEATED
0 1 1 1 1 4 -2 -3 -21 -10 -16 8  # REPEATED
0 1 1 1 1 4 -2 -2 -22 -12 -18 9  # REPEATED
0 1 1 1 1 4 -2 -1 -23 -14 -20 10  # REPEATED
0 1 1 1 1 4 -2 0 -24 -16 -22 11  # REPEATED
0 1 1 1 1 4 -2 0 24 -8 -14 -5  # REPEATED
0 1 1 1 1 4 -2 1 -25 -18 -24 12  # REPEATED
0 1 1 1 1 4 -2 2 -26 -20 -26 13  # REPEATED
0 1 1 1 1 4 -2 3 -27 -22 -28 14  # REPEATED
0 1 1 1 1 4 -2 4 -28 -24 -30 15  # REPEATED
0 1 1 1 1 4 -2 5 -29 -26 -32 16  # REPEATED
0 1 1 1 1 4 -2 6 -30 -28 -34 17  # REPEATED
0 1 1 1 1 4 -2 7 -31 -30 -36 18  # REPEATED
0 1 1 1 1 4 -2 8 -32 -32 -38 19  # REPEATED
0 1 1 1 1 4 -2 9 -33 -34 -40 20  # REPEATED
0 1 1 1 1 4 -2 10 -34 -36 -42 21  # REPEATED
0 1 1 1 1 4 -2 11 -35 -38 -44 22  # REPEATED
0 1 1 1 1 4 -2 12 -36 -40 -46 23  # REPEATED
0 1 1 1 1 4 -2 13 -37 -42 -48 24  # REPEATED
0 1 1 1 1 4 -2 14 -38 -44 -50 25  # REPEATED
0 1 1 1 1 4 -2 15 -39 -46 -52 26  # REPEATED
0 1 1 1 1 4 -2 16 -40 -48 -54 27  # REPEATED
0 1 1 1 1 4 0 -42 -18 36 0 81  # REPEATED
0 1 1 1 1 4 0 -2 -18 -12 -24 9  # REPEATED
0 1 1 1 1 4 0 -2 -10 -12 -12 9  # REPEATED
0 1 1 1 1 4 0 10 18 12 0 9  # REPEATED
0 1 1 1 1 4 0 22 38 36 0 81  # REPEATED
0 1 1 1 1 4 1 -13 -2 9 3 -1
0 1 1 1 1 4 2 -25 33 -58 -60 -30  # REPEATED
0 1 1 1 1 4 2 -24 32 -56 -58 -29  # REPEATED
0 1 1 1 1 4 2 -23 31 -54 -56 -28  # REPEATED
0 1 1 1 1 4 2 -22 30 -52 -54 -27  # REPEATED
0 1 1 1 1 4 2 -21 29 -50 -52 -26  # REPEATED
0 1 1 1 1 4 2 -20 28 -48 -50 -25  # REPEATED
0 1 1 1 1 4 2 -19 27 -46 -48 -24  # REPEATED
0 1 1 1 1 4 2 -18 26 -44 -46 -23  # REPEATED
0 1 1 1 1 4 2 -17 25 -42 -44 -22  # REPEATED
0 1 1 1 1 4 2 -16 24 -40 -42 -21  # REPEATED
0 1 1 1 1 4 2 -15 23 -38 -40 -20  # REPEATED
0 1 1 1 1 4 2 -14 -18 -36 -18 81  # REPEATED
0 1 1 1 1 4 2 -14 22 -36 -38 -19  # REPEATED
0 1 1 1 1 4 2 -13 21 -34 -36 -18  # REPEATED
0 1 1 1 1 4 2 -12 -16 -32 -16 64  # REPEATED
0 1 1 1 1 4 2 -12 0 -64 -32 -64  # REPEATED
0 1 1 1 1 4 2 -12 20 -32 -34 -17  # REPEATED
0 1 1 1 1 4 2 -11 19 -30 -32 -16  # REPEATED
0 1 1 1 1 4 2 -10 -14 -28 -14 49  # REPEATED
0 1 1 1 1 4 2 -10 18 -28 -30 -15  # REPEATED
0 1 1 1 1 4 2 -9 17 -26 -28 -14  # REPEATED
0 1 1 1 1 4 2 -8 -12 -24 -12 36  # REPEATED
0 1 1 1 1 4 2 -8 16 -24 -26 -13  # REPEATED
0 1 1 1 1 4 2 -7 15 -22 -24 -12  # REPEATED
0 1 1 1 1 4 2 -6 -10 -20 -10 25  # REPEATED
0 1 1 1 1 4 2 -6 14 -20 -22 -11  # REPEATED
0 1 1 1 1 4 2 -5 13 -18 -20 -10  # REPEATED
0 1 1 1 1 4 2 -4 -8 -16 -8 16  # REPEATED
0 1 1 1 1 4 2 -4 12 -16 -18 -9  # REPEATED
0 1 1 1 1 4 2 -3 11 -14 -16 -8  # REPEATED
0 1 1 1 1 4 2 -2 -6 -12 -6 9  # REPEATED
0 1 1 1 1 4 2 -2 10 -12 -14 -7  # REPEATED
0 1 1 1 1 4 2 -1 9 -10 -12 -6  # REPEATED
0 1 1 1 1 4 2 0 -4 -8 -4 4  # REPEATED
0 1 1 1 1 4 2 0 8 -8 -10 -5  # REPEATED
0 1 1 1 1 4 2 1 7 -6 -8 -4  # REPEATED
0 1 1 1 1 4 2 2 -2 -4 -2 1  # REPEATED
0 1 1 1 1 4 2 2 6 -4 -6 -3  # REPEATED
0 1 1 1 1 4 2 3 5 -2 -4 -2  # REPEATED
0 1 1 1 1 4 2 6 2 4 2 1  # REPEATED
0 1 1 1 1 4 2 7 1 6 4 2  # REPEATED
0 1 1 1 1 4 2 8 0 8 6 3  # REPEATED
0 1 1 1 1 4 2 8 4 8 4 4  # REPEATED
0 1 1 1 1 4 2 9 -1 10 8 4  # REPEATED
0 1 1 1 1 4 2 10 -2 12 10 5  # REPEATED
0 1 1 1 1 4 2 10 6 12 6 9  # REPEATED
0 1 1 1 1 4 2 11 -3 14 12 6  # REPEATED
0 1 1 1 1 4 2 12 -4 16 14 7  # REPEATED
0 1 1 1 1 4 2 12 8 16 8 16  # REPEATED
0 1 1 1 1 4 2 13 -5 18 16 8  # REPEATED
0 1 1 1 1 4 2 14 -6 20 18 9  # REPEATED
0 1 1 1 1 4 2 14 10 20 10 25  # REPEATED
0 1 1 1 1 4 2 15 -7 22 20 10  # REPEATED
0 1 1 1 1 4 2 16 -8 24 22 11  # REPEATED
0 1 1 1 1 4 2 16 12 24 12 36  # REPEATED
0 1 1 1 1 4 2 17 -9 26 24 12  # REPEATED
0 1 1 1 1 4 2 18 -10 28 26 13  # REPEATED
0 1 1 1 1 4 2 18 14 28 14 49  # REPEATED
0 1 1 1 1 4 2 19 -11 30 28 14  # REPEATED
0 1 1 1 1 4 2 20 -12 32 30 15  # REPEATED
0 1 1 1 1 4 2 20 0 64 32 64  # REPEATED
0 1 1 1 1 4 2 20 16 32 16 64  # REPEATED
0 1 1 1 1 4 2 21 -13 34 32 16  # REPEATED
0 1 1 1 1 4 2 22 -14 36 34 17  # REPEATED
0 1 1 1 1 4 2 22 18 36 18 81  # REPEATED
0 1 1 1 1 4 2 23 -15 38 36 18  # REPEATED
0 1 1 1 1 4 2 24 -16 40 38 19  # REPEATED
0 1 1 1 1 4 2 25 -17 42 40 20  # REPEATED
0 1 1 1 1 4 2 26 -18 44 42 21  # REPEATED
0 1 1 1 1 4 2 27 -19 46 44 22  # REPEATED
0 1 1 1 1 4 2 28 -20 48 46 23  # REPEATED
0 1 1 1 1 4 2 29 -21 50 48 24  # REPEATED
0 1 1 1 1 4 2 30 -22 52 50 25  # REPEATED
0 1 1 1 1 4 2 31 -23 54 52 26  # REPEATED
0 1 1 1 1 4 2 32 -24 56 54 27  # REPEATED
0 1 1 1 1 4 2 33 -25 58 56 28  # REPEATED
0 1 1 1 1 4 2 34 -26 60 58 29  # REPEATED
0 1 1 1 1 4 2 35 -27 62 60 30  # REPEATED
0 1 1 1 1 4 4 -11 11 -60 -60 -60  # REPEATED
0 1 1 1 1 4 4 -10 10 -56 -56 -56  # REPEATED
0 1 1 1 1 4 4 -9 9 -52 -52 -52  # REPEATED
0 1 1 1 1 4 4 -8 8 -48 -48 -48  # REPEATED
0 1 1 1 1 4 4 -7 7 -44 -44 -44  # REPEATED
0 1 1 1 1 4 4 -6 6 -40 -40 -40  # REPEATED
0 1 1 1 1 4 4 -5 5 -36 -36 -36  # REPEATED
0 1 1 1 1 4 4 -4 4 -32 -32 -32  # REPEATED
0 1 1 1 1 4 4 -3 3 -28 -28 -28  # REPEATED
0 1 1 1 1 4 4 -2 -34 -12 -12 9  # REPEATED
0 1 1 1 1 4 4 -2 -10 -12 0 9  # REPEATED
0 1 1 1 1 4 4 -2 2 -24 -24 -24  # REPEATED
0 1 1 1 1 4 4 -1 1 -20 -20 -20  # REPEATED
0 1 1 1 1 4 4 0 -24 -8 -8 4  # REPEATED
0 1 1 1 1 4 4 0 0 -16 -16 -16  # REPEATED
0 1 1 1 1 4 4 1 -1 -12 -12 -12  # REPEATED
0 1 1 1 1 4 4 2 -14 -4 -4 1  # REPEATED
0 1 1 1 1 4 4 2 -2 -8 -8 -8  # REPEATED
0 1 1 1 1 4 4 3 -3 -4 -4 -4  # REPEATED
0 1 1 1 1 4 4 5 -5 4 4 4  # REPEATED
0 1 1 1 1 4 4 6 -6 8 8 8  # REPEATED
0 1 1 1 1 4 4 6 6 4 4 1  # REPEATED
0 1 1 1 1 4 4 7 -7 12 12 12  # REPEATED
0 1 1 1 1 4 4 8 -8 16 16 16  # REPEATED
0 1 1 1 1 4 4 8 16 8 8 4  # REPEATED
0 1 1 1 1 4 4 9 -9 20 20 20  # REPEATED
0 1 1 1 1 4 4 10 -10 24 24 24  # REPEATED
0 1 1 1 1 4 4 10 26 12 12 9  # REPEATED
0 1 1 1 1 4 4 11 -11 28 28 28  # REPEATED
0 1 1 1 1 4 4 12 -12 32 32 32  # REPEATED
0 1 1 1 1 4 4 12 36 16 16 16  # REPEATED
0 1 1 1 1 4 4 13 -13 36 36 36  # REPEATED
0 1 1 1 1 4 4 14 -14 40 40 40  # REPEATED
0 1 1 1 1 4 4 15 -15 44 44 44  # REPEATED
0 1 1 1 1 4 4 16 -16 48 48 48  # REPEATED
0 1 1 1 1 4 4 17 -17 52 52 52  # REPEATED
0 1 1 1 1 4 4 18 -18 56 56 56  # REPEATED
0 1 1 1 1 4 4 19 -19 60 60 60  # REPEATED
0 1 1 1 1 4 6 -13 -11 -78 -60 -90  # REPEATED
0 1 1 1 1 4 6 -12 -12 -72 -54 -81  # REPEATED
0 1 1 1 1 4 6 -11 -13 -66 -48 -72  # REPEATED
0 1 1 1 1 4 6 -10 -14 -60 -42 -63  # REPEATED
0 1 1 1 1 4 6 -9 -15 -54 -36 -54  # REPEATED
0 1 1 1 1 4 6 -8 -16 -48 -30 -45  # REPEATED
0 1 1 1 1 4 6 -7 -17 -42 -24 -36  # REPEATED
0 1 1 1 1 4 6 -6 -18 -36 -18 -27  # REPEATED
0 1 1 1 1 4 6 -5 -19 -30 -12 -18  # REPEATED
0 1 1 1 1 4 6 -4 -20 -24 -6 -9  # REPEATED
0 1 1 1 1 4 6 -2 -22 -12 6 9  # REPEATED
0 1 1 1 1 4 6 -1 -23 -6 12 18  # REPEATED
0 1 1 1 1 4 6 1 -25 6 24 36  # REPEATED
0 1 1 1 1 4 6 2 -26 12 30 45  # REPEATED
0 1 1 1 1 4 6 2 22 -4 -10 -3  # REPEATED
0 1 1 1 1 4 6 3 -27 18 36 54  # REPEATED
0 1 1 1 1 4 6 4 -28 24 42 63  # REPEATED
0 1 1 1 1 4 6 5 -29 30 48 72  # REPEATED
0 1 1 1 1 4 6 6 -30 36 54 81  # REPEATED
0 1 1 1 1 4 6 7 -31 42 60 90  # REPEATED
0 1 1 1 1 4 7 9 -24 20 50 20  # REPEATED
0 1 1 1 1 4 8 -2 -18 -12 0 9  # REPEATED
0 1 1 1 1 4 8 6 14 4 8 1  # REPEATED
0 1 1 1 1 4 8 8 -24 16 32 16  # REPEATED
0 1 1 1 1 4 10 10 38 12 30 9  # REPEATED
0 1 1 1 1 5 -4 -45 -27 88 52 -52  # REPEATED
0 1 1 1 1 5 -4 -44 -28 84 48 -48  # REPEATED
0 1 1 1 1 5 -4 -43 -29 80 44 -44  # REPEATED
0 1 1 1 1 5 -4 -42 -30 76 40 -40  # REPEATED
0 1 1 1 1 5 -4 -41 -31 72 36 -36  # REPEATED
0 1 1 1 1 5 -4 -40 -32 68 32 -32  # REPEATED
0 1 1 1 1 5 -4 -39 -33 64 28 -28  # REPEATED
0 1 1 1 1 5 -4 -38 -34 60 24 -24  # REPEATED
0 1 1 1 1 5 -4 -37 -35 56 20 -20  # REPEATED
0 1 1 1 1 5 -4 -36 -36 52 16 -16  # REPEATED
0 1 1 1 1 5 -4 -35 -37 48 12 -12  # REPEATED
0 1 1 1 1 5 -4 -34 -38 44 8 -8  # REPEATED
0 1 1 1 1 5 -4 -33 -39 40 4 -4  # REPEATED
0 1 1 1 1 5 -4 0 36 -11 -20 -7  # REPEATED
0 1 1 1 1 5 -2 -43 15 67 60 -30  # REPEATED
0 1 1 1 1 5 -2 -42 14 65 58 -29  # REPEATED
0 1 1 1 1 5 -2 -41 13 63 56 -28  # REPEATED
0 1 1 1 1 5 -2 -40 12 61 54 -27  # REPEATED
0 1 1 1 1 5 -2 -39 11 59 52 -26  # REPEATED
0 1 1 1 1 5 -2 -38 10 57 50 -25  # REPEATED
0 1 1 1 1 5 -2 -37 9 55 48 -24  # REPEATED
0 1 1 1 1 5 -2 -36 8 53 46 -23  # REPEATED
0 1 1 1 1 5 -2 -35 7 51 44 -22  # REPEATED
0 1 1 1 1 5 -2 -34 6 49 42 -21  # REPEATED
0 1 1 1 1 5 -2 -33 5 47 40 -20  # REPEATED
0 1 1 1 1 5 -2 -32 4 45 38 -19  # REPEATED
0 1 1 1 1 5 -2 -31 3 43 36 -18  # REPEATED
0 1 1 1 1 5 -2 -30 2 41 34 -17  # REPEATED
0 1 1 1 1 5 -2 -29 1 39 32 -16  # REPEATED
0 1 1 1 1 5 -2 -28 0 37 30 -15  # REPEATED
0 1 1 1 1 5 -2 -27 -1 35 28 -14  # REPEATED
0 1 1 1 1 5 -2 -26 -2 33 26 -13  # REPEATED
0 1 1 1 1 5 -2 -25 -3 31 24 -12  # REPEATED
0 1 1 1 1 5 -2 -24 -4 29 22 -11  # REPEATED
0 1 1 1 1 5 -2 -23 -5 27 20 -10  # REPEATED
0 1 1 1 1 5 -2 -22 -6 25 18 -9  # REPEATED
0 1 1 1 1 5 -2 -21 -7 23 16 -8  # REPEATED
0 1 1 1 1 5 -2 -20 -8 21 14 -7  # REPEATED
0 1 1 1 1 5 -2 -19 -9 19 12 -6  # REPEATED
0 1 1 1 1 5 -2 -18 -10 17 10 -5  # REPEATED
0 1 1 1 1 5 -2 -17 -11 15 8 -4  # REPEATED
0 1 1 1 1 5 -2 -16 -12 13 6 -3  # REPEATED
0 1 1 1 1 5 -2 -15 -13 11 4 -2  # REPEATED
0 1 1 1 1 5 -2 -14 -14 9 2 -1  # REPEATED
0 1 1 1 1 5 -2 -12 -16 5 -2 1  # REPEATED
0 1 1 1 1 5 -2 -11 -17 3 -4 2  # REPEATED
0 1 1 1 1 5 -2 -10 -18 1 -6 3  # REPEATED
0 1 1 1 1 5 -2 -9 -19 -1 -8 4  # REPEATED
0 1 1 1 1 5 -2 -8 -20 -3 -10 5  # REPEATED
0 1 1 1 1 5 -2 -7 -21 -5 -12 6  # REPEATED
0 1 1 1 1 5 -2 -6 -22 -7 -14 7  # REPEATED
0 1 1 1 1 5 -2 -5 -23 -9 -16 8  # REPEATED
0 1 1 1 1 5 -2 -4 -24 -11 -18 9  # REPEATED
0 1 1 1 1 5 -2 -3 -25 -13 -20 10  # REPEATED
0 1 1 1 1 5 -2 -2 -26 -15 -22 11  # REPEATED
0 1 1 1 1 5 -2 -1 -27 -17 -24 12  # REPEATED
0 1 1 1 1 5 -2 0 -28 -19 -26 13  # REPEATED
0 1 1 1 1 5 -2 1 -29 -21 -28 14  # REPEATED
0 1 1 1 1 5 -2 2 -30 -23 -30 15  # REPEATED
0 1 1 1 1 5 -2 3 -31 -25 -32 16  # REPEATED
0 1 1 1 1 5 -2 4 -32 -27 -34 17  # REPEATED
0 1 1 1 1 5 -2 5 -33 -29 -36 18  # REPEATED
0 1 1 1 1 5 -2 6 -34 -31 -38 19  # REPEATED
0 1 1 1 1 5 -2 7 -35 -33 -40 20  # REPEATED
0 1 1 1 1 5 -2 8 -36 -35 -42 21  # REPEATED
0 1 1 1 1 5 -2 9 -37 -37 -44 22  # REPEATED
0 1 1 1 1 5 -2 10 -38 -39 -46 23  # REPEATED
0 1 1 1 1 5 -2 11 -39 -41 -48 24  # REPEATED
0 1 1 1 1 5 -2 12 -40 -43 -50 25  # REPEATED
0 1 1 1 1 5 1 -21 -4 23 10 -8  # REPEATED
0 1 1 1 1 5 2 -23 35 -57 -60 -30  # REPEATED
0 1 1 1 1 5 2 -22 34 -55 -58 -29  # REPEATED
0 1 1 1 1 5 2 -21 33 -53 -56 -28  # REPEATED
0 1 1 1 1 5 2 -20 32 -51 -54 -27  # REPEATED
0 1 1 1 1 5 2 -19 31 -49 -52 -26  # REPEATED
0 1 1 1 1 5 2 -18 30 -47 -50 -25  # REPEATED
0 1 1 1 1 5 2 -17 29 -45 -48 -24  # REPEATED
0 1 1 1 1 5 2 -16 28 -43 -46 -23  # REPEATED
0 1 1 1 1 5 2 -15 27 -41 -44 -22  # REPEATED
0 1 1 1 1 5 2 -14 26 -39 -42 -21  # REPEATED
0 1 1 1 1 5 2 -13 25 -37 -40 -20  # REPEATED
0 1 1 1 1 5 2 -12 24 -35 -38 -19  # REPEATED
0 1 1 1 1 5 2 -11 23 -33 -36 -18  # REPEATED
0 1 1 1 1 5 2 -10 22 -31 -34 -17  # REPEATED
0 1 1 1 1 5 2 -9 21 -29 -32 -16  # REPEATED
0 1 1 1 1 5 2 -8 20 -27 -30 -15  # REPEATED
0 1 1 1 1 5 2 -7 19 -25 -28 -14  # REPEATED
0 1 1 1 1 5 2 -6 18 -23 -26 -13  # REPEATED
0 1 1 1 1 5 2 -5 17 -21 -24 -12  # REPEATED
0 1 1 1 1 5 2 -4 16 -19 -22 -11  # REPEATED
0 1 1 1 1 5 2 -3 15 -17 -20 -10  # REPEATED
0 1 1 1 1 5 2 -2 14 -15 -18 -9  # REPEATED
0 1 1 1 1 5 2 -1 13 -13 -16 -8  # REPEATED
0 1 1 1 1 5 2 0 0 -20 -8 -16
0 1 1 1 1 5 2 0 12 -11 -14 -7  # REPEATED
0 1 1 1 1 5 2 0 24 -28 -40 -32  # REPEATED
0 1 1 1 1 5 2 1 11 -9 -12 -6  # REPEATED
0 1 1 1 1 5 2 2 10 -7 -10 -5  # REPEATED
0 1 1 1 1 5 2 3 9 -5 -8 -4  # REPEATED
0 1 1 1 1 5 2 4 8 -3 -6 -3  # REPEATED
0 1 1 1 1 5 2 5 7 -1 -4 -2  # REPEATED
0 1 1 1 1 5 2 6 6 1 -2 -1  # REPEATED
0 1 1 1 1 5 2 8 4 5 2 1  # REPEATED
0 1 1 1 1 5 2 9 3 7 4 2  # REPEATED
0 1 1 1 1 5 2 9 11 7 12 2  # REPEATED
0 1 1 1 1 5 2 9 27 7 28 2  # REPEATED
0 1 1 1 1 5 2 10 2 9 6 3  # REPEATED
0 1 1 1 1 5 2 10 2 9 24 3  # REPEATED
0 1 1 1 1 5 2 10 2 9 60 3  # REPEATED
0 1 1 1 1 5 2 11 1 11 8 4  # REPEATED
0 1 1 1 1 5 2 12 0 13 10 5  # REPEATED
0 1 1 1 1 5 2 13 -1 15 12 6  # REPEATED
0 1 1 1 1 5 2 14 -2 17 14 7  # REPEATED
0 1 1 1 1 5 2 15 -3 19 16 8  # REPEATED
0 1 1 1 1 5 2 16 -4 21 18 9  # REPEATED
0 1 1 1 1 5 2 17 -5 23 20 10  # REPEATED
0 1 1 1 1 5 2 17 3 31 12 18
0 1 1 1 1 5 2 18 -6 25 22 11  # REPEATED
0 1 1 1 1 5 2 19 -7 27 24 12  # REPEATED
0 1 1 1 1 5 2 20 -8 29 26 13  # REPEATED
0 1 1 1 1 5 2 21 -9 31 28 14  # REPEATED
0 1 1 1 1 5 2 22 -10 33 30 15  # REPEATED
0 1 1 1 1 5 2 23 -11 35 32 16  # REPEATED
0 1 1 1 1 5 2 24 -12 37 34 17  # REPEATED
0 1 1 1 1 5 2 25 -13 39 36 18  # REPEATED
0 1 1 1 1 5 2 26 -14 41 38 19  # REPEATED
0 1 1 1 1 5 2 27 -15 43 40 20  # REPEATED
0 1 1 1 1 5 2 28 -16 45 42 21  # REPEATED
0 1 1 1 1 5 2 29 -17 47 44 22  # REPEATED
0 1 1 1 1 5 2 30 -18 49 46 23  # REPEATED
0 1 1 1 1 5 2 31 -19 51 48 24  # REPEATED
0 1 1 1 1 5 2 32 -20 53 50 25  # REPEATED
0 1 1 1 1 5 2 33 -21 55 52 26  # REPEATED
0 1 1 1 1 5 2 34 -22 57 54 27  # REPEATED
0 1 1 1 1 5 2 35 -23 59 56 28  # REPEATED
0 1 1 1 1 5 2 36 -24 61 58 29  # REPEATED
0 1 1 1 1 5 2 37 -25 63 60 30  # REPEATED
0 1 1 1 1 5 4 -7 15 -56 -60 -60  # REPEATED
0 1 1 1 1 5 4 -6 14 -52 -56 -56  # REPEATED
0 1 1 1 1 5 4 -5 13 -48 -52 -52  # REPEATED
0 1 1 1 1 5 4 -4 12 -44 -48 -48  # REPEATED
0 1 1 1 1 5 4 -3 11 -40 -44 -44  # REPEATED
0 1 1 1 1 5 4 -2 10 -36 -40 -40  # REPEATED
0 1 1 1 1 5 4 -1 9 -32 -36 -36  # REPEATED
0 1 1 1 1 5 4 0 8 -28 -32 -32  # REPEATED
0 1 1 1 1 5 4 1 7 -24 -28 -28  # REPEATED
0 1 1 1 1 5 4 2 6 -20 -24 -24  # REPEATED
0 1 1 1 1 5 4 3 5 -16 -20 -20  # REPEATED
0 1 1 1 1 5 4 4 4 -12 -16 -16  # REPEATED
0 1 1 1 1 5 4 5 3 -8 -12 -12  # REPEATED
0 1 1 1 1 5 4 6 2 -4 -8 -8  # REPEATED
0 1 1 1 1 5 4 8 12 5 4 1  # REPEATED
0 1 1 1 1 5 4 9 -1 8 4 4  # REPEATED
0 1 1 1 1 5 4 10 -2 12 8 8  # REPEATED
0 1 1 1 1 5 4 11 -3 16 12 12  # REPEATED
0 1 1 1 1 5 4 12 -4 20 16 16  # REPEATED
0 1 1 1 1 5 4 13 -5 24 20 20  # REPEATED
0 1 1 1 1 5 4 14 -6 28 24 24  # REPEATED
0 1 1 1 1 5 4 15 -7 32 28 28  # REPEATED
0 1 1 1 1 5 4 16 -8 36 32 32  # REPEATED
0 1 1 1 1 5 4 17 -9 40 36 36  # REPEATED
0 1 1 1 1 5 4 18 -10 44 40 40  # REPEATED
0 1 1 1 1 5 4 19 -11 48 44 44  # REPEATED
0 1 1 1 1 5 4 20 -12 52 48 48  # REPEATED
0 1 1 1 1 5 4 21 -13 56 52 52  # REPEATED
0 1 1 1 1 5 4 22 -14 60 56 56  # REPEATED
0 1 1 1 1 5 4 23 -15 64 60 60  # REPEATED
0 1 1 1 1 5 6 -7 -5 -69 -60 -90  # REPEATED
0 1 1 1 1 5 6 -6 -6 -63 -54 -81  # REPEATED
0 1 1 1 1 5 6 -5 -7 -57 -48 -72  # REPEATED
0 1 1 1 1 5 6 -4 -8 -51 -42 -63  # REPEATED
0 1 1 1 1 5 6 -3 -9 -45 -36 -54  # REPEATED
0 1 1 1 1 5 6 -2 -10 -39 -30 -45  # REPEATED
0 1 1 1 1 5 6 -1 -11 -33 -24 -36  # REPEATED
0 1 1 1 1 5 6 0 -12 -27 -18 -27  # REPEATED
0 1 1 1 1 5 6 1 -13 -21 -12 -18  # REPEATED
0 1 1 1 1 5 6 2 -14 -15 -6 -9  # REPEATED
0 1 1 1 1 5 6 4 -16 -3 6 9  # REPEATED
0 1 1 1 1 5 6 5 -17 3 12 18  # REPEATED
0 1 1 1 1 5 6 6 -18 9 18 27  # REPEATED
0 1 1 1 1 5 6 7 -19 15 24 36  # REPEATED
0 1 1 1 1 5 6 8 -20 21 30 45  # REPEATED
0 1 1 1 1 5 6 9 -21 27 36 54  # REPEATED
0 1 1 1 1 5 6 10 -22 33 42 63  # REPEATED
0 1 1 1 1 5 6 11 -23 39 48 72  # REPEATED
0 1 1 1 1 5 6 12 -24 45 54 81  # REPEATED
0 1 1 1 1 5 6 13 -25 51 60 90  # REPEATED
0 1 1 1 1 5 8 -13 -35 -88 -40 -80  # REPEATED
0 1 1 1 1 5 8 -12 -36 -80 -32 -64  # REPEATED
0 1 1 1 1 5 8 -11 -37 -72 -24 -48  # REPEATED
0 1 1 1 1 5 8 -10 -38 -64 -16 -32  # REPEATED
0 1 1 1 1 5 8 -9 -39 -56 -8 -16  # REPEATED
0 1 1 1 1 5 8 0 -36 -27 0 -27  # REPEATED
0 1 1 1 1 5 8 12 -12 20 32 16  # REPEATED
0 1 1 1 1 5 9 11 -8 16 22 12  # REPEATED
0 1 1 1 1 5 12 5 19 -8 -20 -12  # REPEATED
0 1 1 1 1 6 -4 -48 -32 88 48 -48  # REPEATED
0 1 1 1 1 6 -4 -47 -33 84 44 -44  # REPEATED
0 1 1 1 1 6 -4 -46 -34 80 40 -40  # REPEATED
0 1 1 1 1 6 -4 -45 -35 76 36 -36  # REPEATED
0 1 1 1 1 6 -4 -44 -36 72 32 -32  # REPEATED
0 1 1 1 1 6 -4 -43 -37 68 28 -28  # REPEATED
0 1 1 1 1 6 -4 -42 -38 64 24 -24  # REPEATED
0 1 1 1 1 6 -4 -41 -39 60 20 -20  # REPEATED
0 1 1 1 1 6 -4 -40 -40 56 16 -16  # REPEATED
0 1 1 1 1 6 -3 13 -32 12 18 4  # REPEATED
0 1 1 1 1 6 -2 -45 13 68 60 -30  # REPEATED
0 1 1 1 1 6 -2 -44 12 66 58 -29  # REPEATED
0 1 1 1 1 6 -2 -43 11 64 56 -28  # REPEATED
0 1 1 1 1 6 -2 -42 10 62 54 -27  # REPEATED
0 1 1 1 1 6 -2 -41 9 60 52 -26  # REPEATED
0 1 1 1 1 6 -2 -40 8 58 50 -25  # REPEATED
0 1 1 1 1 6 -2 -39 7 56 48 -24  # REPEATED
0 1 1 1 1 6 -2 -38 6 54 46 -23  # REPEATED
0 1 1 1 1 6 -2 -37 5 52 44 -22  # REPEATED
0 1 1 1 1 6 -2 -36 4 50 42 -21  # REPEATED
0 1 1 1 1 6 -2 -35 3 48 40 -20  # REPEATED
0 1 1 1 1 6 -2 -34 2 46 38 -19  # REPEATED
0 1 1 1 1 6 -2 -33 1 44 36 -18  # REPEATED
0 1 1 1 1 6 -2 -32 0 42 34 -17  # REPEATED
0 1 1 1 1 6 -2 -31 -1 40 32 -16  # REPEATED
0 1 1 1 1 6 -2 -30 -2 38 30 -15  # REPEATED
0 1 1 1 1 6 -2 -29 -3 36 28 -14  # REPEATED
0 1 1 1 1 6 -2 -28 -4 34 26 -13  # REPEATED
0 1 1 1 1 6 -2 -27 -5 32 24 -12  # REPEATED
0 1 1 1 1 6 -2 -26 -6 30 22 -11  # REPEATED
0 1 1 1 1 6 -2 -25 -7 28 20 -10  # REPEATED
0 1 1 1 1 6 -2 -24 -8 26 18 -9  # REPEATED
0 1 1 1 1 6 -2 -23 -9 24 16 -8  # REPEATED
0 1 1 1 1 6 -2 -22 -10 22 14 -7  # REPEATED
0 1 1 1 1 6 -2 -21 -11 20 12 -6  # REPEATED
0 1 1 1 1 6 -2 -20 -12 18 10 -5  # REPEATED
0 1 1 1 1 6 -2 -19 -13 16 8 -4  # REPEATED
0 1 1 1 1 6 -2 -18 -14 14 6 -3  # REPEATED
0 1 1 1 1 6 -2 -17 -15 12 4 -2  # REPEATED
0 1 1 1 1 6 -2 -16 -16 10 2 -1  # REPEATED
0 1 1 1 1 6 -2 -14 -18 6 -2 1  # REPEATED
0 1 1 1 1 6 -2 -13 -19 4 -4 2  # REPEATED
0 1 1 1 1 6 -2 -12 -20 2 -6 3  # REPEATED
0 1 1 1 1 6 -2 -10 -22 -2 -10 5  # REPEATED
0 1 1 1 1 6 -2 -9 -23 -4 -12 6  # REPEATED
0 1 1 1 1 6 -2 -8 -24 -6 -14 7  # REPEATED
0 1 1 1 1 6 -2 -7 -25 -8 -16 8  # REPEATED
0 1 1 1 1 6 -2 -6 -26 -10 -18 9  # REPEATED
0 1 1 1 1 6 -2 -5 -27 -12 -20 10  # REPEATED
0 1 1 1 1 6 -2 -4 -28 -14 -22 11  # REPEATED
0 1 1 1 1 6 -2 -3 -29 -16 -24 12  # REPEATED
0 1 1 1 1 6 -2 -2 -30 -18 -26 13  # REPEATED
0 1 1 1 1 6 -2 -1 -31 -20 -28 14  # REPEATED
0 1 1 1 1 6 -2 0 -32 -22 -30 15  # REPEATED
0 1 1 1 1 6 -2 1 -33 -24 -32 16  # REPEATED
0 1 1 1 1 6 -2 2 -34 -26 -34 17  # REPEATED
0 1 1 1 1 6 -2 3 -35 -28 -36 18  # REPEATED
0 1 1 1 1 6 -2 4 -36 -30 -38 19  # REPEATED
0 1 1 1 1 6 -2 5 -37 -32 -40 20  # REPEATED
0 1 1 1 1 6 -2 6 -38 -34 -42 21  # REPEATED
0 1 1 1 1 6 -2 7 -39 -36 -44 22  # REPEATED
0 1 1 1 1 6 -2 8 -40 -38 -46 23  # REPEATED
0 1 1 1 1 6 -2 13 -21 12 16 4  # REPEATED
0 1 1 1 1 6 -1 13 -12 12 14 4  # REPEATED
0 1 1 1 1 6 -1 13 8 12 34 4  # REPEATED
0 1 1 1 1 6 0 13 -5 12 12 4  # REPEATED
0 1 1 1 1 6 1 -27 -12 4 -6 36  # REPEATED
0 1 1 1 1 6 1 1 -24 -24 -44 16  # REPEATED
0 1 1 1 1 6 1 13 0 12 10 4  # REPEATED
0 1 1 1 1 6 1 19 26 30 5 25  # REPEATED
0 1 1 1 1 6 2 -21 37 -56 -60 -30  # REPEATED
0 1 1 1 1 6 2 -20 36 -54 -58 -29  # REPEATED
0 1 1 1 1 6 2 -19 35 -52 -56 -28  # REPEATED
0 1 1 1 1 6 2 -18 34 -50 -54 -27  # REPEATED
0 1 1 1 1 6 2 -17 33 -48 -52 -26  # REPEATED
0 1 1 1 1 6 2 -16 32 -46 -50 -25  # REPEATED
0 1 1 1 1 6 2 -15 31 -44 -48 -24  # REPEATED
0 1 1 1 1 6 2 -14 30 -42 -46 -23  # REPEATED
0 1 1 1 1 6 2 -13 29 -40 -44 -22  # REPEATED
0 1 1 1 1 6 2 -12 28 -38 -42 -21  # REPEATED
0 1 1 1 1 6 2 -11 27 -36 -40 -20  # REPEATED
0 1 1 1 1 6 2 -10 26 -34 -38 -19  # REPEATED
0 1 1 1 1 6 2 -9 25 -32 -36 -18  # REPEATED
0 1 1 1 1 6 2 -8 24 -30 -34 -17  # REPEATED
0 1 1 1 1 6 2 -7 23 -28 -32 -16  # REPEATED
0 1 1 1 1 6 2 -6 22 -26 -30 -15  # REPEATED
0 1 1 1 1 6 2 -5 21 -24 -28 -14  # REPEATED
0 1 1 1 1 6 2 -4 20 -22 -26 -13  # REPEATED
0 1 1 1 1 6 2 -3 19 -20 -24 -12  # REPEATED
0 1 1 1 1 6 2 -2 18 -18 -22 -11  # REPEATED
0 1 1 1 1 6 2 -1 17 -16 -20 -10  # REPEATED
0 1 1 1 1 6 2 0 0 -6 -2 -1
0 1 1 1 1 6 2 0 16 -14 -18 -9  # REPEATED
0 1 1 1 1 6 2 1 15 -12 -16 -8  # REPEATED
0 1 1 1 1 6 2 2 14 -10 -14 -7  # REPEATED
0 1 1 1 1 6 2 3 -3 -28 -12 18  # REPEATED
0 1 1 1 1 6 2 3 13 -8 -12 -6  # REPEATED
0 1 1 1 1 6 2 4 12 -6 -10 -5  # REPEATED
0 1 1 1 1 6 2 5 11 -4 -8 -4  # REPEATED
0 1 1 1 1 6 2 6 10 -2 -6 -3  # REPEATED
0 1 1 1 1 6 2 8 8 2 -2 -1  # REPEATED
0 1 1 1 1 6 2 10 6 6 2 1  # REPEATED
0 1 1 1 1 6 2 11 5 8 4 2  # REPEATED
0 1 1 1 1 6 2 12 4 10 6 3  # REPEATED
0 1 1 1 1 6 2 13 3 12 8 4  # REPEATED
0 1 1 1 1 6 2 14 2 14 10 5  # REPEATED
0 1 1 1 1 6 2 15 1 16 12 6  # REPEATED
0 1 1 1 1 6 2 16 0 18 14 7  # REPEATED
0 1 1 1 1 6 2 17 -1 20 16 8  # REPEATED
0 1 1 1 1 6 2 18 -2 22 18 9  # REPEATED
0 1 1 1 1 6 2 19 -3 24 20 10  # REPEATED
0 1 1 1 1 6 2 20 -4 26 22 11  # REPEATED
0 1 1 1 1 6 2 21 -5 28 24 12  # REPEATED
0 1 1 1 1 6 2 22 -6 30 26 13  # REPEATED
0 1 1 1 1 6 2 23 -7 32 28 14  # REPEATED
0 1 1 1 1 6 2 24 -8 34 30 15  # REPEATED
0 1 1 1 1 6 2 25 -9 36 32 16  # REPEATED
0 1 1 1 1 6 2 26 -10 38 34 17  # REPEATED
0 1 1 1 1 6 2 27 -11 40 36 18  # REPEATED
0 1 1 1 1 6 2 28 -12 42 38 19  # REPEATED
0 1 1 1 1 6 2 29 -13 44 40 20  # REPEATED
0 1 1 1 1 6 2 30 -14 46 42 21  # REPEATED
0 1 1 1 1 6 2 31 -15 48 44 22  # REPEATED
0 1 1 1 1 6 2 32 -16 50 46 23  # REPEATED
0 1 1 1 1 6 2 33 -17 52 48 24  # REPEATED
0 1 1 1 1 6 2 34 -18 54 50 25  # REPEATED
0 1 1 1 1 6 2 35 -19 56 52 26  # REPEATED
0 1 1 1 1 6 2 36 -20 58 54 27  # REPEATED
0 1 1 1 1 6 2 37 -21 60 56 28  # REPEATED
0 1 1 1 1 6 2 38 -22 62 58 29  # REPEATED
0 1 1 1 1 6 2 39 -23 64 60 30  # REPEATED
0 1 1 1 1 6 3 -9 -18 -54 -27 81  # REPEATED
0 1 1 1 1 6 3 -7 -16 -48 -24 64  # REPEATED
0 1 1 1 1 6 3 -5 -14 -42 -21 49  # REPEATED
0 1 1 1 1 6 3 -3 -12 -36 -18 36  # REPEATED
0 1 1 1 1 6 3 -1 -10 -30 -15 25  # REPEATED
0 1 1 1 1 6 3 1 -8 -24 -12 16  # REPEATED
0 1 1 1 1 6 3 3 -6 -18 -9 9  # REPEATED
0 1 1 1 1 6 3 5 -4 -12 -6 4  # REPEATED
0 1 1 1 1 6 3 7 -2 -6 -3 1  # REPEATED
0 1 1 1 1 6 3 11 2 6 3 1  # REPEATED
0 1 1 1 1 6 3 13 4 12 6 4  # REPEATED
0 1 1 1 1 6 3 15 6 18 9 9  # REPEATED
0 1 1 1 1 6 3 17 8 24 12 16  # REPEATED
0 1 1 1 1 6 3 19 10 30 15 25  # REPEATED
0 1 1 1 1 6 3 21 12 36 18 36  # REPEATED
0 1 1 1 1 6 3 23 14 42 21 49  # REPEATED
0 1 1 1 1 6 3 25 16 48 24 64  # REPEATED
0 1 1 1 1 6 3 27 18 54 27 81  # REPEATED
0 1 1 1 1 6 4 -3 19 -52 -60 -60  # REPEATED
0 1 1 1 1 6 4 -2 18 -48 -56 -56  # REPEATED
0 1 1 1 1 6 4 -1 17 -44 -52 -52  # REPEATED
0 1 1 1 1 6 4 0 16 -40 -48 -48  # REPEATED
0 1 1 1 1 6 4 1 15 -36 -44 -44  # REPEATED
0 1 1 1 1 6 4 2 14 -32 -40 -40  # REPEATED
0 1 1 1 1 6 4 3 13 -28 -36 -36  # REPEATED
0 1 1 1 1 6 4 4 12 -24 -32 -32  # REPEATED
0 1 1 1 1 6 4 5 11 -20 -28 -28  # REPEATED
0 1 1 1 1 6 4 6 10 -16 -24 -24  # REPEATED
0 1 1 1 1 6 4 7 9 -12 -20 -20  # REPEATED
0 1 1 1 1 6 4 8 8 -8 -16 -16  # REPEATED
0 1 1 1 1 6 4 9 7 -4 -12 -12  # REPEATED
0 1 1 1 1 6 4 10 18 6 4 1  # REPEATED
0 1 1 1 1 6 4 11 5 4 -4 -4  # REPEATED
0 1 1 1 1 6 4 13 3 12 4 4  # REPEATED
0 1 1 1 1 6 4 14 2 16 8 8  # REPEATED
0 1 1 1 1 6 4 15 1 20 12 12  # REPEATED
0 1 1 1 1 6 4 16 0 24 16 16  # REPEATED
0 1 1 1 1 6 4 17 -1 28 20 20  # REPEATED
0 1 1 1 1 6 4 18 -2 32 24 24  # REPEATED
0 1 1 1 1 6 4 19 -3 36 28 28  # REPEATED
0 1 1 1 1 6 4 20 -4 40 32 32  # REPEATED
0 1 1 1 1 6 4 21 -5 44 36 36  # REPEATED
0 1 1 1 1 6 4 22 -6 48 40 40  # REPEATED
0 1 1 1 1 6 4 23 -7 52 44 44  # REPEATED
0 1 1 1 1 6 4 24 -8 56 48 48  # REPEATED
0 1 1 1 1 6 4 25 -9 60 52 52  # REPEATED
0 1 1 1 1 6 4 26 -10 64 56 56  # REPEATED
0 1 1 1 1 6 4 27 -11 68 60 60  # REPEATED
0 1 1 1 1 6 5 13 0 12 2 4  # REPEATED
0 1 1 1 1 6 5 13 12 12 14 4  # REPEATED
0 1 1 1 1 6 6 -1 1 -60 -60 -90  # REPEATED
0 1 1 1 1 6 6 0 0 -54 -54 -81  # REPEATED
0 1 1 1 1 6 6 1 -1 -48 -48 -72  # REPEATED
0 1 1 1 1 6 6 2 -2 -42 -42 -63  # REPEATED
0 1 1 1 1 6 6 3 -39 -18 -18 9  # REPEATED
0 1 1 1 1 6 6 3 -3 -36 -36 -54  # REPEATED
0 1 1 1 1 6 6 4 -4 -30 -30 -45  # REPEATED
0 1 1 1 1 6 6 5 -29 -12 -12 4  # REPEATED
0 1 1 1 1 6 6 5 -5 -24 -24 -36  # REPEATED
0 1 1 1 1 6 6 6 -6 -18 -18 -27  # REPEATED
0 1 1 1 1 6 6 7 -19 -6 -6 1  # REPEATED
0 1 1 1 1 6 6 7 -7 -12 -12 -18  # REPEATED
0 1 1 1 1 6 6 8 -8 -6 -6 -9  # REPEATED
0 1 1 1 1 6 6 10 -10 6 6 9  # REPEATED
0 1 1 1 1 6 6 11 -11 12 12 18  # REPEATED
0 1 1 1 1 6 6 11 1 6 6 1  # REPEATED
0 1 1 1 1 6 6 12 -12 18 18 27  # REPEATED
0 1 1 1 1 6 6 13 -13 24 24 36  # REPEATED
0 1 1 1 1 6 6 13 -5 12 0 4  # REPEATED
0 1 1 1 1 6 6 13 11 12 12 4  # REPEATED
0 1 1 1 1 6 6 14 -14 30 30 45  # REPEATED
0 1 1 1 1 6 6 15 -15 36 36 54  # REPEATED
0 1 1 1 1 6 6 15 21 18 18 9  # REPEATED
0 1 1 1 1 6 6 16 -16 42 42 63  # REPEATED
0 1 1 1 1 6 6 17 -17 48 48 72  # REPEATED
0 1 1 1 1 6 6 17 31 24 24 16  # REPEATED
0 1 1 1 1 6 6 18 -18 54 54 81  # REPEATED
0 1 1 1 1 6 6 19 -19 60 60 90  # REPEATED
0 1 1 1 1 6 7 13 -12 12 -2 4  # REPEATED
0 1 1 1 1 6 7 13 12 12 10 4  # REPEATED
0 1 1 1 1 6 8 -5 -27 -72 -40 -80  # REPEATED
0 1 1 1 1 6 8 -4 -28 -64 -32 -64  # REPEATED
0 1 1 1 1 6 8 -3 -29 -56 -24 -48  # REPEATED
0 1 1 1 1 6 8 -2 -30 -48 -16 -32  # REPEATED
0 1 1 1 1 6 8 -1 -31 -40 -8 -16  # REPEATED
0 1 1 1 1 6 8 1 -33 -24 8 16  # REPEATED
0 1 1 1 1 6 8 2 -34 -16 16 32  # REPEATED
0 1 1 1 1 6 8 3 -35 -8 24 48  # REPEATED
0 1 1 1 1 6 8 5 -37 8 40 80  # REPEATED
0 1 1 1 1 6 8 13 -21 12 -4 4  # REPEATED
0 1 1 1 1 6 8 16 0 24 32 16  # REPEATED
0 1 1 1 1 6 9 13 -32 12 -6 4  # REPEATED
0 1 1 1 1 6 9 13 28 12 30 4  # REPEATED
0 1 1 1 1 6 10 13 27 12 28 4  # REPEATED
0 1 1 1 1 6 11 1 -24 -24 -4 16  # REPEATED
0 1 1 1 1 7 -4 -51 -37 88 44 -44  # REPEATED
0 1 1 1 1 7 -4 -50 -38 84 40 -40  # REPEATED
0 1 1 1 1 7 -4 -49 -39 80 36 -36  # REPEATED
0 1 1 1 1 7 -4 -48 -40 76 32 -32  # REPEATED
0 1 1 1 1 7 -2 -47 11 69 60 -30  # REPEATED
0 1 1 1 1 7 -2 -46 10 67 58 -29  # REPEATED
0 1 1 1 1 7 -2 -45 9 65 56 -28  # REPEATED
0 1 1 1 1 7 -2 -44 8 63 54 -27  # REPEATED
0 1 1 1 1 7 -2 -43 7 61 52 -26  # REPEATED
0 1 1 1 1 7 -2 -42 6 59 50 -25  # REPEATED
0 1 1 1 1 7 -2 -41 5 57 48 -24  # REPEATED
0 1 1 1 1 7 -2 -40 4 55 46 -23  # REPEATED
0 1 1 1 1 7 -2 -39 3 53 44 -22  # REPEATED
0 1 1 1 1 7 -2 -38 2 51 42 -21  # REPEATED
0 1 1 1 1 7 -2 -37 1 49 40 -20  # REPEATED
0 1 1 1 1 7 -2 -36 0 47 38 -19  # REPEATED
0 1 1 1 1 7 -2 -35 -1 45 36 -18  # REPEATED
0 1 1 1 1 7 -2 -34 -2 43 34 -17  # REPEATED
0 1 1 1 1 7 -2 -33 -3 41 32 -16  # REPEATED
0 1 1 1 1 7 -2 -32 -4 39 30 -15  # REPEATED
0 1 1 1 1 7 -2 -31 -5 37 28 -14  # REPEATED
0 1 1 1 1 7 -2 -30 -6 35 26 -13  # REPEATED
0 1 1 1 1 7 -2 -29 -7 33 24 -12  # REPEATED
0 1 1 1 1 7 -2 -28 -8 31 22 -11  # REPEATED
0 1 1 1 1 7 -2 -27 -9 29 20 -10  # REPEATED
0 1 1 1 1 7 -2 -26 -10 27 18 -9  # REPEATED
0 1 1 1 1 7 -2 -25 -11 25 16 -8  # REPEATED
0 1 1 1 1 7 -2 -24 -12 23 14 -7  # REPEATED
0 1 1 1 1 7 -2 -23 -13 21 12 -6  # REPEATED
0 1 1 1 1 7 -2 -22 -14 19 10 -5  # REPEATED
0 1 1 1 1 7 -2 -21 -15 17 8 -4  # REPEATED
0 1 1 1 1 7 -2 -20 -16 15 6 -3  # REPEATED
0 1 1 1 1 7 -2 -19 -17 13 4 -2  # REPEATED
0 1 1 1 1 7 -2 -18 -18 11 2 -1  # REPEATED
0 1 1 1 1 7 -2 -16 -20 7 -2 1  # REPEATED
0 1 1 1 1 7 -2 -15 -21 5 -4 2  # REPEATED
0 1 1 1 1 7 -2 -14 -22 3 -6 3  # REPEATED
0 1 1 1 1 7 -2 -13 -23 1 -8 4  # REPEATED
0 1 1 1 1 7 -2 -12 -24 -1 -10 5  # REPEATED
0 1 1 1 1 7 -2 -11 -25 -3 -12 6  # REPEATED
0 1 1 1 1 7 -2 -10 -26 -5 -14 7  # REPEATED
0 1 1 1 1 7 -2 -9 -27 -7 -16 8  # REPEATED
0 1 1 1 1 7 -2 -8 -28 -9 -18 9  # REPEATED
0 1 1 1 1 7 -2 -7 -29 -11 -20 10  # REPEATED
0 1 1 1 1 7 -2 -6 -30 -13 -22 11  # REPEATED
0 1 1 1 1 7 -2 -5 -31 -15 -24 12  # REPEATED
0 1 1 1 1 7 -2 -4 -32 -17 -26 13  # REPEATED
0 1 1 1 1 7 -2 -3 -33 -19 -28 14  # REPEATED
0 1 1 1 1 7 -2 -2 -34 -21 -30 15  # REPEATED
0 1 1 1 1 7 -2 -1 -35 -23 -32 16  # REPEATED
0 1 1 1 1 7 -2 0 -36 -25 -34 17  # REPEATED
0 1 1 1 1 7 -2 1 -37 -27 -36 18  # REPEATED
0 1 1 1 1 7 -2 2 -38 -29 -38 19  # REPEATED
0 1 1 1 1 7 -2 3 -39 -31 -40 20  # REPEATED
0 1 1 1 1 7 -2 4 -40 -33 -42 21  # REPEATED
0 1 1 1 1 7 1 -41 -12 48 14 -4  # REPEATED
0 1 1 1 1 7 2 -19 39 -55 -60 -30  # REPEATED
0 1 1 1 1 7 2 -18 38 -53 -58 -29  # REPEATED
0 1 1 1 1 7 2 -17 37 -51 -56 -28  # REPEATED
0 1 1 1 1 7 2 -16 36 -49 -54 -27  # REPEATED
0 1 1 1 1 7 2 -15 35 -47 -52 -26  # REPEATED
0 1 1 1 1 7 2 -14 34 -45 -50 -25  # REPEATED
0 1 1 1 1 7 2 -13 33 -43 -48 -24  # REPEATED
0 1 1 1 1 7 2 -12 32 -41 -46 -23  # REPEATED
0 1 1 1 1 7 2 -11 31 -39 -44 -22  # REPEATED
0 1 1 1 1 7 2 -10 30 -37 -42 -21  # REPEATED
0 1 1 1 1 7 2 -9 29 -35 -40 -20  # REPEATED
0 1 1 1 1 7 2 -8 28 -33 -38 -19  # REPEATED
0 1 1 1 1 7 2 -7 27 -31 -36 -18  # REPEATED
0 1 1 1 1 7 2 -6 26 -29 -34 -17  # REPEATED
0 1 1 1 1 7 2 -5 25 -27 -32 -16  # REPEATED
0 1 1 1 1 7 2 -4 24 -25 -30 -15  # REPEATED
0 1 1 1 1 7 2 -3 23 -23 -28 -14  # REPEATED
0 1 1 1 1 7 2 -2 22 -21 -26 -13  # REPEATED
0 1 1 1 1 7 2 -1 21 -19 -24 -12  # REPEATED
0 1 1 1 1 7 2 0 20 -17 -22 -11  # REPEATED
0 1 1 1 1 7 2 1 19 -15 -20 -10  # REPEATED
0 1 1 1 1 7 2 2 18 -13 -18 -9  # REPEATED
0 1 1 1 1 7 2 3 17 -11 -16 -8  # REPEATED
0 1 1 1 1 7 2 4 16 -9 -14 -7  # REPEATED
0 1 1 1 1 7 2 5 15 -7 -12 -6  # REPEATED
0 1 1 1 1 7 2 6 14 -5 -10 -5  # REPEATED
0 1 1 1 1 7 2 7 13 -3 -8 -4  # REPEATED
0 1 1 1 1 7 2 8 12 -1 -6 -3  # REPEATED
0 1 1 1 1 7 2 9 11 1 -4 -2  # REPEATED
0 1 1 1 1 7 2 10 -6 -45 -24 27  # REPEATED
0 1 1 1 1 7 2 10 10 3 -2 -1  # REPEATED
0 1 1 1 1 7 2 12 8 7 2 1  # REPEATED
0 1 1 1 1 7 2 13 7 9 4 2  # REPEATED
0 1 1 1 1 7 2 14 6 11 6 3  # REPEATED
0 1 1 1 1 7 2 15 5 13 8 4  # REPEATED
0 1 1 1 1 7 2 16 4 15 10 5  # REPEATED
0 1 1 1 1 7 2 17 3 17 12 6  # REPEATED
0 1 1 1 1 7 2 18 2 19 14 7  # REPEATED
0 1 1 1 1 7 2 19 1 21 16 8  # REPEATED
0 1 1 1 1 7 2 20 0 23 18 9  # REPEATED
0 1 1 1 1 7 2 21 -1 25 20 10  # REPEATED
0 1 1 1 1 7 2 22 -2 27 22 11  # REPEATED
0 1 1 1 1 7 2 23 -3 29 24 12  # REPEATED
0 1 1 1 1 7 2 24 -4 31 26 13  # REPEATED
0 1 1 1 1 7 2 25 -5 33 28 14  # REPEATED
0 1 1 1 1 7 2 26 -6 35 30 15  # REPEATED
0 1 1 1 1 7 2 27 -7 37 32 16  # REPEATED
0 1 1 1 1 7 2 28 -8 39 34 17  # REPEATED
0 1 1 1 1 7 2 29 -9 41 36 18  # REPEATED
0 1 1 1 1 7 2 30 -10 43 38 19  # REPEATED
0 1 1 1 1 7 2 31 -11 45 40 20  # REPEATED
0 1 1 1 1 7 2 32 -12 47 42 21  # REPEATED
0 1 1 1 1 7 2 33 -13 49 44 22  # REPEATED
0 1 1 1 1 7 2 34 -14 51 46 23  # REPEATED
0 1 1 1 1 7 2 35 -15 53 48 24  # REPEATED
0 1 1 1 1 7 2 36 -16 55 50 25  # REPEATED
0 1 1 1 1 7 2 37 -17 57 52 26  # REPEATED
0 1 1 1 1 7 2 38 -18 59 54 27  # REPEATED
0 1 1 1 1 7 2 39 -19 61 56 28  # REPEATED
0 1 1 1 1 7 2 40 -20 63 58 29  # REPEATED
0 1 1 1 1 7 2 41 -21 65 60 30  # REPEATED
0 1 1 1 1 7 4 1 23 -48 -60 -60  # REPEATED
0 1 1 1 1 7 4 2 22 -44 -56 -56  # REPEATED
0 1 1 1 1 7 4 3 21 -40 -52 -52  # REPEATED
0 1 1 1 1 7 4 4 20 -36 -48 -48  # REPEATED
0 1 1 1 1 7 4 5 19 -32 -44 -44  # REPEATED
0 1 1 1 1 7 4 6 18 -28 -40 -40  # REPEATED
0 1 1 1 1 7 4 7 17 -24 -36 -36  # REPEATED
0 1 1 1 1 7 4 8 16 -20 -32 -32  # REPEATED
0 1 1 1 1 7 4 9 15 -16 -28 -28  # REPEATED
0 1 1 1 1 7 4 10 14 -12 -24 -24  # REPEATED
0 1 1 1 1 7 4 11 13 -8 -20 -20  # REPEATED
0 1 1 1 1 7 4 12 12 -4 -16 -16  # REPEATED
0 1 1 1 1 7 4 12 24 7 4 1  # REPEATED
0 1 1 1 1 7 4 14 10 4 -8 -8  # REPEATED
0 1 1 1 1 7 4 15 9 8 -4 -4  # REPEATED
0 1 1 1 1 7 4 17 7 16 4 4  # REPEATED
0 1 1 1 1 7 4 18 6 20 8 8  # REPEATED
0 1 1 1 1 7 4 19 5 24 12 12  # REPEATED
0 1 1 1 1 7 4 20 4 28 16 16  # REPEATED
0 1 1 1 1 7 4 21 3 32 20 20  # REPEATED
0 1 1 1 1 7 4 22 2 36 24 24  # REPEATED
0 1 1 1 1 7 4 23 1 40 28 28  # REPEATED
0 1 1 1 1 7 4 24 0 44 32 32  # REPEATED
0 1 1 1 1 7 4 25 -1 48 36 36  # REPEATED
0 1 1 1 1 7 4 26 -2 52 40 40  # REPEATED
0 1 1 1 1 7 4 27 -3 56 44 44  # REPEATED
0 1 1 1 1 7 4 28 -4 60 48 48  # REPEATED
0 1 1 1 1 7 4 29 -5 64 52 52  # REPEATED
0 1 1 1 1 7 4 30 -6 68 56 56  # REPEATED
0 1 1 1 1 7 4 31 -7 72 60 60  # REPEATED
0 1 1 1 1 7 6 5 7 -51 -60 -90  # REPEATED
0 1 1 1 1 7 6 6 6 -45 -54 -81  # REPEATED
0 1 1 1 1 7 6 7 5 -39 -48 -72  # REPEATED
0 1 1 1 1 7 6 8 4 -33 -42 -63  # REPEATED
0 1 1 1 1 7 6 9 3 -27 -36 -54  # REPEATED
0 1 1 1 1 7 6 10 2 -21 -30 -45  # REPEATED
0 1 1 1 1 7 6 11 1 -15 -24 -36  # REPEATED
0 1 1 1 1 7 6 12 0 -9 -18 -27  # REPEATED
0 1 1 1 1 7 6 13 -1 -3 -12 -18  # REPEATED
0 1 1 1 1 7 6 14 -2 3 -6 -9  # REPEATED
0 1 1 1 1 7 6 16 -4 15 6 9  # REPEATED
0 1 1 1 1 7 6 17 -5 21 12 18  # REPEATED
0 1 1 1 1 7 6 18 -6 27 18 27  # REPEATED
0 1 1 1 1 7 6 19 -7 33 24 36  # REPEATED
0 1 1 1 1 7 6 20 -8 39 30 45  # REPEATED
0 1 1 1 1 7 6 21 -9 45 36 54  # REPEATED
0 1 1 1 1 7 6 22 -10 51 42 63  # REPEATED
0 1 1 1 1 7 6 23 -11 57 48 72  # REPEATED
0 1 1 1 1 7 6 24 -12 63 54 81  # REPEATED
0 1 1 1 1 7 6 25 -13 69 60 90  # REPEATED
0 1 1 1 1 7 8 3 -19 -56 -40 -80  # REPEATED
0 1 1 1 1 7 8 4 -20 -48 -32 -64  # REPEATED
0 1 1 1 1 7 8 5 -21 -40 -24 -48  # REPEATED
0 1 1 1 1 7 8 6 -22 -32 -16 -32  # REPEATED
0 1 1 1 1 7 8 7 -23 -24 -8 -16  # REPEATED
0 1 1 1 1 7 8 9 -25 -8 8 16  # REPEATED
0 1 1 1 1 7 8 11 -27 8 24 48  # REPEATED
0 1 1 1 1 7 8 12 -28 16 32 64  # REPEATED
0 1 1 1 1 7 8 13 -29 24 40 80  # REPEATED
0 1 1 1 1 7 8 20 12 28 32 16  # REPEATED
0 1 1 1 1 7 12 18 22 20 8 8  # REPEATED
0 1 1 1 1 8 -2 -49 9 70 60 -30  # REPEATED
0 1 1 1 1 8 -2 -48 8 68 58 -29  # REPEATED
0 1 1 1 1 8 -2 -47 7 66 56 -28  # REPEATED
0 1 1 1 1 8 -2 -46 6 64 54 -27  # REPEATED
0 1 1 1 1 8 -2 -45 5 62 52 -26  # REPEATED
0 1 1 1 1 8 -2 -44 4 60 50 -25  # REPEATED
0 1 1 1 1 8 -2 -43 3 58 48 -24  # REPEATED
0 1 1 1 1 8 -2 -42 2 56 46 -23  # REPEATED
0 1 1 1 1 8 -2 -41 1 54 44 -22  # REPEATED
0 1 1 1 1 8 -2 -40 0 52 42 -21  # REPEATED
0 1 1 1 1 8 -2 -39 -1 50 40 -20  # REPEATED
0 1 1 1 1 8 -2 -38 -2 48 38 -19  # REPEATED
0 1 1 1 1 8 -2 -37 -3 46 36 -18  # REPEATED
0 1 1 1 1 8 -2 -36 -4 44 34 -17  # REPEATED
0 1 1 1 1 8 -2 -35 -5 42 32 -16  # REPEATED
0 1 1 1 1 8 -2 -34 -6 40 30 -15  # REPEATED
0 1 1 1 1 8 -2 -33 -7 38 28 -14  # REPEATED
0 1 1 1 1 8 -2 -32 -8 36 26 -13  # REPEATED
0 1 1 1 1 8 -2 -31 -9 34 24 -12  # REPEATED
0 1 1 1 1 8 -2 -30 -10 32 22 -11  # REPEATED
0 1 1 1 1 8 -2 -29 -11 30 20 -10  # REPEATED
0 1 1 1 1 8 -2 -28 -12 28 18 -9  # REPEATED
0 1 1 1 1 8 -2 -27 -13 26 16 -8  # REPEATED
0 1 1 1 1 8 -2 -26 -14 24 14 -7  # REPEATED
0 1 1 1 1 8 -2 -25 -15 22 12 -6  # REPEATED
0 1 1 1 1 8 -2 -24 -16 20 10 -5  # REPEATED
0 1 1 1 1 8 -2 -23 -17 18 8 -4  # REPEATED
0 1 1 1 1 8 -2 -22 -18 16 6 -3  # REPEATED
0 1 1 1 1 8 -2 -21 -19 14 4 -2  # REPEATED
0 1 1 1 1 8 -2 -20 -20 12 2 -1  # REPEATED
0 1 1 1 1 8 -2 -18 -22 8 -2 1  # REPEATED
0 1 1 1 1 8 -2 -17 -23 6 -4 2  # REPEATED
0 1 1 1 1 8 -2 -16 -24 4 -6 3  # REPEATED
0 1 1 1 1 8 -2 -15 -25 2 -8 4  # REPEATED
0 1 1 1 1 8 -2 -13 -27 -2 -12 6  # REPEATED
0 1 1 1 1 8 -2 -12 -28 -4 -14 7  # REPEATED
0 1 1 1 1 8 -2 -11 -29 -6 -16 8  # REPEATED
0 1 1 1 1 8 -2 -10 -30 -8 -18 9  # REPEATED
0 1 1 1 1 8 -2 -9 -31 -10 -20 10  # REPEATED
0 1 1 1 1 8 -2 -8 -32 -12 -22 11  # REPEATED
0 1 1 1 1 8 -2 -7 -33 -14 -24 12  # REPEATED
0 1 1 1 1 8 -2 -6 -34 -16 -26 13  # REPEATED
0 1 1 1 1 8 -2 -5 -35 -18 -28 14  # REPEATED
0 1 1 1 1 8 -2 -4 -36 -20 -30 15  # REPEATED
0 1 1 1 1 8 -2 -3 -37 -22 -32 16  # REPEATED
0 1 1 1 1 8 -2 -2 -38 -24 -34 17  # REPEATED
0 1 1 1 1 8 -2 -1 -39 -26 -36 18  # REPEATED
0 1 1 1 1 8 -2 0 -40 -28 -38 19  # REPEATED
0 1 1 1 1 8 -2 22 -30 24 30 9  # REPEATED
0 1 1 1 1 8 -2 23 -15 26 28 10  # REPEATED
0 1 1 1 1 8 -1 -39 24 50 50 -20  # REPEATED
0 1 1 1 1 8 0 22 -10 24 24 9  # REPEATED
0 1 1 1 1 8 2 -52 -8 72 24 -16
0 1 1 1 1 8 2 -16 40 -52 -58 -29  # REPEATED
0 1 1 1 1 8 2 -15 39 -50 -56 -28  # REPEATED
0 1 1 1 1 8 2 -14 38 -48 -54 -27  # REPEATED
0 1 1 1 1 8 2 -13 37 -46 -52 -26  # REPEATED
0 1 1 1 1 8 2 -12 36 -44 -50 -25  # REPEATED
0 1 1 1 1 8 2 -11 35 -42 -48 -24  # REPEATED
0 1 1 1 1 8 2 -10 -6 -8 -6 9  # REPEATED
0 1 1 1 1 8 2 -10 34 -40 -46 -23  # REPEATED
0 1 1 1 1 8 2 -9 33 -38 -44 -22  # REPEATED
0 1 1 1 1 8 2 -8 32 -36 -42 -21  # REPEATED
0 1 1 1 1 8 2 -7 31 -34 -40 -20  # REPEATED
0 1 1 1 1 8 2 -6 30 -32 -38 -19  # REPEATED
0 1 1 1 1 8 2 -5 29 -30 -36 -18  # REPEATED
0 1 1 1 1 8 2 -4 28 -28 -34 -17  # REPEATED
0 1 1 1 1 8 2 -3 27 -26 -32 -16  # REPEATED
0 1 1 1 1 8 2 -2 26 -24 -30 -15  # REPEATED
0 1 1 1 1 8 2 -1 25 -22 -28 -14  # REPEATED
0 1 1 1 1 8 2 0 24 -20 -26 -13  # REPEATED
0 1 1 1 1 8 2 1 23 -18 -24 -12  # REPEATED
0 1 1 1 1 8 2 2 22 -16 -22 -11  # REPEATED
0 1 1 1 1 8 2 3 21 -14 -20 -10  # REPEATED
0 1 1 1 1 8 2 4 20 -12 -18 -9  # REPEATED
0 1 1 1 1 8 2 5 19 -10 -16 -8  # REPEATED
0 1 1 1 1 8 2 6 18 -8 -14 -7  # REPEATED
0 1 1 1 1 8 2 7 17 -6 -12 -6  # REPEATED
0 1 1 1 1 8 2 8 16 -4 -10 -5  # REPEATED
0 1 1 1 1 8 2 9 15 -2 -8 -4  # REPEATED
0 1 1 1 1 8 2 11 13 2 -4 -2  # REPEATED
0 1 1 1 1 8 2 12 12 4 -2 -1  # REPEATED
0 1 1 1 1 8 2 14 10 8 2 1  # REPEATED
0 1 1 1 1 8 2 15 9 10 4 2  # REPEATED
0 1 1 1 1 8 2 16 8 12 6 3  # REPEATED
0 1 1 1 1 8 2 17 7 14 8 4  # REPEATED
0 1 1 1 1 8 2 18 6 16 10 5  # REPEATED
0 1 1 1 1 8 2 19 5 18 12 6  # REPEATED
0 1 1 1 1 8 2 20 4 20 14 7  # REPEATED
0 1 1 1 1 8 2 21 3 22 16 8  # REPEATED
0 1 1 1 1 8 2 22 2 24 18 9  # REPEATED
0 1 1 1 1 8 2 23 1 26 20 10  # REPEATED
0 1 1 1 1 8 2 24 0 28 22 11  # REPEATED
0 1 1 1 1 8 2 25 -1 30 24 12  # REPEATED
0 1 1 1 1 8 2 26 -2 32 26 13  # REPEATED
0 1 1 1 1 8 2 27 -3 34 28 14  # REPEATED
0 1 1 1 1 8 2 28 -4 36 30 15  # REPEATED
0 1 1 1 1 8 2 29 -5 38 32 16  # REPEATED
0 1 1 1 1 8 2 30 -6 40 34 17  # REPEATED
0 1 1 1 1 8 2 31 -7 42 36 18  # REPEATED
0 1 1 1 1 8 2 32 -8 44 38 19  # REPEATED
0 1 1 1 1 8 2 33 -9 46 40 20  # REPEATED
0 1 1 1 1 8 2 34 -10 48 42 21  # REPEATED
0 1 1 1 1 8 2 35 -11 50 44 22  # REPEATED
0 1 1 1 1 8 2 36 -12 52 46 23  # REPEATED
0 1 1 1 1 8 2 37 -13 54 48 24  # REPEATED
0 1 1 1 1 8 2 38 -14 56 50 25  # REPEATED
0 1 1 1 1 8 2 39 -15 58 52 26  # REPEATED
0 1 1 1 1 8 2 40 -16 60 54 27  # REPEATED
0 1 1 1 1 8 2 41 -17 62 56 28  # REPEATED
0 1 1 1 1 8 2 42 -18 64 58 29  # REPEATED
0 1 1 1 1 8 2 43 -19 66 60 30  # REPEATED
0 1 1 1 1 8 4 -2 -18 -72 -36 81  # REPEATED
0 1 1 1 1 8 4 0 -16 -64 -32 64  # REPEATED
0 1 1 1 1 8 4 2 -14 -56 -28 49  # REPEATED
0 1 1 1 1 8 4 4 -12 -48 -24 36  # REPEATED
0 1 1 1 1 8 4 5 27 -44 -60 -60  # REPEATED
0 1 1 1 1 8 4 6 -10 -40 -20 25  # REPEATED
0 1 1 1 1 8 4 6 26 -40 -56 -56  # REPEATED
0 1 1 1 1 8 4 7 25 -36 -52 -52  # REPEATED
0 1 1 1 1 8 4 8 -8 -32 -16 16  # REPEATED
0 1 1 1 1 8 4 8 24 -32 -48 -48  # REPEATED
0 1 1 1 1 8 4 9 23 -28 -44 -44  # REPEATED
0 1 1 1 1 8 4 10 -6 -24 -12 9  # REPEATED
0 1 1 1 1 8 4 10 22 -24 -40 -40  # REPEATED
0 1 1 1 1 8 4 11 21 -20 -36 -36  # REPEATED
0 1 1 1 1 8 4 12 -4 -16 -8 4  # REPEATED
0 1 1 1 1 8 4 12 20 -16 -32 -32  # REPEATED
0 1 1 1 1 8 4 13 19 -12 -28 -28  # REPEATED
0 1 1 1 1 8 4 14 -2 -8 -4 1  # REPEATED
0 1 1 1 1 8 4 14 18 -8 -24 -24  # REPEATED
0 1 1 1 1 8 4 14 30 8 4 1  # REPEATED
0 1 1 1 1 8 4 15 17 -4 -20 -20  # REPEATED
0 1 1 1 1 8 4 17 15 4 -12 -12  # REPEATED
0 1 1 1 1 8 4 18 2 8 4 1  # REPEATED
0 1 1 1 1 8 4 18 14 8 -8 -8  # REPEATED
0 1 1 1 1 8 4 19 13 12 -4 -4  # REPEATED
0 1 1 1 1 8 4 20 4 16 8 4  # REPEATED
0 1 1 1 1 8 4 21 11 20 4 4  # REPEATED
0 1 1 1 1 8 4 22 6 24 12 9  # REPEATED
0 1 1 1 1 8 4 22 10 24 8 8  # REPEATED
0 1 1 1 1 8 4 23 9 28 12 12  # REPEATED
0 1 1 1 1 8 4 24 8 32 16 16  # REPEATED
0 1 1 1 1 8 4 25 7 36 20 20  # REPEATED
0 1 1 1 1 8 4 26 6 40 24 24  # REPEATED
0 1 1 1 1 8 4 26 10 40 20 25  # REPEATED
0 1 1 1 1 8 4 27 5 44 28 28  # REPEATED
0 1 1 1 1 8 4 28 4 48 32 32  # REPEATED
0 1 1 1 1 8 4 28 12 48 24 36  # REPEATED
0 1 1 1 1 8 4 29 3 52 36 36  # REPEATED
0 1 1 1 1 8 4 30 2 56 40 40  # REPEATED
0 1 1 1 1 8 4 30 14 56 28 49  # REPEATED
0 1 1 1 1 8 4 31 1 60 44 44  # REPEATED
0 1 1 1 1 8 4 32 0 64 48 48  # REPEATED
0 1 1 1 1 8 4 32 16 64 32 64  # REPEATED
0 1 1 1 1 8 4 33 -1 68 52 52  # REPEATED
0 1 1 1 1 8 4 34 -2 72 56 56  # REPEATED
0 1 1 1 1 8 4 34 18 72 36 81  # REPEATED
0 1 1 1 1 8 4 35 -3 76 60 60  # REPEATED
0 1 1 1 1 8 6 11 13 -42 -60 -90  # REPEATED
0 1 1 1 1 8 6 12 12 -36 -54 -81  # REPEATED
0 1 1 1 1 8 6 13 11 -30 -48 -72  # REPEATED
0 1 1 1 1 8 6 14 10 -24 -42 -63  # REPEATED
0 1 1 1 1 8 6 15 9 -18 -36 -54  # REPEATED
0 1 1 1 1 8 6 16 8 -12 -30 -45  # REPEATED
0 1 1 1 1 8 6 17 7 -6 -24 -36  # REPEATED
0 1 1 1 1 8 6 19 5 6 -12 -18  # REPEATED
0 1 1 1 1 8 6 20 4 12 -6 -9  # REPEATED
0 1 1 1 1 8 6 22 2 24 6 9  # REPEATED
0 1 1 1 1 8 6 22 18 24 30 9  # REPEATED
0 1 1 1 1 8 6 23 1 30 12 18  # REPEATED
0 1 1 1 1 8 6 24 0 36 18 27  # REPEATED
0 1 1 1 1 8 6 25 -1 42 24 36  # REPEATED
0 1 1 1 1 8 6 26 -2 48 30 45  # REPEATED
0 1 1 1 1 8 6 27 -3 54 36 54  # REPEATED
0 1 1 1 1 8 6 28 -4 60 42 63  # REPEATED
0 1 1 1 1 8 6 29 -5 66 48 72  # REPEATED
0 1 1 1 1 8 6 30 -6 72 54 81  # REPEATED
0 1 1 1 1 8 6 31 -7 78 60 90  # REPEATED
0 1 1 1 1 8 8 11 -11 -40 -40 -80  # REPEATED
0 1 1 1 1 8 8 12 -36 -16 -16 4  # REPEATED
0 1 1 1 1 8 8 12 -12 -32 -32 -64  # REPEATED
0 1 1 1 1 8 8 13 -13 -24 -24 -48  # REPEATED
0 1 1 1 1 8 8 14 -26 -8 -8 1  # REPEATED
0 1 1 1 1 8 8 14 -14 -16 -16 -32  # REPEATED
0 1 1 1 1 8 8 15 -15 -8 -8 -16  # REPEATED
0 1 1 1 1 8 8 17 -17 8 8 16  # REPEATED
0 1 1 1 1 8 8 18 -18 16 16 32  # REPEATED
0 1 1 1 1 8 8 18 -6 8 8 1  # REPEATED
0 1 1 1 1 8 8 19 -19 24 24 48  # REPEATED
0 1 1 1 1 8 8 20 -20 32 32 64  # REPEATED
0 1 1 1 1 8 8 20 4 16 16 4  # REPEATED
0 1 1 1 1 8 8 21 -21 40 40 80  # REPEATED
0 1 1 1 1 8 8 22 -10 24 0 9  # REPEATED
0 1 1 1 1 8 8 22 14 24 24 9  # REPEATED
0 1 1 1 1 8 8 24 24 32 32 16  # REPEATED
0 1 1 1 1 8 8 26 34 40 40 25  # REPEATED
0 1 1 1 1 8 10 22 -30 24 -6 9  # REPEATED
0 1 1 1 1 8 10 22 18 24 18 9  # REPEATED
0 1 1 1 1 8 12 22 38 24 60 9  # REPEATED
0 1 1 1 1 9 -8 23 -15 23 26 8  # REPEATED
0 1 1 1 1 9 -2 -51 7 71 60 -30  # REPEATED
0 1 1 1 1 9 -2 -50 6 69 58 -29  # REPEATED
0 1 1 1 1 9 -2 -49 5 67 56 -28  # REPEATED
0 1 1 1 1 9 -2 -48 4 65 54 -27  # REPEATED
0 1 1 1 1 9 -2 -47 3 63 52 -26  # REPEATED
0 1 1 1 1 9 -2 -46 2 61 50 -25  # REPEATED
0 1 1 1 1 9 -2 -45 1 59 48 -24  # REPEATED
0 1 1 1 1 9 -2 -44 0 57 46 -23  # REPEATED
0 1 1 1 1 9 -2 -43 -1 55 44 -22  # REPEATED
0 1 1 1 1 9 -2 -42 -2 53 42 -21  # REPEATED
0 1 1 1 1 9 -2 -41 -3 51 40 -20  # REPEATED
0 1 1 1 1 9 -2 -40 -4 49 38 -19  # REPEATED
0 1 1 1 1 9 -2 -39 -5 47 36 -18  # REPEATED
0 1 1 1 1 9 -2 -38 -6 45 34 -17  # REPEATED
0 1 1 1 1 9 -2 -37 -7 43 32 -16  # REPEATED
0 1 1 1 1 9 -2 -36 -8 41 30 -15  # REPEATED
0 1 1 1 1 9 -2 -35 -9 39 28 -14  # REPEATED
0 1 1 1 1 9 -2 -34 -10 37 26 -13  # REPEATED
0 1 1 1 1 9 -2 -33 -11 35 24 -12  # REPEATED
0 1 1 1 1 9 -2 -32 -12 33 22 -11  # REPEATED
0 1 1 1 1 9 -2 -31 -13 31 20 -10  # REPEATED
0 1 1 1 1 9 -2 -30 -14 29 18 -9  # REPEATED
0 1 1 1 1 9 -2 -29 -15 27 16 -8  # REPEATED
0 1 1 1 1 9 -2 -28 -16 25 14 -7  # REPEATED
0 1 1 1 1 9 -2 -27 -17 23 12 -6  # REPEATED
0 1 1 1 1 9 -2 -26 -18 21 10 -5  # REPEATED
0 1 1 1 1 9 -2 -25 -19 19 8 -4  # REPEATED
0 1 1 1 1 9 -2 -24 -20 17 6 -3  # REPEATED
0 1 1 1 1 9 -2 -23 -21 15 4 -2  # REPEATED
0 1 1 1 1 9 -2 -22 -22 13 2 -1  # REPEATED
0 1 1 1 1 9 -2 -20 -24 9 -2 1  # REPEATED
0 1 1 1 1 9 -2 -19 -25 7 -4 2  # REPEATED
0 1 1 1 1 9 -2 -18 -26 5 -6 3  # REPEATED
0 1 1 1 1 9 -2 -17 -27 3 -8 4  # REPEATED
0 1 1 1 1 9 -2 -16 -28 1 -10 5  # REPEATED
0 1 1 1 1 9 -2 -15 -29 -1 -12 6  # REPEATED
0 1 1 1 1 9 -2 -14 -30 -3 -14 7  # REPEATED
0 1 1 1 1 9 -2 -13 -31 -5 -16 8  # REPEATED
0 1 1 1 1 9 -2 -12 -32 -7 -18 9  # REPEATED
0 1 1 1 1 9 -2 -11 -33 -9 -20 10  # REPEATED
0 1 1 1 1 9 -2 -10 -34 -11 -22 11  # REPEATED
0 1 1 1 1 9 -2 -9 -35 -13 -24 12  # REPEATED
0 1 1 1 1 9 -2 -8 -36 -15 -26 13  # REPEATED
0 1 1 1 1 9 -2 -7 -37 -17 -28 14  # REPEATED
0 1 1 1 1 9 -2 -6 -38 -19 -30 15  # REPEATED
0 1 1 1 1 9 -2 -5 -39 -21 -32 16  # REPEATED
0 1 1 1 1 9 -2 -4 -40 -23 -34 17  # REPEATED
0 1 1 1 1 9 2 -22 -6 13 4 -1  # REPEATED
0 1 1 1 1 9 2 -12 40 -47 -54 -27  # REPEATED
0 1 1 1 1 9 2 -11 39 -45 -52 -26  # REPEATED
0 1 1 1 1 9 2 -10 38 -43 -50 -25  # REPEATED
0 1 1 1 1 9 2 -9 37 -41 -48 -24  # REPEATED
0 1 1 1 1 9 2 -8 36 -39 -46 -23  # REPEATED
0 1 1 1 1 9 2 -7 35 -37 -44 -22  # REPEATED
0 1 1 1 1 9 2 -6 34 -35 -42 -21  # REPEATED
0 1 1 1 1 9 2 -5 33 -33 -40 -20  # REPEATED
0 1 1 1 1 9 2 -4 32 -31 -38 -19  # REPEATED
0 1 1 1 1 9 2 -3 31 -29 -36 -18  # REPEATED
0 1 1 1 1 9 2 -2 30 -27 -34 -17  # REPEATED
0 1 1 1 1 9 2 -1 29 -25 -32 -16  # REPEATED
0 1 1 1 1 9 2 0 28 -23 -30 -15  # REPEATED
0 1 1 1 1 9 2 1 27 -21 -28 -14  # REPEATED
0 1 1 1 1 9 2 2 26 -19 -26 -13  # REPEATED
0 1 1 1 1 9 2 3 25 -17 -24 -12  # REPEATED
0 1 1 1 1 9 2 4 24 -15 -22 -11  # REPEATED
0 1 1 1 1 9 2 5 23 -13 -20 -10  # REPEATED
0 1 1 1 1 9 2 6 22 -11 -18 -9  # REPEATED
0 1 1 1 1 9 2 7 21 -9 -16 -8  # REPEATED
0 1 1 1 1 9 2 8 20 -7 -14 -7  # REPEATED
0 1 1 1 1 9 2 9 19 -5 -12 -6  # REPEATED
0 1 1 1 1 9 2 10 18 -3 -10 -5  # REPEATED
0 1 1 1 1 9 2 11 17 -1 -8 -4  # REPEATED
0 1 1 1 1 9 2 12 16 1 -6 -3  # REPEATED
0 1 1 1 1 9 2 13 15 3 -4 -2  # REPEATED
0 1 1 1 1 9 2 14 14 5 -2 -1  # REPEATED
0 1 1 1 1 9 2 16 12 9 2 1  # REPEATED
0 1 1 1 1 9 2 17 11 11 4 2  # REPEATED
0 1 1 1 1 9 2 18 10 13 6 3  # REPEATED
0 1 1 1 1 9 2 19 9 15 8 4  # REPEATED
0 1 1 1 1 9 2 20 8 17 10 5  # REPEATED
0 1 1 1 1 9 2 21 7 19 12 6  # REPEATED
0 1 1 1 1 9 2 22 6 21 14 7  # REPEATED
0 1 1 1 1 9 2 23 5 23 16 8  # REPEATED
0 1 1 1 1 9 2 24 4 25 18 9  # REPEATED
0 1 1 1 1 9 2 25 3 27 20 10  # REPEATED
0 1 1 1 1 9 2 26 2 29 22 11  # REPEATED
0 1 1 1 1 9 2 27 1 31 24 12  # REPEATED
0 1 1 1 1 9 2 28 0 33 26 13  # REPEATED
0 1 1 1 1 9 2 29 -1 35 28 14  # REPEATED
0 1 1 1 1 9 2 30 -2 37 30 15  # REPEATED
0 1 1 1 1 9 2 31 -3 39 32 16  # REPEATED
0 1 1 1 1 9 2 32 -4 41 34 17  # REPEATED
0 1 1 1 1 9 2 33 -5 43 36 18  # REPEATED
0 1 1 1 1 9 2 34 -6 45 38 19  # REPEATED
0 1 1 1 1 9 2 35 -7 47 40 20  # REPEATED
0 1 1 1 1 9 2 36 -8 49 42 21  # REPEATED
0 1 1 1 1 9 2 37 -9 51 44 22  # REPEATED
0 1 1 1 1 9 2 38 -10 53 46 23  # REPEATED
0 1 1 1 1 9 2 39 -11 55 48 24  # REPEATED
0 1 1 1 1 9 2 40 -12 57 50 25  # REPEATED
0 1 1 1 1 9 2 41 -13 59 52 26  # REPEATED
0 1 1 1 1 9 2 42 -14 61 54 27  # REPEATED
0 1 1 1 1 9 2 43 -15 63 56 28  # REPEATED
0 1 1 1 1 9 2 44 -16 65 58 29  # REPEATED
0 1 1 1 1 9 2 45 -17 67 60 30  # REPEATED
0 1 1 1 1 9 3 7 4 -9 -6 -8  # REPEATED
0 1 1 1 1 9 3 13 2 4 1 -1
0 1 1 1 1 9 4 9 31 -40 -60 -60  # REPEATED
0 1 1 1 1 9 4 10 30 -36 -56 -56  # REPEATED
0 1 1 1 1 9 4 11 29 -32 -52 -52  # REPEATED
0 1 1 1 1 9 4 12 28 -28 -48 -48  # REPEATED
0 1 1 1 1 9 4 13 27 -24 -44 -44  # REPEATED
0 1 1 1 1 9 4 14 26 -20 -40 -40  # REPEATED
0 1 1 1 1 9 4 15 25 -16 -36 -36  # REPEATED
0 1 1 1 1 9 4 16 24 -12 -32 -32  # REPEATED
0 1 1 1 1 9 4 16 36 9 4 1  # REPEATED
0 1 1 1 1 9 4 17 23 -8 -28 -28  # REPEATED
0 1 1 1 1 9 4 18 22 -4 -24 -24  # REPEATED
0 1 1 1 1 9 4 20 20 4 -16 -16  # REPEATED
0 1 1 1 1 9 4 21 19 8 -12 -12  # REPEATED
0 1 1 1 1 9 4 22 18 12 -8 -8  # REPEATED
0 1 1 1 1 9 4 23 17 16 -4 -4  # REPEATED
0 1 1 1 1 9 4 25 15 24 4 4  # REPEATED
0 1 1 1 1 9 4 26 14 28 8 8  # REPEATED
0 1 1 1 1 9 4 27 13 32 12 12  # REPEATED
0 1 1 1 1 9 4 28 12 36 16 16  # REPEATED
0 1 1 1 1 9 4 29 11 40 20 20  # REPEATED
0 1 1 1 1 9 4 30 10 44 24 24  # REPEATED
0 1 1 1 1 9 4 31 9 48 28 28  # REPEATED
0 1 1 1 1 9 4 32 8 52 32 32  # REPEATED
0 1 1 1 1 9 4 33 7 56 36 36  # REPEATED
0 1 1 1 1 9 4 34 6 60 40 40  # REPEATED
0 1 1 1 1 9 4 35 5 64 44 44  # REPEATED
0 1 1 1 1 9 4 36 4 68 48 48  # REPEATED
0 1 1 1 1 9 4 37 3 72 52 52  # REPEATED
0 1 1 1 1 9 4 38 2 76 56 56  # REPEATED
0 1 1 1 1 9 4 39 1 80 60 60  # REPEATED
0 1 1 1 1 9 6 17 19 -33 -60 -90  # REPEATED
0 1 1 1 1 9 6 18 18 -27 -54 -81  # REPEATED
0 1 1 1 1 9 6 19 17 -21 -48 -72  # REPEATED
0 1 1 1 1 9 6 20 16 -15 -42 -63  # REPEATED
0 1 1 1 1 9 6 21 15 -9 -36 -54  # REPEATED
0 1 1 1 1 9 6 22 14 -3 -30 -45  # REPEATED
0 1 1 1 1 9 6 23 13 3 -24 -36  # REPEATED
0 1 1 1 1 9 6 24 12 9 -18 -27  # REPEATED
0 1 1 1 1 9 6 25 11 15 -12 -18  # REPEATED
0 1 1 1 1 9 6 26 10 21 -6 -9  # REPEATED
0 1 1 1 1 9 6 28 8 33 6 9  # REPEATED
0 1 1 1 1 9 6 29 7 39 12 18  # REPEATED
0 1 1 1 1 9 6 30 6 45 18 27  # REPEATED
0 1 1 1 1 9 6 31 5 51 24 36  # REPEATED
0 1 1 1 1 9 6 32 4 57 30 45  # REPEATED
0 1 1 1 1 9 6 33 3 63 36 54  # REPEATED
0 1 1 1 1 9 6 34 2 69 42 63  # REPEATED
0 1 1 1 1 9 6 35 1 75 48 72  # REPEATED
0 1 1 1 1 9 6 36 0 81 54 81  # REPEATED
0 1 1 1 1 9 6 37 -1 87 60 90  # REPEATED
0 1 1 1 1 9 8 19 -3 -24 -40 -80  # REPEATED
0 1 1 1 1 9 8 20 -4 -16 -32 -64  # REPEATED
0 1 1 1 1 9 8 21 -5 -8 -24 -48  # REPEATED
0 1 1 1 1 9 8 23 -7 8 -8 -16  # REPEATED
0 1 1 1 1 9 8 25 -9 24 8 16  # REPEATED
0 1 1 1 1 9 8 26 -10 32 16 32  # REPEATED
0 1 1 1 1 9 8 27 -11 40 24 48  # REPEATED
0 1 1 1 1 9 8 28 -12 48 32 64  # REPEATED
0 1 1 1 1 9 8 28 36 36 32 16  # REPEATED
0 1 1 1 1 9 8 29 -13 56 40 80  # REPEATED
0 1 1 1 1 9 10 12 -32 -55 -30 -75  # REPEATED
0 1 1 1 1 9 10 13 -33 -45 -20 -50  # REPEATED
0 1 1 1 1 9 10 14 -34 -35 -10 -25  # REPEATED
0 1 1 1 1 9 10 16 -36 -15 10 25  # REPEATED
0 1 1 1 1 9 10 17 -37 -5 20 50  # REPEATED
0 1 1 1 1 9 10 18 -38 5 30 75  # REPEATED
