-1 1 1 -1 -1 1 -11 -4 -40 1 -11 1  # REPEATED
-1 1 1 -1 -1 1 -11 -3 -39 -1 -25 2  # REPEATED
-1 1 1 -1 -1 1 -11 -2 -38 -3 -39 3  # REPEATED
-1 1 1 -1 -1 1 -11 -1 -37 -5 -53 4  # REPEATED
-1 1 1 -1 -1 1 -7 -22 -30 44 60 -24  # REPEATED
-1 1 1 -1 -1 1 -6 -23 -9 39 60 -18  # REPEATED
-1 1 1 -1 -1 1 -5 -15 -9 23 35 -10  # REPEATED
-1 1 1 -1 -1 1 -5 -12 -30 4 -8 16  # REPEATED
-1 1 1 -1 -1 1 -5 -12 -30 17 59 -7  # REPEATED
-1 1 1 -1 -1 1 -5 -11 -29 15 51 -6  # REPEATED
-1 1 1 -1 -1 1 -5 -10 -28 13 43 -5  # REPEATED
-1 1 1 -1 -1 1 -5 -9 -27 11 35 -4  # REPEATED
-1 1 1 -1 -1 1 -5 -8 -26 9 27 -3  # REPEATED
-1 1 1 -1 -1 1 -5 -7 -25 7 19 -2  # REPEATED
-1 1 1 -1 -1 1 -5 -6 -24 5 11 -1  # REPEATED
-1 1 1 -1 -1 1 -5 -4 -22 1 -5 1  # REPEATED
-1 1 1 -1 -1 1 -5 -3 -21 -1 -13 2  # REPEATED
-1 1 1 -1 -1 1 -5 -2 -20 -3 -21 3  # REPEATED
-1 1 1 -1 -1 1 -5 -1 -19 -5 -29 4  # REPEATED
-1 1 1 -1 -1 1 -5 0 -18 -7 -37 5  # REPEATED
-1 1 1 -1 -1 1 -5 1 -17 -9 -45 6  # REPEATED
-1 1 1 -1 -1 1 -5 2 -16 -11 -53 7  # REPEATED
-1 1 1 -1 -1 1 -4 -20 24 33 60 -15  # REPEATED
-1 1 1 -1 -1 1 -4 -19 21 31 56 -14  # REPEATED
-1 1 1 -1 -1 1 -4 -18 18 29 52 -13  # REPEATED
-1 1 1 -1 -1 1 -4 -17 15 27 48 -12  # REPEATED
-1 1 1 -1 -1 1 -4 -16 12 25 44 -11  # REPEATED
-1 1 1 -1 -1 1 -4 -15 9 23 40 -10  # REPEATED
-1 1 1 -1 -1 1 -4 -14 6 21 36 -9  # REPEATED
-1 1 1 -1 -1 1 -4 -13 3 19 32 -8  # REPEATED
-1 1 1 -1 -1 1 -4 -12 0 17 28 -7  # REPEATED
-1 1 1 -1 -1 1 -4 -11 -3 15 24 -6  # REPEATED
-1 1 1 -1 -1 1 -4 -10 -30 -4 -24 24  # REPEATED
-1 1 1 -1 -1 1 -4 -10 -6 13 20 -5  # REPEATED
-1 1 1 -1 -1 1 -4 -9 -9 11 16 -4  # REPEATED
-1 1 1 -1 -1 1 -4 -8 -12 9 12 -3  # REPEATED
-1 1 1 -1 -1 1 -4 -7 -15 7 8 -2  # REPEATED
-1 1 1 -1 -1 1 -4 -6 -18 5 4 -1  # REPEATED
-1 1 1 -1 -1 1 -4 -4 -24 1 -4 1  # REPEATED
-1 1 1 -1 -1 1 -4 -3 -27 -1 -8 2  # REPEATED
-1 1 1 -1 -1 1 -4 -2 -30 -3 -12 3  # REPEATED
-1 1 1 -1 -1 1 -4 -1 -33 -5 -16 4  # REPEATED
-1 1 1 -1 -1 1 -4 0 -36 -7 -20 5  # REPEATED
-1 1 1 -1 -1 1 -4 1 -39 -9 -24 6  # REPEATED
-1 1 1 -1 -1 1 -3 -20 -40 36 52 -16  # REPEATED
-1 1 1 -1 -1 1 -3 -19 -39 32 44 -12  # REPEATED
-1 1 1 -1 -1 1 -3 -18 -38 28 36 -8  # REPEATED
-1 1 1 -1 -1 1 -3 -17 -37 24 28 -4  # REPEATED
-1 1 1 -1 -1 1 -3 -15 -35 16 12 4  # REPEATED
-1 1 1 -1 -1 1 -3 -14 -34 12 4 8  # REPEATED
-1 1 1 -1 -1 1 -3 -13 -33 8 -4 12  # REPEATED
-1 1 1 -1 -1 1 -3 -12 -32 4 -12 16  # REPEATED
-1 1 1 -1 -1 1 -3 -10 -30 -4 -28 24  # REPEATED
-1 1 1 -1 -1 1 -3 -9 -29 -8 -36 28  # REPEATED
-1 1 1 -1 -1 1 -3 -8 -28 -12 -44 32  # REPEATED
-1 1 1 -1 -1 1 -3 -7 -27 -16 -52 36  # REPEATED
-1 1 1 -1 -1 1 -3 -6 -26 -20 -60 40  # REPEATED
-1 1 1 -1 -1 1 -2 -21 -3 -41 -56 -20  # REPEATED
-1 1 1 -1 -1 1 -2 -12 -30 4 -20 16  # REPEATED
-1 1 1 -1 -1 1 -2 -3 -9 -1 -4 2  # REPEATED
-1 1 1 -1 -1 1 -1 -19 -25 31 59 -14  # REPEATED
-1 1 1 -1 -1 1 -1 -18 -24 29 55 -13  # REPEATED
-1 1 1 -1 -1 1 -1 -17 -23 27 51 -12  # REPEATED
-1 1 1 -1 -1 1 -1 -16 -22 25 47 -11  # REPEATED
-1 1 1 -1 -1 1 -1 -15 -21 23 43 -10  # REPEATED
-1 1 1 -1 -1 1 -1 -14 -20 21 39 -9  # REPEATED
-1 1 1 -1 -1 1 -1 -13 -19 19 35 -8  # REPEATED
-1 1 1 -1 -1 1 -1 -13 -3 -25 -33 -12  # REPEATED
-1 1 1 -1 -1 1 -1 -12 -18 17 31 -7  # REPEATED
-1 1 1 -1 -1 1 -1 -11 -17 15 27 -6  # REPEATED
-1 1 1 -1 -1 1 -1 -10 -16 13 23 -5  # REPEATED
-1 1 1 -1 -1 1 -1 -9 -15 11 19 -4  # REPEATED
-1 1 1 -1 -1 1 -1 -8 -14 9 15 -3  # REPEATED
-1 1 1 -1 -1 1 -1 -7 -13 7 11 -2  # REPEATED
-1 1 1 -1 -1 1 -1 -6 -12 5 7 -1  # REPEATED
-1 1 1 -1 -1 1 -1 -4 -10 1 -1 1  # REPEATED
-1 1 1 -1 -1 1 -1 -3 -9 -1 -5 2  # REPEATED
-1 1 1 -1 -1 1 -1 -2 -8 -3 -9 3  # REPEATED
-1 1 1 -1 -1 1 -1 -1 -7 -5 -13 4  # REPEATED
-1 1 1 -1 -1 1 -1 0 -6 -7 -17 5  # REPEATED
-1 1 1 -1 -1 1 -1 1 -5 -9 -21 6  # REPEATED
-1 1 1 -1 -1 1 -1 2 -4 -11 -25 7  # REPEATED
-1 1 1 -1 -1 1 -1 3 -3 -13 -29 8  # REPEATED
-1 1 1 -1 -1 1 -1 4 -2 -15 -33 9  # REPEATED
-1 1 1 -1 -1 1 -1 5 -1 -17 -37 10  # REPEATED
-1 1 1 -1 -1 1 -1 6 0 -19 -41 11  # REPEATED
-1 1 1 -1 -1 1 -1 7 1 -21 -45 12  # REPEATED
-1 1 1 -1 -1 1 -1 8 2 -23 -49 13  # REPEATED
-1 1 1 -1 -1 1 -1 9 3 -25 -53 14  # REPEATED
-1 1 1 -1 -1 1 -1 10 4 -27 -57 15  # REPEATED
-1 1 1 -1 -1 1 0 -22 -30 44 32 -24  # REPEATED
-1 1 1 -1 -1 1 0 -7 -3 -13 -16 -6  # REPEATED
-1 1 1 -1 -1 1 2 -15 -9 23 28 -10  # REPEATED
-1 1 1 -1 -1 1 2 -12 -18 -28 -20 -16  # REPEATED
-1 1 1 -1 -1 1 3 -23 -9 39 51 -18  # REPEATED
-1 1 1 -1 -1 1 3 -15 -17 -29 -57 -14  # REPEATED
-1 1 1 -1 -1 1 3 -14 -16 -27 -53 -13  # REPEATED
-1 1 1 -1 -1 1 3 -13 -15 -25 -49 -12  # REPEATED
-1 1 1 -1 -1 1 3 -12 -14 -23 -45 -11  # REPEATED
-1 1 1 -1 -1 1 3 -11 -13 -21 -41 -10  # REPEATED
-1 1 1 -1 -1 1 3 -10 -12 -19 -37 -9  # REPEATED
-1 1 1 -1 -1 1 3 -9 -11 -17 -33 -8  # REPEATED
-1 1 1 -1 -1 1 3 -8 -10 -15 -29 -7  # REPEATED
-1 1 1 -1 -1 1 3 -7 -9 -13 -25 -6  # REPEATED
-1 1 1 -1 -1 1 3 -6 -8 -11 -21 -5  # REPEATED
-1 1 1 -1 -1 1 3 -5 -7 -9 -17 -4  # REPEATED
-1 1 1 -1 -1 1 3 -4 -6 -7 -13 -3  # REPEATED
-1 1 1 -1 -1 1 3 -3 -5 -5 -9 -2  # REPEATED
-1 1 1 -1 -1 1 3 -2 -4 -3 -5 -1  # REPEATED
-1 1 1 -1 -1 1 3 0 -2 1 3 1  # REPEATED
-1 1 1 -1 -1 1 3 1 -1 3 7 2  # REPEATED
-1 1 1 -1 -1 1 3 2 0 5 11 3  # REPEATED
-1 1 1 -1 -1 1 3 3 1 7 15 4  # REPEATED
-1 1 1 -1 -1 1 3 4 2 9 19 5  # REPEATED
-1 1 1 -1 -1 1 3 5 3 11 23 6  # REPEATED
-1 1 1 -1 -1 1 3 6 4 13 27 7  # REPEATED
-1 1 1 -1 -1 1 3 7 5 15 31 8  # REPEATED
-1 1 1 -1 -1 1 3 8 6 17 35 9  # REPEATED
-1 1 1 -1 -1 1 3 9 7 19 39 10  # REPEATED
-1 1 1 -1 -1 1 3 10 8 21 43 11  # REPEATED
-1 1 1 -1 -1 1 3 11 9 23 47 12  # REPEATED
-1 1 1 -1 -1 1 3 12 10 25 51 13  # REPEATED
-1 1 1 -1 -1 1 3 13 11 27 55 14  # REPEATED
-1 1 1 -1 -1 1 3 14 12 29 59 15  # REPEATED
-1 1 1 -1 -1 1 4 -16 36 -31 -60 -15  # REPEATED
-1 1 1 -1 -1 1 4 -15 33 -29 -56 -14  # REPEATED
-1 1 1 -1 -1 1 4 -14 30 -27 -52 -13  # REPEATED
-1 1 1 -1 -1 1 4 -13 27 -25 -48 -12  # REPEATED
-1 1 1 -1 -1 1 4 -12 24 -23 -44 -11  # REPEATED
-1 1 1 -1 -1 1 4 -11 21 -21 -40 -10  # REPEATED
-1 1 1 -1 -1 1 4 -10 18 -19 -36 -9  # REPEATED
-1 1 1 -1 -1 1 4 -9 15 -17 -32 -8  # REPEATED
-1 1 1 -1 -1 1 4 -8 12 -15 -28 -7  # REPEATED
-1 1 1 -1 -1 1 4 -7 9 -13 -24 -6  # REPEATED
-1 1 1 -1 -1 1 4 -6 -18 -4 8 8  # REPEATED
-1 1 1 -1 -1 1 4 -6 6 -11 -20 -5  # REPEATED
-1 1 1 -1 -1 1 4 -5 3 -9 -16 -4  # REPEATED
-1 1 1 -1 -1 1 4 -4 0 -7 -12 -3  # REPEATED
-1 1 1 -1 -1 1 4 -3 -3 -5 -8 -2  # REPEATED
-1 1 1 -1 -1 1 4 -2 -6 -3 -4 -1  # REPEATED
-1 1 1 -1 -1 1 4 0 -12 1 4 1  # REPEATED
-1 1 1 -1 -1 1 4 1 -15 3 8 2  # REPEATED
-1 1 1 -1 -1 1 4 2 -18 5 12 3  # REPEATED
-1 1 1 -1 -1 1 4 3 -21 7 16 4  # REPEATED
-1 1 1 -1 -1 1 4 4 -24 9 20 5  # REPEATED
-1 1 1 -1 -1 1 4 5 -27 11 24 6  # REPEATED
-1 1 1 -1 -1 1 4 6 -30 13 28 7  # REPEATED
-1 1 1 -1 -1 1 4 7 -33 15 32 8  # REPEATED
-1 1 1 -1 -1 1 4 8 -36 17 36 9  # REPEATED
-1 1 1 -1 -1 1 4 9 -39 19 40 10  # REPEATED
-1 1 1 -1 -1 1 5 -14 -26 -36 -60 -24  # REPEATED
-1 1 1 -1 -1 1 5 -13 -25 -32 -52 -20  # REPEATED
-1 1 1 -1 -1 1 5 -12 -24 -28 -44 -16  # REPEATED
-1 1 1 -1 -1 1 5 -11 -23 -24 -36 -12  # REPEATED
-1 1 1 -1 -1 1 5 -10 -22 -20 -28 -8  # REPEATED
-1 1 1 -1 -1 1 5 -9 -21 -16 -20 -4  # REPEATED
-1 1 1 -1 -1 1 5 -7 -19 -8 -4 4  # REPEATED
-1 1 1 -1 -1 1 5 -7 -3 -13 -21 -6  # REPEATED
-1 1 1 -1 -1 1 5 -6 -18 -4 4 8  # REPEATED
-1 1 1 -1 -1 1 5 -4 -16 4 20 16  # REPEATED
-1 1 1 -1 -1 1 5 -3 -15 8 28 20  # REPEATED
-1 1 1 -1 -1 1 5 -2 -14 12 36 24  # REPEATED
-1 1 1 -1 -1 1 5 -1 -13 16 44 28  # REPEATED
-1 1 1 -1 -1 1 5 0 -12 20 52 32  # REPEATED
-1 1 1 -1 -1 1 5 1 -11 24 60 36  # REPEATED
-1 1 1 -1 -1 1 6 -13 -3 -25 -40 -12  # REPEATED
-1 1 1 -1 -1 1 6 0 -26 1 6 1  # REPEATED
-1 1 1 -1 -1 1 7 -12 -18 -28 -40 -16  # REPEATED
-1 1 1 -1 -1 1 7 -8 -14 -15 -57 -7  # REPEATED
-1 1 1 -1 -1 1 7 -7 -13 -13 -49 -6  # REPEATED
-1 1 1 -1 -1 1 7 -6 -12 -11 -41 -5  # REPEATED
-1 1 1 -1 -1 1 7 -5 -11 -9 -33 -4  # REPEATED
-1 1 1 -1 -1 1 7 -4 -10 -7 -25 -3  # REPEATED
-1 1 1 -1 -1 1 7 -3 -9 -5 -17 -2  # REPEATED
-1 1 1 -1 -1 1 7 -2 -8 -3 -9 -1  # REPEATED
-1 1 1 -1 -1 1 7 0 -6 1 7 1  # REPEATED
-1 1 1 -1 -1 1 7 1 -33 3 11 2  # REPEATED
-1 1 1 -1 -1 1 7 1 -5 3 15 2  # REPEATED
-1 1 1 -1 -1 1 7 2 -4 5 23 3  # REPEATED
-1 1 1 -1 -1 1 7 3 -3 7 31 4  # REPEATED
-1 1 1 -1 -1 1 7 4 -2 9 39 5  # REPEATED
-1 1 1 -1 -1 1 7 5 -1 11 47 6  # REPEATED
-1 1 1 -1 -1 1 7 6 0 13 55 7  # REPEATED
-1 1 1 -1 -1 1 8 -15 -27 -40 -56 -28  # REPEATED
-1 1 1 -1 -1 1 8 -14 -30 -36 -48 -24  # REPEATED
-1 1 1 -1 -1 1 8 -13 -33 -32 -40 -20  # REPEATED
-1 1 1 -1 -1 1 8 -12 -36 -28 -32 -16  # REPEATED
-1 1 1 -1 -1 1 8 -11 -39 -24 -24 -12  # REPEATED
-1 1 1 -1 -1 2 -5 -19 -12 28 42 -12  # REPEATED
-1 1 1 -1 -1 2 -5 -15 -36 4 -10 20  # REPEATED
-1 1 1 -1 -1 2 -4 -22 18 34 60 -15  # REPEATED
-1 1 1 -1 -1 2 -4 -21 15 32 56 -14  # REPEATED
-1 1 1 -1 -1 2 -4 -20 12 30 52 -13  # REPEATED
-1 1 1 -1 -1 2 -4 -19 9 28 48 -12  # REPEATED
-1 1 1 -1 -1 2 -4 -18 6 26 44 -11  # REPEATED
-1 1 1 -1 -1 2 -4 -17 3 24 40 -10  # REPEATED
-1 1 1 -1 -1 2 -4 -16 0 22 36 -9  # REPEATED
-1 1 1 -1 -1 2 -4 -15 -3 20 32 -8  # REPEATED
-1 1 1 -1 -1 2 -4 -14 -38 18 60 -7  # REPEATED
-1 1 1 -1 -1 2 -4 -14 -6 18 28 -7  # REPEATED
-1 1 1 -1 -1 2 -4 -13 -37 16 52 -6  # REPEATED
-1 1 1 -1 -1 2 -4 -13 -9 16 24 -6  # REPEATED
-1 1 1 -1 -1 2 -4 -12 -36 -8 -32 32  # REPEATED
-1 1 1 -1 -1 2 -4 -12 -36 14 44 -5  # REPEATED
-1 1 1 -1 -1 2 -4 -12 -12 14 20 -5  # REPEATED
-1 1 1 -1 -1 2 -4 -11 -35 12 36 -4  # REPEATED
-1 1 1 -1 -1 2 -4 -11 -15 12 16 -4  # REPEATED
-1 1 1 -1 -1 2 -4 -10 -34 10 28 -3  # REPEATED
-1 1 1 -1 -1 2 -4 -10 -18 10 12 -3  # REPEATED
-1 1 1 -1 -1 2 -4 -9 -33 8 20 -2  # REPEATED
-1 1 1 -1 -1 2 -4 -9 -21 8 8 -2  # REPEATED
-1 1 1 -1 -1 2 -4 -8 -32 6 12 -1  # REPEATED
-1 1 1 -1 -1 2 -4 -8 -24 6 4 -1  # REPEATED
-1 1 1 -1 -1 2 -4 -6 -30 2 -4 1  # REPEATED
-1 1 1 -1 -1 2 -4 -4 -36 -2 -12 3  # REPEATED
-1 1 1 -1 -1 2 -4 -4 -28 -2 -20 3  # REPEATED
-1 1 1 -1 -1 2 -4 -3 -39 -4 -16 4  # REPEATED
-1 1 1 -1 -1 2 -4 -3 -27 -4 -28 4  # REPEATED
-1 1 1 -1 -1 2 -4 -2 -26 -6 -36 5  # REPEATED
-1 1 1 -1 -1 2 -4 -1 -25 -8 -44 6  # REPEATED
-1 1 1 -1 -1 2 -4 0 -24 -10 -52 7  # REPEATED
-1 1 1 -1 -1 2 -4 1 -23 -12 -60 8  # REPEATED
-1 1 1 -1 -1 2 -3 -11 -36 -12 -42 36  # REPEATED
-1 1 1 -1 -1 2 -2 -16 -40 8 -8 16  # REPEATED
-1 1 1 -1 -1 2 -2 -15 -39 4 -16 20  # REPEATED
-1 1 1 -1 -1 2 -2 -13 -37 -4 -32 28  # REPEATED
-1 1 1 -1 -1 2 -2 -12 -36 -8 -40 32  # REPEATED
-1 1 1 -1 -1 2 -2 -11 -35 -12 -48 36  # REPEATED
-1 1 1 -1 -1 2 -2 -10 -34 -16 -56 40  # REPEATED
-1 1 1 -1 -1 2 -2 -4 -12 -2 -6 3  # REPEATED
-1 1 1 -1 -1 2 -1 -15 -36 4 -26 20  # REPEATED
-1 1 1 -1 -1 2 -1 -15 0 -32 -44 -16  # REPEATED
-1 1 1 -1 -1 2 -1 -3 -36 -4 -22 4  # REPEATED
-1 1 1 -1 -1 2 -1 -3 -12 -4 -10 4  # REPEATED
-1 1 1 -1 -1 2 0 -21 -29 32 60 -14  # REPEATED
-1 1 1 -1 -1 2 0 -20 -28 30 56 -13  # REPEATED
-1 1 1 -1 -1 2 0 -19 -27 28 52 -12  # REPEATED
-1 1 1 -1 -1 2 0 -18 -26 26 48 -11  # REPEATED
-1 1 1 -1 -1 2 0 -17 -25 24 44 -10  # REPEATED
-1 1 1 -1 -1 2 0 -16 -24 22 40 -9  # REPEATED
-1 1 1 -1 -1 2 0 -15 -23 20 36 -8  # REPEATED
-1 1 1 -1 -1 2 0 -14 -22 18 32 -7  # REPEATED
-1 1 1 -1 -1 2 0 -13 -21 16 28 -6  # REPEATED
-1 1 1 -1 -1 2 0 -12 -20 14 24 -5  # REPEATED
-1 1 1 -1 -1 2 0 -11 -19 12 20 -4  # REPEATED
-1 1 1 -1 -1 2 0 -10 -18 10 16 -3  # REPEATED
-1 1 1 -1 -1 2 0 -9 -17 8 12 -2  # REPEATED
-1 1 1 -1 -1 2 0 -8 -16 6 8 -1  # REPEATED
-1 1 1 -1 -1 2 0 -8 0 -18 -24 -9  # REPEATED
-1 1 1 -1 -1 2 0 -6 -14 2 0 1  # REPEATED
-1 1 1 -1 -1 2 0 -4 -12 -2 -8 3  # REPEATED
-1 1 1 -1 -1 2 0 -3 -11 -4 -12 4  # REPEATED
-1 1 1 -1 -1 2 0 -2 -10 -6 -16 5  # REPEATED
-1 1 1 -1 -1 2 0 -1 -9 -8 -20 6  # REPEATED
-1 1 1 -1 -1 2 0 0 -8 -10 -24 7  # REPEATED
-1 1 1 -1 -1 2 0 1 -7 -12 -28 8  # REPEATED
-1 1 1 -1 -1 2 0 2 -6 -14 -32 9  # REPEATED
-1 1 1 -1 -1 2 0 3 -5 -16 -36 10  # REPEATED
-1 1 1 -1 -1 2 0 4 -4 -18 -40 11  # REPEATED
-1 1 1 -1 -1 2 0 5 -3 -20 -44 12  # REPEATED
-1 1 1 -1 -1 2 0 6 -2 -22 -48 13  # REPEATED
-1 1 1 -1 -1 2 0 7 -1 -24 -52 14  # REPEATED
-1 1 1 -1 -1 2 0 8 0 -26 -56 15  # REPEATED
-1 1 1 -1 -1 2 0 9 1 -28 -60 16  # REPEATED
-1 1 1 -1 -1 2 1 -27 -36 52 38 -28  # REPEATED
-1 1 1 -1 -1 2 1 -3 0 -8 -10 -4  # REPEATED
-1 1 1 -1 -1 2 3 -19 -12 28 34 -12  # REPEATED
-1 1 1 -1 -1 2 3 -7 -40 -8 -12 16  # REPEATED
-1 1 1 -1 -1 2 3 -7 -12 -20 -14 -12  # REPEATED
-1 1 1 -1 -1 2 3 -5 -30 -6 -9 9  # REPEATED
-1 1 1 -1 -1 2 3 -3 -20 -4 -6 4  # REPEATED
-1 1 1 -1 -1 2 3 -1 -10 -2 -3 1  # REPEATED
-1 1 1 -1 -1 2 3 3 10 2 3 1  # REPEATED
-1 1 1 -1 -1 2 3 5 20 4 6 4  # REPEATED
-1 1 1 -1 -1 2 3 7 30 6 9 9  # REPEATED
-1 1 1 -1 -1 2 3 9 40 8 12 16  # REPEATED
-1 1 1 -1 -1 2 4 -28 -12 46 60 -21  # REPEATED
-1 1 1 -1 -1 2 4 -20 -36 -66 -36 -45  # REPEATED
-1 1 1 -1 -1 2 4 -14 -14 -30 -60 -15  # REPEATED
-1 1 1 -1 -1 2 4 -13 -13 -28 -56 -14  # REPEATED
-1 1 1 -1 -1 2 4 -13 39 -28 -56 -14  # REPEATED
-1 1 1 -1 -1 2 4 -12 -12 -26 -52 -13  # REPEATED
-1 1 1 -1 -1 2 4 -12 36 -26 -52 -13  # REPEATED
-1 1 1 -1 -1 2 4 -11 -11 -24 -48 -12  # REPEATED
-1 1 1 -1 -1 2 4 -11 33 -24 -48 -12  # REPEATED
-1 1 1 -1 -1 2 4 -10 -10 -22 -44 -11  # REPEATED
-1 1 1 -1 -1 2 4 -10 30 -22 -44 -11  # REPEATED
-1 1 1 -1 -1 2 4 -9 -9 -20 -40 -10  # REPEATED
-1 1 1 -1 -1 2 4 -9 27 -20 -40 -10  # REPEATED
-1 1 1 -1 -1 2 4 -8 -8 -18 -36 -9  # REPEATED
-1 1 1 -1 -1 2 4 -8 24 -18 -36 -9  # REPEATED
-1 1 1 -1 -1 2 4 -7 -7 -16 -32 -8  # REPEATED
-1 1 1 -1 -1 2 4 -7 21 -16 -32 -8  # REPEATED
-1 1 1 -1 -1 2 4 -6 -6 -14 -28 -7  # REPEATED
-1 1 1 -1 -1 2 4 -6 18 -14 -28 -7  # REPEATED
-1 1 1 -1 -1 2 4 -5 -5 -12 -24 -6  # REPEATED
-1 1 1 -1 -1 2 4 -5 15 -12 -24 -6  # REPEATED
-1 1 1 -1 -1 2 4 -4 -4 -10 -20 -5  # REPEATED
-1 1 1 -1 -1 2 4 -4 12 -10 -20 -5  # REPEATED
-1 1 1 -1 -1 2 4 -3 -3 -8 -16 -4  # REPEATED
-1 1 1 -1 -1 2 4 -3 9 -8 -16 -4  # REPEATED
-1 1 1 -1 -1 2 4 -2 -2 -6 -12 -3  # REPEATED
-1 1 1 -1 -1 2 4 -2 6 -6 -12 -3  # REPEATED
-1 1 1 -1 -1 2 4 -1 -1 -4 -8 -2  # REPEATED
-1 1 1 -1 -1 2 4 -1 3 -4 -8 -2  # REPEATED
-1 1 1 -1 -1 2 4 0 0 -2 -4 -1  # REPEATED
-1 1 1 -1 -1 2 4 2 -6 2 4 1  # REPEATED
-1 1 1 -1 -1 2 4 2 2 2 4 1  # REPEATED
-1 1 1 -1 -1 2 4 3 -9 4 8 2  # REPEATED
-1 1 1 -1 -1 2 4 3 3 4 8 2  # REPEATED
-1 1 1 -1 -1 2 4 4 -12 6 12 3  # REPEATED
-1 1 1 -1 -1 2 4 4 4 6 12 3  # REPEATED
-1 1 1 -1 -1 2 4 5 -15 8 16 4  # REPEATED
-1 1 1 -1 -1 2 4 5 5 8 16 4  # REPEATED
-1 1 1 -1 -1 2 4 6 -18 10 20 5  # REPEATED
-1 1 1 -1 -1 2 4 6 6 10 20 5  # REPEATED
-1 1 1 -1 -1 2 4 7 -21 12 24 6  # REPEATED
-1 1 1 -1 -1 2 4 7 7 12 24 6  # REPEATED
-1 1 1 -1 -1 2 4 8 -24 14 28 7  # REPEATED
-1 1 1 -1 -1 2 4 8 8 14 28 7  # REPEATED
-1 1 1 -1 -1 2 4 9 -27 16 32 8  # REPEATED
-1 1 1 -1 -1 2 4 9 9 16 32 8  # REPEATED
-1 1 1 -1 -1 2 4 10 -30 18 36 9  # REPEATED
-1 1 1 -1 -1 2 4 10 10 18 36 9  # REPEATED
-1 1 1 -1 -1 2 4 11 -33 20 40 10  # REPEATED
-1 1 1 -1 -1 2 4 11 11 20 40 10  # REPEATED
-1 1 1 -1 -1 2 4 12 -36 22 44 11  # REPEATED
-1 1 1 -1 -1 2 4 12 12 22 44 11  # REPEATED
-1 1 1 -1 -1 2 4 13 -39 24 48 12  # REPEATED
-1 1 1 -1 -1 2 4 13 13 24 48 12  # REPEATED
-1 1 1 -1 -1 2 4 14 14 26 52 13  # REPEATED
-1 1 1 -1 -1 2 4 15 15 28 56 14  # REPEATED
-1 1 1 -1 -1 2 4 16 16 30 60 15  # REPEATED
-1 1 1 -1 -1 2 5 -3 -12 -4 2 4  # REPEATED
-1 1 1 -1 -1 2 5 -3 0 -8 -14 -4  # REPEATED
-1 1 1 -1 -1 2 6 -12 -36 -18 18 27  # REPEATED
-1 1 1 -1 -1 2 6 -10 -18 -32 -56 -24  # REPEATED
-1 1 1 -1 -1 2 6 -9 -17 -28 -48 -20  # REPEATED
-1 1 1 -1 -1 2 6 -8 -16 -24 -40 -16  # REPEATED
-1 1 1 -1 -1 2 6 -8 0 -18 -30 -9  # REPEATED
-1 1 1 -1 -1 2 6 -7 -15 -20 -32 -12  # REPEATED
-1 1 1 -1 -1 2 6 -6 -14 -16 -24 -8  # REPEATED
-1 1 1 -1 -1 2 6 -5 -13 -12 -16 -4  # REPEATED
-1 1 1 -1 -1 2 6 -3 -11 -4 0 4  # REPEATED
-1 1 1 -1 -1 2 6 -1 -9 4 16 12  # REPEATED
-1 1 1 -1 -1 2 6 0 -8 8 24 16  # REPEATED
-1 1 1 -1 -1 2 6 1 -7 12 32 20  # REPEATED
-1 1 1 -1 -1 2 6 2 -14 2 6 1  # REPEATED
-1 1 1 -1 -1 2 6 2 -6 16 40 24  # REPEATED
-1 1 1 -1 -1 2 6 3 -5 20 48 28  # REPEATED
-1 1 1 -1 -1 2 6 4 -4 24 56 32  # REPEATED
-1 1 1 -1 -1 2 7 -15 0 -32 -52 -16  # REPEATED
-1 1 1 -1 -1 2 7 -11 -36 -12 18 36  # REPEATED
-1 1 1 -1 -1 2 7 -7 -12 -20 -30 -12  # REPEATED
-1 1 1 -1 -1 2 8 -16 -40 -42 -48 -9  # REPEATED
-1 1 1 -1 -1 2 8 -14 -38 -30 -24 9  # REPEATED
-1 1 1 -1 -1 2 8 -13 -37 -24 -12 18  # REPEATED
-1 1 1 -1 -1 2 8 -12 -36 -18 0 27  # REPEATED
-1 1 1 -1 -1 2 8 -11 -35 -12 12 36  # REPEATED
-1 1 1 -1 -1 2 8 -11 -15 -36 -56 -28  # REPEATED
-1 1 1 -1 -1 2 8 -10 -34 -6 24 45  # REPEATED
-1 1 1 -1 -1 2 8 -10 -18 -32 -48 -24  # REPEATED
-1 1 1 -1 -1 2 8 -9 -21 -28 -40 -20  # REPEATED
-1 1 1 -1 -1 2 8 -8 -32 6 48 63  # REPEATED
-1 1 1 -1 -1 2 8 -8 -24 -24 -32 -16  # REPEATED
-1 1 1 -1 -1 2 8 -7 -31 12 60 72  # REPEATED
-1 1 1 -1 -1 2 8 -7 -27 -20 -24 -12  # REPEATED
-1 1 1 -1 -1 2 8 -6 -30 -16 -16 -8  # REPEATED
-1 1 1 -1 -1 2 8 -6 -6 -14 -56 -7  # REPEATED
-1 1 1 -1 -1 2 8 -5 -33 -12 -8 -4  # REPEATED
-1 1 1 -1 -1 2 8 -5 -5 -12 -48 -6  # REPEATED
-1 1 1 -1 -1 2 8 -4 -4 -10 -40 -5  # REPEATED
-1 1 1 -1 -1 2 8 -3 -39 -4 8 4  # REPEATED
-1 1 1 -1 -1 2 8 -3 -3 -8 -32 -4  # REPEATED
-1 1 1 -1 -1 2 8 -2 -2 -6 -24 -3  # REPEATED
-1 1 1 -1 -1 2 8 -1 -1 -4 -16 -2  # REPEATED
-1 1 1 -1 -1 2 8 0 0 -2 -8 -1  # REPEATED
-1 1 1 -1 -1 2 8 2 2 2 8 1  # REPEATED
-1 1 1 -1 -1 2 8 3 3 4 16 2  # REPEATED
-1 1 1 -1 -1 2 8 4 4 6 24 3  # REPEATED
-1 1 1 -1 -1 2 8 5 5 8 32 4  # REPEATED
-1 1 1 -1 -1 2 8 6 6 10 40 5  # REPEATED
-1 1 1 -1 -1 2 8 7 7 12 48 6  # REPEATED
-1 1 1 -1 -1 2 8 8 8 14 56 7  # REPEATED
-1 1 1 -1 -1 2 11 -3 -36 -4 2 4  # REPEATED
-1 1 1 -1 -1 3 -5 -23 -15 33 49 -14  # REPEATED
-1 1 1 -1 -1 3 -4 -24 12 35 60 -15  # REPEATED
-1 1 1 -1 -1 3 -4 -23 9 33 56 -14  # REPEATED
-1 1 1 -1 -1 3 -4 -22 6 31 52 -13  # REPEATED
-1 1 1 -1 -1 3 -4 -21 3 29 48 -12  # REPEATED
-1 1 1 -1 -1 3 -4 -20 0 27 44 -11  # REPEATED
-1 1 1 -1 -1 3 -4 -19 -3 25 40 -10  # REPEATED
-1 1 1 -1 -1 3 -4 -18 -6 23 36 -9  # REPEATED
-1 1 1 -1 -1 3 -4 -17 -9 21 32 -8  # REPEATED
-1 1 1 -1 -1 3 -4 -16 -12 19 28 -7  # REPEATED
-1 1 1 -1 -1 3 -4 -15 -15 17 24 -6  # REPEATED
-1 1 1 -1 -1 3 -4 -14 -18 15 20 -5  # REPEATED
-1 1 1 -1 -1 3 -4 -13 -21 13 16 -4  # REPEATED
-1 1 1 -1 -1 3 -4 -12 -24 11 12 -3  # REPEATED
-1 1 1 -1 -1 3 -4 -11 -27 9 8 -2  # REPEATED
-1 1 1 -1 -1 3 -4 -10 -30 7 4 -1  # REPEATED
-1 1 1 -1 -1 3 -4 -8 -36 3 -4 1  # REPEATED
-1 1 1 -1 -1 3 -4 -7 -39 1 -8 2  # REPEATED
-1 1 1 -1 -1 3 -3 -10 -40 7 13 -1  # REPEATED
-1 1 1 -1 -1 3 -3 -8 -38 3 -3 1  # REPEATED
-1 1 1 -1 -1 3 -3 -7 -37 1 -11 2  # REPEATED
-1 1 1 -1 -1 3 -3 -6 -36 -1 -19 3  # REPEATED
-1 1 1 -1 -1 3 -3 -5 -35 -3 -27 4  # REPEATED
-1 1 1 -1 -1 3 -3 -4 -34 -5 -35 5  # REPEATED
-1 1 1 -1 -1 3 -3 -3 -33 -7 -43 6  # REPEATED
-1 1 1 -1 -1 3 -3 -2 -32 -9 -51 7  # REPEATED
-1 1 1 -1 -1 3 -3 -1 -31 -11 -59 8  # REPEATED
-1 1 1 -1 -1 3 -2 -5 -15 -3 -8 4  # REPEATED
-1 1 1 -1 -1 3 -1 -17 3 -39 -55 -20  # REPEATED
-1 1 1 -1 -1 3 -1 -3 -15 -7 -15 6  # REPEATED
-1 1 1 -1 -1 3 0 -9 3 -23 -32 -12  # REPEATED
-1 1 1 -1 -1 3 0 -3 -15 -7 -16 6  # REPEATED
-1 1 1 -1 -1 3 1 -22 -32 31 57 -13  # REPEATED
-1 1 1 -1 -1 3 1 -21 -31 29 53 -12  # REPEATED
-1 1 1 -1 -1 3 1 -20 -30 27 49 -11  # REPEATED
-1 1 1 -1 -1 3 1 -19 -29 25 45 -10  # REPEATED
-1 1 1 -1 -1 3 1 -18 -28 23 41 -9  # REPEATED
-1 1 1 -1 -1 3 1 -17 -27 21 37 -8  # REPEATED
-1 1 1 -1 -1 3 1 -16 -26 19 33 -7  # REPEATED
-1 1 1 -1 -1 3 1 -15 -25 17 29 -6  # REPEATED
-1 1 1 -1 -1 3 1 -14 -24 15 25 -5  # REPEATED
-1 1 1 -1 -1 3 1 -13 -23 13 21 -4  # REPEATED
-1 1 1 -1 -1 3 1 -12 -22 11 17 -3  # REPEATED
-1 1 1 -1 -1 3 1 -11 -21 9 13 -2  # REPEATED
-1 1 1 -1 -1 3 1 -10 -20 7 9 -1  # REPEATED
-1 1 1 -1 -1 3 1 -8 -18 3 1 1  # REPEATED
-1 1 1 -1 -1 3 1 -7 -17 1 -3 2  # REPEATED
-1 1 1 -1 -1 3 1 -6 -16 -1 -7 3  # REPEATED
-1 1 1 -1 -1 3 1 -5 -15 -3 -11 4  # REPEATED
-1 1 1 -1 -1 3 1 -4 -14 -5 -15 5  # REPEATED
-1 1 1 -1 -1 3 1 -3 -13 -7 -19 6  # REPEATED
-1 1 1 -1 -1 3 1 -3 3 -11 -15 -6  # REPEATED
-1 1 1 -1 -1 3 1 -2 -12 -9 -23 7  # REPEATED
-1 1 1 -1 -1 3 1 -1 -11 -11 -27 8  # REPEATED
-1 1 1 -1 -1 3 1 -1 33 -7 -19 -4  # REPEATED
-1 1 1 -1 -1 3 1 0 -10 -13 -31 9  # REPEATED
-1 1 1 -1 -1 3 1 1 -9 -15 -35 10  # REPEATED
-1 1 1 -1 -1 3 1 2 -8 -17 -39 11  # REPEATED
-1 1 1 -1 -1 3 1 3 -7 -19 -43 12  # REPEATED
-1 1 1 -1 -1 3 1 4 -6 -21 -47 13  # REPEATED
-1 1 1 -1 -1 3 1 5 -5 -23 -51 14  # REPEATED
-1 1 1 -1 -1 3 1 6 -4 -25 -55 15  # REPEATED
-1 1 1 -1 -1 3 1 7 -3 -27 -59 16  # REPEATED
-1 1 1 -1 -1 3 2 -12 -6 -52 -60 -48  # REPEATED
-1 1 1 -1 -1 3 2 1 3 -3 -4 -2  # REPEATED
-1 1 1 -1 -1 3 4 -23 -15 33 40 -14  # REPEATED
-1 1 1 -1 -1 3 4 -9 39 -23 -48 -12  # REPEATED
-1 1 1 -1 -1 3 4 -8 36 -21 -44 -11  # REPEATED
-1 1 1 -1 -1 3 4 -7 33 -19 -40 -10  # REPEATED
-1 1 1 -1 -1 3 4 -6 30 -17 -36 -9  # REPEATED
-1 1 1 -1 -1 3 4 -5 27 -15 -32 -8  # REPEATED
-1 1 1 -1 -1 3 4 -4 24 -13 -28 -7  # REPEATED
-1 1 1 -1 -1 3 4 -3 21 -11 -24 -6  # REPEATED
-1 1 1 -1 -1 3 4 -2 -6 -12 -8 -8  # REPEATED
-1 1 1 -1 -1 3 4 -2 18 -9 -20 -5  # REPEATED
-1 1 1 -1 -1 3 4 -1 15 -7 -16 -4  # REPEATED
-1 1 1 -1 -1 3 4 0 12 -5 -12 -3  # REPEATED
-1 1 1 -1 -1 3 4 1 9 -3 -8 -2  # REPEATED
-1 1 1 -1 -1 3 4 2 6 -1 -4 -1  # REPEATED
-1 1 1 -1 -1 3 4 4 0 3 4 1  # REPEATED
-1 1 1 -1 -1 3 4 5 -3 5 8 2  # REPEATED
-1 1 1 -1 -1 3 4 6 -6 7 12 3  # REPEATED
-1 1 1 -1 -1 3 4 7 -9 9 16 4  # REPEATED
-1 1 1 -1 -1 3 4 8 -12 11 20 5  # REPEATED
-1 1 1 -1 -1 3 4 9 -15 13 24 6  # REPEATED
-1 1 1 -1 -1 3 4 10 -18 15 28 7  # REPEATED
-1 1 1 -1 -1 3 4 11 -21 17 32 8  # REPEATED
-1 1 1 -1 -1 3 4 12 -24 19 36 9  # REPEATED
-1 1 1 -1 -1 3 4 13 -27 21 40 10  # REPEATED
-1 1 1 -1 -1 3 4 14 -30 23 44 11  # REPEATED
-1 1 1 -1 -1 3 4 15 -33 25 48 12  # REPEATED
-1 1 1 -1 -1 3 4 16 -36 27 52 13  # REPEATED
-1 1 1 -1 -1 3 4 17 -39 29 56 14  # REPEATED
-1 1 1 -1 -1 3 5 -13 -27 -51 -27 -36  # REPEATED
-1 1 1 -1 -1 3 5 -12 -10 -29 -59 -15  # REPEATED
-1 1 1 -1 -1 3 5 -11 -9 -27 -55 -14  # REPEATED
-1 1 1 -1 -1 3 5 -10 -8 -25 -51 -13  # REPEATED
-1 1 1 -1 -1 3 5 -9 -7 -23 -47 -12  # REPEATED
-1 1 1 -1 -1 3 5 -8 -6 -21 -43 -11  # REPEATED
-1 1 1 -1 -1 3 5 -7 -5 -19 -39 -10  # REPEATED
-1 1 1 -1 -1 3 5 -6 -4 -17 -35 -9  # REPEATED
-1 1 1 -1 -1 3 5 -5 -3 -15 -31 -8  # REPEATED
-1 1 1 -1 -1 3 5 -4 -2 -13 -27 -7  # REPEATED
-1 1 1 -1 -1 3 5 -3 -1 -11 -23 -6  # REPEATED
-1 1 1 -1 -1 3 5 -2 0 -9 -19 -5  # REPEATED
-1 1 1 -1 -1 3 5 -1 1 -7 -15 -4  # REPEATED
-1 1 1 -1 -1 3 5 0 2 -5 -11 -3  # REPEATED
-1 1 1 -1 -1 3 5 1 3 -3 -7 -2  # REPEATED
-1 1 1 -1 -1 3 5 2 4 -1 -3 -1  # REPEATED
-1 1 1 -1 -1 3 5 4 6 3 5 1  # REPEATED
-1 1 1 -1 -1 3 5 5 7 5 9 2  # REPEATED
-1 1 1 -1 -1 3 5 6 8 7 13 3  # REPEATED
-1 1 1 -1 -1 3 5 7 9 9 17 4  # REPEATED
-1 1 1 -1 -1 3 5 8 10 11 21 5  # REPEATED
-1 1 1 -1 -1 3 5 9 11 13 25 6  # REPEATED
-1 1 1 -1 -1 3 5 10 12 15 29 7  # REPEATED
-1 1 1 -1 -1 3 5 11 13 17 33 8  # REPEATED
-1 1 1 -1 -1 3 5 12 14 19 37 9  # REPEATED
-1 1 1 -1 -1 3 5 13 15 21 41 10  # REPEATED
-1 1 1 -1 -1 3 5 14 16 23 45 11  # REPEATED
-1 1 1 -1 -1 3 5 15 17 25 49 12  # REPEATED
-1 1 1 -1 -1 3 5 16 18 27 53 13  # REPEATED
-1 1 1 -1 -1 3 5 17 19 29 57 14  # REPEATED
-1 1 1 -1 -1 3 6 -3 3 -11 -20 -6  # REPEATED
-1 1 1 -1 -1 3 6 4 -10 3 6 1  # REPEATED
-1 1 1 -1 -1 3 6 4 -2 3 6 1  # REPEATED
-1 1 1 -1 -1 3 7 -9 3 -23 -39 -12  # REPEATED
-1 1 1 -1 -1 3 7 -7 -27 -15 9 18  # REPEATED
-1 1 1 -1 -1 3 7 -7 -11 -32 -60 -28  # REPEATED
-1 1 1 -1 -1 3 7 -6 -10 -28 -52 -24  # REPEATED
-1 1 1 -1 -1 3 7 -5 -9 -24 -44 -20  # REPEATED
-1 1 1 -1 -1 3 7 -4 -8 -20 -36 -16  # REPEATED
-1 1 1 -1 -1 3 7 -3 -7 -16 -28 -12  # REPEATED
-1 1 1 -1 -1 3 7 -2 -6 -12 -20 -8  # REPEATED
-1 1 1 -1 -1 3 7 -1 -5 -8 -12 -4  # REPEATED
-1 1 1 -1 -1 3 7 2 -2 4 12 8  # REPEATED
-1 1 1 -1 -1 3 7 3 -1 8 20 12  # REPEATED
-1 1 1 -1 -1 3 7 4 0 12 28 16  # REPEATED
-1 1 1 -1 -1 3 7 5 1 16 36 20  # REPEATED
-1 1 1 -1 -1 3 7 6 2 20 44 24  # REPEATED
-1 1 1 -1 -1 3 7 7 3 24 52 28  # REPEATED
-1 1 1 -1 -1 3 7 8 4 28 60 32  # REPEATED
-1 1 1 -1 -1 3 8 -7 -27 -15 0 18  # REPEATED
-1 1 1 -1 -1 3 8 -7 -3 -32 -56 -28  # REPEATED
-1 1 1 -1 -1 3 8 -6 -6 -28 -48 -24  # REPEATED
-1 1 1 -1 -1 3 8 -5 -9 -24 -40 -20  # REPEATED
-1 1 1 -1 -1 3 8 -4 -12 -20 -32 -16  # REPEATED
-1 1 1 -1 -1 3 8 -3 -15 -16 -24 -12  # REPEATED
-1 1 1 -1 -1 3 8 -2 -18 -12 -16 -8  # REPEATED
-1 1 1 -1 -1 3 8 -1 -21 -8 -8 -4  # REPEATED
-1 1 1 -1 -1 3 8 2 -30 4 16 8  # REPEATED
-1 1 1 -1 -1 3 8 3 -33 8 24 12  # REPEATED
-1 1 1 -1 -1 3 8 4 -36 12 32 16  # REPEATED
-1 1 1 -1 -1 3 8 5 -39 16 40 20  # REPEATED
-1 1 1 -1 -1 3 9 -11 -29 -39 -51 -18  # REPEATED
-1 1 1 -1 -1 3 9 -10 -28 -33 -39 -9  # REPEATED
-1 1 1 -1 -1 3 9 -8 -26 -21 -15 9  # REPEATED
-1 1 1 -1 -1 3 9 -7 -25 -15 -3 18  # REPEATED
-1 1 1 -1 -1 3 9 -6 -24 -9 9 27  # REPEATED
-1 1 1 -1 -1 3 9 -5 -23 -3 21 36  # REPEATED
-1 1 1 -1 -1 3 9 -4 -22 3 33 45  # REPEATED
-1 1 1 -1 -1 3 9 -4 2 -13 -55 -7  # REPEATED
-1 1 1 -1 -1 3 9 -3 -21 9 45 54  # REPEATED
-1 1 1 -1 -1 3 9 -3 3 -11 -47 -6  # REPEATED
-1 1 1 -1 -1 3 9 -2 -20 15 57 63  # REPEATED
-1 1 1 -1 -1 3 9 -2 4 -9 -39 -5  # REPEATED
-1 1 1 -1 -1 3 9 -1 5 -7 -31 -4  # REPEATED
-1 1 1 -1 -1 3 9 0 6 -5 -23 -3  # REPEATED
-1 1 1 -1 -1 3 9 1 7 -3 -15 -2  # REPEATED
-1 1 1 -1 -1 3 9 2 8 -1 -7 -1  # REPEATED
-1 1 1 -1 -1 3 9 4 10 3 9 1  # REPEATED
-1 1 1 -1 -1 3 9 5 11 5 17 2  # REPEATED
-1 1 1 -1 -1 3 9 6 12 7 25 3  # REPEATED
-1 1 1 -1 -1 3 9 7 13 9 33 4  # REPEATED
-1 1 1 -1 -1 3 9 8 14 11 41 5  # REPEATED
-1 1 1 -1 -1 3 9 9 15 13 49 6  # REPEATED
-1 1 1 -1 -1 3 9 10 16 15 57 7  # REPEATED
-1 1 1 -1 -1 3 11 4 0 3 11 1  # REPEATED
-1 1 1 -1 -1 4 -5 -27 -18 38 56 -16  # REPEATED
-1 1 1 -1 -1 4 -4 -26 6 36 60 -15  # REPEATED
-1 1 1 -1 -1 4 -4 -25 3 34 56 -14  # REPEATED
-1 1 1 -1 -1 4 -4 -24 0 32 52 -13  # REPEATED
-1 1 1 -1 -1 4 -4 -23 -3 30 48 -12  # REPEATED
-1 1 1 -1 -1 4 -4 -22 -6 28 44 -11  # REPEATED
-1 1 1 -1 -1 4 -4 -21 -9 26 40 -10  # REPEATED
-1 1 1 -1 -1 4 -4 -20 -12 24 36 -9  # REPEATED
-1 1 1 -1 -1 4 -4 -19 -15 22 32 -8  # REPEATED
-1 1 1 -1 -1 4 -4 -18 -18 20 28 -7  # REPEATED
-1 1 1 -1 -1 4 -4 -17 -21 18 24 -6  # REPEATED
-1 1 1 -1 -1 4 -4 -16 -24 16 20 -5  # REPEATED
-1 1 1 -1 -1 4 -4 -15 -27 14 16 -4  # REPEATED
-1 1 1 -1 -1 4 -4 -14 -30 12 12 -3  # REPEATED
-1 1 1 -1 -1 4 -4 -13 -33 10 8 -2  # REPEATED
-1 1 1 -1 -1 4 -4 -12 -36 8 4 -1  # REPEATED
-1 1 1 -1 -1 4 -2 -6 -18 -4 -10 5  # REPEATED
-1 1 1 -1 -1 4 -2 -4 -40 -8 -50 7  # REPEATED
-1 1 1 -1 -1 4 -2 -3 -39 -10 -58 8  # REPEATED
-1 1 1 -1 -1 4 -2 -2 -38 -12 -30 9  # REPEATED
-1 1 1 -1 -1 4 -1 -3 -18 -10 -20 8  # REPEATED
-1 1 1 -1 -1 4 0 -10 6 -28 -40 -15  # REPEATED
-1 1 1 -1 -1 4 0 -2 -18 -12 -24 9  # REPEATED
-1 1 1 -1 -1 4 1 -3 -18 -10 -22 8  # REPEATED
-1 1 1 -1 -1 4 1 -3 6 -14 -20 -8  # REPEATED
-1 1 1 -1 -1 4 2 -24 -36 32 58 -13  # REPEATED
-1 1 1 -1 -1 4 2 -23 -35 30 54 -12  # REPEATED
-1 1 1 -1 -1 4 2 -22 -34 28 50 -11  # REPEATED
-1 1 1 -1 -1 4 2 -21 -33 26 46 -10  # REPEATED
-1 1 1 -1 -1 4 2 -20 -32 24 42 -9  # REPEATED
-1 1 1 -1 -1 4 2 -19 -31 22 38 -8  # REPEATED
-1 1 1 -1 -1 4 2 -18 -30 20 34 -7  # REPEATED
-1 1 1 -1 -1 4 2 -17 -29 18 30 -6  # REPEATED
-1 1 1 -1 -1 4 2 -16 -28 16 26 -5  # REPEATED
-1 1 1 -1 -1 4 2 -15 -27 14 22 -4  # REPEATED
-1 1 1 -1 -1 4 2 -14 -26 12 18 -3  # REPEATED
-1 1 1 -1 -1 4 2 -13 -25 10 14 -2  # REPEATED
-1 1 1 -1 -1 4 2 -12 -24 8 10 -1  # REPEATED
-1 1 1 -1 -1 4 2 -10 -22 4 2 1  # REPEATED
-1 1 1 -1 -1 4 2 -9 -21 2 -2 2  # REPEATED
-1 1 1 -1 -1 4 2 -7 -19 -2 -10 4  # REPEATED
-1 1 1 -1 -1 4 2 -6 -18 -4 -14 5  # REPEATED
-1 1 1 -1 -1 4 2 -5 -17 -6 -18 6  # REPEATED
-1 1 1 -1 -1 4 2 -4 -16 -8 -22 7  # REPEATED
-1 1 1 -1 -1 4 2 -3 -15 -10 -26 8  # REPEATED
-1 1 1 -1 -1 4 2 -2 -14 -12 -30 9  # REPEATED
-1 1 1 -1 -1 4 2 -2 -6 -12 -18 9  # REPEATED
-1 1 1 -1 -1 4 2 -1 -13 -14 -34 10  # REPEATED
-1 1 1 -1 -1 4 2 0 -12 -16 -38 11  # REPEATED
-1 1 1 -1 -1 4 2 1 -11 -18 -42 12  # REPEATED
-1 1 1 -1 -1 4 2 2 -10 -20 -46 13  # REPEATED
-1 1 1 -1 -1 4 2 2 6 -4 -6 -3  # REPEATED
-1 1 1 -1 -1 4 2 3 -9 -22 -50 14  # REPEATED
-1 1 1 -1 -1 4 2 4 -8 -24 -54 15  # REPEATED
-1 1 1 -1 -1 4 2 5 -7 -26 -58 16  # REPEATED
-1 1 1 -1 -1 4 2 10 22 12 6 9  # REPEATED
-1 1 1 -1 -1 4 3 -5 0 -36 -42 -36  # REPEATED
-1 1 1 -1 -1 4 4 -5 39 -18 -40 -10  # REPEATED
-1 1 1 -1 -1 4 4 -4 36 -16 -36 -9  # REPEATED
-1 1 1 -1 -1 4 4 -3 33 -14 -32 -8  # REPEATED
-1 1 1 -1 -1 4 4 -2 30 -12 -28 -7  # REPEATED
-1 1 1 -1 -1 4 4 -1 27 -10 -24 -6  # REPEATED
-1 1 1 -1 -1 4 4 0 24 -8 -20 -5  # REPEATED
-1 1 1 -1 -1 4 4 1 21 -6 -16 -4  # REPEATED
-1 1 1 -1 -1 4 4 2 18 -4 -12 -3  # REPEATED
-1 1 1 -1 -1 4 4 3 15 -2 -8 -2  # REPEATED
-1 1 1 -1 -1 4 4 7 3 6 8 2  # REPEATED
-1 1 1 -1 -1 4 4 8 0 8 12 3  # REPEATED
-1 1 1 -1 -1 4 4 9 -3 10 16 4  # REPEATED
-1 1 1 -1 -1 4 4 10 -6 12 20 5  # REPEATED
-1 1 1 -1 -1 4 4 11 -9 14 24 6  # REPEATED
-1 1 1 -1 -1 4 4 12 -12 16 28 7  # REPEATED
-1 1 1 -1 -1 4 4 13 -15 18 32 8  # REPEATED
-1 1 1 -1 -1 4 4 14 -18 20 36 9  # REPEATED
-1 1 1 -1 -1 4 4 15 -21 22 40 10  # REPEATED
-1 1 1 -1 -1 4 4 16 -24 24 44 11  # REPEATED
-1 1 1 -1 -1 4 4 17 -27 26 48 12  # REPEATED
-1 1 1 -1 -1 4 4 18 -30 28 52 13  # REPEATED
-1 1 1 -1 -1 4 4 19 -33 30 56 14  # REPEATED
-1 1 1 -1 -1 4 4 20 -36 32 60 15  # REPEATED
-1 1 1 -1 -1 4 5 -27 -18 38 46 -16  # REPEATED
-1 1 1 -1 -1 4 5 -11 -18 -66 -54 -72  # REPEATED
-1 1 1 -1 -1 4 5 3 0 -4 -2 -4  # REPEATED
-1 1 1 -1 -1 4 6 -10 -6 -28 -58 -15  # REPEATED
-1 1 1 -1 -1 4 6 -9 -5 -26 -54 -14  # REPEATED
-1 1 1 -1 -1 4 6 -8 -4 -24 -50 -13  # REPEATED
-1 1 1 -1 -1 4 6 -7 -3 -22 -46 -12  # REPEATED
-1 1 1 -1 -1 4 6 -6 -18 -36 -18 -27  # REPEATED
-1 1 1 -1 -1 4 6 -6 -2 -20 -42 -11  # REPEATED
-1 1 1 -1 -1 4 6 -5 -1 -18 -38 -10  # REPEATED
-1 1 1 -1 -1 4 6 -4 -40 -16 -24 16  # REPEATED
-1 1 1 -1 -1 4 6 -4 0 -16 -34 -9  # REPEATED
-1 1 1 -1 -1 4 6 -3 1 -14 -30 -8  # REPEATED
-1 1 1 -1 -1 4 6 -2 -30 -12 -18 9  # REPEATED
-1 1 1 -1 -1 4 6 -2 -6 -12 -6 9  # REPEATED
-1 1 1 -1 -1 4 6 -2 2 -12 -26 -7  # REPEATED
-1 1 1 -1 -1 4 6 -1 3 -10 -22 -6  # REPEATED
-1 1 1 -1 -1 4 6 0 -20 -8 -12 4  # REPEATED
-1 1 1 -1 -1 4 6 0 4 -8 -18 -5  # REPEATED
-1 1 1 -1 -1 4 6 1 5 -6 -14 -4  # REPEATED
-1 1 1 -1 -1 4 6 2 -10 -4 -6 1  # REPEATED
-1 1 1 -1 -1 4 6 2 6 -4 -10 -3  # REPEATED
-1 1 1 -1 -1 4 6 3 7 -2 -6 -2  # REPEATED
-1 1 1 -1 -1 4 6 6 10 4 6 1  # REPEATED
-1 1 1 -1 -1 4 6 7 11 6 10 2  # REPEATED
-1 1 1 -1 -1 4 6 8 12 8 14 3  # REPEATED
-1 1 1 -1 -1 4 6 8 20 8 12 4  # REPEATED
-1 1 1 -1 -1 4 6 9 13 10 18 4  # REPEATED
-1 1 1 -1 -1 4 6 10 14 12 22 5  # REPEATED
-1 1 1 -1 -1 4 6 10 30 12 18 9  # REPEATED
-1 1 1 -1 -1 4 6 11 15 14 26 6  # REPEATED
-1 1 1 -1 -1 4 6 12 16 16 30 7  # REPEATED
-1 1 1 -1 -1 4 6 12 40 16 24 16  # REPEATED
-1 1 1 -1 -1 4 6 13 17 18 34 8  # REPEATED
-1 1 1 -1 -1 4 6 14 18 20 38 9  # REPEATED
-1 1 1 -1 -1 4 6 15 19 22 42 10  # REPEATED
-1 1 1 -1 -1 4 6 16 20 24 46 11  # REPEATED
-1 1 1 -1 -1 4 6 17 21 26 50 12  # REPEATED
-1 1 1 -1 -1 4 6 18 22 28 54 13  # REPEATED
-1 1 1 -1 -1 4 6 19 23 30 58 14  # REPEATED
-1 1 1 -1 -1 4 7 -3 6 -14 -26 -8  # REPEATED
-1 1 1 -1 -1 4 7 3 0 -4 -10 -4  # REPEATED
-1 1 1 -1 -1 4 8 -10 6 -28 -48 -15  # REPEATED
-1 1 1 -1 -1 4 8 -3 -3 -28 -56 -28  # REPEATED
-1 1 1 -1 -1 4 8 -3 9 -28 -56 -28  # REPEATED
-1 1 1 -1 -1 4 8 -2 -18 -12 0 9  # REPEATED
-1 1 1 -1 -1 4 8 -2 -2 -24 -48 -24  # REPEATED
-1 1 1 -1 -1 4 8 -2 6 -24 -48 -24  # REPEATED
-1 1 1 -1 -1 4 8 -1 -1 -20 -40 -20  # REPEATED
-1 1 1 -1 -1 4 8 -1 3 -20 -40 -20  # REPEATED
-1 1 1 -1 -1 4 8 0 0 -16 -32 -16  # REPEATED
-1 1 1 -1 -1 4 8 1 -3 -12 -24 -12  # REPEATED
-1 1 1 -1 -1 4 8 1 1 -12 -24 -12  # REPEATED
-1 1 1 -1 -1 4 8 2 -6 -8 -16 -8  # REPEATED
-1 1 1 -1 -1 4 8 2 2 -8 -16 -8  # REPEATED
-1 1 1 -1 -1 4 8 3 -9 -4 -8 -4  # REPEATED
-1 1 1 -1 -1 4 8 3 3 -4 -8 -4  # REPEATED
-1 1 1 -1 -1 4 8 5 -15 4 8 4  # REPEATED
-1 1 1 -1 -1 4 8 5 5 4 8 4  # REPEATED
-1 1 1 -1 -1 4 8 6 -18 8 16 8  # REPEATED
-1 1 1 -1 -1 4 8 6 6 8 16 8  # REPEATED
-1 1 1 -1 -1 4 8 7 -21 12 24 12  # REPEATED
-1 1 1 -1 -1 4 8 7 7 12 24 12  # REPEATED
-1 1 1 -1 -1 4 8 8 -24 16 32 16  # REPEATED
-1 1 1 -1 -1 4 8 8 8 16 32 16  # REPEATED
-1 1 1 -1 -1 4 8 9 -27 20 40 20  # REPEATED
-1 1 1 -1 -1 4 8 9 9 20 40 20  # REPEATED
-1 1 1 -1 -1 4 8 10 -30 24 48 24  # REPEATED
-1 1 1 -1 -1 4 8 10 10 24 48 24  # REPEATED
-1 1 1 -1 -1 4 8 11 -33 28 56 28  # REPEATED
-1 1 1 -1 -1 4 8 11 11 28 56 28  # REPEATED
-1 1 1 -1 -1 4 10 -6 -18 -36 -54 -27  # REPEATED
-1 1 1 -1 -1 4 10 -5 -17 -30 -42 -18  # REPEATED
-1 1 1 -1 -1 4 10 -4 -16 -24 -30 -9  # REPEATED
-1 1 1 -1 -1 4 10 -2 -38 -12 6 9  # REPEATED
-1 1 1 -1 -1 4 10 -2 -14 -12 -6 9  # REPEATED
-1 1 1 -1 -1 4 10 -2 10 -12 -54 -7  # REPEATED
-1 1 1 -1 -1 4 10 -1 -13 -6 6 18  # REPEATED
-1 1 1 -1 -1 4 10 -1 11 -10 -46 -6  # REPEATED
-1 1 1 -1 -1 4 10 0 12 -8 -38 -5  # REPEATED
-1 1 1 -1 -1 4 10 1 -11 6 30 36  # REPEATED
-1 1 1 -1 -1 4 10 1 13 -6 -30 -4  # REPEATED
-1 1 1 -1 -1 4 10 2 -10 12 42 45  # REPEATED
-1 1 1 -1 -1 4 10 2 14 -4 -22 -3  # REPEATED
-1 1 1 -1 -1 4 10 3 -9 18 54 54  # REPEATED
-1 1 1 -1 -1 4 10 3 15 -2 -14 -2  # REPEATED
-1 1 1 -1 -1 4 10 6 18 4 10 1  # REPEATED
-1 1 1 -1 -1 4 10 7 19 6 18 2  # REPEATED
-1 1 1 -1 -1 4 10 8 20 8 26 3  # REPEATED
-1 1 1 -1 -1 4 10 9 21 10 34 4  # REPEATED
-1 1 1 -1 -1 4 10 10 22 12 42 5  # REPEATED
-1 1 1 -1 -1 4 10 11 23 14 50 6  # REPEATED
-1 1 1 -1 -1 4 10 12 24 16 58 7  # REPEATED
-1 1 1 -1 -1 5 -4 -28 0 37 60 -15  # REPEATED
-1 1 1 -1 -1 5 -4 -27 -3 35 56 -14  # REPEATED
-1 1 1 -1 -1 5 -4 -26 -6 33 52 -13  # REPEATED
-1 1 1 -1 -1 5 -4 -25 -9 31 48 -12  # REPEATED
-1 1 1 -1 -1 5 -4 -24 -12 29 44 -11  # REPEATED
-1 1 1 -1 -1 5 -4 -23 -15 27 40 -10  # REPEATED
-1 1 1 -1 -1 5 -4 -22 -18 25 36 -9  # REPEATED
-1 1 1 -1 -1 5 -4 -21 -21 23 32 -8  # REPEATED
-1 1 1 -1 -1 5 -4 -20 -24 21 28 -7  # REPEATED
-1 1 1 -1 -1 5 -4 -19 -27 19 24 -6  # REPEATED
-1 1 1 -1 -1 5 -4 -18 -30 17 20 -5  # REPEATED
-1 1 1 -1 -1 5 -4 -17 -33 15 16 -4  # REPEATED
-1 1 1 -1 -1 5 -4 -16 -36 13 12 -3  # REPEATED
-1 1 1 -1 -1 5 -4 -15 -39 11 8 -2  # REPEATED
-1 1 1 -1 -1 5 -4 3 39 -5 -32 -4  # REPEATED
-1 1 1 -1 -1 5 -2 -7 -21 -5 -12 6  # REPEATED
-1 1 1 -1 -1 5 -1 -3 -21 -13 -25 10  # REPEATED
-1 1 1 -1 -1 5 0 -11 9 -33 -48 -18  # REPEATED
-1 1 1 -1 -1 5 0 -1 -21 -17 -32 12  # REPEATED
-1 1 1 -1 -1 5 1 -3 9 -17 -25 -10  # REPEATED
-1 1 1 -1 -1 5 1 -1 -21 -17 -33 12  # REPEATED
-1 1 1 -1 -1 5 2 -3 -21 -13 -28 10  # REPEATED
-1 1 1 -1 -1 5 2 3 9 -5 -8 -4  # REPEATED
-1 1 1 -1 -1 5 3 -26 -40 33 59 -13  # REPEATED
-1 1 1 -1 -1 5 3 -25 -39 31 55 -12  # REPEATED
-1 1 1 -1 -1 5 3 -24 -38 29 51 -11  # REPEATED
-1 1 1 -1 -1 5 3 -23 -37 27 47 -10  # REPEATED
-1 1 1 -1 -1 5 3 -22 -36 25 43 -9  # REPEATED
-1 1 1 -1 -1 5 3 -21 -35 23 39 -8  # REPEATED
-1 1 1 -1 -1 5 3 -20 -34 21 35 -7  # REPEATED
-1 1 1 -1 -1 5 3 -19 -33 19 31 -6  # REPEATED
-1 1 1 -1 -1 5 3 -18 -32 17 27 -5  # REPEATED
-1 1 1 -1 -1 5 3 -17 -31 15 23 -4  # REPEATED
-1 1 1 -1 -1 5 3 -16 -30 13 19 -3  # REPEATED
-1 1 1 -1 -1 5 3 -15 -29 11 15 -2  # REPEATED
-1 1 1 -1 -1 5 3 -14 -28 9 11 -1  # REPEATED
-1 1 1 -1 -1 5 3 -12 -26 5 3 1  # REPEATED
-1 1 1 -1 -1 5 3 -11 -25 3 -1 2  # REPEATED
-1 1 1 -1 -1 5 3 -10 -24 1 -5 3  # REPEATED
-1 1 1 -1 -1 5 3 -9 -23 -1 -9 4  # REPEATED
-1 1 1 -1 -1 5 3 -8 -22 -3 -13 5  # REPEATED
-1 1 1 -1 -1 5 3 -7 -21 -5 -17 6  # REPEATED
-1 1 1 -1 -1 5 3 -6 -20 -7 -21 7  # REPEATED
-1 1 1 -1 -1 5 3 -5 -19 -9 -25 8  # REPEATED
-1 1 1 -1 -1 5 3 -4 -18 -11 -29 9  # REPEATED
-1 1 1 -1 -1 5 3 -4 6 -44 -56 -48  # REPEATED
-1 1 1 -1 -1 5 3 -3 -17 -13 -33 10  # REPEATED
-1 1 1 -1 -1 5 3 -2 -16 -15 -37 11  # REPEATED
-1 1 1 -1 -1 5 3 -1 -15 -17 -41 12  # REPEATED
-1 1 1 -1 -1 5 3 0 -14 -19 -45 13  # REPEATED
-1 1 1 -1 -1 5 3 1 -13 -21 -49 14  # REPEATED
-1 1 1 -1 -1 5 3 2 -12 -23 -53 15  # REPEATED
-1 1 1 -1 -1 5 3 3 -11 -25 -57 16  # REPEATED
-1 1 1 -1 -1 5 4 -1 39 -13 -32 -8  # REPEATED
-1 1 1 -1 -1 5 4 0 36 -11 -28 -7  # REPEATED
-1 1 1 -1 -1 5 4 1 33 -9 -24 -6  # REPEATED
-1 1 1 -1 -1 5 4 2 6 -20 -24 -24  # REPEATED
-1 1 1 -1 -1 5 4 2 30 -7 -20 -5  # REPEATED
-1 1 1 -1 -1 5 4 3 27 -5 -16 -4  # REPEATED
-1 1 1 -1 -1 5 4 4 24 -3 -12 -3  # REPEATED
-1 1 1 -1 -1 5 4 5 21 -1 -8 -2  # REPEATED
-1 1 1 -1 -1 5 4 6 18 1 -4 -1  # REPEATED
-1 1 1 -1 -1 5 4 8 12 5 4 1  # REPEATED
-1 1 1 -1 -1 5 4 8 36 5 4 1  # REPEATED
-1 1 1 -1 -1 5 4 9 9 7 8 2  # REPEATED
-1 1 1 -1 -1 5 4 10 6 9 12 3  # REPEATED
-1 1 1 -1 -1 5 4 11 3 11 16 4  # REPEATED
-1 1 1 -1 -1 5 4 12 0 13 20 5  # REPEATED
-1 1 1 -1 -1 5 4 13 -3 15 24 6  # REPEATED
-1 1 1 -1 -1 5 4 14 -6 17 28 7  # REPEATED
-1 1 1 -1 -1 5 4 15 -9 19 32 8  # REPEATED
-1 1 1 -1 -1 5 4 16 -12 21 36 9  # REPEATED
-1 1 1 -1 -1 5 4 17 -15 23 40 10  # REPEATED
-1 1 1 -1 -1 5 4 18 -18 25 44 11  # REPEATED
-1 1 1 -1 -1 5 4 19 -21 27 48 12  # REPEATED
-1 1 1 -1 -1 5 4 20 -24 29 52 13  # REPEATED
-1 1 1 -1 -1 5 4 21 -27 31 56 14  # REPEATED
-1 1 1 -1 -1 5 4 22 -30 33 60 15  # REPEATED
-1 1 1 -1 -1 5 6 -31 -21 43 52 -18  # REPEATED
-1 1 1 -1 -1 5 6 -3 -9 -45 -36 -54  # REPEATED
-1 1 1 -1 -1 5 6 8 22 5 6 1  # REPEATED
-1 1 1 -1 -1 5 7 -8 -2 -27 -57 -15  # REPEATED
-1 1 1 -1 -1 5 7 -7 -1 -25 -53 -14  # REPEATED
-1 1 1 -1 -1 5 7 -6 0 -23 -49 -13  # REPEATED
-1 1 1 -1 -1 5 7 -5 1 -21 -45 -12  # REPEATED
-1 1 1 -1 -1 5 7 -4 2 -19 -41 -11  # REPEATED
-1 1 1 -1 -1 5 7 -3 3 -17 -37 -10  # REPEATED
-1 1 1 -1 -1 5 7 -2 4 -15 -33 -9  # REPEATED
-1 1 1 -1 -1 5 7 -1 5 -13 -29 -8  # REPEATED
-1 1 1 -1 -1 5 7 0 6 -11 -25 -7  # REPEATED
-1 1 1 -1 -1 5 7 1 -9 -21 -9 -18  # REPEATED
-1 1 1 -1 -1 5 7 1 7 -9 -21 -6  # REPEATED
-1 1 1 -1 -1 5 7 2 8 -7 -17 -5  # REPEATED
-1 1 1 -1 -1 5 7 3 9 -5 -13 -4  # REPEATED
-1 1 1 -1 -1 5 7 4 10 -3 -9 -3  # REPEATED
-1 1 1 -1 -1 5 7 5 11 -1 -5 -2  # REPEATED
-1 1 1 -1 -1 5 7 6 12 1 -1 -1  # REPEATED
-1 1 1 -1 -1 5 7 8 14 5 7 1  # REPEATED
-1 1 1 -1 -1 5 7 9 15 7 11 2  # REPEATED
-1 1 1 -1 -1 5 7 10 16 9 15 3  # REPEATED
-1 1 1 -1 -1 5 7 11 17 11 19 4  # REPEATED
-1 1 1 -1 -1 5 7 12 18 13 23 5  # REPEATED
-1 1 1 -1 -1 5 7 13 19 15 27 6  # REPEATED
-1 1 1 -1 -1 5 7 14 20 17 31 7  # REPEATED
-1 1 1 -1 -1 5 7 15 21 19 35 8  # REPEATED
-1 1 1 -1 -1 5 7 16 22 21 39 9  # REPEATED
-1 1 1 -1 -1 5 7 17 23 23 43 10  # REPEATED
-1 1 1 -1 -1 5 7 18 24 25 47 11  # REPEATED
-1 1 1 -1 -1 5 7 19 25 27 51 12  # REPEATED
-1 1 1 -1 -1 5 7 20 26 29 55 13  # REPEATED
-1 1 1 -1 -1 5 7 21 27 31 59 14  # REPEATED
-1 1 1 -1 -1 5 8 -12 -36 -80 -32 -64  # REPEATED
-1 1 1 -1 -1 5 8 -3 9 -17 -32 -10  # REPEATED
-1 1 1 -1 -1 5 8 1 21 -24 -56 -28  # REPEATED
-1 1 1 -1 -1 5 8 2 18 -20 -48 -24  # REPEATED
-1 1 1 -1 -1 5 8 3 15 -16 -40 -20  # REPEATED
-1 1 1 -1 -1 5 8 4 12 -12 -32 -16  # REPEATED
-1 1 1 -1 -1 5 8 5 9 -8 -24 -12  # REPEATED
-1 1 1 -1 -1 5 8 6 6 -4 -16 -8  # REPEATED
-1 1 1 -1 -1 5 8 9 -3 8 8 4  # REPEATED
-1 1 1 -1 -1 5 8 10 -6 12 16 8  # REPEATED
-1 1 1 -1 -1 5 8 11 -9 16 24 12  # REPEATED
-1 1 1 -1 -1 5 8 12 -12 20 32 16  # REPEATED
-1 1 1 -1 -1 5 8 13 -15 24 40 20  # REPEATED
-1 1 1 -1 -1 5 8 14 -18 28 48 24  # REPEATED
-1 1 1 -1 -1 5 8 15 -21 32 56 28  # REPEATED
-1 1 1 -1 -1 5 9 -11 9 -33 -57 -18  # REPEATED
-1 1 1 -1 -1 5 9 0 4 -28 -60 -32  # REPEATED
-1 1 1 -1 -1 5 9 1 5 -24 -52 -28  # REPEATED
-1 1 1 -1 -1 5 9 2 6 -20 -44 -24  # REPEATED
-1 1 1 -1 -1 5 9 3 7 -16 -36 -20  # REPEATED
-1 1 1 -1 -1 5 9 4 8 -12 -28 -16  # REPEATED
-1 1 1 -1 -1 5 9 5 9 -8 -20 -12  # REPEATED
-1 1 1 -1 -1 5 9 6 10 -4 -12 -8  # REPEATED
-1 1 1 -1 -1 5 9 9 13 8 12 4  # REPEATED
-1 1 1 -1 -1 5 9 10 14 12 20 8  # REPEATED
-1 1 1 -1 -1 5 9 11 15 16 28 12  # REPEATED
-1 1 1 -1 -1 5 9 12 16 20 36 16  # REPEATED
-1 1 1 -1 -1 5 9 13 17 24 44 20  # REPEATED
-1 1 1 -1 -1 5 9 14 18 28 52 24  # REPEATED
-1 1 1 -1 -1 5 9 15 19 32 60 28  # REPEATED
-1 1 1 -1 -1 5 10 -6 -36 -32 8 32  # REPEATED
-1 1 1 -1 -1 5 10 1 -9 -21 -36 -18  # REPEATED
-1 1 1 -1 -1 5 11 -6 -36 -32 -8 32  # REPEATED
-1 1 1 -1 -1 5 11 -1 -7 -33 -57 -36  # REPEATED
-1 1 1 -1 -1 5 11 0 -6 -27 -45 -27  # REPEATED
-1 1 1 -1 -1 5 11 0 18 -11 -53 -7  # REPEATED
-1 1 1 -1 -1 5 11 1 -5 -21 -33 -18  # REPEATED
-1 1 1 -1 -1 5 11 1 19 -9 -45 -6  # REPEATED
-1 1 1 -1 -1 5 11 2 -4 -15 -21 -9  # REPEATED
-1 1 1 -1 -1 5 11 2 20 -7 -37 -5  # REPEATED
-1 1 1 -1 -1 5 11 3 21 -5 -29 -4  # REPEATED
-1 1 1 -1 -1 5 11 4 -2 -3 3 9  # REPEATED
-1 1 1 -1 -1 5 11 4 22 -3 -21 -3  # REPEATED
-1 1 1 -1 -1 5 11 5 -1 3 15 18  # REPEATED
-1 1 1 -1 -1 5 11 5 23 -1 -13 -2  # REPEATED
-1 1 1 -1 -1 5 11 6 0 9 27 27  # REPEATED
-1 1 1 -1 -1 5 11 6 24 1 -5 -1  # REPEATED
-1 1 1 -1 -1 5 11 7 1 15 39 36  # REPEATED
-1 1 1 -1 -1 5 11 8 2 21 51 45  # REPEATED
-1 1 1 -1 -1 5 11 8 26 5 11 1  # REPEATED
-1 1 1 -1 -1 5 11 9 27 7 19 2  # REPEATED
-1 1 1 -1 -1 5 11 10 28 9 27 3  # REPEATED
-1 1 1 -1 -1 5 11 11 29 11 35 4  # REPEATED
-1 1 1 -1 -1 5 11 12 -30 20 56 16  # REPEATED
-1 1 1 -1 -1 5 11 12 30 13 43 5  # REPEATED
-1 1 1 -1 -1 5 11 13 31 15 51 6  # REPEATED
-1 1 1 -1 -1 5 11 14 32 17 59 7  # REPEATED
-1 1 1 -1 -1 5 12 -2 -30 -39 -60 -45  # REPEATED
-1 1 1 -1 -1 5 12 -1 -33 -33 -48 -36  # REPEATED
-1 1 1 -1 -1 5 12 0 -36 -27 -36 -27  # REPEATED
-1 1 1 -1 -1 5 12 1 -39 -21 -24 -18  # REPEATED
-1 1 1 -1 -1 5 12 12 -32 20 48 16  # REPEATED
-1 1 1 -1 -1 6 -4 -30 -6 38 60 -15  # REPEATED
-1 1 1 -1 -1 6 -4 -29 -9 36 56 -14  # REPEATED
-1 1 1 -1 -1 6 -4 -28 -12 34 52 -13  # REPEATED
-1 1 1 -1 -1 6 -4 -27 -15 32 48 -12  # REPEATED
-1 1 1 -1 -1 6 -4 -26 -18 30 44 -11  # REPEATED
-1 1 1 -1 -1 6 -4 -25 -21 28 40 -10  # REPEATED
-1 1 1 -1 -1 6 -4 -24 -24 26 36 -9  # REPEATED
-1 1 1 -1 -1 6 -4 -23 -27 24 32 -8  # REPEATED
-1 1 1 -1 -1 6 -4 -22 -30 22 28 -7  # REPEATED
-1 1 1 -1 -1 6 -4 -21 -33 20 24 -6  # REPEATED
-1 1 1 -1 -1 6 -4 -20 -36 18 20 -5  # REPEATED
-1 1 1 -1 -1 6 -4 -19 -39 16 16 -4  # REPEATED
-1 1 1 -1 -1 6 -2 -8 -24 -6 -14 7  # REPEATED
-1 1 1 -1 -1 6 -1 -3 -24 -16 -30 12  # REPEATED
-1 1 1 -1 -1 6 -1 13 -36 12 26 4  # REPEATED
-1 1 1 -1 -1 6 0 -12 12 -38 -56 -21  # REPEATED
-1 1 1 -1 -1 6 0 0 -24 -22 -40 15  # REPEATED
-1 1 1 -1 -1 6 0 13 -23 12 24 4  # REPEATED
-1 1 1 -1 -1 6 1 -3 12 -20 -30 -12  # REPEATED
-1 1 1 -1 -1 6 1 1 -24 -24 -44 16  # REPEATED
-1 1 1 -1 -1 6 1 13 -12 12 22 4  # REPEATED
-1 1 1 -1 -1 6 2 0 -24 -22 -42 15  # REPEATED
-1 1 1 -1 -1 6 2 4 12 -6 -10 -5  # REPEATED
-1 1 1 -1 -1 6 2 13 -3 12 20 4  # REPEATED
-1 1 1 -1 -1 6 2 13 17 12 40 4  # REPEATED
-1 1 1 -1 -1 6 3 -3 -24 -16 -34 12  # REPEATED
-1 1 1 -1 -1 6 3 13 4 12 18 4  # REPEATED
-1 1 1 -1 -1 6 4 -24 -40 26 44 -9  # REPEATED
-1 1 1 -1 -1 6 4 -23 -39 24 40 -8  # REPEATED
-1 1 1 -1 -1 6 4 -22 -38 22 36 -7  # REPEATED
-1 1 1 -1 -1 6 4 -21 -37 20 32 -6  # REPEATED
-1 1 1 -1 -1 6 4 -20 -36 18 28 -5  # REPEATED
-1 1 1 -1 -1 6 4 -19 -35 16 24 -4  # REPEATED
-1 1 1 -1 -1 6 4 -18 -34 14 20 -3  # REPEATED
-1 1 1 -1 -1 6 4 -17 -33 12 16 -2  # REPEATED
-1 1 1 -1 -1 6 4 -16 -32 10 12 -1  # REPEATED
-1 1 1 -1 -1 6 4 -14 -30 6 4 1  # REPEATED
-1 1 1 -1 -1 6 4 -13 -29 4 0 2  # REPEATED
-1 1 1 -1 -1 6 4 -12 -28 2 -4 3  # REPEATED
-1 1 1 -1 -1 6 4 -10 -26 -2 -12 5  # REPEATED
-1 1 1 -1 -1 6 4 -9 -25 -4 -16 6  # REPEATED
-1 1 1 -1 -1 6 4 -8 -24 -6 -20 7  # REPEATED
-1 1 1 -1 -1 6 4 -7 -23 -8 -24 8  # REPEATED
-1 1 1 -1 -1 6 4 -6 -22 -10 -28 9  # REPEATED
-1 1 1 -1 -1 6 4 -5 -21 -12 -32 10  # REPEATED
-1 1 1 -1 -1 6 4 -4 -20 -14 -36 11  # REPEATED
-1 1 1 -1 -1 6 4 -3 -19 -16 -40 12  # REPEATED
-1 1 1 -1 -1 6 4 -2 -18 -18 -44 13  # REPEATED
-1 1 1 -1 -1 6 4 -1 -17 -20 -48 14  # REPEATED
-1 1 1 -1 -1 6 4 0 -16 -22 -52 15  # REPEATED
-1 1 1 -1 -1 6 4 1 -15 -24 -56 16  # REPEATED
-1 1 1 -1 -1 6 4 2 -14 -26 -60 17  # REPEATED
-1 1 1 -1 -1 6 4 3 39 -8 -24 -6  # REPEATED
-1 1 1 -1 -1 6 4 4 12 -24 -32 -32  # REPEATED
-1 1 1 -1 -1 6 4 4 36 -6 -20 -5  # REPEATED
-1 1 1 -1 -1 6 4 5 33 -4 -16 -4  # REPEATED
-1 1 1 -1 -1 6 4 6 30 -2 -12 -3  # REPEATED
-1 1 1 -1 -1 6 4 8 24 2 -4 -1  # REPEATED
-1 1 1 -1 -1 6 4 10 18 6 4 1  # REPEATED
-1 1 1 -1 -1 6 4 11 15 8 8 2  # REPEATED
-1 1 1 -1 -1 6 4 12 12 10 12 3  # REPEATED
-1 1 1 -1 -1 6 4 13 9 12 16 4  # REPEATED
-1 1 1 -1 -1 6 4 14 6 14 20 5  # REPEATED
-1 1 1 -1 -1 6 4 15 3 16 24 6  # REPEATED
-1 1 1 -1 -1 6 4 16 0 18 28 7  # REPEATED
-1 1 1 -1 -1 6 4 17 -3 20 32 8  # REPEATED
-1 1 1 -1 -1 6 4 18 -6 22 36 9  # REPEATED
-1 1 1 -1 -1 6 4 19 -9 24 40 10  # REPEATED
-1 1 1 -1 -1 6 4 19 35 30 20 25  # REPEATED
-1 1 1 -1 -1 6 4 20 -12 26 44 11  # REPEATED
-1 1 1 -1 -1 6 4 21 -15 28 48 12  # REPEATED
-1 1 1 -1 -1 6 4 22 -18 30 52 13  # REPEATED
-1 1 1 -1 -1 6 4 23 -21 32 56 14  # REPEATED
-1 1 1 -1 -1 6 4 24 -24 34 60 15  # REPEATED
-1 1 1 -1 -1 6 5 9 12 -4 -6 -12  # REPEATED
-1 1 1 -1 -1 6 5 13 12 12 14 4  # REPEATED
-1 1 1 -1 -1 6 6 10 34 6 6 1  # REPEATED
-1 1 1 -1 -1 6 7 -35 -24 48 58 -20  # REPEATED
-1 1 1 -1 -1 6 7 5 0 -24 -18 -36  # REPEATED
-1 1 1 -1 -1 6 7 13 12 12 10 4  # REPEATED
-1 1 1 -1 -1 6 8 -7 1 -28 -60 -16  # REPEATED
-1 1 1 -1 -1 6 8 -6 2 -26 -56 -15  # REPEATED
-1 1 1 -1 -1 6 8 -5 3 -24 -52 -14  # REPEATED
-1 1 1 -1 -1 6 8 -4 4 -22 -48 -13  # REPEATED
-1 1 1 -1 -1 6 8 -3 5 -20 -44 -12  # REPEATED
-1 1 1 -1 -1 6 8 -2 6 -18 -40 -11  # REPEATED
-1 1 1 -1 -1 6 8 -1 7 -16 -36 -10  # REPEATED
-1 1 1 -1 -1 6 8 0 8 -14 -32 -9  # REPEATED
-1 1 1 -1 -1 6 8 1 9 -12 -28 -8  # REPEATED
-1 1 1 -1 -1 6 8 2 10 -10 -24 -7  # REPEATED
-1 1 1 -1 -1 6 8 3 11 -8 -20 -6  # REPEATED
-1 1 1 -1 -1 6 8 4 12 -6 -16 -5  # REPEATED
-1 1 1 -1 -1 6 8 5 13 -4 -12 -4  # REPEATED
-1 1 1 -1 -1 6 8 5 33 -20 -56 -28  # REPEATED
-1 1 1 -1 -1 6 8 6 14 -2 -8 -3  # REPEATED
-1 1 1 -1 -1 6 8 6 30 -16 -48 -24  # REPEATED
-1 1 1 -1 -1 6 8 7 27 -12 -40 -20  # REPEATED
-1 1 1 -1 -1 6 8 8 0 -6 0 -9  # REPEATED
-1 1 1 -1 -1 6 8 8 16 2 0 -1  # REPEATED
-1 1 1 -1 -1 6 8 8 24 -8 -32 -16  # REPEATED
-1 1 1 -1 -1 6 8 9 21 -4 -24 -12  # REPEATED
-1 1 1 -1 -1 6 8 10 18 6 8 1  # REPEATED
-1 1 1 -1 -1 6 8 11 15 4 -8 -4  # REPEATED
-1 1 1 -1 -1 6 8 11 19 8 12 2  # REPEATED
-1 1 1 -1 -1 6 8 12 20 10 16 3  # REPEATED
-1 1 1 -1 -1 6 8 13 9 12 8 4  # REPEATED
-1 1 1 -1 -1 6 8 13 21 12 20 4  # REPEATED
-1 1 1 -1 -1 6 8 14 6 16 16 8  # REPEATED
-1 1 1 -1 -1 6 8 14 22 14 24 5  # REPEATED
-1 1 1 -1 -1 6 8 15 3 20 24 12  # REPEATED
-1 1 1 -1 -1 6 8 15 23 16 28 6  # REPEATED
-1 1 1 -1 -1 6 8 16 0 24 32 16  # REPEATED
-1 1 1 -1 -1 6 8 16 24 18 32 7  # REPEATED
-1 1 1 -1 -1 6 8 17 -3 28 40 20  # REPEATED
-1 1 1 -1 -1 6 8 17 25 20 36 8  # REPEATED
-1 1 1 -1 -1 6 8 18 -6 32 48 24  # REPEATED
-1 1 1 -1 -1 6 8 18 26 22 40 9  # REPEATED
-1 1 1 -1 -1 6 8 19 -9 36 56 28  # REPEATED
-1 1 1 -1 -1 6 8 19 27 24 44 10  # REPEATED
-1 1 1 -1 -1 6 8 20 28 26 48 11  # REPEATED
-1 1 1 -1 -1 6 8 21 29 28 52 12  # REPEATED
-1 1 1 -1 -1 6 8 22 30 30 56 13  # REPEATED
-1 1 1 -1 -1 6 8 23 31 32 60 14  # REPEATED
-1 1 1 -1 -1 6 9 -3 -24 -56 -20 -48  # REPEATED
-1 1 1 -1 -1 6 9 -3 12 -20 -38 -12  # REPEATED
-1 1 1 -1 -1 6 9 1 -40 -24 -36 16  # REPEATED
-1 1 1 -1 -1 6 9 3 -30 -18 -27 9  # REPEATED
-1 1 1 -1 -1 6 9 5 -20 -12 -18 4  # REPEATED
-1 1 1 -1 -1 6 9 7 -10 -6 -9 1  # REPEATED
-1 1 1 -1 -1 6 9 9 12 -4 -22 -12  # REPEATED
-1 1 1 -1 -1 6 9 11 10 6 9 1  # REPEATED
-1 1 1 -1 -1 6 9 13 4 12 6 4  # REPEATED
-1 1 1 -1 -1 6 9 13 20 12 18 4  # REPEATED
-1 1 1 -1 -1 6 9 15 30 18 27 9  # REPEATED
-1 1 1 -1 -1 6 9 17 40 24 36 16  # REPEATED
-1 1 1 -1 -1 6 10 4 12 -24 -56 -32  # REPEATED
-1 1 1 -1 -1 6 10 5 13 -20 -48 -28  # REPEATED
-1 1 1 -1 -1 6 10 6 14 -16 -40 -24  # REPEATED
-1 1 1 -1 -1 6 10 7 15 -12 -32 -20  # REPEATED
-1 1 1 -1 -1 6 10 8 0 -6 -18 -9  # REPEATED
-1 1 1 -1 -1 6 10 8 16 -8 -24 -16  # REPEATED
-1 1 1 -1 -1 6 10 9 17 -4 -16 -12  # REPEATED
-1 1 1 -1 -1 6 10 11 19 4 0 -4  # REPEATED
-1 1 1 -1 -1 6 10 13 -3 12 4 4  # REPEATED
-1 1 1 -1 -1 6 10 13 21 12 16 4  # REPEATED
-1 1 1 -1 -1 6 10 14 22 16 24 8  # REPEATED
-1 1 1 -1 -1 6 10 15 23 20 32 12  # REPEATED
-1 1 1 -1 -1 6 10 16 24 24 40 16  # REPEATED
-1 1 1 -1 -1 6 10 17 25 28 48 20  # REPEATED
-1 1 1 -1 -1 6 10 18 26 32 56 24  # REPEATED
-1 1 1 -1 -1 6 11 1 -24 -24 -4 16  # REPEATED
-1 1 1 -1 -1 6 11 5 0 -24 -54 -36  # REPEATED
-1 1 1 -1 -1 6 11 13 -12 12 2 4  # REPEATED
-1 1 1 -1 -1 6 12 1 25 -12 -60 -8  # REPEATED
-1 1 1 -1 -1 6 12 2 26 -10 -52 -7  # REPEATED
-1 1 1 -1 -1 6 12 3 27 -8 -44 -6  # REPEATED
-1 1 1 -1 -1 6 12 4 -12 -30 -60 -45  # REPEATED
-1 1 1 -1 -1 6 12 4 4 -30 -60 -45  # REPEATED
-1 1 1 -1 -1 6 12 4 28 -6 -36 -5  # REPEATED
-1 1 1 -1 -1 6 12 5 -15 -24 -48 -36  # REPEATED
-1 1 1 -1 -1 6 12 5 5 -24 -48 -36  # REPEATED
-1 1 1 -1 -1 6 12 5 29 -4 -28 -4  # REPEATED
-1 1 1 -1 -1 6 12 6 -18 -18 -36 -27  # REPEATED
-1 1 1 -1 -1 6 12 6 6 -18 -36 -27  # REPEATED
-1 1 1 -1 -1 6 12 6 30 -2 -20 -3  # REPEATED
-1 1 1 -1 -1 6 12 7 -21 -12 -24 -18  # REPEATED
-1 1 1 -1 -1 6 12 7 7 -12 -24 -18  # REPEATED
-1 1 1 -1 -1 6 12 8 -24 -6 -12 -9  # REPEATED
-1 1 1 -1 -1 6 12 8 8 -6 -12 -9  # REPEATED
-1 1 1 -1 -1 6 12 8 32 2 -4 -1  # REPEATED
-1 1 1 -1 -1 6 12 10 -30 6 12 9  # REPEATED
-1 1 1 -1 -1 6 12 10 10 6 12 9  # REPEATED
-1 1 1 -1 -1 6 12 10 34 6 12 1  # REPEATED
-1 1 1 -1 -1 6 12 11 -33 12 24 18  # REPEATED
-1 1 1 -1 -1 6 12 11 11 12 24 18  # REPEATED
-1 1 1 -1 -1 6 12 11 35 8 20 2  # REPEATED
-1 1 1 -1 -1 6 12 12 -36 18 36 27  # REPEATED
-1 1 1 -1 -1 6 12 12 12 18 36 27  # REPEATED
-1 1 1 -1 -1 6 12 12 36 10 28 3  # REPEATED
-1 1 1 -1 -1 6 12 13 -39 24 48 36  # REPEATED
-1 1 1 -1 -1 6 12 13 -23 12 0 4  # REPEATED
-1 1 1 -1 -1 6 12 13 13 24 48 36  # REPEATED
-1 1 1 -1 -1 6 12 13 37 12 36 4  # REPEATED
-1 1 1 -1 -1 6 12 14 14 30 60 45  # REPEATED
-1 1 1 -1 -1 6 12 14 38 14 44 5  # REPEATED
-1 1 1 -1 -1 6 12 15 39 16 52 6  # REPEATED
-1 1 1 -1 -1 6 12 16 -40 24 48 16  # REPEATED
-1 1 1 -1 -1 6 12 16 -8 24 48 16  # REPEATED
-1 1 1 -1 -1 6 12 16 40 18 60 7  # REPEATED
-1 1 1 -1 -1 7 -4 -32 -12 39 60 -15  # REPEATED
-1 1 1 -1 -1 7 -4 -31 -15 37 56 -14  # REPEATED
-1 1 1 -1 -1 7 -4 -30 -18 35 52 -13  # REPEATED
-1 1 1 -1 -1 7 -4 -29 -21 33 48 -12  # REPEATED
-1 1 1 -1 -1 7 -4 -28 -24 31 44 -11  # REPEATED
-1 1 1 -1 -1 7 -4 -27 -27 29 40 -10  # REPEATED
-1 1 1 -1 -1 7 -4 -26 -30 27 36 -9  # REPEATED
-1 1 1 -1 -1 7 -4 -25 -33 25 32 -8  # REPEATED
-1 1 1 -1 -1 7 -4 -24 -36 23 28 -7  # REPEATED
-1 1 1 -1 -1 7 -4 -23 -39 21 24 -6  # REPEATED
-1 1 1 -1 -1 7 -2 -9 -27 -7 -16 8  # REPEATED
-1 1 1 -1 -1 7 -2 15 33 13 40 4  # REPEATED
-1 1 1 -1 -1 7 -2 18 -12 19 34 7  # REPEATED
-1 1 1 -1 -1 7 -1 -3 -27 -19 -35 14  # REPEATED
-1 1 1 -1 -1 7 0 1 -27 -27 -48 18  # REPEATED
-1 1 1 -1 -1 7 1 -3 15 -23 -35 -14  # REPEATED
-1 1 1 -1 -1 7 1 3 -27 -31 -55 20  # REPEATED
-1 1 1 -1 -1 7 2 3 -27 -31 -56 20  # REPEATED
-1 1 1 -1 -1 7 2 5 15 -7 -12 -6  # REPEATED
-1 1 1 -1 -1 7 3 1 -27 -27 -51 18  # REPEATED
-1 1 1 -1 -1 7 4 -3 -27 -19 -40 14  # REPEATED
-1 1 1 -1 -1 7 4 6 18 -28 -40 -40  # REPEATED
-1 1 1 -1 -1 7 4 7 39 -3 -16 -4  # REPEATED
-1 1 1 -1 -1 7 4 8 36 -1 -12 -3  # REPEATED
-1 1 1 -1 -1 7 4 9 33 1 -8 -2  # REPEATED
-1 1 1 -1 -1 7 4 10 30 3 -4 -1  # REPEATED
-1 1 1 -1 -1 7 4 12 24 7 4 1  # REPEATED
-1 1 1 -1 -1 7 4 13 21 9 8 2  # REPEATED
-1 1 1 -1 -1 7 4 14 18 11 12 3  # REPEATED
-1 1 1 -1 -1 7 4 15 15 13 16 4  # REPEATED
-1 1 1 -1 -1 7 4 16 12 15 20 5  # REPEATED
-1 1 1 -1 -1 7 4 17 9 17 24 6  # REPEATED
-1 1 1 -1 -1 7 4 18 6 19 28 7  # REPEATED
-1 1 1 -1 -1 7 4 19 3 21 32 8  # REPEATED
-1 1 1 -1 -1 7 4 20 0 23 36 9  # REPEATED
-1 1 1 -1 -1 7 4 21 -3 25 40 10  # REPEATED
-1 1 1 -1 -1 7 4 22 -6 27 44 11  # REPEATED
-1 1 1 -1 -1 7 4 23 -9 29 48 12  # REPEATED
-1 1 1 -1 -1 7 4 24 -12 31 52 13  # REPEATED
-1 1 1 -1 -1 7 4 25 -15 33 56 14  # REPEATED
-1 1 1 -1 -1 7 4 26 -18 35 60 15  # REPEATED
-1 1 1 -1 -1 7 5 -22 -40 19 29 -5  # REPEATED
-1 1 1 -1 -1 7 5 -21 -39 17 25 -4  # REPEATED
-1 1 1 -1 -1 7 5 -20 -38 15 21 -3  # REPEATED
-1 1 1 -1 -1 7 5 -19 -37 13 17 -2  # REPEATED
-1 1 1 -1 -1 7 5 -18 -36 11 13 -1  # REPEATED
-1 1 1 -1 -1 7 5 -16 -34 7 5 1  # REPEATED
-1 1 1 -1 -1 7 5 -15 -33 5 1 2  # REPEATED
-1 1 1 -1 -1 7 5 -14 -32 3 -3 3  # REPEATED
-1 1 1 -1 -1 7 5 -13 -31 1 -7 4  # REPEATED
-1 1 1 -1 -1 7 5 -12 -30 -1 -11 5  # REPEATED
-1 1 1 -1 -1 7 5 -11 -29 -3 -15 6  # REPEATED
-1 1 1 -1 -1 7 5 -10 -28 -5 -19 7  # REPEATED
-1 1 1 -1 -1 7 5 -9 -27 -7 -23 8  # REPEATED
-1 1 1 -1 -1 7 5 -8 -26 -9 -27 9  # REPEATED
-1 1 1 -1 -1 7 5 -7 -25 -11 -31 10  # REPEATED
-1 1 1 -1 -1 7 5 -6 -24 -13 -35 11  # REPEATED
-1 1 1 -1 -1 7 5 -5 -23 -15 -39 12  # REPEATED
-1 1 1 -1 -1 7 5 -4 -22 -17 -43 13  # REPEATED
-1 1 1 -1 -1 7 5 -3 -21 -19 -47 14  # REPEATED
-1 1 1 -1 -1 7 5 -2 -20 -21 -51 15  # REPEATED
-1 1 1 -1 -1 7 5 -1 -19 -23 -55 16  # REPEATED
-1 1 1 -1 -1 7 5 0 -18 -25 -59 17  # REPEATED
-1 1 1 -1 -1 7 5 12 18 -4 -8 -16  # REPEATED
-1 1 1 -1 -1 7 5 17 15 17 21 6  # REPEATED
-1 1 1 -1 -1 7 6 17 15 17 20 6  # REPEATED
-1 1 1 -1 -1 7 8 11 39 -8 -40 -20  # REPEATED
-1 1 1 -1 -1 7 8 12 36 -4 -32 -16  # REPEATED
-1 1 1 -1 -1 7 8 13 9 -3 0 -18  # REPEATED
-1 1 1 -1 -1 7 8 14 30 4 -16 -8  # REPEATED
-1 1 1 -1 -1 7 8 15 27 8 -8 -4  # REPEATED
-1 1 1 -1 -1 7 8 17 21 16 8 4  # REPEATED
-1 1 1 -1 -1 7 8 18 18 20 16 8  # REPEATED
-1 1 1 -1 -1 7 8 19 15 24 24 12  # REPEATED
-1 1 1 -1 -1 7 8 20 12 28 32 16  # REPEATED
-1 1 1 -1 -1 7 8 21 9 32 40 20  # REPEATED
-1 1 1 -1 -1 7 8 22 6 36 48 24  # REPEATED
-1 1 1 -1 -1 7 8 23 3 40 56 28  # REPEATED
-1 1 1 -1 -1 7 9 -5 5 -27 -59 -16  # REPEATED
-1 1 1 -1 -1 7 9 -4 6 -25 -55 -15  # REPEATED
-1 1 1 -1 -1 7 9 -3 7 -23 -51 -14  # REPEATED
-1 1 1 -1 -1 7 9 -2 8 -21 -47 -13  # REPEATED
-1 1 1 -1 -1 7 9 -1 9 -19 -43 -12  # REPEATED
-1 1 1 -1 -1 7 9 0 10 -17 -39 -11  # REPEATED
-1 1 1 -1 -1 7 9 1 11 -15 -35 -10  # REPEATED
-1 1 1 -1 -1 7 9 2 12 -13 -31 -9  # REPEATED
-1 1 1 -1 -1 7 9 3 13 -11 -27 -8  # REPEATED
-1 1 1 -1 -1 7 9 4 14 -9 -23 -7  # REPEATED
-1 1 1 -1 -1 7 9 5 15 -7 -19 -6  # REPEATED
-1 1 1 -1 -1 7 9 6 16 -5 -15 -5  # REPEATED
-1 1 1 -1 -1 7 9 7 17 -3 -11 -4  # REPEATED
-1 1 1 -1 -1 7 9 8 18 -1 -7 -3  # REPEATED
-1 1 1 -1 -1 7 9 9 19 1 -3 -2  # REPEATED
-1 1 1 -1 -1 7 9 10 20 3 1 -1  # REPEATED
-1 1 1 -1 -1 7 9 12 22 7 9 1  # REPEATED
-1 1 1 -1 -1 7 9 13 23 9 13 2  # REPEATED
-1 1 1 -1 -1 7 9 14 24 11 17 3  # REPEATED
-1 1 1 -1 -1 7 9 15 25 13 21 4  # REPEATED
-1 1 1 -1 -1 7 9 16 26 15 25 5  # REPEATED
-1 1 1 -1 -1 7 9 17 27 17 29 6  # REPEATED
-1 1 1 -1 -1 7 9 18 28 19 33 7  # REPEATED
-1 1 1 -1 -1 7 9 19 29 21 37 8  # REPEATED
-1 1 1 -1 -1 7 9 20 30 23 41 9  # REPEATED
-1 1 1 -1 -1 7 9 21 31 25 45 10  # REPEATED
-1 1 1 -1 -1 7 9 22 32 27 49 11  # REPEATED
-1 1 1 -1 -1 7 9 23 33 29 53 12  # REPEATED
-1 1 1 -1 -1 7 9 24 34 31 57 13  # REPEATED
-1 1 1 -1 -1 7 10 -3 15 -23 -44 -14  # REPEATED
-1 1 1 -1 -1 7 10 6 -12 -32 -8 -32  # REPEATED
-1 1 1 -1 -1 7 10 12 18 -4 -28 -16  # REPEATED
-1 1 1 -1 -1 7 11 7 19 -24 -60 -36  # REPEATED
-1 1 1 -1 -1 7 11 8 20 -20 -52 -32  # REPEATED
-1 1 1 -1 -1 7 11 9 21 -16 -44 -28  # REPEATED
-1 1 1 -1 -1 7 11 10 22 -12 -36 -24  # REPEATED
-1 1 1 -1 -1 7 11 11 23 -8 -28 -20  # REPEATED
-1 1 1 -1 -1 7 11 12 24 -4 -20 -16  # REPEATED
-1 1 1 -1 -1 7 11 13 9 -3 -27 -18  # REPEATED
-1 1 1 -1 -1 7 11 14 26 4 -4 -8  # REPEATED
-1 1 1 -1 -1 7 11 15 27 8 4 -4  # REPEATED
-1 1 1 -1 -1 7 11 17 29 16 20 4  # REPEATED
-1 1 1 -1 -1 7 11 18 30 20 28 8  # REPEATED
-1 1 1 -1 -1 7 11 19 31 24 36 12  # REPEATED
-1 1 1 -1 -1 7 11 20 32 28 44 16  # REPEATED
-1 1 1 -1 -1 7 11 21 33 32 52 20  # REPEATED
-1 1 1 -1 -1 7 11 22 34 36 60 24  # REPEATED
-1 1 1 -1 -1 7 12 10 6 -21 -60 -45  # REPEATED
-1 1 1 -1 -1 7 12 11 3 -15 -48 -36  # REPEATED
-1 1 1 -1 -1 7 12 12 0 -9 -36 -27  # REPEATED
-1 1 1 -1 -1 7 12 13 -3 -3 -24 -18  # REPEATED
-1 1 1 -1 -1 7 12 14 -6 3 -12 -9  # REPEATED
-1 1 1 -1 -1 7 12 16 -12 15 12 9  # REPEATED
-1 1 1 -1 -1 7 12 17 -15 21 24 18  # REPEATED
-1 1 1 -1 -1 7 12 18 -18 27 36 27  # REPEATED
-1 1 1 -1 -1 7 12 19 -21 33 48 36  # REPEATED
-1 1 1 -1 -1 7 12 20 -24 39 60 45  # REPEATED
-1 1 1 -1 -1 7 12 20 16 28 48 16  # REPEATED
-1 1 1 -1 -1 8 -4 -34 -18 40 60 -15  # REPEATED
-1 1 1 -1 -1 8 -4 -33 -21 38 56 -14  # REPEATED
-1 1 1 -1 -1 8 -4 -32 -24 36 52 -13  # REPEATED
-1 1 1 -1 -1 8 -4 -31 -27 34 48 -12  # REPEATED
-1 1 1 -1 -1 8 -4 -30 -30 32 44 -11  # REPEATED
-1 1 1 -1 -1 8 -4 -29 -33 30 40 -10  # REPEATED
-1 1 1 -1 -1 8 -4 -28 -36 28 36 -9  # REPEATED
-1 1 1 -1 -1 8 -4 -27 -39 26 32 -8  # REPEATED
-1 1 1 -1 -1 8 -3 15 40 -4 -18 -20  # REPEATED
-1 1 1 -1 -1 8 -2 -10 -30 -8 -18 9  # REPEATED
-1 1 1 -1 -1 8 -1 -3 -30 -22 -40 16  # REPEATED
-1 1 1 -1 -1 8 0 2 -30 -32 -56 21  # REPEATED
-1 1 1 -1 -1 8 1 -3 18 -26 -40 -16  # REPEATED
-1 1 1 -1 -1 8 2 6 18 -8 -14 -7  # REPEATED
-1 1 1 -1 -1 8 2 22 -14 24 42 9  # REPEATED
-1 1 1 -1 -1 8 4 2 -30 -32 -60 21  # REPEATED
-1 1 1 -1 -1 8 4 8 24 -32 -48 -48  # REPEATED
-1 1 1 -1 -1 8 4 11 39 2 -8 -2  # REPEATED
-1 1 1 -1 -1 8 4 12 36 4 -4 -1  # REPEATED
-1 1 1 -1 -1 8 4 14 30 8 4 1  # REPEATED
-1 1 1 -1 -1 8 4 15 27 10 8 2  # REPEATED
-1 1 1 -1 -1 8 4 16 24 12 12 3  # REPEATED
-1 1 1 -1 -1 8 4 17 21 14 16 4  # REPEATED
-1 1 1 -1 -1 8 4 18 18 16 20 5  # REPEATED
-1 1 1 -1 -1 8 4 19 15 18 24 6  # REPEATED
-1 1 1 -1 -1 8 4 20 12 20 28 7  # REPEATED
-1 1 1 -1 -1 8 4 21 9 22 32 8  # REPEATED
-1 1 1 -1 -1 8 4 22 6 24 36 9  # REPEATED
-1 1 1 -1 -1 8 4 23 3 26 40 10  # REPEATED
-1 1 1 -1 -1 8 4 24 0 28 44 11  # REPEATED
-1 1 1 -1 -1 8 4 25 -3 30 48 12  # REPEATED
-1 1 1 -1 -1 8 4 26 -6 32 52 13  # REPEATED
-1 1 1 -1 -1 8 4 27 -9 34 56 14  # REPEATED
-1 1 1 -1 -1 8 4 28 -12 36 60 15  # REPEATED
-1 1 1 -1 -1 8 5 -3 -30 -22 -46 16  # REPEATED
-1 1 1 -1 -1 8 5 15 24 -4 -10 -20  # REPEATED
-1 1 1 -1 -1 8 5 21 18 22 28 8  # REPEATED
-1 1 1 -1 -1 8 6 -20 -40 12 14 -1  # REPEATED
-1 1 1 -1 -1 8 6 -18 -38 8 6 1  # REPEATED
-1 1 1 -1 -1 8 6 -17 -37 6 2 2  # REPEATED
-1 1 1 -1 -1 8 6 -16 -36 4 -2 3  # REPEATED
-1 1 1 -1 -1 8 6 -15 -35 2 -6 4  # REPEATED
-1 1 1 -1 -1 8 6 -13 -33 -2 -14 6  # REPEATED
-1 1 1 -1 -1 8 6 -12 -32 -4 -18 7  # REPEATED
-1 1 1 -1 -1 8 6 -11 -31 -6 -22 8  # REPEATED
-1 1 1 -1 -1 8 6 -10 -30 -8 -26 9  # REPEATED
-1 1 1 -1 -1 8 6 -9 -29 -10 -30 10  # REPEATED
-1 1 1 -1 -1 8 6 -8 -28 -12 -34 11  # REPEATED
-1 1 1 -1 -1 8 6 -7 -27 -14 -38 12  # REPEATED
-1 1 1 -1 -1 8 6 -6 -26 -16 -42 13  # REPEATED
-1 1 1 -1 -1 8 6 -5 -25 -18 -46 14  # REPEATED
-1 1 1 -1 -1 8 6 -4 -24 -20 -50 15  # REPEATED
-1 1 1 -1 -1 8 6 -3 -23 -22 -54 16  # REPEATED
-1 1 1 -1 -1 8 6 -2 -22 -24 -58 17  # REPEATED
-1 1 1 -1 -1 8 6 22 18 24 30 9  # REPEATED
-1 1 1 -1 -1 8 7 13 18 -30 -36 -72  # REPEATED
-1 1 1 -1 -1 8 7 21 18 22 26 8  # REPEATED
-1 1 1 -1 -1 8 7 23 24 28 30 12  # REPEATED
-1 1 1 -1 -1 8 8 19 39 12 -8 -4  # REPEATED
-1 1 1 -1 -1 8 8 21 33 20 8 4  # REPEATED
-1 1 1 -1 -1 8 8 22 30 24 16 8  # REPEATED
-1 1 1 -1 -1 8 8 23 27 28 24 12  # REPEATED
-1 1 1 -1 -1 8 8 25 21 36 40 20  # REPEATED
-1 1 1 -1 -1 8 8 26 18 40 48 24  # REPEATED
-1 1 1 -1 -1 8 8 27 15 44 56 28  # REPEATED
-1 1 1 -1 -1 8 9 23 24 28 22 12  # REPEATED
-1 1 1 -1 -1 8 10 -3 9 -26 -58 -16  # REPEATED
-1 1 1 -1 -1 8 10 -2 10 -24 -54 -15  # REPEATED
-1 1 1 -1 -1 8 10 -1 11 -22 -50 -14  # REPEATED
-1 1 1 -1 -1 8 10 0 12 -20 -46 -13  # REPEATED
-1 1 1 -1 -1 8 10 1 13 -18 -42 -12  # REPEATED
-1 1 1 -1 -1 8 10 2 14 -16 -38 -11  # REPEATED
-1 1 1 -1 -1 8 10 3 15 -14 -34 -10  # REPEATED
-1 1 1 -1 -1 8 10 4 16 -12 -30 -9  # REPEATED
-1 1 1 -1 -1 8 10 5 17 -10 -26 -8  # REPEATED
-1 1 1 -1 -1 8 10 6 18 -8 -22 -7  # REPEATED
-1 1 1 -1 -1 8 10 7 19 -6 -18 -6  # REPEATED
-1 1 1 -1 -1 8 10 8 20 -4 -14 -5  # REPEATED
-1 1 1 -1 -1 8 10 9 21 -2 -10 -4  # REPEATED
-1 1 1 -1 -1 8 10 11 23 2 -2 -2  # REPEATED
-1 1 1 -1 -1 8 10 12 0 -32 -16 -64  # REPEATED
-1 1 1 -1 -1 8 10 12 24 4 2 -1  # REPEATED
-1 1 1 -1 -1 8 10 14 26 8 10 1  # REPEATED
-1 1 1 -1 -1 8 10 15 27 10 14 2  # REPEATED
-1 1 1 -1 -1 8 10 16 28 12 18 3  # REPEATED
-1 1 1 -1 -1 8 10 17 29 14 22 4  # REPEATED
-1 1 1 -1 -1 8 10 18 30 16 26 5  # REPEATED
-1 1 1 -1 -1 8 10 19 31 18 30 6  # REPEATED
-1 1 1 -1 -1 8 10 20 32 20 34 7  # REPEATED
-1 1 1 -1 -1 8 10 21 33 22 38 8  # REPEATED
-1 1 1 -1 -1 8 10 22 18 24 18 9  # REPEATED
-1 1 1 -1 -1 8 10 22 34 24 42 9  # REPEATED
-1 1 1 -1 -1 8 10 23 35 26 46 10  # REPEATED
-1 1 1 -1 -1 8 10 24 36 28 50 11  # REPEATED
-1 1 1 -1 -1 8 10 25 37 30 54 12  # REPEATED
-1 1 1 -1 -1 8 10 26 38 32 58 13  # REPEATED
-1 1 1 -1 -1 8 11 -3 18 -26 -50 -16  # REPEATED
-1 1 1 -1 -1 8 11 15 0 -8 4 -16  # REPEATED
-1 1 1 -1 -1 8 11 15 24 -4 -34 -20  # REPEATED
-1 1 1 -1 -1 8 12 2 -30 -80 -20 -75  # REPEATED
-1 1 1 -1 -1 8 12 8 -40 -32 -48 16  # REPEATED
-1 1 1 -1 -1 8 12 10 -30 -24 -36 9  # REPEATED
-1 1 1 -1 -1 8 12 11 27 -20 -56 -36  # REPEATED
-1 1 1 -1 -1 8 12 12 -20 -16 -24 4  # REPEATED
-1 1 1 -1 -1 8 12 12 28 -16 -48 -32  # REPEATED
-1 1 1 -1 -1 8 12 13 29 -12 -40 -28  # REPEATED
-1 1 1 -1 -1 8 12 14 -10 -8 -12 1  # REPEATED
-1 1 1 -1 -1 8 12 14 30 -8 -32 -24  # REPEATED
-1 1 1 -1 -1 8 12 15 31 -4 -24 -20  # REPEATED
-1 1 1 -1 -1 8 12 16 24 -12 -60 -45  # REPEATED
-1 1 1 -1 -1 8 12 17 21 -6 -48 -36  # REPEATED
-1 1 1 -1 -1 8 12 17 33 4 -8 -12  # REPEATED
-1 1 1 -1 -1 8 12 18 10 8 12 1  # REPEATED
-1 1 1 -1 -1 8 12 18 34 8 0 -8  # REPEATED
-1 1 1 -1 -1 8 12 19 15 6 -24 -18  # REPEATED
-1 1 1 -1 -1 8 12 19 35 12 8 -4  # REPEATED
-1 1 1 -1 -1 8 12 20 12 12 -12 -9  # REPEATED
-1 1 1 -1 -1 8 12 20 20 16 24 4  # REPEATED
-1 1 1 -1 -1 8 12 21 37 20 24 4  # REPEATED
-1 1 1 -1 -1 8 12 22 6 24 12 9  # REPEATED
-1 1 1 -1 -1 8 12 22 30 24 36 9  # REPEATED
-1 1 1 -1 -1 8 12 22 38 24 32 8  # REPEATED
-1 1 1 -1 -1 8 12 23 3 30 24 18  # REPEATED
-1 1 1 -1 -1 8 12 23 39 28 40 12  # REPEATED
-1 1 1 -1 -1 8 12 24 0 36 36 27  # REPEATED
-1 1 1 -1 -1 8 12 24 40 32 48 16  # REPEATED
-1 1 1 -1 -1 8 12 25 -3 42 48 36  # REPEATED
-1 1 1 -1 -1 8 12 26 -6 48 60 45  # REPEATED
-1 1 1 -1 -1 9 -4 -36 -24 41 60 -15  # REPEATED
-1 1 1 -1 -1 9 -4 -35 -27 39 56 -14  # REPEATED
-1 1 1 -1 -1 9 -4 -34 -30 37 52 -13  # REPEATED
-1 1 1 -1 -1 9 -4 -33 -33 35 48 -12  # REPEATED
-1 1 1 -1 -1 9 -4 -32 -36 33 44 -11  # REPEATED
-1 1 1 -1 -1 9 -4 -31 -39 31 40 -10  # REPEATED
-1 1 1 -1 -1 9 -2 -11 -33 -9 -20 10  # REPEATED
-1 1 1 -1 -1 9 -1 -3 -33 -25 -45 18  # REPEATED
-1 1 1 -1 -1 9 1 -3 21 -29 -45 -18  # REPEATED
-1 1 1 -1 -1 9 2 7 21 -9 -16 -8  # REPEATED
-1 1 1 -1 -1 9 4 10 30 -36 -56 -56  # REPEATED
-1 1 1 -1 -1 9 4 16 36 9 4 1  # REPEATED
-1 1 1 -1 -1 9 4 17 33 11 8 2  # REPEATED
-1 1 1 -1 -1 9 4 18 30 13 12 3  # REPEATED
-1 1 1 -1 -1 9 4 19 27 15 16 4  # REPEATED
-1 1 1 -1 -1 9 4 20 24 17 20 5  # REPEATED
-1 1 1 -1 -1 9 4 21 21 19 24 6  # REPEATED
-1 1 1 -1 -1 9 4 22 18 21 28 7  # REPEATED
-1 1 1 -1 -1 9 4 23 15 23 32 8  # REPEATED
-1 1 1 -1 -1 9 4 24 12 25 36 9  # REPEATED
-1 1 1 -1 -1 9 4 25 9 27 40 10  # REPEATED
-1 1 1 -1 -1 9 4 26 6 29 44 11  # REPEATED
-1 1 1 -1 -1 9 4 27 3 31 48 12  # REPEATED
-1 1 1 -1 -1 9 4 28 0 33 52 13  # REPEATED
-1 1 1 -1 -1 9 4 29 -3 35 56 14  # REPEATED
-1 1 1 -1 -1 9 4 30 -6 37 60 15  # REPEATED
-1 1 1 -1 -1 9 5 18 30 -4 -12 -24  # REPEATED
-1 1 1 -1 -1 9 5 25 21 27 35 10  # REPEATED
-1 1 1 -1 -1 9 6 -3 -33 -25 -52 18  # REPEATED
-1 1 1 -1 -1 9 6 27 21 31 40 12  # REPEATED
-1 1 1 -1 -1 9 7 -18 -40 5 -1 3  # REPEATED
-1 1 1 -1 -1 9 7 -17 -39 3 -5 4  # REPEATED
-1 1 1 -1 -1 9 7 -16 -38 1 -9 5  # REPEATED
-1 1 1 -1 -1 9 7 -15 -37 -1 -13 6  # REPEATED
-1 1 1 -1 -1 9 7 -14 -36 -3 -17 7  # REPEATED
-1 1 1 -1 -1 9 7 -13 -35 -5 -21 8  # REPEATED
-1 1 1 -1 -1 9 7 -12 -34 -7 -25 9  # REPEATED
-1 1 1 -1 -1 9 7 -11 -33 -9 -29 10  # REPEATED
-1 1 1 -1 -1 9 7 -10 -32 -11 -33 11  # REPEATED
-1 1 1 -1 -1 9 7 -9 -31 -13 -37 12  # REPEATED
-1 1 1 -1 -1 9 7 -8 -30 -15 -41 13  # REPEATED
-1 1 1 -1 -1 9 7 -7 -29 -17 -45 14  # REPEATED
-1 1 1 -1 -1 9 7 -6 -28 -19 -49 15  # REPEATED
-1 1 1 -1 -1 9 7 -5 -27 -21 -53 16  # REPEATED
-1 1 1 -1 -1 9 7 -4 -26 -23 -57 17  # REPEATED
-1 1 1 -1 -1 9 7 -3 15 -29 -57 -18  # REPEATED
-1 1 1 -1 -1 9 7 17 27 -33 -45 -90  # REPEATED
-1 1 1 -1 -1 9 7 27 21 31 39 12  # REPEATED
-1 1 1 -1 -1 9 7 28 30 36 40 16  # REPEATED
-1 1 1 -1 -1 9 8 23 27 3 0 -36  # REPEATED
-1 1 1 -1 -1 9 8 25 21 27 32 10  # REPEATED
-1 1 1 -1 -1 9 8 27 39 32 24 12  # REPEATED
-1 1 1 -1 -1 9 8 28 36 36 32 16  # REPEATED
-1 1 1 -1 -1 9 8 29 33 40 40 20  # REPEATED
-1 1 1 -1 -1 9 8 30 30 44 48 24  # REPEATED
-1 1 1 -1 -1 9 8 31 27 48 56 28  # REPEATED
-1 1 1 -1 -1 9 10 28 30 36 28 16  # REPEATED
-1 1 1 -1 -1 9 10 29 27 39 36 18  # REPEATED
-1 1 1 -1 -1 9 11 -1 13 -25 -57 -16  # REPEATED
-1 1 1 -1 -1 9 11 0 14 -23 -53 -15  # REPEATED
-1 1 1 -1 -1 9 11 1 15 -21 -49 -14  # REPEATED
-1 1 1 -1 -1 9 11 2 16 -19 -45 -13  # REPEATED
-1 1 1 -1 -1 9 11 3 17 -17 -41 -12  # REPEATED
-1 1 1 -1 -1 9 11 4 18 -15 -37 -11  # REPEATED
-1 1 1 -1 -1 9 11 5 19 -13 -33 -10  # REPEATED
-1 1 1 -1 -1 9 11 6 20 -11 -29 -9  # REPEATED
-1 1 1 -1 -1 9 11 7 21 -9 -25 -8  # REPEATED
-1 1 1 -1 -1 9 11 8 22 -7 -21 -7  # REPEATED
-1 1 1 -1 -1 9 11 9 23 -5 -17 -6  # REPEATED
-1 1 1 -1 -1 9 11 10 24 -3 -13 -5  # REPEATED
-1 1 1 -1 -1 9 11 11 25 -1 -9 -4  # REPEATED
-1 1 1 -1 -1 9 11 12 26 1 -5 -3  # REPEATED
-1 1 1 -1 -1 9 11 13 27 3 -1 -2  # REPEATED
-1 1 1 -1 -1 9 11 14 28 5 3 -1  # REPEATED
-1 1 1 -1 -1 9 11 16 30 9 11 1  # REPEATED
-1 1 1 -1 -1 9 11 17 31 11 15 2  # REPEATED
-1 1 1 -1 -1 9 11 18 32 13 19 3  # REPEATED
-1 1 1 -1 -1 9 11 19 33 15 23 4  # REPEATED
-1 1 1 -1 -1 9 11 20 34 17 27 5  # REPEATED
-1 1 1 -1 -1 9 11 21 35 19 31 6  # REPEATED
-1 1 1 -1 -1 9 11 22 36 21 35 7  # REPEATED
-1 1 1 -1 -1 9 11 23 37 23 39 8  # REPEATED
-1 1 1 -1 -1 9 11 24 38 25 43 9  # REPEATED
-1 1 1 -1 -1 9 11 25 39 27 47 10  # REPEATED
-1 1 1 -1 -1 9 11 26 40 29 51 11  # REPEATED
-1 1 1 -1 -1 9 11 29 27 39 27 18  # REPEATED
-1 1 1 -1 -1 9 12 -3 21 -29 -56 -18  # REPEATED
-1 1 1 -1 -1 9 12 18 30 -4 -40 -24  # REPEATED
-1 1 1 -1 -1 9 12 23 39 3 -48 -36  # REPEATED
-1 1 1 -1 -1 9 12 24 36 9 -36 -27  # REPEATED
-1 1 1 -1 -1 9 12 25 33 15 -24 -18  # REPEATED
-1 1 1 -1 -1 9 12 26 30 21 -12 -9  # REPEATED
-1 1 1 -1 -1 9 12 28 24 33 12 9  # REPEATED
-1 1 1 -1 -1 9 12 29 21 39 24 18  # REPEATED
-1 1 1 -1 -1 9 12 30 18 45 36 27  # REPEATED
-1 1 1 -1 -1 9 12 31 15 51 48 36  # REPEATED
-1 1 1 -1 -1 9 12 32 12 57 60 45  # REPEATED
-1 1 1 -1 -1 10 -4 -38 -30 42 60 -15  # REPEATED
-1 1 1 -1 -1 10 -4 -37 -33 40 56 -14  # REPEATED
-1 1 1 -1 -1 10 -4 -36 -36 38 52 -13  # REPEATED
-1 1 1 -1 -1 10 -4 -35 -39 36 48 -12  # REPEATED
-1 1 1 -1 -1 10 -2 -12 -36 -10 -22 11  # REPEATED
-1 1 1 -1 -1 10 -1 -3 -36 -28 -50 20  # REPEATED
-1 1 1 -1 -1 10 -1 33 36 44 58 20  # REPEATED
-1 1 1 -1 -1 10 1 -3 24 -32 -50 -20  # REPEATED
-1 1 1 -1 -1 10 2 8 24 -10 -18 -9  # REPEATED
-1 1 1 -1 -1 10 4 19 39 12 8 2  # REPEATED
-1 1 1 -1 -1 10 4 20 36 14 12 3  # REPEATED
-1 1 1 -1 -1 10 4 21 33 16 16 4  # REPEATED
-1 1 1 -1 -1 10 4 22 30 18 20 5  # REPEATED
-1 1 1 -1 -1 10 4 23 27 20 24 6  # REPEATED
-1 1 1 -1 -1 10 4 24 24 22 28 7  # REPEATED
-1 1 1 -1 -1 10 4 25 21 24 32 8  # REPEATED
-1 1 1 -1 -1 10 4 26 18 26 36 9  # REPEATED
-1 1 1 -1 -1 10 4 27 15 28 40 10  # REPEATED
-1 1 1 -1 -1 10 4 28 12 30 44 11  # REPEATED
-1 1 1 -1 -1 10 4 29 9 32 48 12  # REPEATED
-1 1 1 -1 -1 10 4 30 6 34 52 13  # REPEATED
-1 1 1 -1 -1 10 4 31 3 36 56 14  # REPEATED
-1 1 1 -1 -1 10 4 32 0 38 60 15  # REPEATED
-1 1 1 -1 -1 10 5 21 36 -4 -14 -28  # REPEATED
-1 1 1 -1 -1 10 5 29 24 32 42 12  # REPEATED
-1 1 1 -1 -1 10 6 32 24 38 50 15  # REPEATED
-1 1 1 -1 -1 10 7 -3 -36 -28 -58 20  # REPEATED
-1 1 1 -1 -1 10 7 33 24 40 52 16  # REPEATED
-1 1 1 -1 -1 10 7 33 36 44 50 20  # REPEATED
-1 1 1 -1 -1 10 8 -16 -40 -2 -16 7  # REPEATED
-1 1 1 -1 -1 10 8 -15 -39 -4 -20 8  # REPEATED
-1 1 1 -1 -1 10 8 -14 -38 -6 -24 9  # REPEATED
-1 1 1 -1 -1 10 8 -13 -37 -8 -28 10  # REPEATED
-1 1 1 -1 -1 10 8 -12 -36 -10 -32 11  # REPEATED
-1 1 1 -1 -1 10 8 -11 -35 -12 -36 12  # REPEATED
-1 1 1 -1 -1 10 8 -10 -34 -14 -40 13  # REPEATED
-1 1 1 -1 -1 10 8 -9 -33 -16 -44 14  # REPEATED
-1 1 1 -1 -1 10 8 -8 -32 -18 -48 15  # REPEATED
-1 1 1 -1 -1 10 8 -7 -31 -20 -52 16  # REPEATED
-1 1 1 -1 -1 10 8 -6 -30 -22 -56 17  # REPEATED
-1 1 1 -1 -1 10 8 -5 -29 -24 -60 18  # REPEATED
-1 1 1 -1 -1 10 8 8 24 -10 -24 -9  # REPEATED
-1 1 1 -1 -1 10 8 28 36 6 0 -45  # REPEATED
-1 1 1 -1 -1 10 8 32 24 38 48 15  # REPEATED
-1 1 1 -1 -1 10 8 35 39 52 56 28  # REPEATED
-1 1 1 -1 -1 10 9 29 24 32 38 12  # REPEATED
-1 1 1 -1 -1 10 11 29 24 8 12 -48  # REPEATED
-1 1 1 -1 -1 10 11 33 36 44 34 20  # REPEATED
-1 1 1 -1 -1 10 11 37 36 60 54 36  # REPEATED
-1 1 1 -1 -1 10 12 0 16 -26 -60 -17  # REPEATED
-1 1 1 -1 -1 10 12 1 17 -24 -56 -16  # REPEATED
-1 1 1 -1 -1 10 12 2 18 -22 -52 -15  # REPEATED
-1 1 1 -1 -1 10 12 3 19 -20 -48 -14  # REPEATED
-1 1 1 -1 -1 10 12 4 20 -18 -44 -13  # REPEATED
-1 1 1 -1 -1 10 12 5 21 -16 -40 -12  # REPEATED
-1 1 1 -1 -1 10 12 6 22 -14 -36 -11  # REPEATED
-1 1 1 -1 -1 10 12 7 23 -12 -32 -10  # REPEATED
-1 1 1 -1 -1 10 12 8 24 -10 -28 -9  # REPEATED
-1 1 1 -1 -1 10 12 9 25 -8 -24 -8  # REPEATED
-1 1 1 -1 -1 10 12 10 26 -6 -20 -7  # REPEATED
-1 1 1 -1 -1 10 12 11 27 -4 -16 -6  # REPEATED
-1 1 1 -1 -1 10 12 12 28 -2 -12 -5  # REPEATED
-1 1 1 -1 -1 10 12 14 30 2 -4 -3  # REPEATED
-1 1 1 -1 -1 10 12 15 31 4 0 -2  # REPEATED
-1 1 1 -1 -1 10 12 16 32 6 4 -1  # REPEATED
-1 1 1 -1 -1 10 12 18 34 10 12 1  # REPEATED
-1 1 1 -1 -1 10 12 19 35 12 16 2  # REPEATED
-1 1 1 -1 -1 10 12 20 36 14 20 3  # REPEATED
-1 1 1 -1 -1 10 12 21 37 16 24 4  # REPEATED
-1 1 1 -1 -1 10 12 22 38 18 28 5  # REPEATED
-1 1 1 -1 -1 10 12 23 39 20 32 6  # REPEATED
-1 1 1 -1 -1 10 12 24 40 22 36 7  # REPEATED
-1 1 1 -1 -1 10 12 31 15 30 36 9  # REPEATED
-1 1 1 -1 -1 10 12 35 39 48 24 18  # REPEATED
-1 1 1 -1 -1 10 12 36 36 54 36 27  # REPEATED
-1 1 1 -1 -1 10 12 37 33 60 48 36  # REPEATED
-1 1 1 -1 -1 10 12 38 30 66 60 45  # REPEATED
-1 1 1 -1 -1 11 -4 -40 -36 43 60 -15  # REPEATED
-1 1 1 -1 -1 11 -4 -39 -39 41 56 -14  # REPEATED
-1 1 1 -1 -1 11 -2 -13 -39 -11 -24 12  # REPEATED
-1 1 1 -1 -1 11 -1 -3 -39 -31 -55 22  # REPEATED
-1 1 1 -1 -1 11 1 -3 27 -35 -55 -22  # REPEATED
-1 1 1 -1 -1 11 2 9 27 -11 -20 -10  # REPEATED
-1 1 1 -1 -1 11 4 23 39 17 16 4  # REPEATED
-1 1 1 -1 -1 11 4 24 36 19 20 5  # REPEATED
-1 1 1 -1 -1 11 4 25 33 21 24 6  # REPEATED
-1 1 1 -1 -1 11 4 26 30 23 28 7  # REPEATED
-1 1 1 -1 -1 11 4 27 27 25 32 8  # REPEATED
-1 1 1 -1 -1 11 4 28 24 27 36 9  # REPEATED
-1 1 1 -1 -1 11 4 29 21 29 40 10  # REPEATED
-1 1 1 -1 -1 11 4 30 18 31 44 11  # REPEATED
-1 1 1 -1 -1 11 4 31 15 33 48 12  # REPEATED
-1 1 1 -1 -1 11 4 32 12 35 52 13  # REPEATED
-1 1 1 -1 -1 11 4 33 9 37 56 14  # REPEATED
-1 1 1 -1 -1 11 4 34 6 39 60 15  # REPEATED
-1 1 1 -1 -1 11 5 33 27 37 49 14  # REPEATED
-1 1 1 -1 -1 11 6 37 27 45 60 18  # REPEATED
-1 1 1 -1 -1 11 9 -14 -40 -9 -31 11  # REPEATED
-1 1 1 -1 -1 11 9 -13 -39 -11 -35 12  # REPEATED
-1 1 1 -1 -1 11 9 -12 -38 -13 -39 13  # REPEATED
-1 1 1 -1 -1 11 9 -11 -37 -15 -43 14  # REPEATED
-1 1 1 -1 -1 11 9 -10 -36 -17 -47 15  # REPEATED
-1 1 1 -1 -1 11 9 -9 -35 -19 -51 16  # REPEATED
-1 1 1 -1 -1 11 9 -8 -34 -21 -55 17  # REPEATED
-1 1 1 -1 -1 11 9 -7 -33 -23 -59 18  # REPEATED
-1 1 1 -1 -1 11 9 37 27 45 57 18  # REPEATED
-1 1 1 -1 -1 11 10 33 27 37 44 14  # REPEATED
-1 1 1 -1 -1 12 1 -3 30 -38 -60 -24  # REPEATED
-1 1 1 -1 -1 12 2 10 30 -12 -22 -11  # REPEATED
-1 1 1 -1 -1 12 4 27 39 22 24 6  # REPEATED
-1 1 1 -1 -1 12 4 28 36 24 28 7  # REPEATED
-1 1 1 -1 -1 12 4 29 33 26 32 8  # REPEATED
-1 1 1 -1 -1 12 4 30 30 28 36 9  # REPEATED
-1 1 1 -1 -1 12 4 31 27 30 40 10  # REPEATED
-1 1 1 -1 -1 12 4 32 24 32 44 11  # REPEATED
-1 1 1 -1 -1 12 4 33 21 34 48 12  # REPEATED
-1 1 1 -1 -1 12 4 34 18 36 52 13  # REPEATED
-1 1 1 -1 -1 12 4 35 15 38 56 14  # REPEATED
-1 1 1 -1 -1 12 4 36 12 40 60 15  # REPEATED
-1 1 1 -1 -1 12 5 37 30 42 56 16  # REPEATED
-1 1 1 -1 -1 12 10 -12 -40 -16 -46 15  # REPEATED
-1 1 1 -1 -1 12 10 -11 -39 -18 -50 16  # REPEATED
-1 1 1 -1 -1 12 10 -10 -38 -20 -54 17  # REPEATED
-1 1 1 -1 -1 12 10 -9 -37 -22 -58 18  # REPEATED
-1 1 1 -1 -1 12 11 37 30 42 50 16  # REPEATED
-1 1 1 -1 -1 13 2 11 33 -13 -24 -12  # REPEATED
-1 1 1 -1 -1 13 4 31 39 27 32 8  # REPEATED
-1 1 1 -1 -1 13 4 32 36 29 36 9  # REPEATED
-1 1 1 -1 -1 13 4 33 33 31 40 10  # REPEATED
-1 1 1 -1 -1 13 4 34 30 33 44 11  # REPEATED
-1 1 1 -1 -1 13 4 35 27 35 48 12  # REPEATED
-1 1 1 -1 -1 13 4 36 24 37 52 13  # REPEATED
-1 1 1 -1 -1 13 4 37 21 39 56 14  # REPEATED
-1 1 1 -1 -1 13 4 38 18 41 60 15  # REPEATED
-1 1 1 -1 -1 13 12 41 33 47 56 18  # REPEATED
-1 1 1 -1 -1 14 2 12 36 -14 -26 -13  # REPEATED
-1 1 1 -1 -1 14 4 35 39 32 40 10  # REPEATED
-1 1 1 -1 -1 14 4 36 36 34 44 11  # REPEATED
-1 1 1 -1 -1 14 4 37 33 36 48 12  # REPEATED
-1 1 1 -1 -1 14 4 38 30 38 52 13  # REPEATED
-1 1 1 -1 -1 14 4 39 27 40 56 14  # REPEATED
-1 1 1 -1 -1 14 4 40 24 42 60 15  # REPEATED
-1 1 1 -1 -1 15 2 13 39 -15 -28 -14  # REPEATED
-1 1 1 -1 -1 15 4 39 39 37 48 12  # REPEATED
-1 1 1 -1 -1 15 4 40 36 39 52 13  # REPEATED
-1 1 1 -1 -1 15 4 41 33 41 56 14  # REPEATED
-1 1 1 -1 -1 15 4 42 30 43 60 15  # REPEATED
-1 1 1 -1 -1 16 4 43 39 42 56 14  # REPEATED
-1 1 1 -1 -1 16 4 44 36 44 60 15  # REPEATED
