1
0
0
4
-12
48
-156
552
-1884
6640
-23376
83568
-300428
1089936
-3977640
14607648
-53914572
199932192
-744433488
2782184112
-10432466496
39237568704
-147981917520
559507878432
-2120330379276
8052336276192
-30640142539728
116801348128816
-446002449044760
1705724644188384
-6533077351822400
25056658010013216
-96225021941046828
369980493770620032
-1424180138038204128
5488052753833442448
-21169625518547552576
81738371881660905600
-315889301868655671312
1221855549757073688736
-4730011652989015743168
18325029878446705103808
-71047904319494756842176
275655732974464452713856
-1070232289907456072357712
4157874184102048724677056
-16163475951163861776247200
62871949228304982371867136
-244696164992375811329947212
952873946208427851757840320
-3712550490676601687738587104
14472016118350593724821859344
-56441311053489086796010511424
220226025364905950411453495424
-859678806916012079701197725328
3357320306933787916710261919392
-13116912798600945706102989338520
51268009013513776171931224483584
-200461619146247205111981785568096
784115926185244815907101615785184
-3068231725330716121871024622314016
12010185730096779013443644806798848
-47028385599473234901908968411788000
184210559838413245666839567764443968
-721786280152532842820373524289689004
2829033684796056444602609279431254912
-11091721324411684072496495469752214912
43499797537090417249022551663394973264
-170647239284674635348377714004712718544
669624743428410981587260968449403478848
-2628333773592998934106556812265132118384
10319129880641634174611330578824351275040
-40524350274984295773013377857476651133184
159182920092421583638541782063280200991808
-625433911435602454161301941692410815640320
2457922444043279151656290958150759323683840
-9661711517497425451479350941488646883728656
37987135766396685209682392989507854745000896
-149387126197248253255995385204151964291455520
587599717661563908070496852449388726463811584
-2311742701421206191121235459134775611844883456
9096718076301671629320934049718410046976902016
-35802651486912723597152960141794677938120989248
140938235411717731460831388579194727842302178688
-554911456501524605818629970294709910997709302976
2185233671939768205740243526979645815255390528000
-8606955977602533968536538234120765479125009033600
33906036173724447567538761365703706021111055213568
-133591399057979294381700497624666774281799189759568
526444225179140141397879313369062251554706758644096
-2074899340315594432723858644549616520932453397978816
8179202443557236457054680701759927442873448014049600
-32247247478268061443043211210470999742361763430535648
127157115935422345859984458437153644897228882756216704
-501479998858750643399618398384611275064061999883620224
1978017542373586042906248713970538442042463416748308352
-7803131504606969821040016308058886192176669571715262924
30787094651154772236701815803065676593831859837141749376
-121486564021180944036500326479011283342333396956368580544
479453350428643754378383992537456935309096457830826032976
-1892438929343047397547277377956223623488715531150791495248
7470568811159290316553334774834532240210418992625923414592
-29494474072655365862147070983995303852965209372351892514800
116461336804727881862793690468946737725219422770653862064416
-459913314922447195661078377127538516867663809154073638210048
1816445164051051087235242571756431661758536126995851904901696
-7174963956906352700487380080796117779705876760757529001343744
28344404248931596366424472883729343966990083276778701664913408
-111986120649668698098781900643557372145182170626214277190756240
442496082523373463714532926763192605745818955011626986018395072
-1748647020476753647755749412800730466602600254138962356634593312
6911009967210370185191201137247743501295196554816638339881092608
-27316603995784831514204025078379176917100289525854130713384596184
107983378646699647263309526758921712667028135916021438816545059328
-426905109110375207709121205833022231369430100195998029235053758080
1687909925013808260282909951556921764830239688714266574142761932704
-6674364385205675341306685052458632610703754466091988242248953816896
26394447041751012156513347647854875443033898641844643260628886855936
-104389430091789069345542641118057006901983832225257569829531877964704
412896404880777961770413317158286207783878939162659766052239969112896
-1633298722671345966286406383907849306507816781982092037402556925359648
6461441783280500199810498590151642966022276948871191540124178594940032
-25564182168575889337847680397678641313356607572542864253751628444725760
101151517786738245999042623053079492064453677407424416431327813485963136
-400267500085028971260571914786288171903486859930519500220159078572279648
1584036139616490404338087814080636511341715137483713429014731896182066304
-6269257321179626470435960207511961702994107956505307472335013108829774144
24814343717651097065326935079692192902384653604090650576461207676275802368
-98225585680541410881842251546667537944152762611088633918548982295134256428
388849062891466186025059353448473080678221025278249658724774418241384376576
-1539471153328957267733457879571657911991573658815502908344029707502819327616
6095307336772320660563318627531250994316796693880578564648604849733348969040
-24135300592859924480069017005132764856054643077326230477269431924356679641968
95574574744286132251767816384166928293237941741757590176798491313158839681984
-378498457430850732905807357447457817409549387732911579905395822564304708381744
1499054630237767906858116717507717337500803888304741902959410206500149473200416
-5937477173095694235725916094665103597816016668195690366973290957310284673047824
23518907387818920178142358415421983047546199254942388680000026485450616770577856
-93167101958010234408350985298291212677768245836246672455887375672456559487480768
369094739754561725687636798157914565046769861260355300114450095554278545564143168
-1462320362781243786275492928321317876864211251355615725944082794684449842669811120
5793969289979285033490852747705808528621538227094158149967178414952245741947334208
-22958231753587135364105206105329634962245669143250516999994865634288739334767420192
90976425981058201222928993904957712307804319615205562546599710866629441161458757504
-360534732278427175033414445234364245933952296241133918558162431086882015829994810560
1428870165452611944861534640584587654359611153411852257824703519228894649252787309440
-5663246658689019443073961597996215792659758785936100705091840927848496841834964897728
22447339335074777895887689564101585176607493145362482708827859083182837489709355907968
-88979629765835287491321562589359338984064488705101310100012759197673455085939906145280
352729916100647090592954494386384732647328835375908300248044063574395611837717607807232
-1398362055480383916824654540808377605183330732903853421560799479344570296105816751014912
5543987795035688603439024099394779753470520366922365945798716616961947493408477263126528
-21981122637297056057421480246909999077107185200049446556004545483395632997083049725023504
87156969051237257284370380728148183415137258331506461807207051375616154069611039156092288
-345603949924528444980438132634881066760253689203308748468211379005614054304548613453352640
1370500801384411488313791395025676817086705372764076826822483671511006336398090694094001728
-5435050743787729279483404048866276948646545921200238011443247101784225995871082817429776736
21555163742797995329731157927790975119459383274562304908785450607850710419017229595749763456
-85491348917618534391548731506007087890702232277616417632988090199692161887895377485994090368
339090673621152820365597324936909288822519732750045063382826165825175983046828559007532816768
-1345030306265285409603528945831821135439530603758571284813141742898418446645004701569919796608
5335444011372802998663387146752971463326350282527680809064077990244306078972831422286283964928
-21165623351859187736619981686573310864999213142871202722385175324067443840410678004918035295872
83967900096338510366419567459249159983054969300523916900029647894748652314630077436071150412032
-333132489954897180082066936548099905820915595716645385673501465475668990803433825013374907392064
1321727425155861297240640939961196748561019840455860682373858684301033717271791118458020466948864
-5244302938570863077676294707721081263443606372366188607092257585738461512466663903857940771770240
20809150465467791663816075742433030129064242454304554904148446322155026495400323207988754448220672
-82573633635749755568684219742212945110747896528073221126127118755161729425769608540980838176760256
327679043829726863675049953925958458951501408898563505845212729301459568551897724427578040441972736
-1300396912412573330721193532528826255773400806497604132330187037673270209682664537012064108538585088
5160870366616580114984144936710082401684202002074146293719276691654964090326383539608901563617044736
-20482808385320921615234703202283116910699611475647635325096054240407794881831430191531759061322996864
81297157598219682357631106329625138052247907742811426886988654651026938189982929551527200592415960576
-322686137422411758896722140432127010082709703847858374170689347560733607531514249025642052695971474944
1280867266378970991001565971628200282306394758753837595039127071482363767076355337450673771012034013696
-5084480717341058588261856734586024988985888759517755203349483926918600589829408866372203288354848974928
20184013707600621818361033276339870252657636910716214994687631853741698914137828863779556058419209383680
-80128443224969252579849953538320357687605638869399514004553869796753572508162427672365788099886890730368
318114833693524944719523449076004194037198515608030917347936629202972496473739426214885567567764714175424
-1262987291603167973935230603391544130247097793939211761084381002162298612887916856685139926096694241235712
5014546807297001063801170366665256895436341721024950421581598852941214743414502180264384834154828237005312
-19910485736379020551623793638896067942882721230230665023430762285386914459435288480954442725980672808332224
79058630822117735748373716476731119849939786706111931433358844474078013187515712482278650396047566393241984
-313930711360859964206509803091716916325961863506976821277044066701582284830575387304649084683093434954352608
1246623238749953704547083862579039924839517831960425865959708107465998546839566837628829648775196671311645184
-4950548865832764200421873410590846160018630350029898188567679136911401528658050556000532531038191559147248000
19660204307354589681781426782819193641560860368281511737348532364904953132318498644497676083851670786160952704
-78079867748707099411693557569071466014559265111637909889176406566496011656232290373563261269761901261652565248
310103242435017821705427207813300011066386331395151640923709919651968997729442248858733142713246261761701342720
-1231656412555901420341238672870268821495281532158855354915280568077809553552841883838993437263418172671253541504
4892025340964827151703882632230857703202442859583957756792644268421862442197615294207973997311090558784932157696
-19431374442106567716627739820326613164760390193975816705008412899086872361981863011115741990901363503506254647756
77185172507695101057097306936636331776122037897513068814936266884898079015353347151542244589033312598111078317824
-306605269531011389808493146395901108575174205971652123159163134290531831139853097116253725254795277999868489310336
1217981161255292010587480448982355043529563064927388698012262986677544889704364882000820687156656278246473367243728
-4838565164045244116196400780800135544156644319419990027999340856416275884494170078218145650924753258898827243088432
19222396582217222342483864545175032961127649511538337069763157088527626893141952436072313363622848774928888619314880
-76368320184555807769133577773035718824976769575905663968993225765851155913549043595550555991392634076595613437349936
303412564869908153308856711802030751646931703546468320997261971113467283643247543762598922111347371926665160691319328
-1205503178673407168487710005674769614380009433986875124265496631678747165504764348810186673767164042547582680406338960
4789801211413728389442210718753788367302280171624135651618890906176080067872145930557776173441570392849024066588630464
-19031841406777095585132650733269986521581221287651221849964406917727408410155032888552939641532162870260370726434625728
75623745439807612508868639751940182398281672712650678446519693502526977092409563459493527556686972859650051005278650944
-300503456524244957869569569106474114723956062475063719537578969690780649662827134537149634315328894205272660998149244464
1194138063962912596913737766297216590278220099521215880584250934064926823005781044674842871471252707704175590571283006528
-4745404753403221094688434469057686544781403757543688383996159151915172314748922629425690010996153126553648871444462677024
18858428434434956845893046144382565590133275225557388695957926709742989157166674952250615483683239195562604604095989622656
-74946460010642956529933718212586119807249367487070701747908081109645536330153245556717403708098099084973943019199962548160
297858510298998159135344844141611941273311075522696947379546670731808797617104513262416576043223897503777504139108833257344
-1183810094717667340262078727812422984110860890305298307716843935931747648746435499420798134880655558836879239585189780550080
4705080721862631486875981648590450425550951493559280974791085223327235142114883071640188520066737114573022926343645145713536
-18701007765880858442305037875239067253082567828824212891546277584308320555160958309047130190006439319667189822067979684528128
74331982263830102932735461286722158682533804623527353480712203797971469507950909243896510200724571816888884685004199488372992
-295460257867374619638069861776097576524587176414850960402657570460866449208402904587138403332530180970263967518250568950007808
1174451177653049004850681913542120624730558064820964930162961985284882627755790431853920209608563871284702812984902184689825792
-4668563659459647543507366034329451385582463682916363338686783910039080934793673597719005094684831405208005876269704694054309776
18558544444547779795521699163225653516838412952123236036717558939132195676384317255215102133497439240231121694355479617715793280
-73776276805074165948366056464724150652279113406206740393567830119011205452552831208615658610188239082328091408490636366239491776
293292963539842315535683837190404369745821798670995095772987022062045970104085546304346980945869988267934450939635145408714026048
-1165999947727062314467305013186321560848653285259823669180813070050847326698138757550032554006534176358096961319825083834516765024
4635614239437621447096818215968041791249678966463924936102009424052588781683884989263805981523738001586086667467311444922114498944
-18430105009930110951926939876273150011065854856101127148180403375380698928027309589741546592379642955490535197234711440319300163968
73275702517429366522233291294046746731596637153664050284117807175594475318989131915579254614291436342130898770692472084429541920128
-291342423442324441782339078237358677670577195752147123105514045273078087586704950856583696677507018706704950596321555919248005977176
1158400991893409701544554838908163721427962310886735149298693951907925757013107624991571845049308601060559874708355810373088873502464
-4606016264733606939815137160488492979450395141712632306366426981682278490677436510633331196224684721419021221702619801983385414301440
18314845894929463150985353895178230766382752453070136808617186916169948422275330772231317041423554709348331261629738427797346663549088
-72826967694546537925430013487441539302032594653561972742060572282997039104071360634876620096521173474392064809819101653254349824303712
289595791995928360480629709238518250137161674988729049589489925613417953621406201310776670099117209348137649793006416966817938116225408
-1151604177929936273659153153291861355239045965557387033634729055402124493565628164558596066440943604853238469198008782646352048989607776
4579574071563610320828121907287697640582274842882890667517502404382091673177144907062987605084360106216868994198710679303253475854495296
-18212003380361638514803740318476704012565634031141548377347991040959458610860252889734180743524339364565086038597294684103383435750608320
72427091169774510627562443702209602678041685463983644982422286195146586455299998839528370288507489345154579618128050877858682188344589440
-288041431487270543982672597376884237281395175363179634395086989296188842387076397400914968932298693200952012297975016550013481637883801600
1145564072204645593818311630133750812828315719300802058443012954286091143277895213644910325009233166958686550226797601433407170102243312896
-4556110275618448459896249439934759076429107597821836622881750544969367620921680322057812479748585771497169102521078278999023393326054113440
18120884869485621637445882358798815831647905358143152889429891116769268454935729978482097318857778852132332792946416944167402405034531383680
-72073368531840552218430651177232544348143062296232074421536653614780355833721851129426987656365396549699126000647964884339412868105072064576
286668781242323186036054894657426801346445829168782257058529983697043900907058962586863010741440769625552164671506271761681291980501900686848
-1140239433004074176124300598665668835413287345396441305169985727917552202062236377142168133490043496426117348247165643844737169113913776239264
4535463809558924927087286801490318290937851859561952998545593718523085210728238775801594706982890236953597612312015685923649363840830169156864
-18040861285676547186106840559276687350174595155617948687697504158210588309392109927569231773794552840162185849717190154452764664573116530581888
71763342671577395519967275211488709298378615717844010844807255550348221538599459882600859800190512327213840518801215754099828997757037567250048
-285468243503903911017263552902122131454017136157060126898405297476961923322061398122928216930265784528354190060098243631456535973411560032716416
1135592768291934785775492330387074493508033802669860116329936197545679909868366826665314877417025431592972493677964007093863501117921658655955968
-4517488209069470693827657332279317023197145465167733024835699987008455209641453268158367040262442372368548994552367914499999914835406706872855680
17971360429116162487992233574009528628663295569262265363416446893686620825243318436126179744675008746193459613685541177344335807650707975070966528
-71494778029345771126892411345443904121273126615449545407259775821171565929165337752589320343559828170766986950980046243697113684645735980671950176
284431083591477743963020280043099384892727031038790868024091638700401073214302774568588254985771787988649476498518909316693889728205142570573167360
-1131589948595672490826914612439823352670890547941573009266637942340504796006426023624038223841499316499582413689803918145276438261413117118147320448
4502050111726640485475617028469255719782706155026376422006378630579769423809571536803359628437078449849422366796041300335536389381973552606426006912
-17911861155137747892930618475881113672918391288763853040213919098618141744628168498040644829359166633854734750630822905569211391630524666675995689152
71265638015185358781736327843857051522516009043495926341578685234594421632113962979177735128177373114823284688232656070983994657187890760596551900928
-283549342313679383608240732384261506310209153276042574386243466450217354178107576831020827580285942052919714736352703101929956219510888049029252444672
1128199867217693042490741007537919748465966300894560672916994090242662499470624961236725765239053825726770914189799406961716944612255635690264040599808
-4489027938676674543426295601866256998280961372453294529263562309304783271862709176247073233739663902048953738567477088227293307920480191562023545876524
17861888258827453145752925102472364156051624894093419456203858436767163363928126592861345798604737553582082045872304922978734909394286097290437841822720
-71074065157825409394182721112237274874777156779719917999483314746865564068374392365443870597317957823861655666577368980365892974714297577034587042518784
282815758926007730238678838432178824482024937007229982126194899041435182268354407865628141320934628853808050616475083574510671393768453226775430329092432
-1125394141201450467432918799892293497305446994989376276092000552230139230259480607691111246094141782188927867872454740120130945636772045112035687140695152
4478310733841122440202116255902997003744965901976146104474134839012741276254465190438261941373589300844479790030774801712652404452846029459247600905223616
-17821007968585755449916774752125199398437549489716027883671153297645313966987423598290145666635771574517711342732605903895976728724180934470268612440321072
70918363608049280753016293284485295883346293966152683213000517362109177133951756156261452895879954337904289585013874931384702213896642732789711299413560608
-282223703191974374975421482477262208008989076994762648428235811069708976943818045401155756321891469069734258856882055121552795895135066392497793502650575792
1123146847501517607972870183200362719688989882583029964295917030674594872947341214605458241359326807327871414217922639021244221473927151464424108360165956288
-4469797139275759945054267073469484169972435721832807087044039041596758669447726124596788841888582389150036474234887177995286586188913263237009420773663925824
17788823966330134172346988542307220882669670436605230647807119799003354113217696410879507794693889063868353238891687971033006035639531264257763155915589949120
-70796983679342601953568248995330025076156350536529582253856051321442683577957283353578907983344411104801202023561114918948241888330131347029858033367126616304
281767115326275325848754991788977994531183442668761655512186567201500003629187112735063582072437874897293713112518010529341395879650916525342473448303348905792
-1121434289651779428811797021353546381783879106676637140809443256967046492032247413200542294530065369641280557938701379474041783595436362362939026945595913753376
4463394488549967349406234683531997578117649864096385030509414122871241651172633469322662837607540453080926093237126800000276076928107086325036766351997195125376
-17764973864459714766777946800526299926753337910716376613804674086544696710195997434621316854329636759660301413164786225394609759168213409574610947606896082398672
70708508156494061971066809730256681751094715170233332355731750529879671366639687584833586531549601849686331587498997539384162521994257182733686313858544604478592
-281440452781789407225731245022331491965067464601674934464082039785732917137997806989665427043677442735523524279837871666665293317151519618310591492429168423886144
1120234790929284525045355586089251414684871647785104009803175224395091694564378332075020464503802114309638889815255165300555877852384276585362868105971367857643584
-4459018002714305022603970774884736810192407768522097657992939520317612653940033185076317389745697011836379682840620935018280558337055467476059240392892388443514880
17749126080072473870880083489867267469986424876733551912949561953685791108275640027608943507178504367761369733714917084187329754380688322894681161305297214002382592
-70651640142642307676295869834572000325788183278233987145402811723018913324677760360106416589961307762648351035195616402036275226269545462832839133376481803876888256
281238642995170727958700671849690302549087553781116428936207015656300976855398083161592684369307811524990198486603204284119115386531941513479389539133199811358444416
-1119528510598898997408693866939418656291782391433625546801204391904064206823281195690393214391914681412861988849913625505060724262635706439711163298794188272825999280
4456590075681622680068231284945636096028980556670268564435774633063779337513482650917657873664293277461162011267255492007956877951066757252284887046977855067282225536
-17740977055600514668921314630639338072871639012998715079833804240688829931818832874953409929720238425403289492135679249637380738312467319961091521454605835945307293504
70625192248600655344508518628069503450992135937414772809362391960167483771159348203948294275875283440301493179208978352145418986328863929630722828383026719937333674688
-281157041333940588376332486264160689682747868201183422808200440495151645994727469161956042678446788178009541214907012181367747298431819478031188044337460117899742281440
1119297280316480632043857591430662568849600028089963799247245730791276472661310530383571429066640870334364513229229247357908616543759724172010136224066102158037128814976
-4456039637740787055018606523014886787018714399533830406385302270355955314884276171657009455458761859867543665351519740411040512845131308453572476113467412166907260179456
17740248782310579647940007619310221142841558858766793443895871204479823680896045508886084306175962183518310136494971015628257854426007264861472705773260813726573334873216
-70628076956293702478495199109523098833275405728818779702851585473001016866526715194756554359323659969026142393170350676523713103223487734281988556610228457522331907192896
281191393595684253986685543702919393456429562742638295362549731890389179607043129346078690763131430723113981160734473120832353534470968185116456798630103337998269101012992
-1119524458182570118688249948881295470915695613873599974371353041899091700963031421717964231100536409543643049484840542058664333532600199380785486189791138248030434960894592
4457301587515879859878048003541602902761952841315636707864068512584920405511880693472909113082062196220634100162001825229989510529281668801883780205228770322623968960171520
-17746686589249107835413582192755449209630248566474539490274428253107793089072999146593213201534661300394051993429430760322979196631874322189931339970926887595898894561025216
70659298011736765638469903022776848287663134066369486153740223295074903609419788502485249117264786079020310421402813493316232549702909196972818072822083114660941981857191168
-281337802500771392891902427976658693529856163338758418756632900304102319822623697168812580863785373458218030645440664420100874616557429107686111130128088177682780106649870208
1120194798288138185245695666868868812256169663948228188680136232269279228203006728165311908691874835003613746501966825989764038693272874741080927987310850514235638057072881664
-4460316284029276809443764925598918110564415370582675118036974552085443736892894732316103154922629223737294926539023543386222483470513914130162906686528545430179558387144971008
