-1 2 0 1 1 0 0 -22 -44 -22 493 -150 -198
-1 2 0 1 1 0 0 -16 -32 -16 272 32 -256
-1 2 0 1 1 0 0 -8 -16 -8 68 8 -32
-1 2 0 1 1 0 0 -8 -16 -8 48 0 128
-1 2 0 1 1 0 0 -7 91 56 -637 -49 -343
-1 2 0 1 1 0 0 -6 -42 -24 252 36 -216
-1 2 0 1 1 0 0 -6 78 48 -468 -36 -216
-1 2 0 1 1 0 0 -6 -12 -6 -19 -150 330
-1 2 0 1 1 0 0 -5 65 40 -325 -25 -125
-1 2 0 1 1 0 0 -4 -28 -16 112 16 -64
-1 2 0 1 1 0 0 -4 -8 -4 32 8 -64
-1 2 0 1 1 0 0 -4 52 32 -208 -16 -64
-1 2 0 1 1 0 0 -4 12 8 -128 -32 256
-1 2 0 1 1 0 0 -3 -17 -10 123 33 -243
-1 2 0 1 1 0 0 -3 5 4 24 12 -144
-1 2 0 1 1 0 0 -3 39 24 -117 -9 -27
-1 2 0 1 1 0 0 -2 -34 -20 128 32 -128
-1 2 0 1 1 0 0 -2 -14 -8 28 4 -8
-1 2 0 1 1 0 0 -2 26 16 -52 -4 -8
-1 2 0 1 1 0 0 -2 6 4 -32 -8 32
-1 2 0 1 1 0 0 -1 -17 -10 32 8 -16
-1 2 0 1 1 0 0 -1 13 8 -13 -1 -1
