0 1 -1 2 2 0 1 -20 20 0 -720 -80 -400
0 1 -1 2 2 0 1 -20 -40 -20 356 76 220
0 1 -1 2 2 0 1 -16 -32 -16 355 -11 -396
0 1 -1 2 2 0 1 -16 -32 -16 311 -95 -220
0 1 -1 2 2 0 1 -16 -32 -16 288 32 -128
0 1 -1 2 2 0 1 -16 -32 -16 265 159 -36
0 1 -1 2 2 0 1 -16 -32 -16 221 75 140
0 1 -1 2 2 0 1 -12 -24 -12 320 136 -528
0 1 -1 2 2 0 1 -12 -24 -12 312 168 -504
0 1 -1 2 2 0 1 -12 -24 -12 224 -200 -240
0 1 -1 2 2 0 1 -12 -24 -12 192 24 -144
0 1 -1 2 2 0 1 -12 -24 -12 132 12 36
0 1 -1 2 2 0 1 -12 -24 -12 100 236 132
0 1 -1 2 2 0 1 -12 -24 -12 12 -132 396
0 1 -1 2 2 0 1 -12 -24 -12 4 -100 420
