1 2 0 1 1 1 1 1 -13 -1 -13 -1 1
1 2 0 1 1 1 1 1 17 2 32 8 16
1 2 0 1 1 1 1 2 -6 0 -32 -8 -32
1 2 0 1 1 1 1 2 -26 -2 -52 -4 8
1 2 0 1 1 1 1 2 14 2 28 4 8
1 2 0 1 1 1 1 2 34 4 128 32 128
1 2 0 1 1 1 1 3 -39 -3 -117 -9 27
1 2 0 1 1 1 1 3 -5 0 24 12 144
1 2 0 1 1 1 1 3 17 3 123 33 243
1 2 0 1 1 1 1 3 51 6 288 72 432
1 2 0 1 1 1 1 4 8 2 -124 -280 -560
1 2 0 1 1 1 1 4 -12 0 -128 -32 -256
1 2 0 1 1 1 1 4 -52 -4 -208 -16 64
1 2 0 1 1 1 1 4 8 2 32 8 64
1 2 0 1 1 1 1 4 28 4 112 16 64
1 2 0 1 1 1 1 5 -65 -5 -325 -25 125
1 2 0 1 1 1 1 6 12 3 -19 -150 -330
1 2 0 1 1 1 1 6 -78 -6 -468 -36 216
1 2 0 1 1 1 1 6 42 6 252 36 216
1 2 0 1 1 1 1 7 -91 -7 -637 -49 343
1 2 0 1 1 1 1 8 16 4 48 0 -128
1 2 0 1 1 1 1 8 16 4 68 8 32
1 2 0 1 1 1 1 8 -104 -8 -832 -64 512
1 2 0 1 1 1 1 8 16 4 128 32 512
1 2 0 1 1 1 1 8 56 8 448 64 512
1 2 0 1 1 1 1 16 32 8 272 32 256
