1 0 0 2 1 1
1 0 0 2 3 1
1 0 0 2 7 1
1 0 0 2 13 1
1 0 0 2 21 1
1 0 0 2 31 1
1 0 0 2 43 1
1 0 0 2 57 1
1 0 0 2 73 1
1 0 0 2 91 1
1 0 0 2 111 1
1 0 0 2 133 1
1 0 0 2 157 1
1 0 0 2 183 1
1 0 0 4 2 4
1 0 0 4 6 4
1 0 0 4 14 4
1 0 0 4 26 4
1 0 0 4 42 4
1 0 0 4 62 4
1 0 0 4 86 4
1 0 0 4 114 4
1 0 0 4 146 4
1 0 0 4 182 4
1 0 0 6 3 9
1 0 0 6 9 9
1 0 0 6 21 9
1 0 0 6 39 9
1 0 0 6 63 9
1 0 0 6 93 9
1 0 0 6 129 9
1 0 0 6 171 9
1 0 0 7 2 -8
1 0 0 8 4 16
1 0 0 8 12 16
1 0 0 8 28 16
1 0 0 8 52 16
1 0 0 8 84 16
1 0 0 8 124 16
1 0 0 8 172 16
1 0 0 9 3 27
1 0 0 10 3 9
1 0 0 10 5 25
1 0 0 10 15 25
1 0 0 10 35 25
1 0 0 10 65 25
1 0 0 10 105 25
1 0 0 10 155 25
1 0 0 11 3 -1
1 0 0 12 4 32
1 0 0 12 6 36
1 0 0 12 18 36
1 0 0 12 42 36
1 0 0 12 78 36
1 0 0 12 126 36
1 0 0 12 186 36
1 0 0 14 4 -32
1 0 0 14 7 49
1 0 0 14 21 49
1 0 0 14 49 49
1 0 0 14 91 49
1 0 0 14 147 49
1 0 0 16 8 64
1 0 0 16 24 64
1 0 0 16 56 64
1 0 0 16 104 64
1 0 0 16 168 64
1 0 0 17 6 72
1 0 0 18 9 81
1 0 0 18 27 81
1 0 0 18 63 81
1 0 0 18 117 81
1 0 0 18 189 81
1 0 0 18 6 108
1 0 0 20 6 36
1 0 0 20 10 100
1 0 0 20 30 100
1 0 0 20 70 100
1 0 0 20 130 100
1 0 0 21 6 -72
1 0 0 22 6 -4
1 0 0 22 11 121
1 0 0 22 33 121
1 0 0 22 77 121
1 0 0 22 143 121
1 0 0 24 8 128
1 0 0 24 12 144
1 0 0 24 36 144
1 0 0 24 84 144
1 0 0 24 156 144
1 0 0 26 13 169
1 0 0 26 39 169
1 0 0 26 91 169
1 0 0 26 169 169
1 0 0 27 9 243
1 0 0 28 8 -128
1 0 0 28 14 196
1 0 0 28 42 196
1 0 0 28 98 196
1 0 0 28 182 196
1 0 0 30 9 81
1 0 0 30 15 225
1 0 0 30 45 225
1 0 0 30 105 225
1 0 0 30 195 225
1 0 0 32 12 256
1 0 0 32 16 256
1 0 0 32 28 256
1 0 0 32 48 256
1 0 0 32 76 256
1 0 0 32 112 256
1 0 0 32 156 256
1 0 0 33 9 -9
1 0 0 34 12 288
1 0 0 34 17 289
1 0 0 34 51 289
1 0 0 34 119 289
1 0 0 35 10 -200
1 0 0 36 12 288
1 0 0 36 18 324
1 0 0 36 54 324
1 0 0 36 126 324
1 0 0 36 12 432
1 0 0 38 19 361
1 0 0 38 57 361
1 0 0 38 133 361
1 0 0 40 12 144
1 0 0 40 20 400
1 0 0 40 60 400
1 0 0 40 140 400
1 0 0 42 12 -288
1 0 0 42 21 441
1 0 0 42 63 441
1 0 0 42 147 441
1 0 0 44 12 -16
1 0 0 44 22 484
1 0 0 44 66 484
1 0 0 44 154 484
1 0 0 45 15 675
1 0 0 46 23 529
1 0 0 46 69 529
1 0 0 46 161 529
1 0 0 48 16 512
1 0 0 48 24 576
1 0 0 48 72 576
1 0 0 48 168 576
1 0 0 49 14 -392
1 0 0 50 15 225
1 0 0 50 25 625
1 0 0 50 75 625
1 0 0 50 175 625
1 0 0 51 18 648
1 0 0 52 26 676
1 0 0 52 78 676
1 0 0 52 182 676
1 0 0 54 21 729
1 0 0 54 27 729
1 0 0 54 39 729
1 0 0 54 57 729
1 0 0 54 81 729
1 0 0 54 111 729
1 0 0 54 147 729
1 0 0 54 189 729
1 0 0 54 18 972
1 0 0 55 15 -25
1 0 0 56 16 -512
1 0 0 56 28 784
1 0 0 56 84 784
1 0 0 56 196 784
1 0 0 58 29 841
1 0 0 58 87 841
1 0 0 60 18 324
1 0 0 60 20 800
1 0 0 60 30 900
1 0 0 60 90 900
1 0 0 62 31 961
1 0 0 62 93 961
1 0 0 63 18 -648
1 0 0 63 21 1323
1 0 0 64 24 1024
1 0 0 64 32 1024
1 0 0 64 56 1024
1 0 0 64 96 1024
1 0 0 64 152 1024
1 0 0 66 18 -36
1 0 0 66 33 1089
1 0 0 66 99 1089
1 0 0 68 24 1152
1 0 0 68 34 1156
1 0 0 68 102 1156
1 0 0 70 20 -800
1 0 0 70 21 441
1 0 0 70 35 1225
1 0 0 70 105 1225
1 0 0 72 24 1152
1 0 0 72 36 1296
1 0 0 72 108 1296
1 0 0 72 24 1728
1 0 0 74 37 1369
1 0 0 74 111 1369
1 0 0 76 38 1444
1 0 0 76 114 1444
1 0 0 77 22 -968
1 0 0 77 21 -49
1 0 0 78 39 1521
1 0 0 78 117 1521
1 0 0 80 24 576
1 0 0 80 40 1600
1 0 0 80 120 1600
1 0 0 81 27 2187
1 0 0 82 41 1681
1 0 0 82 123 1681
1 0 0 84 24 -1152
1 0 0 84 28 1568
1 0 0 84 42 1764
1 0 0 84 126 1764
1 0 0 85 30 1800
1 0 0 86 43 1849
1 0 0 86 129 1849
1 0 0 88 24 -64
1 0 0 88 44 1936
1 0 0 88 132 1936
1 0 0 90 27 729
1 0 0 90 45 2025
1 0 0 90 135 2025
1 0 0 90 30 2700
1 0 0 91 26 -1352
1 0 0 92 46 2116
1 0 0 92 138 2116
1 0 0 94 47 2209
1 0 0 94 141 2209
1 0 0 96 32 2048
1 0 0 96 36 2304
1 0 0 96 48 2304
1 0 0 96 84 2304
1 0 0 96 144 2304
1 0 0 98 28 -1568
1 0 0 98 49 2401
1 0 0 98 147 2401
1 0 0 99 27 -81
1 0 0 99 33 3267
1 0 0 100 30 900
1 0 0 100 50 2500
1 0 0 100 150 2500
1 0 0 102 36 2592
1 0 0 102 51 2601
1 0 0 102 153 2601
1 0 0 104 52 2704
1 0 0 104 156 2704
1 0 0 105 30 -1800
1 0 0 106 53 2809
1 0 0 106 159 2809
1 0 0 108 36 2592
1 0 0 108 42 2916
1 0 0 108 54 2916
1 0 0 108 78 2916
1 0 0 108 114 2916
1