1 -1 1 2 2 1
1 -1 1 2 6 1
1 -1 1 2 12 1
1 -1 1 2 20 1
1 -1 1 2 30 1
1 -1 1 2 42 1
1 -1 1 2 56 1
1 -1 1 2 72 1
1 -1 1 2 90 1
1 -1 1 2 110 1
1 -1 1 2 132 1
1 -1 1 4 4 4
1 -1 1 4 12 4
1 -1 1 4 24 4
1 -1 1 4 40 4
1 -1 1 4 60 4
1 -1 1 4 84 4
1 -1 1 4 112 4
1 -1 1 4 144 4
1 -1 1 6 6 9
1 -1 1 6 18 9
1 -1 1 6 36 9
1 -1 1 6 60 9
1 -1 1 6 90 9
1 -1 1 6 126 9
1 -1 1 8 8 16
1 -1 1 8 24 16
1 -1 1 8 48 16
1 -1 1 8 80 16
1 -1 1 8 120 16
1 -1 1 10 10 25
1 -1 1 10 30 25
1 -1 1 10 60 25
1 -1 1 10 100 25
1 -1 1 10 150 25
1 -1 1 12 12 36
1 -1 1 12 36 36
1 -1 1 12 72 36
1 -1 1 12 120 36
1 -1 1 14 14 49
1 -1 1 14 42 49
1 -1 1 14 84 49
1 -1 1 14 140 49
1 -1 1 16 16 64
1 -1 1 16 48 64
1 -1 1 16 96 64
1 -1 1 18 18 81
1 -1 1 18 54 81
1 -1 1 18 108 81
1 -1 1 20 20 100
1 -1 1 20 60 100
1 -1 1 20 120 100
1 -1 1 22 22 121
1 -1 1 22 66 121
1 -1 1 22 132 121
1 -1 1 24 24 144
1 -1 1 24 72 144
1 -1 1 24 144 144
1 -1 1 26 26 169
1 -1 1 26 78 169
1 -1 1 28 28 196
1 -1 1 28 84 196
1 -1 1 30 30 225
1 -1 1 30 90 225
1 -1 1 32 -4 256
1 -1 1 32 12 256
1 -1 1 32 32 256
1 -1 1 32 60 256
1 -1 1 32 96 256
1 -1 1 32 140 256
1 -1 1 34 34 289
1 -1 1 34 102 289
1 -1 1 36 36 324
1 -1 1 36 108 324
1 -1 1 38 38 361
1 -1 1 38 114 361
1 -1 1 40 40 400
1 -1 1 40 120 400
1 -1 1 42 42 441
1 -1 1 42 126 441
1 -1 1 44 44 484
1 -1 1 44 132 484
1 -1 1 46 46 529
1 -1 1 46 138 529
1 -1 1 48 48 576
1 -1 1 48 144 576
1 -1 1 50 50 625
1 -1 1 50 150 625
1 -1 1 52 52 676
1 -1 1 54 -6 729
1 -1 1 54 12 729
1 -1 1 54 30 729
1 -1 1 54 54 729
1 -1 1 54 84 729
1 -1 1 54 120 729
1 -1 1 56 56 784
1 -1 1 58 58 841
1 -1 1 60 60 900
1 -1 1 62 62 961
1 -1 1 64 -8 1024
1 -1 1 64 24 1024
1 -1 1 64 64 1024
1 -1 1 64 120 1024
1 -1 1 66 66 1089
1 -1 1 68 68 1156
1 -1 1 70 70 1225
1 -1 1 72 72 1296
1 -1 1 74 74 1369
1 -1 1 76 76 1444
1 -1 1 78 78 1521
1 -1 1 80 80 1600
1 -1 1 82 82 1681
1 -1 1 84 84 1764
1 -1 1 86 86 1849
1 -1 1 88 88 1936
1 -1 1 90 90 2025
1 -1 1 92 92 2116
1 -1 1 94 94 2209
1 -1 1 96 -12 2304
1 -1 1 96 36 2304
1 -1 1 96 96 2304
1 -1 1 98 98 2401
1 -1 1 100 100 2500
1 -1 1 102 102 2601
1 -1 1 104 104 2704
1 -1 1 106 106 2809
1 -1 1 108 -12 2916
1 -1 1 108 24 2916
1 -1 1 108 60 2916
1 -1 1 108 108 2916
1 -1 1 110 110 3025
1 -1 1 112 112 3136
1 -1 1 114 114 3249
1 -1 1 116 116 3364
1 -1 1 118 118 3481
1 -1 1 120 120 3600
1 -1 1 122 122 3721
1 -1 1 124 124 3844
1 -1 1 126 126 3969
