2 1 1 8 2 4
2 1 1 8 10 4
2 1 1 8 26 4
2 1 1 8 50 4
2 1 1 8 82 4
2 1 1 8 122 4
2 1 1 16 4 16
2 1 1 16 20 16
2 1 1 16 52 16
2 1 1 16 100 16
2 1 1 20 2 16
2 1 1 24 2 4
2 1 1 24 6 36
2 1 1 24 30 36
2 1 1 24 78 36
2 1 1 24 150 36
2 1 1 32 4 64
2 1 1 32 8 64
2 1 1 32 20 64
2 1 1 32 40 64
2 1 1 32 68 64
2 1 1 32 104 64
2 1 1 32 148 64
2 1 1 40 4 64
2 1 1 40 10 100
2 1 1 40 50 100
2 1 1 40 130 100
2 1 1 48 4 16
2 1 1 48 12 144
2 1 1 48 60 144
2 1 1 56 14 196
2 1 1 56 70 196
2 1 1 56 6 324
2 1 1 60 6 144
2 1 1 64 8 256
2 1 1 64 16 256
2 1 1 64 40 256
2 1 1 64 80 256
2 1 1 64 136 256
2 1 1 72 6 -108
2 1 1 72 6 36
2 1 1 72 18 324
2 1 1 72 90 324
2 1 1 80 8 256
2 1 1 80 20 400
2 1 1 80 100 400
2 1 1 88 22 484
2 1 1 88 110 484
2 1 1 88 10 500
2 1 1 96 8 64
2 1 1 96 12 576
2 1 1 96 24 576
2 1 1 96 60 576
2 1 1 96 120 576
2 1 1 100 10 400
2 1 1 104 26 676
2 1 1 104 130 676
2 1 1 112 28 784
2 1 1 112 140 784
2 1 1 112 12 1296
2 1 1 120 10 100
2 1 1 120 12 576
2 1 1 120 30 900
2 1 1 120 150 900
2 1 1 128 16 1024
2 1 1 128 20 1024
2 1 1 128 32 1024
2 1 1 128 52 1024
2 1 1 128 80 1024
2 1 1 128 116 1024
2 1 1 136 10 4
2 1 1 136 34 1156
2 1 1 140 14 784
2 1 1 144 12 -432
2 1 1 144 12 144
2 1 1 144 36 1296
2 1 1 152 38 1444
2 1 1 160 16 1024
2 1 1 160 20 1600
2 1 1 160 40 1600
2 1 1 160 100 1600
2 1 1 168 14 196
2 1 1 168 42 1764
2 1 1 168 18 2916
2 1 1 176 44 1936
2 1 1 176 20 2000
2 1 1 180 18 1296
2 1 1 184 46 2116
2 1 1 192 16 256
2 1 1 192 24 2304
2 1 1 192 48 2304
2 1 1 192 120 2304
2 1 1 200 20 1600
2 1 1 200 50 2500
2 1 1 208 52 2704
2 1 1 216 18 -972
2 1 1 216 18 324
2 1 1 216 30 2916
2 1 1 216 54 2916
2 1 1 216 102 2916
2 1 1 220 22 1936
2 1 1 240 20 400
2 1 1 240 24 2304
2 1 1 260 26 2704
2 1 1 264 22 484
2 1 1 272 20 16
2 1 1 288 24 -1728
2 1 1 288 24 576
2 1 1 312 26 676
2 1 1 336 28 784
2 1 1 360 30 -2700
2 1 1 360 30 900
2 1 1 384 32 1024
2 1 1 408 30 36
2 1 1 408 34 1156
2 1 1 432 36 1296
2 1 1 456 38 1444
2 1 1 480 40 1600
2 1 1 504 42 1764
2 1 1 528 44 1936
2 1 1 544 40 64
2 1 1 552 46 2116
2 1 1 576 48 2304
2 1 1 600 50 2500
2 1 1 624 52 2704
2 1 1 648 54 2916
2 1 1 680 50 100
2 1 1 816 60 144
2 1 1 952 70 196
2 1 1 1088 80 256
2 1 1 1224 90 324
2 1 1 1360 100 400
2 1 1 1496 110 484
2 1 1 1632 120 576
2 1 1 1768 130 676
2 1 1 1904 140 784
2 1 1 2040 150 900
