3 2 4 1 12 -1308
3 2 4 1 -12 -1284
3 2 4 1 9 -738
3 2 4 1 -9 -720
3 2 4 1 6 -330
3 2 4 1 -6 -318
3 2 4 1 3 -84
3 2 4 1 -3 -78
3 2 4 2 12 -1320
3 2 4 2 -12 -1272
3 2 4 2 9 -747
3 2 4 2 -9 -711
3 2 4 2 6 -336
3 2 4 2 -6 -312
3 2 4 2 3 -87
3 2 4 2 -3 -75
3 2 4 3 12 -1332
3 2 4 3 -12 -1260
3 2 4 3 9 -756
3 2 4 3 -9 -702
3 2 4 3 6 -342
3 2 4 3 -6 -306
3 2 4 3 3 -90
3 2 4 3 -3 -72
3 2 4 4 -12 -1248
3 2 4 4 9 -765
3 2 4 4 -9 -693
3 2 4 4 6 -348
3 2 4 4 -6 -300
3 2 4 4 3 -93
3 2 4 4 -3 -69
3 2 4 5 -12 -1236
3 2 4 5 9 -774
3 2 4 5 -9 -684
3 2 4 5 6 -354
3 2 4 5 -6 -294
3 2 4 5 3 -96
3 2 4 5 -3 -66
3 2 4 6 -12 -1224
3 2 4 6 9 -783
3 2 4 6 -9 -675
3 2 4 6 6 -360
3 2 4 6 -6 -288
3 2 4 6 3 -99
3 2 4 6 -3 -63
3 2 4 7 -12 -1212
3 2 4 7 9 -792
3 2 4 7 -9 -666
3 2 4 7 6 -366
3 2 4 7 -6 -282
3 2 4 7 3 -102
3 2 4 7 -3 -60
3 2 4 8 -12 -1200
3 2 4 8 9 -801
3 2 4 8 -9 -657
3 2 4 8 6 -372
3 2 4 8 -6 -276
3 2 4 8 3 -105
3 2 4 8 -3 -57
3 2 4 9 -12 -1188
3 2 4 9 9 -810
3 2 4 9 -9 -648
3 2 4 9 6 -378
3 2 4 9 -6 -270
3 2 4 9 3 -108
3 2 4 9 -3 -54
3 2 4 10 -12 -1176
3 2 4 10 9 -819
3 2 4 10 -9 -639
3 2 4 10 6 -384
3 2 4 10 -6 -264
3 2 4 10 3 -111
3 2 4 10 -3 -51
3 2 4 11 -12 -1164
3 2 4 11 9 -828
3 2 4 11 -9 -630
3 2 4 11 6 -390
3 2 4 11 -6 -258
3 2 4 11 3 -114
3 2 4 11 -3 -48
3 2 4 12 -12 -1152
3 2 4 12 9 -837
3 2 4 12 -9 -621
3 2 4 12 6 -396
3 2 4 12 -6 -252
3 2 4 12 3 -117
3 2 4 12 -3 -45
3 2 4 13 -12 -1140
3 2 4 13 9 -846
3 2 4 13 -9 -612
3 2 4 13 6 -402
3 2 4 13 -6 -246
3 2 4 13 3 -120
3 2 4 13 -3 -42
3 2 4 14 -12 -1128
3 2 4 14 9 -855
3 2 4 14 -9 -603
3 2 4 14 6 -408
3 2 4 14 -6 -240
3 2 4 14 3 -123
3 2 4 14 -3 -39
3 2 4 15 -12 -1116
3 2 4 15 9 -864
3 2 4 15 -9 -594
3 2 4 15 6 -414
3 2 4 15 -6 -234
3 2 4 15 3 -126
3 2 4 15 -3 -36
3 2 4 16 -12 -1104
3 2 4 16 9 -873
3 2 4 16 -9 -585
3 2 4 16 6 -420
3 2 4 16 -6 -228
3 2 4 16 3 -129
3 2 4 16 -3 -33
3 2 4 17 -12 -1092
3 2 4 17 9 -882
3 2 4 17 -9 -576
3 2 4 17 6 -426
3 2 4 17 -6 -222
3 2 4 17 3 -132
3 2 4 17 -3 -30
3 2 4 18 -12 -1080
3 2 4 18 9 -891
3 2 4 18 -9 -567
3 2 4 18 6 -432
3 2 4 18 -6 -216
3 2 4 18 3 -135
3 2 4 18 -3 -27
3 2 4 18 -3 9
3 2 4 18 3 9
3 2 4 18 9 9
3 2 4 18 27 9
3 2 4 18 39 9
3 2 4 18 69 9
3 2 4 18 87 9
3 2 4 18 129 9
3 2 4 19 -12 -1068
3 2 4 19 9 -900
3 2 4 19 -9 -558
3 2 4 19 6 -438
3 2 4 19 -6 -210
3 2 4 19 3 -138
3 2 4 19 -3 -24
3 2 4 20 -12 -1056
3 2 4 20 9 -909
3 2 4 20 -9 -549
3 2 4 20 6 -444
3 2 4 20 -6 -204
3 2 4 20 3 -141
3 2 4 20 -3 -21
3 2 4 21 -12 -1044
3 2 4 21 9 -918
3 2 4 21 -9 -540
3 2 4 21 6 -450
3 2 4 21 -6 -198
3 2 4 21 3 -144
3 2 4 21 -3 -18
3 2 4 22 -12 -1032
3 2 4 22 9 -927
3 2 4 22 -9 -531
3 2 4 22 6 -456
3 2 4 22 -6 -192
3 2 4 22 3 -147
3 2 4 22 -3 -15
3 2 4 23 -12 -1020
3 2 4 23 9 -936
3 2 4 23 -9 -522
3 2 4 23 6 -462
3 2 4 23 -6 -186
3 2 4 23 3 -150
3 2 4 23 -3 -12
3 2 4 24 -12 -1008
3 2 4 24 9 -945
3 2 4 24 -9 -513
3 2 4 24 6 -468
3 2 4 24 -6 -180
3 2 4 24 3 -153
3 2 4 24 -3 -9
3 2 4 25 -12 -996
3 2 4 25 9 -954
3 2 4 25 -9 -504
3 2 4 25 6 -474
3 2 4 25 -6 -174
3 2 4 25 3 -156
3 2 4 25 -3 -6
3 2 4 26 -12 -984
3 2 4 26 9 -963
3 2 4 26 -9 -495
3 2 4 26 6 -480
3 2 4 26 -6 -168
3 2 4 26 3 -159
3 2 4 26 -3 -3
3 2 4 27 -12 -972
3 2 4 27 9 -972
3 2 4 27 -9 -486
3 2 4 27 6 -486
3 2 4 27 -6 -162
3 2 4 27 3 -162
3 2 4 28 9 -981
3 2 4 28 -12 -960
3 2 4 28 6 -492
3 2 4 28 -9 -477
3 2 4 28 3 -165
3 2 4 28 -6 -156
3 2 4 28 -3 3
3 2 4 29 9 -990
3 2 4 29 -12 -948
3 2 4 29 6 -498
3 2 4 29 -9 -468
3 2 4 29 3 -168
3 2 4 29 -6 -150
3 2 4 29 -3 6
3 2 4 30 9 -999
3 2 4 30 -12 -936
3 2 4 30 6 -504
3 2 4 30 -9 -459
3 2 4 30 3 -171
3 2 4 30 -6 -144
3 2 4 30 -3 9
3 2 4 31 9 -1008
3 2 4 31 -12 -924
3 2 4 31 6 -510
3 2 4 31 -9 -450
3 2 4 31 3 -174
3 2 4 31 -6 -138
3 2 4 31 -3 12
3 2 4 32 9 -1017
3 2 4 32 -12 -912
3 2 4 32 6 -516
3 2 4 32 -9 -441
3 2 4 32 3 -177
3 2 4 32 -6 -132
3 2 4 32 -3 15
3 2 4 33 9 -1026
3 2 4 33 -12 -900
3 2 4 33 6 -522
3 2 4 33 -9 -432
3 2 4 33 3 -180
3 2 4 33 -6 -126
3 2 4 33 -3 18
3 2 4 34 9 -1035
3 2 4 34 -12 -888
3 2 4 34 6 -528
3 2 4 34 -9 -423
3 2 4 34 3 -183
3 2 4 34 -6 -120
3 2 4 34 -3 21
3 2 4 35 9 -1044
3 2 4 35 -12 -876
3 2 4 35 6 -534
3 2 4 35 -9 -414
3 2 4 35 3 -186
3 2 4 35 -6 -114
3 2 4 35 -3 24
3 2 4 36 9 -1053
3 2 4 36 -12 -864
3 2 4 36 6 -540
3 2 4 36 -9 -405
3 2 4 36 3 -189
3 2 4 36 -6 -108
3 2 4 36 -3 27
3 2 4 36 -6 36
3 2 4 36 6 36
3 2 4 36 18 36
3 2 4 36 54 36
3 2 4 36 78 36
3 2 4 36 138 36
3 2 4 37 9 -1062
3 2 4 37 -12 -852
3 2 4 37 6 -546
3 2 4 37 -9 -396
3 2 4 37 3 -192
3 2 4 37 -6 -102
3 2 4 37 -3 30
3 2 4 38 9 -1071
3 2 4 38 -12 -840
3 2 4 38 6 -552
3 2 4 38 -9 -387
3 2 4 38 3 -195
3 2 4 38 -6 -96
3 2 4 38 -3 33
3 2 4 39 9 -1080
3 2 4 39 -12 -828
3 2 4 39 6 -558
3 2 4 39 -9 -378
3 2 4 39 3 -198
3 2 4 39 -6 -90
3 2 4 39 -3 36
3 2 4 40 9 -1089
3 2 4 40 -12 -816
3 2 4 40 6 -564
3 2 4 40 -9 -369
3 2 4 40 3 -201
3 2 4 40 -6 -84
3 2 4 40 -3 39
3 2 4 41 9 -1098
3 2 4 41 -12 -804
3 2 4 41 6 -570
3 2 4 41 -9 -360
3 2 4 41 3 -204
3 2 4 41 -6 -78
3 2 4 41 -3 42
3 2 4 42 9 -1107
3 2 4 42 -12 -792
3 2 4 42 6 -576
3 2 4 42 -9 -351
3 2 4 42 3 -207
3 2 4 42 -6 -72
3 2 4 42 -3 45
3 2 4 43 9 -1116
3 2 4 43 -12 -780
3 2 4 43 6 -582
3 2 4 43 -9 -342
3 2 4 43 3 -210
3 2 4 43 -6 -66
3 2 4 43 -3 48
3 2 4 44 9 -1125
3 2 4 44 -12 -768
3 2 4 44 6 -588
3 2 4 44 -9 -333
3 2 4 44 3 -213
3 2 4 44 -6 -60
3 2 4 44 -3 51
3 2 4 45 9 -1134
3 2 4 45 -12 -756
3 2 4 45 6 -594
3 2 4 45 -9 -324
3 2 4 45 3 -216
3 2 4 45 -6 -54
3 2 4 45 -3 54
3 2 4 46 9 -1143
3 2 4 46 -12 -744
3 2 4 46 6 -600
3 2 4 46 -9 -315
3 2 4 46 3 -219
3 2 4 46 -6 -48
3 2 4 46 -3 57
3 2 4 47 -15 -1320
3 2 4 47 9 -1152
3 2 4 47 -12 -732
3 2 4 47 6 -606
3 2 4 47 -9 -306
3 2 4 47 3 -222
3 2 4 47 -6 -42
3 2 4 47 -3 60
3 2 4 48 -15 -1305
3 2 4 48 9 -1161
3 2 4 48 -12 -720
3 2 4 48 6 -612
3 2 4 48 -9 -297
3 2 4 48 3 -225
3 2 4 48 -6 -36
3 2 4 48 -3 63
3 2 4 49 -15 -1290
3 2 4 49 9 -1170
3 2 4 49 -12 -708
3 2 4 49 6 -618
3 2 4 49 -9 -288
3 2 4 49 3 -228
3 2 4 49 -6 -30
3 2 4 49 -3 66
3 2 4 50 -15 -1275
3 2 4 50 9 -1179
3 2 4 50 -12 -696
3 2 4 50 6 -624
3 2 4 50 -9 -279
3 2 4 50 3 -231
3 2 4 50 -6 -24
3 2 4 50 -3 69
3 2 4 51 -15 -1260
3 2 4 51 9 -1188
3 2 4 51 -12 -684
3 2 4 51 6 -630
3 2 4 51 -9 -270
3 2 4 51 3 -234
3 2 4 51 -6 -18
3 2 4 51 -3 72
3 2 4 52 -15 -1245
3 2 4 52 9 -1197
3 2 4 52 -12 -672
3 2 4 52 6 -636
3 2 4 52 -9 -261
3 2 4 52 3 -237
3 2 4 52 -6 -12
3 2 4 52 -3 75
3 2 4 53 -15 -1230
3 2 4 53 9 -1206
3 2 4 53 -12 -660
3 2 4 53 6 -642
3 2 4 53 -9 -252
3 2 4 53 3 -240
3 2 4 53 -6 -6
3 2 4 53 -3 78
3 2 4 54 -15 -1215
3 2 4 54 9 -1215
3 2 4 54 -12 -648
3 2 4 54 6 -648
3 2 4 54 -9 -243
3 2 4 54 3 -243
3 2 4 54 -9 81
3 2 4 54 -3 81
3 2 4 54 9 81
3 2 4 54 27 81
3 2 4 54 51 81
3 2 4 54 81 81
3 2 4 54 117 81
3 2 4 55 9 -1224
3 2 4 55 -15 -1200
3 2 4 55 6 -654
3 2 4 55 -12 -636
3 2 4 55 3 -246
3 2 4 55 -9 -234
3 2 4 55 -6 6
3 2 4 55 -3 84
3 2 4 56 9 -1233
3 2 4 56 -15 -1185
3 2 4 56 6 -660
3 2 4 56 -12 -624
3 2 4 56 3 -249
3 2 4 56 -9 -225
3 2 4 56 -6 12
3 2 4 56 -3 87
3 2 4 57 9 -1242
3 2 4 57 -15 -1170
3 2 4 57 6 -666
3 2 4 57 -12 -612
3 2 4 57 3 -252
3 2 4 57 -9 -216
3 2 4 57 -6 18
3 2 4 57 -3 90
3 2 4 58 9 -1251
3 2 4 58 -15 -1155
3 2 4 58 6 -672
3 2 4 58 -12 -600
3 2 4 58 3 -255
3 2 4 58 -9 -207
3 2 4 58 -6 24
3 2 4 58 -3 93
3 2 4 59 9 -1260
3 2 4 59 -15 -1140
3 2 4 59 6 -678
3 2 4 59 -12 -588
3 2 4 59 3 -258
3 2 4 59 -9 -198
3 2 4 59 -6 30
3 2 4 59 -3 96
3 2 4 60 9 -1269
3 2 4 60 -15 -1125
3 2 4 60 6 -684
3 2 4 60 -12 -576
3 2 4 60 3 -261
3 2 4 60 -9 -189
3 2 4 60 -6 36
3 2 4 60 -3 99
3 2 4 61 9 -1278
3 2 4 61 -15 -1110
3 2 4 61 6 -690
3 2 4 61 -12 -564
3 2 4 61 3 -264
3 2 4 61 -9 -180
3 2 4 61 -6 42
3 2 4 61 -3 102
3 2 4 62 9 -1287
3 2 4 62 -15 -1095
3 2 4 62 6 -696
3 2 4 62 -12 -552
3 2 4 62 3 -267
3 2 4 62 -9 -171
3 2 4 62 -6 48
3 2 4 62 -3 105
3 2 4 63 9 -1296
3 2 4 63 -15 -1080
3 2 4 63 6 -702
3 2 4 63 -12 -540
3 2 4 63 3 -270
3 2 4 63 -9 -162
3 2 4 63 -6 54
3 2 4 63 -3 108
3 2 4 64 9 -1305
3 2 4 64 -15 -1065
3 2 4 64 6 -708
3 2 4 64 -12 -528
3 2 4 64 3 -273
3 2 4 64 -9 -153
3 2 4 64 -6 60
3 2 4 64 -3 111
3 2 4 65 9 -1314
3 2 4 65 -15 -1050
3 2 4 65 6 -714
3 2 4 65 -12 -516
3 2 4 65 3 -276
3 2 4 65 -9 -144
3 2 4 65 -6 66
3 2 4 65 -3 114
3 2 4 66 9 -1323
3 2 4 66 -15 -1035
3 2 4 66 6 -720
3 2 4 66 -12 -504
3 2 4 66 3 -279
3 2 4 66 -9 -135
3 2 4 66 -6 72
3 2 4 66 -3 117
3 2 4 67 9 -1332
3 2 4 67 -15 -1020
3 2 4 67 6 -726
3 2 4 67 -12 -492
3 2 4 67 3 -282
3 2 4 67 -9 -126
3 2 4 67 -6 78
3 2 4 67 -3 120
3 2 4 68 -15 -1005
3 2 4 68 6 -732
3 2 4 68 -12 -480
3 2 4 68 3 -285
3 2 4 68 -9 -117
3 2 4 68 -6 84
3 2 4 68 -3 123
3 2 4 69 -15 -990
3 2 4 69 6 -738
3 2 4 69 -12 -468
3 2 4 69 3 -288
3 2 4 69 -9 -108
3 2 4 69 -6 90
3 2 4 69 -3 126
3 2 4 70 -15 -975
3 2 4 70 6 -744
3 2 4 70 -12 -456
3 2 4 70 3 -291
3 2 4 70 -9 -99
3 2 4 70 -6 96
3 2 4 70 -3 129
3 2 4 71 -15 -960
3 2 4 71 6 -750
3 2 4 71 -12 -444
3 2 4 71 3 -294
3 2 4 71 -9 -90
3 2 4 71 -6 102
3 2 4 71 -3 132
3 2 4 72 -15 -945
3 2 4 72 6 -756
3 2 4 72 -12 -432
3 2 4 72 3 -297
3 2 4 72 -9 -81
3 2 4 72 -6 108
3 2 4 72 -3 135
3 2 4 72 -12 144
3 2 4 72 12 144
3 2 4 72 36 144
3 2 4 72 108 144
3 2 4 73 -15 -930
3 2 4 73 6 -762
3 2 4 73 -12 -420
3 2 4 73 3 -300
3 2 4 73 -9 -72
3 2 4 73 -6 114
3 2 4 73 -3 138
3 2 4 74 -15 -915
3 2 4 74 6 -768
3 2 4 74 -12 -408
3 2 4 74 3 -303
3 2 4 74 -9 -63
3 2 4 74 -6 120
3 2 4 74 -3 141
3 2 4 75 -15 -900
3 2 4 75 6 -774
3 2 4 75 -12 -396
3 2 4 75 3 -306
3 2 4 75 -9 -54
3 2 4 75 -6 126
3 2 4 75 -3 144
3 2 4 76 -15 -885
3 2 4 76 6 -780
3 2 4 76 -12 -384
3 2 4 76 3 -309
3 2 4 76 -9 -45
3 2 4 76 -6 132
3 2 4 76 -3 147
3 2 4 77 -15 -870
3 2 4 77 6 -786
3 2 4 77 -12 -372
3 2 4 77 3 -312
3 2 4 77 -9 -36
3 2 4 77 -6 138
3 2 4 77 -3 150
3 2 4 78 -15 -855
3 2 4 78 6 -792
3 2 4 78 -12 -360
3 2 4 78 3 -315
3 2 4 78 -9 -27
3 2 4 78 -6 144
3 2 4 78 -3 153
3 2 4 79 -15 -840
3 2 4 79 6 -798
3 2 4 79 -12 -348
3 2 4 79 3 -318
3 2 4 79 -9 -18
3 2 4 79 -6 150
3 2 4 79 -3 156
3 2 4 80 -15 -825
3 2 4 80 6 -804
3 2 4 80 -12 -336
3 2 4 80 3 -321
3 2 4 80 -9 -9
3 2 4 80 -6 156
3 2 4 80 -3 159
3 2 4 81 -15 -810
3 2 4 81 6 -810
3 2 4 81 -12 -324
3 2 4 81 3 -324
3 2 4 81 -6 162
3 2 4 81 -3 162
3 2 4 82 6 -816
3 2 4 82 -15 -795
3 2 4 82 3 -327
3 2 4 82 -12 -312
3 2 4 82 -9 9
3 2 4 82 -3 165
3 2 4 82 -6 168
3 2 4 83 6 -822
3 2 4 83 -15 -780
3 2 4 83 3 -330
3 2 4 83 -12 -300
3 2 4 83 -9 18
3 2 4 83 -3 168
3 2 4 83 -6 174
3 2 4 84 6 -828
3 2 4 84 -15 -765
3 2 4 84 3 -333
3 2 4 84 -12 -288
3 2 4 84 -9 27
3 2 4 84 -3 171
3 2 4 84 -6 180
3 2 4 85 6 -834
3 2 4 85 -15 -750
3 2 4 85 3 -336
3 2 4 85 -12 -276
3 2 4 85 -9 36
3 2 4 85 -3 174
3 2 4 85 -6 186
3 2 4 86 6 -840
3 2 4 86 -15 -735
3 2 4 86 3 -339
3 2 4 86 -12 -264
3 2 4 86 -9 45
3 2 4 86 -3 177
3 2 4 86 -6 192
3 2 4 87 6 -846
3 2 4 87 -15 -720
3 2 4 87 3 -342
3 2 4 87 -12 -252
3 2 4 87 -9 54
3 2 4 87 -3 180
3 2 4 87 -6 198
3 2 4 88 -18 -1332
3 2 4 88 6 -852
3 2 4 88 -15 -705
3 2 4 88 3 -345
3 2 4 88 -12 -240
3 2 4 88 -9 63
3 2 4 88 -3 183
3 2 4 88 -6 204
3 2 4 89 -18 -1314
3 2 4 89 6 -858
3 2 4 89 -15 -690
3 2 4 89 3 -348
3 2 4 89 -12 -228
3 2 4 89 -9 72
3 2 4 89 -3 186
3 2 4 89 -6 210
3 2 4 90 -18 -1296
3 2 4 90 6 -864
3 2 4 90 -15 -675
3 2 4 90 3 -351
3 2 4 90 -12 -216
3 2 4 90 -9 81
3 2 4 90 -3 189
3 2 4 90 -6 216
3 2 4 90 -15 225
3 2 4 90 15 225
3 2 4 90 45 225
3 2 4 90 135 225
3 2 4 91 -18 -1278
3 2 4 91 6 -870
3 2 4 91 -15 -660
3 2 4 91 3 -354
3 2 4 91 -12 -204
3 2 4 91 -9 90
3 2 4 91 -3 192
3 2 4 91 -6 222
3 2 4 92 -18 -1260
3 2 4 92 6 -876
3 2 4 92 -15 -645
3 2 4 92 3 -357
3 2 4 92 -12 -192
3 2 4 92 -9 99
3 2 4 92 -3 195
3 2 4 92 -6 228
3 2 4 93 -18 -1242
3 2 4 93 6 -882
3 2 4 93 -15 -630
3 2 4 93 3 -360
3 2 4 93 -12 -180
3 2 4 93 -9 108
3 2 4 93 -3 198
3 2 4 93 -6 234
3 2 4 94 -18 -1224
3 2 4 94 6 -888
3 2 4 94 -15 -615
3 2 4 94 3 -363
3 2 4 94 -12 -168
3 2 4 94 -9 117
3 2 4 94 -3 201
3 2 4 94 -6 240
3 2 4 95 -18 -1206
3 2 4 95 6 -894
3 2 4 95 -15 -600
3 2 4 95 3 -366
3 2 4 95 -12 -156
3 2 4 95 -9 126
3 2 4 95 -3 204
3 2 4 95 -6 246
3 2 4 96 -18 -1188
3 2 4 96 6 -900
3 2 4 96 -15 -585
3 2 4 96 3 -369
3 2 4 96 -12 -144
3 2 4 96 -9 135
3 2 4 96 -3 207
3 2 4 96 -6 252
3 2 4 97 -18 -1170
3 2 4 97 6 -906
3 2 4 97 -15 -570
3 2 4 97 3 -372
3 2 4 97 -12 -132
3 2 4 97 -9 144
3 2 4 97 -3 210
3 2 4 97 -6 258
3 2 4 98 -18 -1152
3 2 4 98 6 -912
3 2 4 98 -15 -555
3 2 4 98 3 -375
3 2 4 98 -12 -120
3 2 4 98 -9 153
3 2 4 98 -3 213
3 2 4 98 -6 264
3 2 4 99 -18 -1134
3 2 4 99 6 -918
3 2 4 99 -15 -540
3 2 4 99 3 -378
3 2 4 99 -12 -108
3 2 4 99 -9 162
3 2 4 99 -3 216
3 2 4 99 -6 270
3 2 4 100 -18 -1116
3 2 4 100 6 -924
3 2 4 100 -15 -525
3 2 4 100 3 -381
3 2 4 100 -12 -96
3 2 4 100 -9 171
3 2 4 100 -3 219
3 2 4 100 -6 276
3 2 4 101 -18 -1098
3 2 4 101 6 -930
3 2 4 101 -15 -510
3 2 4 101 3 -384
3 2 4 101 -12 -84
3 2 4 101 -9 180
3 2 4 101 -3 222
3 2 4 101 -6 282
3 2 4 102 -18 -1080
3 2 4 102 6 -936
3 2 4 102 -15 -495
3 2 4 102 3 -387
3 2 4 102 -12 -72
3 2 4 102 -9 189
3 2 4 102 -3 225
3 2 4 102 -6 288
3 2 4 103 -18 -1062
3 2 4 103 6 -942
3 2 4 103 -15 -480
3 2 4 103 3 -390
3 2 4 103 -12 -60
3 2 4 103 -9 198
3 2 4 103 -3 228
3 2 4 103 -6 294
3 2 4 104 -18 -1044
3 2 4 104 6 -948
3 2 4 104 -15 -465
3 2 4 104 3 -393
3 2 4 104 -12 -48
3 2 4 104 -9 207
3 2 4 104 -3 231
3 2 4 104 -6 300
3 2 4 105 -18 -1026
3 2 4 105 6 -954
3 2 4 105 -15 -450
3 2 4 105 3 -396
3 2 4 105 -12 -36
3 2 4 105 -9 216
3 2 4 105 -3 234
3 2 4 105 -6 306
3 2 4 106 -18 -1008
3 2 4 106 6 -960
3 2 4 106 -15 -435
3 2 4 106 3 -399
3 2 4 106 -12 -24
3 2 4 106 -9 225
3 2 4 106 -3 237
3 2 4 106 -6 312
3 2 4 107 -18 -990
3 2 4 107 6 -966
3 2 4 107 -15 -420
3 2 4 107 3 -402
3 2 4 107 -12 -12
3 2 4 107 -9 234
3 2 4 107 -3 240
3 2 4 107 -6 318
3 2 4 108 -18 -972
3 2 4 108 6 -972
3 2 4 108 -15 -405
3 2 4 108 3 -405
3 2 4 108 -9 243
3 2 4 108 -3 243
3 2 4 108 -18 324
3 2 4 108 -6 324
3 2 4 108 18 324
3 2 4 108 54 324
3 2 4 108 102 324
3 2 4 109 6 -978
3 2 4 109 -18 -954
3 2 4 109 3 -408
3 2 4 109 -15 -390
3 2 4 109 -12 12
3 2 4 109 -3 246
3 2 4 109 -9 252
3 2 4 109 -6 330
3 2 4 110 6 -984
3 2 4 110 -18 -936
3 2 4 110 3 -411
3 2 4 110 -15 -375
3 2 4 110 -12 24
3 2 4 110 -3 249
3 2 4 110 -9 261
3 2 4 110 -6 336
3 2 4 111 6 -990
3 2 4 111 -18 -918
3 2 4 111 3 -414
3 2 4 111 -15 -360
3 2 4 111 -12 36
3 2 4 111 -3 252
3 2 4 111 -9 270
3 2 4 111 -6 342
3 2 4 112 6 -996
3 2 4 112 -18 -900
3 2 4 112 3 -417
3 2 4 112 -15 -345
3 2 4 112 -12 48
3 2 4 112 -3 255
3 2 4 112 -9 279
3 2 4 112 -6 348
3 2 4 113 6 -1002
3 2 4 113 -18 -882
3 2 4 113 3 -420
3 2 4 113 -15 -330
3 2 4 113 -12 60
3 2 4 113 -3 258
3 2 4 113 -9 288
3 2 4 113 -6 354
3 2 4 114 6 -1008
3 2 4 114 -18 -864
3 2 4 114 3 -423
3 2 4 114 -15 -315
3 2 4 114 -12 72
3 2 4 114 -3 261
3 2 4 114 -9 297
3 2 4 114 -6 360
3 2 4 115 6 -1014
3 2 4 115 -18 -846
3 2 4 115 3 -426
3 2 4 115 -15 -300
3 2 4 115 -12 84
3 2 4 115 -3 264
3 2 4 115 -9 306
3 2 4 115 -6 366
3 2 4 116 6 -1020
3 2 4 116 -18 -828
3 2 4 116 3 -429
3 2 4 116 -15 -285
3 2 4 116 -12 96
3 2 4 116 -3 267
3 2 4 116 -9 315
3 2 4 116 -6 372
3 2 4 117 6 -1026
3 2 4 117 -18 -810
3 2 4 117 3 -432
3 2 4 117 -15 -270
3 2 4 117 -12 108
3 2 4 117 -3 270
3 2 4 117 -9 324
3 2 4 117 -6 378
3 2 4 118 6 -1032
3 2 4 118 -18 -792
3 2 4 118 3 -435
3 2 4 118 -15 -255
3 2 4 118 -12 120
3 2 4 118 -3 273
3 2 4 118 -9 333
3 2 4 118 -6 384
3 2 4 119 6 -1038
3 2 4 119 -18 -774
3 2 4 119 3 -438
3 2 4 119 -15 -240
3 2 4 119 -12 132
3 2 4 119 -3 276
3 2 4 119 -9 342
3 2 4 119 -6 390
3 2 4 120 6 -1044
3 2 4 120 -18 -756
3 2 4 120 3 -441
3 2 4 120 -15 -225
3 2 4 120 -12 144
3 2 4 120 -3 279
3 2 4 120 -9 351
3 2 4 120 -6 396
3 2 4 121 6 -1050
3 2 4 121 -18 -738
3 2 4 121 3 -444
3 2 4 121 -15 -210
3 2 4 121 -12 156
3 2 4 121 -3 282
3 2 4 121 -9 360
3 2 4 121 -6 402
3 2 4 122 6 -1056
3 2 4 122 -18 -720
3 2 4 122 3 -447
3 2 4 122 -15 -195
3 2 4 122 -12 168
3 2 4 122 -3 285
3 2 4 122 -9 369
3 2 4 122 -6 408
3 2 4 123 6 -1062
3 2 4 123 -18 -702
3 2 4 123 3 -450
3 2 4 123 -15 -180
3 2 4 123 -12 180
3 2 4 123 -3 288
3 2 4 123 -9 378
3 2 4 123 -6 414
3 2 4 124 6 -1068
3 2 4 124 -18 -684
3 2 4 124 3 -453
3 2 4 124 -15 -165
3 2 4 124 -12 192
3 2 4 124 -3 291
3 2 4 124 -9 387
3 2 4 124 -6 420
3 2 4 125 6 -1074
3 2 4 125 -18 -666
3 2 4 125 3 -456
3 2 4 125 -15 -150
3 2 4 125 -12 204
3 2 4 125 -3 294
3 2 4 125 -9 396
3 2 4 125 -6 426
3 2 4 126 -21 -1323
3 2 4 126 6 -1080
3 2 4 126 -18 -648
3 2 4 126 3 -459
3 2 4 126 -15 -135
3 2 4 126 -12 216
3 2 4 126 -3 297
3 2 4 126 -9 405
3 2 4 126 -6 432
3 2 4 126 -21 441
3 2 4 126 21 441
3 2 4 126 63 441
3 2 4 127 -21 -1302
3 2 4 127 6 -1086
3 2 4 127 -18 -630
3 2 4 127 3 -462
3 2 4 127 -15 -120
3 2 4 127 -12 228
3 2 4 127 -3 300
3 2 4 127 -9 414
3 2 4 127 -6 438
3 2 4 128 -21 -1281
3 2 4 128 6 -1092
3 2 4 128 -18 -612
3 2 4 128 3 -465
3 2 4 128 -15 -105
3 2 4 128 -12 240
3 2 4 128 -3 303
3 2 4 128 -9 423
3 2 4 128 -6 444
3 2 4 129 -21 -1260
3 2 4 129 6 -1098
3 2 4 129 -18 -594
3 2 4 129 3 -468
3 2 4 129 -15 -90
3 2 4 129 -12 252
3 2 4 129 -3 306
3 2 4 129 -9 432
3 2 4 129 -6 450
3 2 4 130 -21 -1239
3 2 4 130 6 -1104
3 2 4 130 -18 -576
3 2 4 130 3 -471
3 2 4 130 -15 -75
3 2 4 130 -12 264
3 2 4 130 -3 309
3 2 4 130 -9 441
3 2 4 130 -6 456
3 2 4 131 -21 -1218
3 2 4 131 6 -1110
3 2 4 131 -18 -558
3 2 4 131 3 -474
3 2 4 131 -15 -60
3 2 4 131 -12 276
3 2 4 131 -3 312
3 2 4 131 -9 450
3 2 4 131 -6 462
3 2 4 132 -21 -1197
3 2 4 132 6 -1116
3 2 4 132 -18 -540
3 2 4 132 3 -477
3 2 4 132 -15 -45
3 2 4 132 -12 288
3 2 4 132 -3 315
3 2 4 132 -9 459
3 2 4 132 -6 468
3 2 4 133 -21 -1176
3 2 4 133 6 -1122
3 2 4 133 -18 -522
3 2 4 133 3 -480
3 2 4 133 -15 -30
3 2 4 133 -12 300
3 2 4 133 -3 318
3 2 4 133 -9 468
3 2 4 133 -6 474
3 2 4 134 -21 -1155
3 2 4 134 6 -1128
3 2 4 134 -18 -504
3 2 4 134 3 -483
3 2 4 134 -15 -15
3 2 4 134 -12 312
3 2 4 134 -3 321
3 2 4 134 -9 477
3 2 4 134 -6 480
3 2 4 135 -21 -1134
3 2 4 135 6 -1134
3 2 4 135 -18 -486
3 2 4 135 3 -486
3 2 4 135 -12 324
3 2 4 135 -3 324
3 2 4 135 -9 486
3 2 4 135 -6 486
3 2 4 136 6 -1140
3 2 4 136 -21 -1113
3 2 4 136 3 -489
3 2 4 136 -18 -468
3 2 4 136 -15 15
3 2 4 136 -3 327
3 2 4 136 -12 336
3 2 4 136 -6 492
3 2 4 136 -9 495
3 2 4 137 6 -1146
3 2 4 137 -21 -1092
3 2 4 137 3 -492
3 2 4 137 -18 -450
3 2 4 137 -15 30
3 2 4 137 -3 330
3 2 4 137 -12 348
3 2 4 137 -6 498
3 2 4 137 -9 504
3 2 4 138 6 -1152
3 2 4 138 -21 -1071
3 2 4 138 3 -495
3 2 4 138 -18 -432
3 2 4 138 -15 45
3 2 4 138 -3 333
3 2 4 138 -12 360
3 2 4 138 -6 504
3 2 4 138 -9 513
3 2 4 139 6 -1158
3 2 4 139 -21 -1050
3 2 4 139 3 -498
3 2 4 139 -18 -414
3 2 4 139 -15 60
3 2 4 139 -3 336
3 2 4 139 -12 372
3 2 4 139 -6 510
3 2 4 139 -9 522
3 2 4 140 6 -1164
3 2 4 140 -21 -1029
3 2 4 140 3 -501
3 2 4 140 -18 -396
3 2 4 140 -15 75
3 2 4 140 -3 339
3 2 4 140 -12 384
3 2 4 140 -6 516
3 2 4 140 -9 531
3 2 4 141 6 -1170
3 2 4 141 -21 -1008
3 2 4 141 3 -504
3 2 4 141 -18 -378
3 2 4 141 -15 90
3 2 4 141 -3 342
3 2 4 141 -12 396
3 2 4 141 -6 522
3 2 4 141 -9 540
3 2 4 142 6 -1176
3 2 4 142 -21 -987
3 2 4 142 3 -507
3 2 4 142 -18 -360
3 2 4 142 -15 105
3 2 4 142 -3 345
3 2 4 142 -12 408
3 2 4 142 -6 528
3 2 4 142 -9 549
3 2 4 143 6 -1182
3 2 4 143 -21 -966
3 2 4 143 3 -510
3 2 4 143 -18 -342
3 2 4 143 -15 120
3 2 4 143 -3 348
3 2 4 143 -12 420
3 2 4 143 -6 534
3 2 4 143 -9 558
3 2 4 144 6 -1188
3 2 4 144 -21 -945
3 2 4 144 3 -513
3 2 4 144 -18 -324
3 2 4 144 -15 135
3 2 4 144 -3 351
3 2 4 144 -12 432
3 2 4 144 -6 540
3 2 4 144 -9 567
3 2 4 144 -24 576
3 2 4 144 24 576
3 2 4 144 72 576
3 2 4 145 6 -1194
3 2 4 145 -21 -924
3 2 4 145 3 -516
3 2 4 145 -18 -306
3 2 4 145 -15 150
3 2 4 145 -3 354
3 2 4 145 -12 444
3 2 4 145 -6 546
3 2 4 145 -9 576
3 2 4 146 6 -1200
3 2 4 146 -21 -903
3 2 4 146 3 -519
3 2 4 146 -18 -288
3 2 4 146 -15 165
3 2 4 146 -3 357
3 2 4 146 -12 456
3 2 4 146 -6 552
3 2 4 146 -9 585
3 2 4 147 6 -1206
3 2 4 147 -21 -882
3 2 4 147 3 -522
3 2 4 147 -18 -270
3 2 4 147 -15 180
3 2 4 147 -3 360
3 2 4 147 -12 468
3 2 4 147 -6 558
3 2 4 147 -9 594
3 2 4 148 6 -1212
3 2 4 148 -21 -861
3 2 4 148 3 -525
3 2 4 148 -18 -252
3 2 4 148 -15 195
3 2 4 148 -3 363
3 2 4 148 -12 480
3 2 4 148 -6 564
3 2 4 148 -9 603
3 2 4 149 6 -1218
3 2 4 149 -21 -840
3 2 4 149 3 -528
3 2 4 149 -18 -234
3 2 4 149 -15 210
3 2 4 149 -3 366
3 2 4 149 -12 492
3 2 4 149 -6 570
3 2 4 149 -9 612
3 2 4 150 6 -1224
3 2 4 150 -21 -819
3 2 4 150 3 -531
3 2 4 150 -18 -216
3 2 4 150 -15 225
3 2 4 150 -3 369
3 2 4 150 -12 504
3 2 4 150 -6 576
3 2 4 150 -9 621
3 2 4 151 6 -1230
3 2 4 151 -21 -798
3 2 4 151 3 -534
3 2 4 151 -18 -198
3 2 4 151 -15 240
3 2 4 151 -3 372
3 2 4 151 -12 516
3 2 4 151 -6 582
3 2 4 151 -9 630
3 2 4 152 6 -1236
3 2 4 152 -21 -777
3 2 4 152 3 -537
3 2 4 152 -18 -180
3 2 4 152 -15 255
3 2 4 152 -3 375
3 2 4 152 -12 528
3 2 4 152 -6 588
3 2 4 152 -9 639
3 2 4 153 6 -1242
3 2 4 153 -21 -756
3 2 4 153 3 -540
3 2 4 153 -18 -162
3 2 4 153 -15 270
3 2 4 153 -3 378
3 2 4 153 -12 540
3 2 4 153 -6 594
3 2 4 153 -9 648
3 2 4 154 6 -1248
3 2 4 154 -21 -735
3 2 4 154 3 -543
3 2 4 154 -18 -144
3 2 4 154 -15 285
3 2 4 154 -3 381
3 2 4 154 -12 552
3 2 4 154 -6 600
3 2 4 154 -9 657
3 2 4 155 6 -1254
3 2 4 155 -21 -714
3 2 4 155 3 -546
3 2 4 155 -18 -126
3 2 4 155 -15 300
3 2 4 155 -3 384
3 2 4 155 -12 564
3 2 4 155 -6 606
3 2 4 155 -9 666
3 2 4 156 6 -1260
3 2 4 156 -21 -693
3 2 4 156 3 -549
3 2 4 156 -18 -108
3 2 4 156 -15 315
3 2 4 156 -3 387
3 2 4 156 -12 576
3 2 4 156 -6 612
3 2 4 156 -9 675
3 2 4 157 6 -1266
3 2 4 157 -21 -672
3 2 4 157 3 -552
3 2 4 157 -18 -90
3 2 4 157 -15 330
3 2 4 157 -3 390
3 2 4 157 -12 588
3 2 4 157 -6 618
3 2 4 157 -9 684
3 2 4 158 6 -1272
3 2 4 158 -21 -651
3 2 4 158 3 -555
3 2 4 158 -18 -72
3 2 4 158 -15 345
3 2 4 158 -3 393
3 2 4 158 -12 600
3 2 4 158 -6 624
3 2 4 158 -9 693
3 2 4 159 6 -1278
3 2 4 159 -21 -630
3 2 4 159 3 -558
3 2 4 159 -18 -54
3 2 4 159 -15 360
3 2 4 159 -3 396
3 2 4 159 -12 612
3 2 4 159 -6 630
3 2 4 159 -9 702
3 2 4 160 6 -1284
3 2 4 160 -21 -609
3 2 4 160 3 -561
3 2 4 160 -18 -36
3 2 4 160 -15 375
3 2 4 160 -3 399
3 2 4 160 -12 624
3 2 4 160 -6 636
3 2 4 160 -9 711
3 2 4 161 -24 -1320
3 2 4 161 6 -1290
3 2 4 161 -21 -588
3 2 4 161 3 -564
3 2 4 161 -18 -18
3 2 4 161 -15 390
3 2 4 161 -3 402
3 2 4 161 -12 636
3 2 4 161 -6 642
3 2 4 161 -9 720
3 2 4 162 -24 -1296
3 2 4 162 6 -1296
3 2 4 162 -21 -567
3 2 4 162 3 -567
3 2 4 162 -15 405
3 2 4 162 -3 405
3 2 4 162 -12 648
3 2 4 162 -6 648
3 2 4 162 -27 729
3 2 4 162 -9 729
3 2 4 162 27 729
3 2 4 162 81 729
3 2 4 163 6 -1302
3 2 4 163 -24 -1272
3 2 4 163 3 -570
3 2 4 163 -21 -546
3 2 4 163 -18 18
3 2 4 163 -3 408
3 2 4 163 -15 420
3 2 4 163 -6 654
3 2 4 163 -12 660
3 2 4 163 -9 738
3 2 4 164 6 -1308
3 2 4 164 -24 -1248
3 2 4 164 3 -573
3 2 4 164 -21 -525
3 2 4 164 -18 36
3 2 4 164 -3 411
3 2 4 164 -15 435
3 2 4 164 -6 660
3 2 4 164 -12 672
3 2 4 164 -9 747
3 2 4 165 6 -1314
3 2 4 165 -24 -1224
3 2 4 165 3 -576
3 2 4 165 -21 -504
3 2 4 165 -18 54
3 2 4 165 -3 414
3 2 4 165 -15 450
3 2 4 165 -6 666
3 2 4 165 -12 684
3 2 4 165 -9 756
3 2 4 166 6 -1320
3 2 4 166 -24 -1200
3 2 4 166 3 -579
3 2 4 166 -21 -483
3 2 4 166 -18 72
3 2 4 166 -3 417
3 2 4 166 -15 465
3 2 4 166 -6 672
3 2 4 166 -12 696
3 2 4 166 -9 765
3 2 4 167 6 -1326
3 2 4 167 -24 -1176
3 2 4 167 3 -582
3 2 4 167 -21 -462
3 2 4 167 -18 90
3 2 4 167 -3 420
3 2 4 167 -15 480
3 2 4 167 -6 678
3 2 4 167 -12 708
3 2 4 167 -9 774
3 2 4 168 6 -1332
3 2 4 168 -24 -1152
3 2 4 168 3 -585
3 2 4 168 -21 -441
3 2 4 168 -18 108
3 2 4 168 -3 423
3 2 4 168 -15 495
3 2 4 168 -6 684
3 2 4 168 -12 720
3 2 4 168 -9 783
3 2 4 169 -24 -1128
3 2 4 169 3 -588
3 2 4 169 -21 -420
3 2 4 169 -18 126
3 2 4 169 -3 426
3 2 4 169 -15 510
3 2 4 169 -6 690
3 2 4 169 -12 732
3 2 4 169 -9 792
3 2 4 170 -24 -1104
3 2 4 170 3 -591
3 2 4 170 -21 -399
3 2 4 170 -18 144
3 2 4 170 -3 429
3 2 4 170 -15 525
3 2 4 170 -6 696
3 2 4 170 -12 744
3 2 4 170 -9 801
3 2 4 171 -24 -1080
3 2 4 171 3 -594
3 2 4 171 -21 -378
3 2 4 171 -18 162
3 2 4 171 -3 432
3 2 4 171 -15 540
3 2 4 171 -6 702
3 2 4 171 -12 756
3 2 4 171 -9 810
3 2 4 172 -24 -1056
3 2 4 172 3 -597
3 2 4 172 -21 -357
3 2 4 172 -18 180
3 2 4 172 -3 435
3 2 4 172 -15 555
3 2 4 172 -6 708
3 2 4 172 -12 768
3 2 4 172 -9 819
3 2 4 173 -24 -1032
3 2 4 173 3 -600
3 2 4 173 -21 -336
3 2 4 173 -18 198
3 2 4 173 -3 438
3 2 4 173 -15 570
3 2 4 173 -6 714
3 2 4 173 -12 780
3 2 4 173 -9 828
3 2 4 174 -24 -1008
3 2 4 174 3 -603
3 2 4 174 -21 -315
3 2 4 174 -18 216
3 2 4 174 -3 441
3 2 4 174 -15 585
3 2 4 174 -6 720
3 2 4 174 -12 792
3 2 4 174 -9 837
3 2 4 175 -24 -984
3 2 4 175 3 -606
3 2 4 175 -21 -294
3 2 4 175 -18 234
3 2 4 175 -3 444
3 2 4 175 -15 600
3 2 4 175 -6 726
3 2 4 175 -12 804
3 2 4 175 -9 846
3 2 4 176 -24 -960
3 2 4 176 3 -609
3 2 4 176 -21 -273
3 2 4 176 -18 252
3 2 4 176 -3 447
3 2 4 176 -15 615
3 2 4 176 -6 732
3 2 4 176 -12 816
3 2 4 176 -9 855
3 2 4 177 -24 -936
3 2 4 177 3 -612
3 2 4 177 -21 -252
3 2 4 177 -18 270
3 2 4 177 -3 450
3 2 4 177 -15 630
3 2 4 177 -6 738
3 2 4 177 -12 828
3 2 4 177 -9 864
3 2 4 178 -24 -912
3 2 4 178 3 -615
3 2 4 178 -21 -231
3 2 4 178 -18 288
3 2 4 178 -3 453
3 2 4 178 -15 645
3 2 4 178 -6 744
3 2 4 178 -12 840
3 2 4 178 -9 873
3 2 4 179 -24 -888
3 2 4 179 3 -618
3 2 4 179 -21 -210
3 2 4 179 -18 306
3 2 4 179 -3 456
3 2 4 179 -15 660
3 2 4 179 -6 750
3 2 4 179 -12 852
3 2 4 179 -9 882
3 2 4 180 -24 -864
3 2 4 180 3 -621
3 2 4 180 -21 -189
3 2 4 180 -18 324
3 2 4 180 -3 459
3 2 4 180 -15 675
3 2 4 180 -6 756
3 2 4 180 -12 864
3 2 4 180 -9 891
3 2 4 180 -30 900
3 2 4 180 30 900
3 2 4 180 90 900
3 2 4 181 -24 -840
3 2 4 181 3 -624
3 2 4 181 -21 -168
3 2 4 181 -18 342
3 2 4 181 -3 462
3 2 4 181 -15 690
3 2 4 181 -6 762
3 2 4 181 -12 876
3 2 4 181 -9 900
3 2 4 182 -24 -816
3 2 4 182 3 -627
3 2 4 182 -21 -147
3 2 4 182 -18 360
3 2 4 182 -3 465
3 2 4 182 -15 705
3 2 4 182 -6 768
3 2 4 182 -12 888
3 2 4 182 -9 909
3 2 4 183 -24 -792
3 2 4 183 3 -630
3 2 4 183 -21 -126
3 2 4 183 -18 378
3 2 4 183 -3 468
3 2 4 183 -15 720
3 2 4 183 -6 774
3 2 4 183 -12 900
3 2 4 183 -9 918
3 2 4 184 -24 -768
3 2 4 184 3 -633
3 2 4 184 -21 -105
3 2 4 184 -18 396
3 2 4 184 -3 471
3 2 4 184 -15 735
3 2 4 184 -6 780
3 2 4 184 -12 912
3 2 4 184 -9 927
3 2 4 185 -24 -744
3 2 4 185 3 -636
3 2 4 185 -21 -84
3 2 4 185 -18 414
3 2 4 185 -3 474
3 2 4 185 -15 750
3 2 4 185 -6 786
3 2 4 185 -12 924
3 2 4 185 -9 936
3 2 4 186 -24 -720
3 2 4 186 3 -639
3 2 4 186 -21 -63
3 2 4 186 -18 432
3 2 4 186 -3 477
3 2 4 186 -15 765
3 2 4 186 -6 792
3 2 4 186 -12 936
3 2 4 186 -9 945
3 2 4 187 -24 -696
3 2 4 187 3 -642
3 2 4 187 -21 -42
3 2 4 187 -18 450
3 2 4 187 -3 480
3 2 4 187 -15 780
3 2 4 187 -6 798
3 2 4 187 -12 948
3 2 4 187 -9 954
3 2 4 188 -24 -672
3 2 4 188 3 -645
3 2 4 188 -21 -21
3 2 4 188 -18 468
3 2 4 188 -3 483
3 2 4 188 -15 795
3 2 4 188 -6 804
3 2 4 188 -12 960
3 2 4 188 -9 963
3 2 4 189 -24 -648
3 2 4 189 3 -648
3 2 4 189 -18 486
3 2 4 189 -3 486
3 2 4 189 -15 810
3 2 4 189 -6 810
3 2 4 189 -12 972
3 2 4 189 -9 972
3 2 4 190 3 -651
3 2 4 190 -24 -624
3 2 4 190 -21 21
3 2 4 190 -3 489
3 2 4 190 -18 504
3 2 4 190 -6 816
3 2 4 190 -15 825
3 2 4 190 -9 981
3 2 4 190 -12 984
3 2 4 191 3 -654
3 2 4 191 -24 -600
3 2 4 191 -21 42
3 2 4 191 -3 492
3 2 4 191 -18 522
3 2 4 191 -6 822
3 2 4 191 -15 840
3 2 4 191 -9 990
3 2 4 191 -12 996
3 2 4 192 3 -657
3 2 4 192 -24 -576
3 2 4 192 -21 63
3 2 4 192 -3 495
3 2 4 192 -18 540
3 2 4 192 -6 828
3 2 4 192 -15 855
3 2 4 192 -9 999
3 2 4 192 -12 1008
3 2 4 193 3 -660
3 2 4 193 -24 -552
3 2 4 193 -21 84
3 2 4 193 -3 498
3 2 4 193 -18 558
3 2 4 193 -6 834
3 2 4 193 -15 870
3 2 4 193 -9 1008
3 2 4 193 -12 1020
3 2 4 194 -27 -1323
3 2 4 194 3 -663
3 2 4 194 -24 -528
3 2 4 194 -21 105
3 2 4 194 -3 501
3 2 4 194 -18 576
3 2 4 194 -6 840
3 2 4 194 -15 885
3 2 4 194 -9 1017
3 2 4 194 -12 1032
3 2 4 195 -27 -1296
3 2 4 195 3 -666
3 2 4 195 -24 -504
3 2 4 195 -21 126
3 2 4 195 -3 504
3 2 4 195 -18 594
3 2 4 195 -6 846
3 2 4 195 -15 900
3 2 4 195 -9 1026
3 2 4 195 -12 1044
3 2 4 196 -27 -1269
3 2 4 196 3 -669
3 2 4 196 -24 -480
3 2 4 196 -21 147
3 2 4 196 -3 507
3 2 4 196 -18 612
3 2 4 196 -6 852
3 2 4 196 -15 915
3 2 4 196 -9 1035
3 2 4 196 -12 1056
3 2 4 197 -27 -1242
3 2 4 197 3 -672
3 2 4 197 -24 -456
3 2 4 197 -21 168
3 2 4 197 -3 510
3 2 4 197 -18 630
3 2 4 197 -6 858
3 2 4 197 -15 930
3 2 4 197 -9 1044
3 2 4 197 -12 1068
3 2 4 198 -27 -1215
3 2 4 198 3 -675
3 2 4 198 -24 -432
3 2 4 198 -21 189
3 2 4 198 -3 513
3 2 4 198 -18 648
3 2 4 198 -6 864
3 2 4 198 -15 945
3 2 4 198 -9 1053
3 2 4 198 -12 1080
3 2 4 198 -33 1089
3 2 4 198 33 1089
3 2 4 198 99 1089
3 2 4 199 -27 -1188
3 2 4 199 3 -678
3 2 4 199 -24 -408
3 2 4 199 -21 210
3 2 4 199 -3 516
3 2 4 199 -18 666
3 2 4 199 -6 870
3 2 4 199 -15 960
3 2 4 199 -9 1062
3 2 4 199 -12 1092
3 2 4 200 -27 -1161
3 2 4 200 3 -681
3 2 4 200 -24 -384
3 2 4 200 -21 231
3 2 4 200 -3 519
3 2 4 200 -18 684
3 2 4 200 -6 876
3 2 4 200 -15 975
3 2 4 200 -9 1071
3 2 4 200 -12 1104
3 2 4 201 -27 -1134
3 2 4 201 3 -684
3 2 4 201 -24 -360
3 2 4 201 -21 252
3 2 4 201 -3 522
3 2 4 201 -18 702
3 2 4 201 -6 882
3 2 4 201 -15 990
3 2 4 201 -9 1080
3 2 4 201 -12 1116
3 2 4 202 -27 -1107
3 2 4 202 3 -687
3 2 4 202 -24 -336
3 2 4 202 -21 273
3 2 4 202 -3 525
3 2 4 202 -18 720
3 2 4 202 -6 888
3 2 4 202 -15 1005
3 2 4 202 -9 1089
3 2 4 202 -12 1128
3 2 4 203 -27 -1080
3 2 4 203 3 -690
3 2 4 203 -24 -312
3 2 4 203 -21 294
3 2 4 203 -3 528
3 2 4 203 -18 738
3 2 4 203 -6 894
3 2 4 203 -15 1020
3 2 4 203 -9 1098
3 2 4 203 -12 1140
3 2 4 204 -27 -1053
3 2 4 204 3 -693
3 2 4 204 -24 -288
3 2 4 204 -21 315
3 2 4 204 -3 531
3 2 4 204 -18 756
3 2 4 204 -6 900
3 2 4 204 -15 1035
3 2 4 204 -9 1107
3 2 4 204 -12 1152
3 2 4 205 -27 -1026
3 2 4 205 3 -696
3 2 4 205 -24 -264
3 2 4 205 -21 336
3 2 4 205 -3 534
3 2 4 205 -18 774
3 2 4 205 -6 906
3 2 4 205 -15 1050
3 2 4 205 -9 1116
3 2 4 205 -12 1164
3 2 4 206 -27 -999
3 2 4 206 3 -699
3 2 4 206 -24 -240
3 2 4 206 -21 357
3 2 4 206 -3 537
3 2 4 206 -18 792
3 2 4 206 -6 912
3 2 4 206 -15 1065
3 2 4 206 -9 1125
3 2 4 206 -12 1176
3 2 4 207 -27 -972
3 2 4 207 3 -702
3 2 4 207 -24 -216
3 2 4 207 -21 378
3 2 4 207 -3 540
3 2 4 207 -18 810
3 2 4 207 -6 918
3 2 4 207 -15 1080
3 2 4 207 -9 1134
3 2 4 207 -12 1188
3 2 4 208 -27 -945
3 2 4 208 3 -705
3 2 4 208 -24 -192
3 2 4 208 -21 399
3 2 4 208 -3 543
3 2 4 208 -18 828
3 2 4 208 -6 924
3 2 4 208 -15 1095
3 2 4 208 -9 1143
3 2 4 208 -12 1200
3 2 4 209 -27 -918
3 2 4 209 3 -708
3 2 4 209 -24 -168
3 2 4 209 -21 420
3 2 4 209 -3 546
3 2 4 209 -18 846
3 2 4 209 -6 930
3 2 4 209 -15 1110
3 2 4 209 -9 1152
3 2 4 209 -12 1212
3 2 4 210 -27 -891
3 2 4 210 3 -711
3 2 4 210 -24 -144
3 2 4 210 -21 441
3 2 4 210 -3 549
3 2 4 210 -18 864
3 2 4 210 -6 936
3 2 4 210 -15 1125
3 2 4 210 -9 1161
3 2 4 210 -12 1224
3 2 4 211 -27 -864
3 2 4 211 3 -714
3 2 4 211 -24 -120
3 2 4 211 -21 462
3 2 4 211 -3 552
3 2 4 211 -18 882
3 2 4 211 -6 942
3 2 4 211 -15 1140
3 2 4 211 -9 1170
3 2 4 211 -12 1236
3 2 4 212 -27 -837
3 2 4 212 3 -717
3 2 4 212 -24 -96
3 2 4 212 -21 483
3 2 4 212 -3 555
3 2 4 212 -18 900
3 2 4 212 -6 948
3 2 4 212 -15 1155
3 2 4 212 -9 1179
3 2 4 212 -12 1248
3 2 4 213 -27 -810
3 2 4 213 3 -720
3 2 4 213 -24 -72
3 2 4 213 -21 504
3 2 4 213 -3 558
3 2 4 213 -18 918
3 2 4 213 -6 954
3 2 4 213 -15 1170
3 2 4 213 -9 1188
3 2 4 213 -12 1260
3 2 4 214 -27 -783
3 2 4 214 3 -723
3 2 4 214 -24 -48
3 2 4 214 -21 525
3 2 4 214 -3 561
3 2 4 214 -18 936
3 2 4 214 -6 960
3 2 4 214 -15 1185
3 2 4 214 -9 1197
3 2 4 214 -12 1272
3 2 4 215 -27 -756
3 2 4 215 3 -726
3 2 4 215 -24 -24
3 2 4 215 -21 546
3 2 4 215 -3 564
3 2 4 215 -18 954
3 2 4 215 -6 966
3 2 4 215 -15 1200
3 2 4 215 -9 1206
3 2 4 215 -12 1284
3 2 4 216 -27 -729
3 2 4 216 3 -729
3 2 4 216 -21 567
3 2 4 216 -3 567
3 2 4 216 -18 972
3 2 4 216 -6 972
3 2 4 216 -15 1215
3 2 4 216 -9 1215
3 2 4 216 -36 1296
3 2 4 216 -12 1296
3 2 4 216 36 1296
3 2 4 216 108 1296
3 2 4 217 3 -732
3 2 4 217 -27 -702
3 2 4 217 -24 24
3 2 4 217 -3 570
3 2 4 217 -21 588
3 2 4 217 -6 978
3 2 4 217 -18 990
3 2 4 217 -9 1224
3 2 4 217 -15 1230
3 2 4 217 -12 1308
3 2 4 218 3 -735
3 2 4 218 -27 -675
3 2 4 218 -24 48
3 2 4 218 -3 573
3 2 4 218 -21 609
3 2 4 218 -6 984
3 2 4 218 -18 1008
3 2 4 218 -9 1233
3 2 4 218 -15 1245
3 2 4 218 -12 1320
3 2 4 219 3 -738
3 2 4 219 -27 -648
3 2 4 219 -24 72
3 2 4 219 -3 576
3 2 4 219 -21 630
3 2 4 219 -6 990
3 2 4 219 -18 1026
3 2 4 219 -9 1242
3 2 4 219 -15 1260
3 2 4 219 -12 1332
3 2 4 220 3 -741
3 2 4 220 -27 -621
3 2 4 220 -24 96
3 2 4 220 -3 579
3 2 4 220 -21 651
3 2 4 220 -6 996
3 2 4 220 -18 1044
3 2 4 220 -9 1251
3 2 4 220 -15 1275
3 2 4 221 3 -744
3 2 4 221 -27 -594
3 2 4 221 -24 120
3 2 4 221 -3 582
3 2 4 221 -21 672
3 2 4 221 -6 1002
3 2 4 221 -18 1062
3 2 4 221 -9 1260
3 2 4 221 -15 1290
3 2 4 222 3 -747
3 2 4 222 -27 -567
3 2 4 222 -24 144
3 2 4 222 -3 585
3 2 4 222 -21 693
3 2 4 222 -6 1008
3 2 4 222 -18 1080
3 2 4 222 -9 1269
3 2 4 222 -15 1305
3 2 4 223 3 -750
3 2 4 223 -27 -540
3 2 4 223 -24 168
3 2 4 223 -3 588
3 2 4 223 -21 714
3 2 4 223 -6 1014
3 2 4 223 -18 1098
3 2 4 223 -9 1278
3 2 4 223 -15 1320
3 2 4 224 3 -753
3 2 4 224 -27 -513
3 2 4 224 -24 192
3 2 4 224 -3 591
3 2 4 224 -21 735
3 2 4 224 -6 1020
3 2 4 224 -18 1116
3 2 4 224 -9 1287
3 2 4 225 3 -756
3 2 4 225 -27 -486
3 2 4 225 -24 216
3 2 4 225 -3 594
3 2 4 225 -21 756
3 2 4 225 -6 1026
3 2 4 225 -18 1134
3 2 4 225 -9 1296
3 2 4 226 -30 -1320
3 2 4 226 3 -759
3 2 4 226 -27 -459
3 2 4 226 -24 240
3 2 4 226 -3 597
3 2 4 226 -21 777
3 2 4 226 -6 1032
3 2 4 226 -18 1152
3 2 4 226 -9 1305
3 2 4 227 -30 -1290
3 2 4 227 3 -762
3 2 4 227 -27 -432
3 2 4 227 -24 264
3 2 4 227 -3 600
3 2 4 227 -21 798
3 2 4 227 -6 1038
3 2 4 227 -18 1170
3 2 4 227 -9 1314
3 2 4 228 -30 -1260
3 2 4 228 3 -765
3 2 4 228 -27 -405
3 2 4 228 -24 288
3 2 4 228 -3 603
3 2 4 228 -21 819
3 2 4 228 -6 1044
3 2 4 228 -18 1188
3 2 4 228 -9 1323
3 2 4 229 -30 -1230
3 2 4 229 3 -768
3 2 4 229 -27 -378
3 2 4 229 -24 312
3 2 4 229 -3 606
3 2 4 229 -21 840
3 2 4 229 -6 1050
3 2 4 229 -18 1206
3 2 4 229 -9 1332
3 2 4 230 -30 -1200
3 2 4 230 3 -771
3 2 4 230 -27 -351
3 2 4 230 -24 336
3 2 4 230 -3 609
3 2 4 230 -21 861
3 2 4 230 -6 1056
3 2 4 230 -18 1224
3 2 4 231 -30 -1170
3 2 4 231 3 -774
3 2 4 231 -27 -324
3 2 4 231 -24 360
3 2 4 231 -3 612
3 2 4 231 -21 882
3 2 4 231 -6 1062
3 2 4 231 -18 1242
3 2 4 232 -30 -1140
3 2 4 232 3 -777
3 2 4 232 -27 -297
3 2 4 232 -24 384
3 2 4 232 -3 615
3 2 4 232 -21 903
3 2 4 232 -6 1068
3 2 4 232 -18 1260
3 2 4 233 -30 -1110
3 2 4 233 3 -780
3 2 4 233 -27 -270
3 2 4 233 -24 408
3 2 4 233 -3 618
3 2 4 233 -21 924
3 2 4 233 -6 1074
3 2 4 233 -18 1278
3 2 4 234 -30 -1080
3 2 4 234 3 -783
3 2 4 234 -27 -243
3 2 4 234 -24 432
3 2 4 234 -3 621
3 2 4 234 -21 945
3 2 4 234 -6 1080
3 2 4 234 -18 1296
3 2 4 235 -30 -1050
3 2 4 235 3 -786
3 2 4 235 -27 -216
3 2 4 235 -24 456
3 2 4 235 -3 624
3 2 4 235 -21 966
3 2 4 235 -6 1086
3 2 4 235 -18 1314
3 2 4 236 -30 -1020
3 2 4 236 3 -789
3 2 4 236 -27 -189
3 2 4 236 -24 480
3 2 4 236 -3 627
3 2 4 236 -21 987
3 2 4 236 -6 1092
3 2 4 236 -18 1332
3 2 4 237 -30 -990
3 2 4 237 3 -792
3 2 4 237 -27 -162
3 2 4 237 -24 504
3 2 4 237 -3 630
3 2 4 237 -21 1008
3 2 4 237 -6 1098
3 2 4 238 -30 -960
3 2 4 238 3 -795
3 2 4 238 -27 -135
3 2 4 238 -24 528
3 2 4 238 -3 633
3 2 4 238 -21 1029
3 2 4 238 -6 1104
3 2 4 239 -30 -930
3 2 4 239 3 -798
3 2 4 239 -27 -108
3 2 4 239 -24 552
3 2 4 239 -3 636
3 2 4 239 -21 1050
3 2 4 239 -6 1110
3 2 4 240 -30 -900
3 2 4 240 3 -801
3 2 4 240 -27 -81
3 2 4 240 -24 576
3 2 4 240 -3 639
3 2 4 240 -21 1071
3 2 4 240 -6 1116
3 2 4 241 -30 -870
3 2 4 241 3 -804
3 2 4 241 -27 -54
3 2 4 241 -24 600
3 2 4 241 -3 642
3 2 4 241 -21 1092
3 2 4 241 -6 1122
3 2 4 242 -30 -840
3 2 4 242 3 -807
3 2 4 242 -27 -27
3 2 4 242 -24 624
3 2 4 242 -3 645
3 2 4 242 -21 1113
3 2 4 242 -6 1128
3 2 4 243 -30 -810
3 2 4 243 3 -810
3 2 4 243 -24 648
3 2 4 243 -3 648
3 2 4 243 -21 1134
3 2 4 243 -6 1134
3 2 4 244 3 -813
3 2 4 244 -30 -780
3 2 4 244 -27 27
3 2 4 244 -3 651
3 2 4 244 -24 672
3 2 4 244 -6 1140
3 2 4 244 -21 1155
3 2 4 245 3 -816
3 2 4 245 -30 -750
3 2 4 245 -27 54
3 2 4 245 -3 654
3 2 4 245 -24 696
3 2 4 245 -6 1146
3 2 4 245 -21 1176
3 2 4 246 3 -819
3 2 4 246 -30 -720
3 2 4 246 -27 81
3 2 4 246 -3 657
3 2 4 246 -24 720
3 2 4 246 -6 1152
3 2 4 246 -21 1197
3 2 4 247 3 -822
3 2 4 247 -30 -690
3 2 4 247 -27 108
3 2 4 247 -3 660
3 2 4 247 -24 744
3 2 4 247 -6 1158
3 2 4 247 -21 1218
3 2 4 248 3 -825
3 2 4 248 -30 -660
3 2 4 248 -27 135
3 2 4 248 -3 663
3 2 4 248 -24 768
3 2 4 248 -6 1164
3 2 4 248 -21 1239
3 2 4 249 3 -828
3 2 4 249 -30 -630
3 2 4 249 -27 162
3 2 4 249 -3 666
3 2 4 249 -24 792
3 2 4 249 -6 1170
3 2 4 249 -21 1260
3 2 4 250 3 -831
3 2 4 250 -30 -600
3 2 4 250 -27 189
3 2 4 250 -3 669
3 2 4 250 -24 816
3 2 4 250 -6 1176
3 2 4 250 -21 1281
3 2 4 251 3 -834
3 2 4 251 -30 -570
3 2 4 251 -27 216
3 2 4 251 -3 672
3 2 4 251 -24 840
3 2 4 251 -6 1182
3 2 4 251 -21 1302
3 2 4 252 3 -837
3 2 4 252 -30 -540
3 2 4 252 -27 243
3 2 4 252 -3 675
3 2 4 252 -24 864
3 2 4 252 -6 1188
3 2 4 252 -21 1323
3 2 4 253 3 -840
3 2 4 253 -30 -510
3 2 4 253 -27 270
3 2 4 253 -3 678
3 2 4 253 -24 888
3 2 4 253 -6 1194
3 2 4 254 3 -843
3 2 4 254 -30 -480
3 2 4 254 -27 297
3 2 4 254 -3 681
3 2 4 254 -24 912
3 2 4 254 -6 1200
3 2 4 255 3 -846
3 2 4 255 -30 -450
3 2 4 255 -27 324
3 2 4 255 -3 684
3 2 4 255 -24 936
3 2 4 255 -6 1206
3 2 4 256 3 -849
3 2 4 256 -30 -420
3 2 4 256 -27 351
3 2 4 256 -3 687
3 2 4 256 -24 960
3 2 4 256 -6 1212
3 2 4 257 -33 -1320
3 2 4 257 3 -852
3 2 4 257 -30 -390
3 2 4 257 -27 378
3 2 4 257 -3 690
3 2 4 257 -24 984
3 2 4 257 -6 1218
3 2 4 258 -33 -1287
3 2 4 258 3 -855
3 2 4 258 -30 -360
3 2 4 258 -27 405
3 2 4 258 -3 693
3 2 4 258 -24 1008
3 2 4 258 -6 1224
3 2 4 259 -33 -1254
3 2 4 259 3 -858
3 2 4 259 -30 -330
3 2 4 259 -27 432
3 2 4 259 -3 696
3 2 4 259 -24 1032
3 2 4 259 -6 1230
3 2 4 260 -33 -1221
3 2 4 260 3 -861
3 2 4 260 -30 -300
3 2 4 260 -27 459
3 2 4 260 -3 699
3 2 4 260 -24 1056
3 2 4 260 -6 1236
3 2 4 261 -33 -1188
3 2 4 261 3 -864
3 2 4 261 -30 -270
3 2 4 261 -27 486
3 2 4 261 -3 702
3 2 4 261 -24 1080
3 2 4 261 -6 1242
3 2 4 262 -33 -1155
3 2 4 262 3 -867
3 2 4 262 -30 -240
3 2 4 262 -27 513
3 2 4 262 -3 705
3 2 4 262 -24 1104
3 2 4 262 -6 1248
3 2 4 263 -33 -1122
3 2 4 263 3 -870
3 2 4 263 -30 -210
3 2 4 263 -27 540
3 2 4 263 -3 708
3 2 4 263 -24 1128
3 2 4 263 -6 1254
3 2 4 264 -33 -1089
3 2 4 264 3 -873
3 2 4 264 -30 -180
3 2 4 264 -27 567
3 2 4 264 -3 711
3 2 4 264 -24 1152
3 2 4 264 -6 1260
3 2 4 265 -33 -1056
3 2 4 265 3 -876
3 2 4 265 -30 -150
3 2 4 265 -27 594
3 2 4 265 -3 714
3 2 4 265 -24 1176
3 2 4 265 -6 1266
3 2 4 266 -33 -1023
3 2 4 266 3 -879
3 2 4 266 -30 -120
3 2 4 266 -27 621
3 2 4 266 -3 717
3 2 4 266 -24 1200
3 2 4 266 -6 1272
3 2 4 267 -33 -990
3 2 4 267 3 -882
3 2 4 267 -30 -90
3 2 4 267 -27 648
3 2 4 267 -3 720
3 2 4 267 -24 1224
3 2 4 267 -6 1278
3 2 4 268 -33 -957
3 2 4 268 3 -885
3 2 4 268 -30 -60
3 2 4 268 -27 675
3 2 4 268 -3 723
3 2 4 268 -24 1248
3 2 4 268 -6 1284
3 2 4 269 -33 -924
3 2 4 269 3 -888
3 2 4 269 -30 -30
3 2 4 269 -27 702
3 2 4 269 -3 726
3 2 4 269 -24 1272
3 2 4 269 -6 1290
3 2 4 270 -33 -891
3 2 4 270 3 -891
3 2 4 270 -27 729
3 2 4 270 -3 729
3 2 4 270 -24 1296
3 2 4 270 -6 1296
3 2 4 271 3 -894
3 2 4 271 -33 -858
3 2 4 271 -30 30
3 2 4 271 -3 732
3 2 4 271 -27 756
3 2 4 271 -6 1302
3 2 4 271 -24 1320
3 2 4 272 3 -897
3 2 4 272 -33 -825
3 2 4 272 -30 60
3 2 4 272 -3 735
3 2 4 272 -27 783
3 2 4 272 -6 1308
3 2 4 273 3 -900
3 2 4 273 -33 -792
3 2 4 273 -30 90
3 2 4 273 -3 738
3 2 4 273 -27 810
3 2 4 273 -6 1314
3 2 4 274 3 -903
3 2 4 274 -33 -759
3 2 4 274 -30 120
3 2 4 274 -3 741
3 2 4 274 -27 837
3 2 4 274 -6 1320
3 2 4 275 3 -906
3 2 4 275 -33 -726
3 2 4 275 -30 150
3 2 4 275 -3 744
3 2 4 275 -27 864
3 2 4 275 -6 1326
3 2 4 276 3 -909
3 2 4 276 -33 -693
3 2 4 276 -30 180
3 2 4 276 -3 747
3 2 4 276 -27 891
3 2 4 276 -6 1332
3 2 4 277 3 -912
3 2 4 277 -33 -660
3 2 4 277 -30 210
3 2 4 277 -3 750
3 2 4 277 -27 918
3 2 4 278 3 -915
3 2 4 278 -33 -627
3 2 4 278 -30 240
3 2 4 278 -3 753
3 2 4 278 -27 945
3 2 4 279 3 -918
3 2 4 279 -33 -594
3 2 4 279 -30 270
3 2 4 279 -3 756
3 2 4 279 -27 972
3 2 4 280 3 -921
3 2 4 280 -33 -561
3 2 4 280 -30 300
3 2 4 280 -3 759
3 2 4 280 -27 999
3 2 4 281 3 -924
3 2 4 281 -33 -528
3 2 4 281 -30 330
3 2 4 281 -3 762
3 2 4 281 -27 1026
3 2 4 282 3 -927
3 2 4 282 -33 -495
3 2 4 282 -30 360
3 2 4 282 -3 765
3 2 4 282 -27 1053
3 2 4 283 3 -930
3 2 4 283 -33 -462
3 2 4 283 -30 390
3 2 4 283 -3 768
3 2 4 283 -27 1080
3 2 4 284 3 -933
3 2 4 284 -33 -429
3 2 4 284 -30 420
3 2 4 284 -3 771
3 2 4 284 -27 1107
3 2 4 285 3 -936
3 2 4 285 -33 -396
3 2 4 285 -30 450
3 2 4 285 -3 774
3 2 4 285 -27 1134
3 2 4 286 3 -939
3 2 4 286 -33 -363
3 2 4 286 -30 480
3 2 4 286 -3 777
3 2 4 286 -27 1161
3 2 4 287 -36 -1332
3 2 4 287 3 -942
3 2 4 287 -33 -330
3 2 4 287 -30 510
3 2 4 287 -3 780
3 2 4 287 -27 1188
3 2 4 288 -36 -1296
3 2 4 288 3 -945
3 2 4 288 -33 -297
3 2 4 288 -30 540
3 2 4 288 -3 783
3 2 4 288 -27 1215
3 2 4 289 -36 -1260
3 2 4 289 3 -948
3 2 4 289 -33 -264
3 2 4 289 -30 570
3 2 4 289 -3 786
3 2 4 289 -27 1242
3 2 4 290 -36 -1224
3 2 4 290 3 -951
3 2 4 290 -33 -231
3 2 4 290 -30 600
3 2 4 290 -3 789
3 2 4 290 -27 1269
3 2 4 291 -36 -1188
3 2 4 291 3 -954
3 2 4 291 -33 -198
3 2 4 291 -30 630
3 2 4 291 -3 792
3 2 4 291 -27 1296
3 2 4 292 -36 -1152
3 2 4 292 3 -957
3 2 4 292 -33 -165
3 2 4 292 -30 660
3 2 4 292 -3 795
3 2 4 292 -27 1323
3 2 4 293 -36 -1116
3 2 4 293 3 -960
3 2 4 293 -33 -132
3 2 4 293 -30 690
3 2 4 293 -3 798
3 2 4 294 -36 -1080
3 2 4 294 3 -963
3 2 4 294 -33 -99
3 2 4 294 -30 720
3 2 4 294 -3 801
3 2 4 295 -36 -1044
3 2 4 295 3 -966
3 2 4 295 -33 -66
3 2 4 295 -30 750
3 2 4 295 -3 804
3 2 4 296 -36 -1008
3 2 4 296 3 -969
3 2 4 296 -33 -33
3 2 4 296 -30 780
3 2 4 296 -3 807
3 2 4 297 -36 -972
3 2 4 297 3 -972
3 2 4 297 -30 810
3 2 4 297 -3 810
3 2 4 298 3 -975
3 2 4 298 -36 -936
3 2 4 298 -33 33
3 2 4 298 -3 813
3 2 4 298 -30 840
3 2 4 299 3 -978
3 2 4 299 -36 -900
3 2 4 299 -33 66
3 2 4 299 -3 816
3 2 4 299 -30 870
3 2 4 300 3 -981
3 2 4 300 -36 -864
3 2 4 300 -33 99
3 2 4 300 -3 819
3 2 4 300 -30 900
3 2 4 301 3 -984
3 2 4 301 -36 -828
3 2 4 301 -33 132
3 2 4 301 -3 822
3 2 4 301 -30 930
3 2 4 302 3 -987
3 2 4 302 -36 -792
3 2 4 302 -33 165
3 2 4 302 -3 825
3 2 4 302 -30 960
3 2 4 303 3 -990
3 2 4 303 -36 -756
3 2 4 303 -33 198
3 2 4 303 -3 828
3 2 4 303 -30 990
3 2 4 304 3 -993
3 2 4 304 -36 -720
3 2 4 304 -33 231
3 2 4 304 -3 831
3 2 4 304 -30 1020
3 2 4 305 3 -996
3 2 4 305 -36 -684
3 2 4 305 -33 264
3 2 4 305 -3 834
3 2 4 305 -30 1050
3 2 4 306 3 -999
3 2 4 306 -36 -648
3 2 4 306 -33 297
3 2 4 306 -3 837
3 2 4 306 -30 1080
3 2 4 307 3 -1002
3 2 4 307 -36 -612
3 2 4 307 -33 330
3 2 4 307 -3 840
3 2 4 307 -30 1110
3 2 4 308 3 -1005
3 2 4 308 -36 -576
3 2 4 308 -33 363
3 2 4 308 -3 843
3 2 4 308 -30 1140
3 2 4 309 3 -1008
3 2 4 309 -36 -540
3 2 4 309 -33 396
3 2 4 309 -3 846
3 2 4 309 -30 1170
3 2 4 310 3 -1011
3 2 4 310 -36 -504
3 2 4 310 -33 429
3 2 4 310 -3 849
3 2 4 310 -30 1200
3 2 4 311 3 -1014
3 2 4 311 -36 -468
3 2 4 311 -33 462
3 2 4 311 -3 852
3 2 4 311 -30 1230
3 2 4 312 3 -1017
3 2 4 312 -36 -432
3 2 4 312 -33 495
3 2 4 312 -3 855
3 2 4 312 -30 1260
3 2 4 313 3 -1020
3 2 4 313 -36 -396
3 2 4 313 -33 528
3 2 4 313 -3 858
3 2 4 313 -30 1290
3 2 4 314 3 -1023
3 2 4 314 -36 -360
3 2 4 314 -33 561
3 2 4 314 -3 861
3 2 4 314 -30 1320
3 2 4 315 3 -1026
3 2 4 315 -36 -324
3 2 4 315 -33 594
3 2 4 315 -3 864
3 2 4 316 3 -1029
3 2 4 316 -36 -288
3 2 4 316 -33 627
3 2 4 316 -3 867
3 2 4 317 -39 -1326
3 2 4 317 3 -1032
3 2 4 317 -36 -252
3 2 4 317 -33 660
3 2 4 317 -3 870
3 2 4 318 -39 -1287
3 2 4 318 3 -1035
3 2 4 318 -36 -216
3 2 4 318 -33 693
3 2 4 318 -3 873
3 2 4 319 -39 -1248
3 2 4 319 3 -1038
3 2 4 319 -36 -180
3 2 4 319 -33 726
3 2 4 319 -3 876
3 2 4 320 -39 -1209
3 2 4 320 3 -1041
3 2 4 320 -36 -144
3 2 4 320 -33 759
3 2 4 320 -3 879
3 2 4 321 -39 -1170
3 2 4 321 3 -1044
3 2 4 321 -36 -108
3 2 4 321 -33 792
3 2 4 321 -3 882
3 2 4 322 -39 -1131
3 2 4 322 3 -1047
3 2 4 322 -36 -72
3 2 4 322 -33 825
3 2 4 322 -3 885
3 2 4 323 -39 -1092
3 2 4 323 3 -1050
3 2 4 323 -36 -36
3 2 4 323 -33 858
3 2 4 323 -3 888
3 2 4 324 -39 -1053
3 2 4 324 3 -1053
3 2 4 324 -33 891
3 2 4 324 -3 891
3 2 4 325 3 -1056
3 2 4 325 -39 -1014
3 2 4 325 -36 36
3 2 4 325 -3 894
3 2 4 325 -33 924
3 2 4 326 3 -1059
3 2 4 326 -39 -975
3 2 4 326 -36 72
3 2 4 326 -3 897
3 2 4 326 -33 957
3 2 4 327 3 -1062
3 2 4 327 -39 -936
3 2 4 327 -36 108
3 2 4 327 -3 900
3 2 4 327 -33 990
3 2 4 328 3 -1065
3 2 4 328 -39 -897
3 2 4 328 -36 144
3 2 4 328 -3 903
3 2 4 328 -33 1023
3 2 4 329 3 -1068
3 2 4 329 -39 -858
3 2 4 329 -36 180
3 2 4 329 -3 906
3 2 4 329 -33 1056
3 2 4 330 3 -1071
3 2 4 330 -39 -819
3 2 4 330 -36 216
3 2 4 330 -3 909
3 2 4 330 -33 1089
3 2 4 331 3 -1074
3 2 4 331 -39 -780
3 2 4 331 -36 252
3 2 4 331 -3 912
3 2 4 331 -33 1122
3 2 4 332 3 -1077
3 2 4 332 -39 -741
3 2 4 332 -36 288
3 2 4 332 -3 915
3 2 4 332 -33 1155
3 2 4 333 3 -1080
3 2 4 333 -39 -702
3 2 4 333 -36 324
3 2 4 333 -3 918
3 2 4 333 -33 1188
3 2 4 334 3 -1083
3 2 4 334 -39 -663
3 2 4 334 -36 360
3 2 4 334 -3 921
3 2 4 334 -33 1221
3 2 4 335 3 -1086
3 2 4 335 -39 -624
3 2 4 335 -36 396
3 2 4 335 -3 924
3 2 4 335 -33 1254
3 2 4 336 3 -1089
3 2 4 336 -39 -585
3 2 4 336 -36 432
3 2 4 336 -3 927
3 2 4 336 -33 1287
3 2 4 337 3 -1092
3 2 4 337 -39 -546
3 2 4 337 -36 468
3 2 4 337 -3 930
3 2 4 337 -33 1320
3 2 4 338 3 -1095
3 2 4 338 -39 -507
3 2 4 338 -36 504
3 2 4 338 -3 933
3 2 4 339 3 -1098
3 2 4 339 -39 -468
3 2 4 339 -36 540
3 2 4 339 -3 936
3 2 4 340 3 -1101
3 2 4 340 -39 -429
3 2 4 340 -36 576
3 2 4 340 -3 939
3 2 4 341 3 -1104
3 2 4 341 -39 -390
3 2 4 341 -36 612
3 2 4 341 -3 942
3 2 4 342 3 -1107
3 2 4 342 -39 -351
3 2 4 342 -36 648
3 2 4 342 -3 945
3 2 4 343 3 -1110
3 2 4 343 -39 -312
3 2 4 343 -36 684
3 2 4 343 -3 948
3 2 4 344 3 -1113
3 2 4 344 -39 -273
3 2 4 344 -36 720
3 2 4 344 -3 951
3 2 4 345 3 -1116
3 2 4 345 -39 -234
3 2 4 345 -36 756
3 2 4 345 -3 954
3 2 4 346 3 -1119
3 2 4 346 -39 -195
3 2 4 346 -36 792
3 2 4 346 -3 957
3 2 4 347 -42 -1302
3 2 4 347 3 -1122
3 2 4 347 -39 -156
3 2 4 347 -36 828
3 2 4 347 -3 960
3 2 4 348 -42 -1260
3 2 4 348 3 -1125
3 2 4 348 -39 -117
3 2 4 348 -36 864
3 2 4 348 -3 963
3 2 4 349 -42 -1218
3 2 4 349 3 -1128
3 2 4 349 -39 -78
3 2 4 349 -36 900
3 2 4 349 -3 966
3 2 4 350 -42 -1176
3 2 4 350 3 -1131
3 2 4 350 -39 -39
3 2 4 350 -36 936
3 2 4 350 -3 969
3 2 4 351 -42 -1134
3 2 4 351 3 -1134
3 2 4 351 -36 972
3 2 4 351 -3 972
3 2 4 352 3 -1137
3 2 4 352 -42 -1092
3 2 4 352 -39 39
3 2 4 352 -3 975
3 2 4 352 -36 1008
3 2 4 353 3 -1140
3 2 4 353 -42 -1050
3 2 4 353 -39 78
3 2 4 353 -3 978
3 2 4 353 -36 1044
3 2 4 354 3 -1143
3 2 4 354 -42 -1008
3 2 4 354 -39 117
3 2 4 354 -3 981
3 2 4 354 -36 1080
3 2 4 355 3 -1146
3 2 4 355 -42 -966
3 2 4 355 -39 156
3 2 4 355 -3 984
3 2 4 355 -36 1116
3 2 4 356 3 -1149
3 2 4 356 -42 -924
3 2 4 356 -39 195
3 2 4 356 -3 987
3 2 4 356 -36 1152
3 2 4 357 3 -1152
3 2 4 357 -42 -882
3 2 4 357 -39 234
3 2 4 357 -3 990
3 2 4 357 -36 1188
3 2 4 358 3 -1155
3 2 4 358 -42 -840
3 2 4 358 -39 273
3 2 4 358 -3 993
3 2 4 358 -36 1224
3 2 4 359 3 -1158
3 2 4 359 -42 -798
3 2 4 359 -39 312
3 2 4 359 -3 996
3 2 4 359 -36 1260
3 2 4 360 3 -1161
3 2 4 360 -42 -756
3 2 4 360 -39 351
3 2 4 360 -3 999
3 2 4 360 -36 1296
3 2 4 361 3 -1164
3 2 4 361 -42 -714
3 2 4 361 -39 390
3 2 4 361 -3 1002
3 2 4 361 -36 1332
3 2 4 362 3 -1167
3 2 4 362 -42 -672
3 2 4 362 -39 429
3 2 4 362 -3 1005
3 2 4 363 3 -1170
3 2 4 363 -42 -630
3 2 4 363 -39 468
3 2 4 363 -3 1008
3 2 4 364 3 -1173
3 2 4 364 -42 -588
3 2 4 364 -39 507
3 2 4 364 -3 1011
3 2 4 365 3 -1176
3 2 4 365 -42 -546
3 2 4 365 -39 546
3 2 4 365 -3 1014
3 2 4 366 3 -1179
3 2 4 366 -42 -504
3 2 4 366 -39 585
3 2 4 366 -3 1017
3 2 4 367 3 -1182
3 2 4 367 -42 -462
3 2 4 367 -39 624
3 2 4 367 -3 1020
3 2 4 368 3 -1185
3 2 4 368 -42 -420
3 2 4 368 -39 663
3 2 4 368 -3 1023
3 2 4 369 3 -1188
3 2 4 369 -42 -378
3 2 4 369 -39 702
3 2 4 369 -3 1026
3 2 4 370 3 -1191
3 2 4 370 -42 -336
3 2 4 370 -39 741
3 2 4 370 -3 1029
3 2 4 371 3 -1194
3 2 4 371 -42 -294
3 2 4 371 -39 780
3 2 4 371 -3 1032
3 2 4 372 3 -1197
3 2 4 372 -42 -252
3 2 4 372 -39 819
3 2 4 372 -3 1035
3 2 4 373 3 -1200
3 2 4 373 -42 -210
3 2 4 373 -39 858
3 2 4 373 -3 1038
3 2 4 374 3 -1203
3 2 4 374 -42 -168
3 2 4 374 -39 897
3 2 4 374 -3 1041
3 2 4 375 3 -1206
3 2 4 375 -42 -126
3 2 4 375 -39 936
3 2 4 375 -3 1044
3 2 4 376 -45 -1305
3 2 4 376 3 -1209
3 2 4 376 -42 -84
3 2 4 376 -39 975
3 2 4 376 -3 1047
3 2 4 377 -45 -1260
3 2 4 377 3 -1212
3 2 4 377 -42 -42
3 2 4 377 -39 1014
3 2 4 377 -3 1050
3 2 4 378 -45 -1215
3 2 4 378 3 -1215
3 2 4 378 -39 1053
3 2 4 378 -3 1053
3 2 4 379 3 -1218
3 2 4 379 -45 -1170
3 2 4 379 -42 42
3 2 4 379 -3 1056
3 2 4 379 -39 1092
3 2 4 380 3 -1221
3 2 4 380 -45 -1125
3 2 4 380 -42 84
3 2 4 380 -3 1059
3 2 4 380 -39 1131
3 2 4 381 3 -1224
3 2 4 381 -45 -1080
3 2 4 381 -42 126
3 2 4 381 -3 1062
3 2 4 381 -39 1170
3 2 4 382 3 -1227
3 2 4 382 -45 -1035
3 2 4 382 -42 168
3 2 4 382 -3 1065
3 2 4 382 -39 1209
3 2 4 383 3 -1230
3 2 4 383 -45 -990
3 2 4 383 -42 210
3 2 4 383 -3 1068
3 2 4 383 -39 1248
3 2 4 384 3 -1233
3 2 4 384 -45 -945
3 2 4 384 -42 252
3 2 4 384 -3 1071
3 2 4 384 -39 1287
3 2 4 385 3 -1236
3 2 4 385 -45 -900
3 2 4 385 -42 294
3 2 4 385 -3 1074
3 2 4 385 -39 1326
3 2 4 386 3 -1239
3 2 4 386 -45 -855
3 2 4 386 -42 336
3 2 4 386 -3 1077
3 2 4 387 3 -1242
3 2 4 387 -45 -810
3 2 4 387 -42 378
3 2 4 387 -3 1080
3 2 4 388 3 -1245
3 2 4 388 -45 -765
3 2 4 388 -42 420
3 2 4 388 -3 1083
3 2 4 389 3 -1248
3 2 4 389 -45 -720
3 2 4 389 -42 462
3 2 4 389 -3 1086
3 2 4 390 3 -1251
3 2 4 390 -45 -675
3 2 4 390 -42 504
3 2 4 390 -3 1089
3 2 4 391 3 -1254
3 2 4 391 -45 -630
3 2 4 391 -42 546
3 2 4 391 -3 1092
3 2 4 392 3 -1257
3 2 4 392 -45 -585
3 2 4 392 -42 588
3 2 4 392 -3 1095
3 2 4 393 3 -1260
3 2 4 393 -45 -540
3 2 4 393 -42 630
3 2 4 393 -3 1098
3 2 4 394 3 -1263
3 2 4 394 -45 -495
3 2 4 394 -42 672
3 2 4 394 -3 1101
3 2 4 395 3 -1266
3 2 4 395 -45 -450
3 2 4 395 -42 714
3 2 4 395 -3 1104
3 2 4 396 3 -1269
3 2 4 396 -45 -405
3 2 4 396 -42 756
3 2 4 396 -3 1107
3 2 4 397 3 -1272
3 2 4 397 -45 -360
3 2 4 397 -42 798
3 2 4 397 -3 1110
3 2 4 398 3 -1275
3 2 4 398 -45 -315
3 2 4 398 -42 840
3 2 4 398 -3 1113
3 2 4 399 3 -1278
3 2 4 399 -45 -270
3 2 4 399 -42 882
3 2 4 399 -3 1116
3 2 4 400 3 -1281
3 2 4 400 -45 -225
3 2 4 400 -42 924
3 2 4 400 -3 1119
3 2 4 401 3 -1284
3 2 4 401 -45 -180
3 2 4 401 -42 966
3 2 4 401 -3 1122
3 2 4 402 3 -1287
3 2 4 402 -45 -135
3 2 4 402 -42 1008
3 2 4 402 -3 1125
3 2 4 403 3 -1290
3 2 4 403 -45 -90
3 2 4 403 -42 1050
3 2 4 403 -3 1128
3 2 4 404 3 -1293
3 2 4 404 -45 -45
3 2 4 404 -42 1092
3 2 4 404 -3 1131
3 2 4 405 -48 -1296
3 2 4 405 3 -1296
3 2 4 405 -42 1134
3 2 4 405 -3 1134
3 2 4 406 3 -1299
3 2 4 406 -48 -1248
3 2 4 406 -45 45
3 2 4 406 -3 1137
3 2 4 406 -42 1176
3 2 4 407 3 -1302
3 2 4 407 -48 -1200
3 2 4 407 -45 90
3 2 4 407 -3 1140
3 2 4 407 -42 1218
3 2 4 408 3 -1305
3 2 4 408 -48 -1152
3 2 4 408 -45 135
3 2 4 408 -3 1143
3 2 4 408 -42 1260
3 2 4 409 3 -1308
3 2 4 409 -48 -1104
3 2 4 409 -45 180
3 2 4 409 -3 1146
3 2 4 409 -42 1302
3 2 4 410 3 -1311
3 2 4 410 -48 -1056
3 2 4 410 -45 225
3 2 4 410 -3 1149
3 2 4 411 3 -1314
3 2 4 411 -48 -1008
3 2 4 411 -45 270
3 2 4 411 -3 1152
3 2 4 412 3 -1317
3 2 4 412 -48 -960
3 2 4 412 -45 315
3 2 4 412 -3 1155
3 2 4 413 3 -1320
3 2 4 413 -48 -912
3 2 4 413 -45 360
3 2 4 413 -3 1158
3 2 4 414 3 -1323
3 2 4 414 -48 -864
3 2 4 414 -45 405
3 2 4 414 -3 1161
3 2 4 415 3 -1326
3 2 4 415 -48 -816
3 2 4 415 -45 450
3 2 4 415 -3 1164
3 2 4 416 3 -1329
3 2 4 416 -48 -768
3 2 4 416 -45 495
3 2 4 416 -3 1167
3 2 4 417 3 -1332
3 2 4 417 -48 -720
3 2 4 417 -45 540
3 2 4 417 -3 1170
3 2 4 418 -48 -672
3 2 4 418 -45 585
3 2 4 418 -3 1173
3 2 4 419 -48 -624
3 2 4 419 -45 630
3 2 4 419 -3 1176
3 2 4 420 -48 -576
3 2 4 420 -45 675
3 2 4 420 -3 1179
3 2 4 421 -48 -528
3 2 4 421 -45 720
3 2 4 421 -3 1182
3 2 4 422 -48 -480
3 2 4 422 -45 765
3 2 4 422 -3 1185
3 2 4 423 -48 -432
3 2 4 423 -45 810
3 2 4 423 -3 1188
3 2 4 424 -48 -384
3 2 4 424 -45 855
3 2 4 424 -3 1191
3 2 4 425 -48 -336
3 2 4 425 -45 900
3 2 4 425 -3 1194
3 2 4 426 -48 -288
3 2 4 426 -45 945
3 2 4 426 -3 1197
3 2 4 427 -48 -240
3 2 4 427 -45 990
3 2 4 427 -3 1200
3 2 4 428 -48 -192
3 2 4 428 -45 1035
3 2 4 428 -3 1203
3 2 4 429 -48 -144
3 2 4 429 -45 1080
3 2 4 429 -3 1206
3 2 4 430 -48 -96
3 2 4 430 -45 1125
3 2 4 430 -3 1209
3 2 4 431 -48 -48
3 2 4 431 -45 1170
3 2 4 431 -3 1212
3 2 4 432 -45 1215
3 2 4 432 -3 1215
3 2 4 433 -51 -1326
3 2 4 433 -48 48
3 2 4 433 -3 1218
3 2 4 433 -45 1260
3 2 4 434 -51 -1275
3 2 4 434 -48 96
3 2 4 434 -3 1221
3 2 4 434 -45 1305
3 2 4 435 -51 -1224
3 2 4 435 -48 144
3 2 4 435 -3 1224
3 2 4 436 -51 -1173
3 2 4 436 -48 192
3 2 4 436 -3 1227
3 2 4 437 -51 -1122
3 2 4 437 -48 240
3 2 4 437 -3 1230
3 2 4 438 -51 -1071
3 2 4 438 -48 288
3 2 4 438 -3 1233
3 2 4 439 -51 -1020
3 2 4 439 -48 336
3 2 4 439 -3 1236
3 2 4 440 -51 -969
3 2 4 440 -48 384
3 2 4 440 -3 1239
3 2 4 441 -51 -918
3 2 4 441 -48 432
3 2 4 441 -3 1242
3 2 4 442 -51 -867
3 2 4 442 -48 480
3 2 4 442 -3 1245
3 2 4 443 -51 -816
3 2 4 443 -48 528
3 2 4 443 -3 1248
3 2 4 444 -51 -765
3 2 4 444 -48 576
3 2 4 444 -3 1251
3 2 4 445 -51 -714
3 2 4 445 -48 624
3 2 4 445 -3 1254
3 2 4 446 -51 -663
3 2 4 446 -48 672
3 2 4 446 -3 1257
3 2 4 447 -51 -612
3 2 4 447 -48 720
3 2 4 447 -3 1260
3 2 4 448 -51 -561
3 2 4 448 -48 768
3 2 4 448 -3 1263
3 2 4 449 -51 -510
3 2 4 449 -48 816
3 2 4 449 -3 1266
3 2 4 450 -51 -459
3 2 4 450 -48 864
3 2 4 450 -3 1269
3 2 4 451 -51 -408
3 2 4 451 -48 912
3 2 4 451 -3 1272
3 2 4 452 -51 -357
3 2 4 452 -48 960
3 2 4 452 -3 1275
3 2 4 453 -51 -306
3 2 4 453 -48 1008
3 2 4 453 -3 1278
3 2 4 454 -51 -255
3 2 4 454 -48 1056
3 2 4 454 -3 1281
3 2 4 455 -51 -204
3 2 4 455 -48 1104
3 2 4 455 -3 1284
3 2 4 456 -51 -153
3 2 4 456 -48 1152
3 2 4 456 -3 1287
3 2 4 457 -51 -102
3 2 4 457 -48 1200
3 2 4 457 -3 1290
3 2 4 458 -51 -51
3 2 4 458 -48 1248
3 2 4 458 -3 1293
3 2 4 459 -48 1296
3 2 4 459 -3 1296
3 2 4 460 -51 51
3 2 4 460 -3 1299
3 2 4 461 -51 102
3 2 4 461 -3 1302
3 2 4 462 -54 -1296
3 2 4 462 -51 153
3 2 4 462 -3 1305
3 2 4 463 -54 -1242
3 2 4 463 -51 204
3 2 4 463 -3 1308
3 2 4 464 -54 -1188
3 2 4 464 -51 255
3 2 4 464 -3 1311
3 2 4 465 -54 -1134
3 2 4 465 -51 306
3 2 4 465 -3 1314
3 2 4 466 -54 -1080
3 2 4 466 -51 357
3 2 4 466 -3 1317
3 2 4 467 -54 -1026
3 2 4 467 -51 408
3 2 4 467 -3 1320
3 2 4 468 -54 -972
3 2 4 468 -51 459
3 2 4 468 -3 1323
3 2 4 469 -54 -918
3 2 4 469 -51 510
3 2 4 469 -3 1326
3 2 4 470 -54 -864
3 2 4 470 -51 561
3 2 4 470 -3 1329
3 2 4 471 -54 -810
3 2 4 471 -51 612
3 2 4 471 -3 1332
3 2 4 472 -54 -756
3 2 4 472 -51 663
3 2 4 473 -54 -702
3 2 4 473 -51 714
3 2 4 474 -54 -648
3 2 4 474 -51 765
3 2 4 475 -54 -594
3 2 4 475 -51 816
3 2 4 476 -54 -540
3 2 4 476 -51 867
3 2 4 477 -54 -486
3 2 4 477 -51 918
3 2 4 478 -54 -432
3 2 4 478 -51 969
3 2 4 479 -54 -378
3 2 4 479 -51 1020
3 2 4 480 -54 -324
3 2 4 480 -51 1071
3 2 4 481 -54 -270
3 2 4 481 -51 1122
3 2 4 482 -54 -216
3 2 4 482 -51 1173
3 2 4 483 -54 -162
3 2 4 483 -51 1224
3 2 4 484 -54 -108
3 2 4 484 -51 1275
3 2 4 485 -54 -54
3 2 4 485 -51 1326
3 2 4 487 -54 54
3 2 4 488 -54 108
3 2 4 489 -54 162
3 2 4 490 -57 -1311
3 2 4 490 -54 216
3 2 4 491 -57 -1254
3 2 4 491 -54 270
3 2 4 492 -57 -1197
3 2 4 492 -54 324
3 2 4 493 -57 -1140
3 2 4 493 -54 378
3 2 4 494 -57 -1083
3 2 4 494 -54 432
3 2 4 495 -57 -1026
3 2 4 495 -54 486
3 2 4 496 -57 -969
3 2 4 496 -54 540
3 2 4 497 -57 -912
3 2 4 497 -54 594
3 2 4 498 -57 -855
3 2 4 498 -54 648
3 2 4 499 -57 -798
3 2 4 499 -54 702
3 2 4 500 -57 -741
3 2 4 500 -54 756
3 2 4 501 -57 -684
3 2 4 501 -54 810
3 2 4 502 -57 -627
3 2 4 502 -54 864
3 2 4 503 -57 -570
3 2 4 503 -54 918
3 2 4 504 -57 -513
3 2 4 504 -54 972
3 2 4 505 -57 -456
3 2 4 505 -54 1026
3 2 4 506 -57 -399
3 2 4 506 -54 1080
3 2 4 507 -57 -342
3 2 4 507 -54 1134
3 2 4 508 -57 -285
3 2 4 508 -54 1188
3 2 4 509 -57 -228
3 2 4 509 -54 1242
3 2 4 510 -57 -171
3 2 4 510 -54 1296
3 2 4 511 -57 -114
3 2 4 512 -57 -57
3 2 4 514 -57 57
3 2 4 515 -57 114
3 2 4 516 -57 171
3 2 4 517 -57 228
3 2 4 518 -60 -1320
3 2 4 518 -57 285
3 2 4 519 -60 -1260
3 2 4 519 -57 342
3 2 4 520 -60 -1200
3 2 4 520 -57 399
3 2 4 521 -60 -1140
3 2 4 521 -57 456
3 2 4 522 -60 -1080
3 2 4 522 -57 513
3 2 4 523 -60 -1020
3 2 4 523 -57 570
3 2 4 524 -60 -960
3 2 4 524 -57 627
3 2 4 525 -60 -900
3 2 4 525 -57 684
3 2 4 526 -60 -840
3 2 4 526 -57 741
3 2 4 527 -60 -780
3 2 4 527 -57 798
3 2 4 528 -60 -720
3 2 4 528 -57 855
3 2 4 529 -60 -660
3 2 4 529 -57 912
3 2 4 530 -60 -600
3 2 4 530 -57 969
3 2 4 531 -60 -540
3 2 4 531 -57 1026
3 2 4 532 -60 -480
3 2 4 532 -57 1083
3 2 4 533 -60 -420
3 2 4 533 -57 1140
3 2 4 534 -60 -360
3 2 4 534 -57 1197
3 2 4 535 -60 -300
3 2 4 535 -57 1254
3 2 4 536 -60 -240
3 2 4 536 -57 1311
3 2 4 537 -60 -180
3 2 4 538 -60 -120
3 2 4 539 -60 -60
3 2 4 541 -60 60
3 2 4 542 -60 120
3 2 4 543 -60 180
3 2 4 544 -60 240
3 2 4 545 -60 300
3 2 4 546 -63 -1323
3 2 4 546 -60 360
3 2 4 547 -63 -1260
3 2 4 547 -60 420
3 2 4 548 -63 -1197
3 2 4 548 -60 480
3 2 4 549 -63 -1134
3 2 4 549 -60 540
3 2 4 550 -63 -1071
3 2 4 550 -60 600
3 2 4 551 -63 -1008
3 2 4 551 -60 660
3 2 4 552 -63 -945
3 2 4 552 -60 720
3 2 4 553 -63 -882
3 2 4 553 -60 780
3 2 4 554 -63 -819
3 2 4 554 -60 840
3 2 4 555 -63 -756
3 2 4 555 -60 900
3 2 4 556 -63 -693
3 2 4 556 -60 960
3 2 4 557 -63 -630
3 2 4 557 -60 1020
3 2 4 558 -63 -567
3 2 4 558 -60 1080
3 2 4 559 -63 -504
3 2 4 559 -60 1140
3 2 4 560 -63 -441
3 2 4 560 -60 1200
3 2 4 561 -63 -378
3 2 4 561 -60 1260
3 2 4 562 -63 -315
3 2 4 562 -60 1320
3 2 4 563 -63 -252
3 2 4 564 -63 -189
3 2 4 565 -63 -126
3 2 4 566 -63 -63
3 2 4 568 -63 63
3 2 4 569 -63 126
3 2 4 570 -63 189
3 2 4 571 -63 252
3 2 4 572 -63 315
3 2 4 573 -63 378
3 2 4 574 -66 -1320
3 2 4 574 -63 441
3 2 4 575 -66 -1254
3 2 4 575 -63 504
3 2 4 576 -66 -1188
3 2 4 576 -63 567
3 2 4 577 -66 -1122
3 2 4 577 -63 630
3 2 4 578 -66 -1056
3 2 4 578 -63 693
3 2 4 579 -66 -990
3 2 4 579 -63 756
3 2 4 580 -66 -924
3 2 4 580 -63 819
3 2 4 581 -66 -858
3 2 4 581 -63 882
3 2 4 582 -66 -792
3 2 4 582 -63 945
3 2 4 583 -66 -726
3 2 4 583 -63 1008
3 2 4 584 -66 -660
3 2 4 584 -63 1071
3 2 4 585 -66 -594
3 2 4 585 -63 1134
3 2 4 586 -66 -528
3 2 4 586 -63 1197
3 2 4 587 -66 -462
3 2 4 587 -63 1260
3 2 4 588 -66 -396
3 2 4 588 -63 1323
3 2 4 589 -66 -330
3 2 4 590 -66 -264
3 2 4 591 -66 -198
3 2 4 592 -66 -132
3 2 4 593 -66 -66
3 2 4 595 -66 66
3 2 4 596 -66 132
3 2 4 597 -66 198
3 2 4 598 -66 264
3 2 4 599 -66 330
3 2 4 600 -66 396
3 2 4 601 -66 462
3 2 4 602 -69 -1311
3 2 4 602 -66 528
3 2 4 603 -69 -1242
3 2 4 603 -66 594
3 2 4 604 -69 -1173
3 2 4 604 -66 660
3 2 4 605 -69 -1104
3 2 4 605 -66 726
3 2 4 606 -69 -1035
3 2 4 606 -66 792
3 2 4 607 -69 -966
3 2 4 607 -66 858
3 2 4 608 -69 -897
3 2 4 608 -66 924
3 2 4 609 -69 -828
3 2 4 609 -66 990
3 2 4 610 -69 -759
3 2 4 610 -66 1056
3 2 4 611 -69 -690
3 2 4 611 -66 1122
3 2 4 612 -69 -621
3 2 4 612 -66 1188
3 2 4 613 -69 -552
3 2 4 613 -66 1254
3 2 4 614 -69 -483
3 2 4 614 -66 1320
3 2 4 615 -69 -414
3 2 4 616 -69 -345
3 2 4 617 -69 -276
3 2 4 618 -69 -207
3 2 4 619 -69 -138
3 2 4 620 -69 -69
3 2 4 622 -69 69
3 2 4 623 -69 138
3 2 4 624 -69 207
3 2 4 625 -69 276
3 2 4 626 -69 345
3 2 4 627 -69 414
3 2 4 628 -69 483
3 2 4 629 -69 552
3 2 4 630 -72 -1296
3 2 4 630 -69 621
3 2 4 631 -72 -1224
3 2 4 631 -69 690
3 2 4 632 -72 -1152
3 2 4 632 -69 759
3 2 4 633 -72 -1080
3 2 4 633 -69 828
3 2 4 634 -72 -1008
3 2 4 634 -69 897
3 2 4 635 -72 -936
3 2 4 635 -69 966
3 2 4 636 -72 -864
3 2 4 636 -69 1035
3 2 4 637 -72 -792
3 2 4 637 -69 1104
3 2 4 638 -72 -720
3 2 4 638 -69 1173
3 2 4 639 -72 -648
3 2 4 639 -69 1242
3 2 4 640 -72 -576
3 2 4 640 -69 1311
3 2 4 641 -72 -504
3 2 4 642 -72 -432
3 2 4 643 -72 -360
3 2 4 644 -72 -288
3 2 4 645 -72 -216
3 2 4 646 -72 -144
3 2 4 647 -72 -72
3 2 4 649 -72 72
3 2 4 650 -72 144
3 2 4 651 -72 216
3 2 4 652 -72 288
3 2 4 653 -72 360
3 2 4 654 -72 432
3 2 4 655 -72 504
3 2 4 656 -72 576
3 2 4 657 -72 648
3 2 4 658 -75 -1275
3 2 4 658 -72 720
3 2 4 659 -75 -1200
3 2 4 659 -72 792
3 2 4 660 -75 -1125
3 2 4 660 -72 864
3 2 4 661 -75 -1050
3 2 4 661 -72 936
3 2 4 662 -75 -975
3 2 4 662 -72 1008
3 2 4 663 -75 -900
3 2 4 663 -72 1080
3 2 4 664 -75 -825
3 2 4 664 -72 1152
3 2 4 665 -75 -750
3 2 4 665 -72 1224
3 2 4 666 -75 -675
3 2 4 666 -72 1296
3 2 4 667 -75 -600
3 2 4 668 -75 -525
3 2 4 669 -75 -450
3 2 4 670 -75 -375
3 2 4 671 -75 -300
3 2 4 672 -75 -225
3 2 4 673 -75 -150
3 2 4 674 -75 -75
3 2 4 676 -75 75
3 2 4 677 -75 150
3 2 4 678 -75 225
3 2 4 679 -75 300
3 2 4 680 -75 375
3 2 4 681 -75 450
3 2 4 682 -75 525
3 2 4 683 -75 600
3 2 4 684 -75 675
3 2 4 685 -78 -1326
3 2 4 685 -75 750
3 2 4 686 -78 -1248
3 2 4 686 -75 825
3 2 4 687 -78 -1170
3 2 4 687 -75 900
3 2 4 688 -78 -1092
3 2 4 688 -75 975
3 2 4 689 -78 -1014
3 2 4 689 -75 1050
3 2 4 690 -78 -936
3 2 4 690 -75 1125
3 2 4 691 -78 -858
3 2 4 691 -75 1200
3 2 4 692 -78 -780
3 2 4 692 -75 1275
3 2 4 693 -78 -702
3 2 4 694 -78 -624
3 2 4 695 -78 -546
3 2 4 696 -78 -468
3 2 4 697 -78 -390
3 2 4 698 -78 -312
3 2 4 699 -78 -234
3 2 4 700 -78 -156
3 2 4 701 -78 -78
3 2 4 703 -78 78
3 2 4 704 -78 156
3 2 4 705 -78 234
3 2 4 706 -78 312
3 2 4 707 -78 390
3 2 4 708 -78 468
3 2 4 709 -78 546
3 2 4 710 -78 624
3 2 4 711 -78 702
3 2 4 712 -78 780
3 2 4 713 -81 -1296
3 2 4 713 -78 858
3 2 4 714 -81 -1215
3 2 4 714 -78 936
3 2 4 715 -81 -1134
3 2 4 715 -78 1014
3 2 4 716 -81 -1053
3 2 4 716 -78 1092
3 2 4 717 -81 -972
3 2 4 717 -78 1170
3 2 4 718 -81 -891
3 2 4 718 -78 1248
3 2 4 719 -81 -810
3 2 4 719 -78 1326
3 2 4 720 -81 -729
3 2 4 721 -81 -648
3 2 4 722 -81 -567
3 2 4 723 -81 -486
3 2 4 724 -81 -405
3 2 4 725 -81 -324
3 2 4 726 -81 -243
3 2 4 727 -81 -162
3 2 4 728 -81 -81
3 2 4 730 -81 81
3 2 4 731 -81 162
3 2 4 732 -81 243
3 2 4 733 -81 324
3 2 4 734 -81 405
3 2 4 735 -81 486
3 2 4 736 -81 567
3 2 4 737 -81 648
3 2 4 738 -81 729
3 2 4 739 -81 810
3 2 4 740 -81 891
3 2 4 741 -84 -1260
3 2 4 741 -81 972
3 2 4 742 -84 -1176
3 2 4 742 -81 1053
3 2 4 743 -84 -1092
3 2 4 743 -81 1134
3 2 4 744 -84 -1008
3 2 4 744 -81 1215
3 2 4 745 -84 -924
3 2 4 745 -81 1296
3 2 4 746 -84 -840
3 2 4 747 -84 -756
3 2 4 748 -84 -672
3 2 4 749 -84 -588
3 2 4 750 -84 -504
3 2 4 751 -84 -420
3 2 4 752 -84 -336
3 2 4 753 -84 -252
3 2 4 754 -84 -168
3 2 4 755 -84 -84
3 2 4 757 -84 84
3 2 4 758 -84 168
3 2 4 759 -84 252
3 2 4 760 -84 336
3 2 4 761 -84 420
3 2 4 762 -84 504
3 2 4 763 -84 588
3 2 4 764 -84 672
3 2 4 765 -84 756
3 2 4 766 -84 840
3 2 4 767 -84 924
3 2 4 768 -87 -1305
3 2 4 768 -84 1008
3 2 4 769 -87 -1218
3 2 4 769 -84 1092
3 2 4 770 -87 -1131
3 2 4 770 -84 1176
3 2 4 771 -87 -1044
3 2 4 771 -84 1260
3 2 4 772 -87 -957
3 2 4 773 -87 -870
3 2 4 774 -87 -783
3 2 4 775 -87 -696
3 2 4 776 -87 -609
3 2 4 777 -87 -522
3 2 4 778 -87 -435
3 2 4 779 -87 -348
3 2 4 780 -87 -261
3 2 4 781 -87 -174
3 2 4 782 -87 -87
3 2 4 784 -87 87
3 2 4 785 -87 174
3 2 4 786 -87 261
3 2 4 787 -87 348
3 2 4 788 -87 435
3 2 4 789 -87 522
3 2 4 790 -87 609
3 2 4 791 -87 696
3 2 4 792 -87 783
3 2 4 793 -87 870
3 2 4 794 -87 957
3 2 4 795 -87 1044
3 2 4 796 -90 -1260
3 2 4 796 -87 1131
3 2 4 797 -90 -1170
3 2 4 797 -87 1218
3 2 4 798 -90 -1080
3 2 4 798 -87 1305
3 2 4 799 -90 -990
3 2 4 800 -90 -900
3 2 4 801 -90 -810
3 2 4 802 -90 -720
3 2 4 803 -90 -630
3 2 4 804 -90 -540
3 2 4 805 -90 -450
3 2 4 806 -90 -360
3 2 4 807 -90 -270
3 2 4 808 -90 -180
3 2 4 809 -90 -90
3 2 4 811 -90 90
3 2 4 812 -90 180
3 2 4 813 -90 270
3 2 4 814 -90 360
3 2 4 815 -90 450
3 2 4 816 -90 540
3 2 4 817 -90 630
3 2 4 818 -90 720
3 2 4 819 -90 810
3 2 4 820 -90 900
3 2 4 821 -90 990
3 2 4 822 -90 1080
3 2 4 823 -93 -1302
3 2 4 823 -90 1170
3 2 4 824 -93 -1209
3 2 4 824 -90 1260
3 2 4 825 -93 -1116
3 2 4 826 -93 -1023
3 2 4 827 -93 -930
3 2 4 828 -93 -837
3 2 4 829 -93 -744
3 2 4 830 -93 -651
3 2 4 831 -93 -558
3 2 4 832 -93 -465
3 2 4 833 -93 -372
3 2 4 834 -93 -279
3 2 4 835 -93 -186
3 2 4 836 -93 -93
3 2 4 838 -93 93
3 2 4 839 -93 186
3 2 4 840 -93 279
3 2 4 841 -93 372
3 2 4 842 -93 465
3 2 4 843 -93 558
3 2 4 844 -93 651
3 2 4 845 -93 744
3 2 4 846 -93 837
3 2 4 847 -93 930
3 2 4 848 -93 1023
3 2 4 849 -93 1116
3 2 4 850 -93 1209
3 2 4 851 -96 -1248
3 2 4 851 -93 1302
3 2 4 852 -96 -1152
3 2 4 853 -96 -1056
3 2 4 854 -96 -960
3 2 4 855 -96 -864
3 2 4 856 -96 -768
3 2 4 857 -96 -672
3 2 4 858 -96 -576
3 2 4 859 -96 -480
3 2 4 860 -96 -384
3 2 4 861 -96 -288
3 2 4 862 -96 -192
3 2 4 863 -96 -96
3 2 4 865 -96 96
3 2 4 866 -96 192
3 2 4 867 -96 288
3 2 4 868 -96 384
3 2 4 869 -96 480
3 2 4 870 -96 576
3 2 4 871 -96 672
3 2 4 872 -96 768
3 2 4 873 -96 864
3 2 4 874 -96 960
3 2 4 875 -96 1056
3 2 4 876 -96 1152
3 2 4 877 -96 1248
3 2 4 878 -99 -1287
3 2 4 879 -99 -1188
3 2 4 880 -99 -1089
3 2 4 881 -99 -990
3 2 4 882 -99 -891
3 2 4 883 -99 -792
3 2 4 884 -99 -693
3 2 4 885 -99 -594
3 2 4 886 -99 -495
3 2 4 887 -99 -396
3 2 4 888 -99 -297
3 2 4 889 -99 -198
3 2 4 890 -99 -99
3 2 4 892 -99 99
3 2 4 893 -99 198
3 2 4 894 -99 297
3 2 4 895 -99 396
3 2 4 896 -99 495
3 2 4 897 -99 594
3 2 4 898 -99 693
3 2 4 899 -99 792
3 2 4 900 -99 891
3 2 4 901 -99 990
3 2 4 902 -99 1089
3 2 4 903 -99 1188
3 2 4 904 -99 1287
3 2 4 905 -102 -1326
3 2 4 906 -102 -1224
3 2 4 907 -102 -1122
3 2 4 908 -102 -1020
3 2 4 909 -102 -918
3 2 4 910 -102 -816
3 2 4 911 -102 -714
3 2 4 912 -102 -612
3 2 4 913 -102 -510
3 2 4 914 -102 -408
3 2 4 915 -102 -306
3 2 4 916 -102 -204
3 2 4 917 -102 -102
3 2 4 919 -102 102
3 2 4 920 -102 204
3 2 4 921 -102 306
3 2 4 922 -102 408
3 2 4 923 -102 510
3 2 4 924 -102 612
3 2 4 925 -102 714
3 2 4 926 -102 816
3 2 4 927 -102 918
3 2 4 928 -102 1020
3 2 4 929 -102 1122
3 2 4 930 -102 1224
3 2 4 931 -102 1326
3 2 4 933 -105 -1260
3 2 4 934 -105 -1155
3 2 4 935 -105 -1050
3 2 4 936 -105 -945
3 2 4 937 -105 -840
3 2 4 938 -105 -735
3 2 4 939 -105 -630
3 2 4 940 -105 -525
3 2 4 941 -105 -420
3 2 4 942 -105 -315
3 2 4 943 -105 -210
3 2 4 944 -105 -105
3 2 4 946 -105 105
3 2 4 947 -105 210
3 2 4 948 -105 315
3 2 4 949 -105 420
3 2 4 950 -105 525
3 2 4 951 -105 630
3 2 4 952 -105 735
3 2 4 953 -105 840
3 2 4 954 -105 945
3 2 4 955 -105 1050
3 2 4 956 -105 1155
3 2 4 957 -105 1260
3 2 4 960 -108 -1296
3 2 4 961 -108 -1188
3 2 4 962 -108 -1080
3 2 4 963 -108 -972
3 2 4 964 -108 -864
3 2 4 965 -108 -756
3 2 4 966 -108 -648
3 2 4 967 -108 -540
3 2 4 968 -108 -432
3 2 4 969 -108 -324
3 2 4 970 -108 -216
3 2 4 971 -108 -108
3 2 4 973 -108 108
3 2 4 974 -108 216
3 2 4 975 -108 324
3 2 4 976 -108 432
3 2 4 977 -108 540
3 2 4 978 -108 648
3 2 4 979 -108 756
3 2 4 980 -108 864
3 2 4 981 -108 972
3 2 4 982 -108 1080
3 2 4 983 -108 1188
3 2 4 984 -108 1296
3 2 4 987 -111 -1332
3 2 4 988 -111 -1221
3 2 4 989 -111 -1110
3 2 4 990 -111 -999
3 2 4 991 -111 -888
3 2 4 992 -111 -777
3 2 4 993 -111 -666
3 2 4 994 -111 -555
3 2 4 995 -111 -444
3 2 4 996 -111 -333
3 2 4 997 -111 -222
3 2 4 998 -111 -111
3 2 4 1000 -111 111
3 2 4 1001 -111 222
3 2 4 1002 -111 333
3 2 4 1003 -111 444
3 2 4 1004 -111 555
3 2 4 1005 -111 666
3 2 4 1006 -111 777
3 2 4 1007 -111 888
3 2 4 1008 -111 999
3 2 4 1009 -111 1110
3 2 4 1010 -111 1221
3 2 4 1011 -111 1332
3 2 4 1015 -114 -1254
3 2 4 1016 -114 -1140
3 2 4 1017 -114 -1026
3 2 4 1018 -114 -912
3 2 4 1019 -114 -798
3 2 4 1020 -114 -684
3 2 4 1021 -114 -570
3 2 4 1022 -114 -456
3 2 4 1023 -114 -342
3 2 4 1024 -114 -228
3 2 4 1025 -114 -114
3 2 4 1027 -114 114
3 2 4 1028 -114 228
3 2 4 1029 -114 342
3 2 4 1030 -114 456
3 2 4 1031 -114 570
3 2 4 1032 -114 684
3 2 4 1033 -114 798
3 2 4 1034 -114 912
3 2 4 1035 -114 1026
3 2 4 1036 -114 1140
3 2 4 1037 -114 1254
3 2 4 1042 -117 -1287
3 2 4 1043 -117 -1170
3 2 4 1044 -117 -1053
3 2 4 1045 -117 -936
3 2 4 1046 -117 -819
3 2 4 1047 -117 -702
3 2 4 1048 -117 -585
3 2 4 1049 -117 -468
3 2 4 1050 -117 -351
3 2 4 1051 -117 -234
3 2 4 1052 -117 -117
3 2 4 1054 -117 117
3 2 4 1055 -117 234
3 2 4 1056 -117 351
3 2 4 1057 -117 468
3 2 4 1058 -117 585
3 2 4 1059 -117 702
3 2 4 1060 -117 819
3 2 4 1061 -117 936
3 2 4 1062 -117 1053
3 2 4 1063 -117 1170
3 2 4 1064 -117 1287
3 2 4 1069 -120 -1320
3 2 4 1070 -120 -1200
3 2 4 1071 -120 -1080
3 2 4 1072 -120 -960
3 2 4 1073 -120 -840
3 2 4 1074 -120 -720
3 2 4 1075 -120 -600
3 2 4 1076 -120 -480
3 2 4 1077 -120 -360
3 2 4 1078 -120 -240
3 2 4 1079 -120 -120
3 2 4 1081 -120 120
3 2 4 1082 -120 240
3 2 4 1083 -120 360
3 2 4 1084 -120 480
3 2 4 1085 -120 600
3 2 4 1086 -120 720
3 2 4 1087 -120 840
3 2 4 1088 -120 960
3 2 4 1089 -120 1080
3 2 4 1090 -120 1200
3 2 4 1091 -120 1320
3 2 4 1097 -123 -1230
3 2 4 1098 -123 -1107
3 2 4 1099 -123 -984
3 2 4 1100 -123 -861
3 2 4 1101 -123 -738
3 2 4 1102 -123 -615
3 2 4 1103 -123 -492
3 2 4 1104 -123 -369
3 2 4 1105 -123 -246
3 2 4 1106 -123 -123
3 2 4 1108 -123 123
3 2 4 1109 -123 246
3 2 4 1110 -123 369
3 2 4 1111 -123 492
3 2 4 1112 -123 615
3 2 4 1113 -123 738
3 2 4 1114 -123 861
3 2 4 1115 -123 984
3 2 4 1116 -123 1107
3 2 4 1117 -123 1230
3 2 4 1124 -126 -1260
3 2 4 1125 -126 -1134
3 2 4 1126 -126 -1008
3 2 4 1127 -126 -882
3 2 4 1128 -126 -756
3 2 4 1129 -126 -630
3 2 4 1130 -126 -504
3 2 4 1131 -126 -378
3 2 4 1132 -126 -252
3 2 4 1133 -126 -126
3 2 4 1135 -126 126
3 2 4 1136 -126 252
3 2 4 1137 -126 378
3 2 4 1138 -126 504
3 2 4 1139 -126 630
3 2 4 1140 -126 756
3 2 4 1141 -126 882
3 2 4 1142 -126 1008
3 2 4 1143 -126 1134
3 2 4 1144 -126 1260
3 2 4 1151 -129 -1290
3 2 4 1152 -129 -1161
3 2 4 1153 -129 -1032
3 2 4 1154 -129 -903
3 2 4 1155 -129 -774
3 2 4 1156 -129 -645
3 2 4 1157 -129 -516
3 2 4 1158 -129 -387
3 2 4 1159 -129 -258
3 2 4 1160 -129 -129
3 2 4 1162 -129 129
3 2 4 1163 -129 258
3 2 4 1164 -129 387
3 2 4 1165 -129 516
3 2 4 1166 -129 645
3 2 4 1167 -129 774
3 2 4 1168 -129 903
3 2 4 1169 -129 1032
3 2 4 1170 -129 1161
3 2 4 1171 -129 1290
3 2 4 1178 -132 -1320
3 2 4 1179 -132 -1188
3 2 4 1180 -132 -1056
3 2 4 1181 -132 -924
3 2 4 1182 -132 -792
3 2 4 1183 -132 -660
3 2 4 1184 -132 -528
3 2 4 1185 -132 -396
3 2 4 1186 -132 -264
3 2 4 1187 -132 -132
3 2 4 1189 -132 132
3 2 4 1190 -132 264
3 2 4 1191 -132 396
3 2 4 1192 -132 528
3 2 4 1193 -132 660
3 2 4 1194 -132 792
3 2 4 1195 -132 924
3 2 4 1196 -132 1056
3 2 4 1197 -132 1188
3 2 4 1198 -132 1320
3 2 4 1206 -135 -1215
3 2 4 1207 -135 -1080
3 2 4 1208 -135 -945
3 2 4 1209 -135 -810
3 2 4 1210 -135 -675
3 2 4 1211 -135 -540
3 2 4 1212 -135 -405
3 2 4 1213 -135 -270
3 2 4 1214 -135 -135
3 2 4 1216 -135 135
3 2 4 1217 -135 270
3 2 4 1218 -135 405
3 2 4 1219 -135 540
3 2 4 1220 -135 675
3 2 4 1221 -135 810
3 2 4 1222 -135 945
3 2 4 1223 -135 1080
3 2 4 1224 -135 1215
3 2 4 1233 -138 -1242
3 2 4 1234 -138 -1104
3 2 4 1235 -138 -966
3 2 4 1236 -138 -828
3 2 4 1237 -138 -690
3 2 4 1238 -138 -552
3 2 4 1239 -138 -414
3 2 4 1240 -138 -276
3 2 4 1241 -138 -138
3 2 4 1243 -138 138
3 2 4 1244 -138 276
3 2 4 1245 -138 414
3 2 4 1246 -138 552
3 2 4 1247 -138 690
3 2 4 1248 -138 828
3 2 4 1249 -138 966
3 2 4 1250 -138 1104
3 2 4 1251 -138 1242
3 2 4 1260 -141 -1269
3 2 4 1261 -141 -1128
3 2 4 1262 -141 -987
3 2 4 1263 -141 -846
3 2 4 1264 -141 -705
3 2 4 1265 -141 -564
3 2 4 1266 -141 -423
3 2 4 1267 -141 -282
3 2 4 1268 -141 -141
3 2 4 1270 -141 141
3 2 4 1271 -141 282
3 2 4 1272 -141 423
3 2 4 1273 -141 564
3 2 4 1274 -141 705
3 2 4 1275 -141 846
3 2 4 1276 -141 987
3 2 4 1277 -141 1128
3 2 4 1278 -141 1269
3 2 4 1287 -144 -1296
3 2 4 1288 -144 -1152
3 2 4 1289 -144 -1008
3 2 4 1290 -144 -864
3 2 4 1291 -144 -720
3 2 4 1292 -144 -576
3 2 4 1293 -144 -432
3 2 4 1294 -144 -288
3 2 4 1295 -144 -144
3 2 4 1297 -144 144
3 2 4 1298 -144 288
3 2 4 1299 -144 432
3 2 4 1300 -144 576
3 2 4 1301 -144 720
3 2 4 1302 -144 864
3 2 4 1303 -144 1008
3 2 4 1304 -144 1152
3 2 4 1305 -144 1296
3 2 4 1314 -147 -1323
3 2 4 1315 -147 -1176
3 2 4 1316 -147 -1029
3 2 4 1317 -147 -882
3 2 4 1318 -147 -735
3 2 4 1319 -147 -588
3 2 4 1320 -147 -441
3 2 4 1321 -147 -294
3 2 4 1322 -147 -147
3 2 4 1324 -147 147
3 2 4 1325 -147 294
3 2 4 1326 -147 441
3 2 4 1327 -147 588
3 2 4 1328 -147 735
3 2 4 1329 -147 882
3 2 4 1330 -147 1029
3 2 4 1331 -147 1176
3 2 4 1332 -147 1323
3 2 4 1342 -150 -1200
3 2 4 1343 -150 -1050
3 2 4 1344 -150 -900
3 2 4 1345 -150 -750
3 2 4 1346 -150 -600
3 2 4 1347 -150 -450
3 2 4 1348 -150 -300
3 2 4 1349 -150 -150
3 2 4 1351 -150 150
3 2 4 1352 -150 300
3 2 4 1353 -150 450
3 2 4 1354 -150 600
3 2 4 1355 -150 750
3 2 4 1356 -150 900
3 2 4 1357 -150 1050
3 2 4 1358 -150 1200
