3 0 2 6 3 1
3 0 2 6 11 1
3 0 2 6 25 1
3 0 2 12 6 4
3 0 2 12 22 4
3 0 2 12 50 4
3 0 2 18 3 9
3 0 2 18 9 9
3 0 2 18 15 9
3 0 2 18 33 9
3 0 2 18 45 9
3 0 2 18 75 9
3 0 2 18 93 9
3 0 2 18 135 9
3 0 2 24 12 16
3 0 2 24 44 16
3 0 2 24 100 16
3 0 2 30 15 25
3 0 2 30 55 25
3 0 2 30 125 25
3 0 2 36 6 36
3 0 2 36 18 36
3 0 2 36 30 36
3 0 2 36 66 36
3 0 2 36 90 36
3 0 2 36 150 36
3 0 2 42 21 49
3 0 2 42 77 49
3 0 2 48 24 64
3 0 2 48 88 64
3 0 2 54 9 81
3 0 2 54 15 81
3 0 2 54 27 81
3 0 2 54 45 81
3 0 2 54 69 81
3 0 2 54 99 81
3 0 2 54 135 81
3 0 2 60 30 100
3 0 2 60 110 100
3 0 2 66 33 121
3 0 2 66 121 121
3 0 2 72 12 144
3 0 2 72 36 144
3 0 2 72 60 144
3 0 2 72 132 144
3 0 2 78 39 169
3 0 2 78 143 169
3 0 2 84 42 196
3 0 2 90 15 225
3 0 2 90 45 225
3 0 2 90 75 225
3 0 2 96 48 256
3 0 2 102 51 289
3 0 2 108 18 324
3 0 2 108 30 324
3 0 2 108 54 324
3 0 2 108 90 324
3 0 2 108 138 324
3 0 2 114 57 361
3 0 2 120 60 400
3 0 2 126 21 441
3 0 2 126 63 441
3 0 2 126 105 441
3 0 2 132 66 484
3 0 2 138 69 529
3 0 2 144 24 576
3 0 2 144 72 576
3 0 2 144 120 576
3 0 2 150 75 625
3 0 2 156 78 676
3 0 2 162 27 729
3 0 2 162 45 729
3 0 2 162 81 729
3 0 2 162 135 729
3 0 2 168 84 784
3 0 2 174 87 841
3 0 2 180 30 900
3 0 2 180 90 900
3 0 2 180 150 900
3 0 2 186 93 961
3 0 2 192 96 1024
3 0 2 198 33 1089
3 0 2 198 99 1089
3 0 2 204 102 1156
3 0 2 210 105 1225
3 0 2 216 36 1296
3 0 2 216 60 1296
3 0 2 216 108 1296
