3 1 3 6 4 1
3 1 3 6 14 1
3 1 3 12 8 4
3 1 3 12 28 4
3 1 3 18 6 9
3 1 3 18 12 9
3 1 3 18 30 9
3 1 3 18 42 9
3 1 3 18 72 9
3 1 3 18 90 9
3 1 3 18 132 9
3 1 3 24 16 16
3 1 3 24 56 16
3 1 3 30 20 25
3 1 3 30 70 25
3 1 3 36 12 36
3 1 3 36 24 36
3 1 3 36 60 36
3 1 3 36 84 36
3 1 3 36 144 36
3 1 3 42 28 49
3 1 3 42 98 49
3 1 3 48 32 64
3 1 3 48 112 64
3 1 3 54 6 81
3 1 3 54 18 81
3 1 3 54 36 81
3 1 3 54 60 81
3 1 3 54 90 81
3 1 3 54 126 81
3 1 3 60 40 100
3 1 3 60 140 100
3 1 3 66 44 121
3 1 3 72 24 144
3 1 3 72 48 144
3 1 3 72 120 144
3 1 3 78 52 169
3 1 3 84 56 196
3 1 3 90 30 225
3 1 3 90 60 225
3 1 3 90 150 225
3 1 3 96 64 256
3 1 3 102 68 289
3 1 3 108 12 324
3 1 3 108 36 324
3 1 3 108 72 324
3 1 3 108 120 324
3 1 3 114 76 361
3 1 3 120 80 400
3 1 3 126 42 441
3 1 3 126 84 441
3 1 3 132 88 484
3 1 3 138 92 529
3 1 3 144 48 576
3 1 3 144 96 576
3 1 3 150 100 625
3 1 3 156 104 676
3 1 3 162 18 729
3 1 3 162 54 729
3 1 3 162 108 729
3 1 3 168 112 784
3 1 3 174 116 841
3 1 3 180 60 900
3 1 3 180 120 900
3 1 3 186 124 961
3 1 3 192 128 1024
3 1 3 198 66 1089
3 1 3 198 132 1089
3 1 3 204 136 1156
3 1 3 210 140 1225
3 1 3 216 24 1296
3 1 3 216 72 1296
3 1 3 216 144 1296
