3 2 2 18 3 9
3 2 2 18 21 9
3 2 2 18 57 9
3 2 2 18 111 9
3 2 2 36 6 36
3 2 2 36 42 36
3 2 2 36 114 36
3 2 2 54 3 81
3 2 2 54 9 81
3 2 2 54 21 81
3 2 2 54 39 81
3 2 2 54 63 81
3 2 2 54 93 81
3 2 2 54 129 81
3 2 2 72 12 144
3 2 2 72 84 144
3 2 2 90 15 225
3 2 2 90 105 225
3 2 2 108 6 324
3 2 2 108 18 324
3 2 2 108 42 324
3 2 2 108 78 324
3 2 2 108 126 324
3 2 2 126 21 441
3 2 2 126 147 441
3 2 2 144 24 576
3 2 2 162 9 729
3 2 2 162 27 729
3 2 2 162 63 729
3 2 2 162 117 729
3 2 2 180 30 900
3 2 2 198 33 1089
3 2 2 216 12 1296
3 2 2 216 36 1296
3 2 2 216 84 1296
