4 -1 1 13 4 8
4 -1 1 16 6 4
4 -1 1 16 10 4
4 -1 1 16 18 4
4 -1 1 16 30 4
4 -1 1 16 46 4
4 -1 1 16 66 4
4 -1 1 16 90 4
4 -1 1 16 118 4
4 -1 1 16 150 4
4 -1 1 20 6 4
4 -1 1 26 8 32
4 -1 1 32 12 16
4 -1 1 32 20 16
4 -1 1 32 36 16
4 -1 1 32 60 16
4 -1 1 32 92 16
4 -1 1 32 132 16
4 -1 1 39 12 72
4 -1 1 40 12 16
4 -1 1 48 18 36
4 -1 1 48 30 36
4 -1 1 48 54 36
4 -1 1 48 90 36
4 -1 1 48 138 36
4 -1 1 52 16 128
4 -1 1 60 18 36
4 -1 1 64 24 64
4 -1 1 64 40 64
4 -1 1 64 72 64
4 -1 1 64 120 64
4 -1 1 65 20 200
4 -1 1 78 24 288
4 -1 1 80 24 64
4 -1 1 80 30 100
4 -1 1 80 50 100
4 -1 1 80 90 100
4 -1 1 80 150 100
4 -1 1 91 28 392
4 -1 1 95 30 160
4 -1 1 96 36 144
4 -1 1 96 60 144
4 -1 1 96 108 144
4 -1 1 100 30 100
4 -1 1 104 32 512
4 -1 1 112 30 4
4 -1 1 112 36 192
4 -1 1 112 42 196
4 -1 1 112 70 196
4 -1 1 112 126 196
4 -1 1 117 36 648
4 -1 1 120 36 144
4 -1 1 128 44 256
4 -1 1 128 48 256
4 -1 1 128 60 256
4 -1 1 128 80 256
4 -1 1 128 108 256
4 -1 1 128 144 256
4 -1 1 131 36 24
4 -1 1 140 42 196
4 -1 1 144 54 324
4 -1 1 144 90 324
4 -1 1 160 48 256
4 -1 1 160 60 400
4 -1 1 160 100 400
4 -1 1 176 66 484
4 -1 1 176 110 484
4 -1 1 180 54 324
4 -1 1 181 60 512
4 -1 1 190 60 640
4 -1 1 192 60 512
4 -1 1 192 72 576
4 -1 1 192 120 576
4 -1 1 200 60 400
4 -1 1 208 78 676
4 -1 1 208 130 676
4 -1 1 220 66 484
4 -1 1 224 60 16
4 -1 1 240 72 576
4 -1 1 260 78 676
4 -1 1 262 72 96
4 -1 1 336 90 36
4 -1 1 393 108 216
4 -1 1 448 120 64
4 -1 1 524 144 384
4 -1 1 560 150 100
