4 3 5 1 4 -260
4 3 5 1 -4 -252
4 3 5 2 4 -264
4 3 5 2 -4 -248
4 3 5 3 4 -268
4 3 5 3 -4 -244
4 3 5 4 4 -272
4 3 5 4 -4 -240
4 3 5 5 4 -276
4 3 5 5 -4 -236
4 3 5 6 4 -280
4 3 5 6 -4 -232
4 3 5 7 4 -284
4 3 5 7 -4 -228
4 3 5 8 4 -288
4 3 5 8 -4 -224
4 3 5 9 4 -292
4 3 5 9 -4 -220
4 3 5 10 4 -296
4 3 5 10 -4 -216
4 3 5 11 4 -300
4 3 5 11 -4 -212
4 3 5 12 4 -304
4 3 5 12 -4 -208
4 3 5 13 4 -308
4 3 5 13 -4 -204
4 3 5 14 4 -312
4 3 5 14 -4 -200
4 3 5 15 4 -316
4 3 5 15 -4 -196
4 3 5 16 4 -320
4 3 5 16 -4 -192
4 3 5 16 -2 4
4 3 5 16 2 4
4 3 5 16 10 4
4 3 5 16 22 4
4 3 5 16 38 4
4 3 5 16 58 4
4 3 5 16 82 4
4 3 5 16 110 4
4 3 5 16 142 4
4 3 5 17 4 -324
4 3 5 17 -4 -188
4 3 5 18 4 -328
4 3 5 18 -4 -184
4 3 5 19 4 -332
4 3 5 19 -4 -180
4 3 5 20 4 -336
4 3 5 20 -4 -176
4 3 5 21 4 -340
4 3 5 21 -4 -172
4 3 5 22 4 -344
4 3 5 22 -4 -168
4 3 5 23 4 -348
4 3 5 23 -4 -164
4 3 5 24 4 -352
4 3 5 24 -4 -160
4 3 5 25 4 -356
4 3 5 25 -4 -156
4 3 5 26 4 -360
4 3 5 26 -4 -152
4 3 5 27 4 -364
4 3 5 27 -4 -148
4 3 5 28 4 -368
4 3 5 28 -4 -144
4 3 5 29 4 -372
4 3 5 29 -4 -140
4 3 5 30 4 -376
4 3 5 30 -4 -136
4 3 5 31 4 -380
4 3 5 31 -4 -132
4 3 5 32 4 -384
4 3 5 32 -4 -128
4 3 5 32 -4 16
4 3 5 32 4 16
4 3 5 32 20 16
4 3 5 32 44 16
4 3 5 32 76 16
4 3 5 32 116 16
4 3 5 33 4 -388
4 3 5 33 -4 -124
4 3 5 34 4 -392
4 3 5 34 -4 -120
4 3 5 35 -8 -744
4 3 5 35 4 -396
4 3 5 35 -4 -116
4 3 5 36 -8 -736
4 3 5 36 4 -400
4 3 5 36 -4 -112
4 3 5 37 -8 -728
4 3 5 37 4 -404
4 3 5 37 -4 -108
4 3 5 38 -8 -720
4 3 5 38 4 -408
4 3 5 38 -4 -104
4 3 5 39 -8 -712
4 3 5 39 4 -412
4 3 5 39 -4 -100
4 3 5 40 -8 -704
4 3 5 40 4 -416
4 3 5 40 -4 -96
4 3 5 41 -8 -696
4 3 5 41 4 -420
4 3 5 41 -4 -92
4 3 5 42 -8 -688
4 3 5 42 4 -424
4 3 5 42 -4 -88
4 3 5 43 -8 -680
4 3 5 43 4 -428
4 3 5 43 -4 -84
4 3 5 44 -8 -672
4 3 5 44 4 -432
4 3 5 44 -4 -80
4 3 5 45 -8 -664
4 3 5 45 4 -436
4 3 5 45 -4 -76
4 3 5 46 -8 -656
4 3 5 46 4 -440
4 3 5 46 -4 -72
4 3 5 47 -8 -648
4 3 5 47 4 -444
4 3 5 47 -4 -68
4 3 5 48 -8 -640
4 3 5 48 4 -448
4 3 5 48 -4 -64
4 3 5 48 -6 36
4 3 5 48 6 36
4 3 5 48 30 36
4 3 5 48 66 36
4 3 5 48 114 36
4 3 5 49 -8 -632
4 3 5 49 4 -452
4 3 5 49 -4 -60
4 3 5 50 -8 -624
4 3 5 50 4 -456
4 3 5 50 -4 -56
4 3 5 51 -8 -616
4 3 5 51 4 -460
4 3 5 51 -4 -52
4 3 5 52 -8 -608
4 3 5 52 4 -464
4 3 5 52 -4 -48
4 3 5 53 -8 -600
4 3 5 53 4 -468
4 3 5 53 -4 -44
4 3 5 54 -8 -592
4 3 5 54 4 -472
4 3 5 54 -4 -40
4 3 5 55 -8 -584
4 3 5 55 4 -476
4 3 5 55 -4 -36
4 3 5 56 -8 -576
4 3 5 56 4 -480
4 3 5 56 -4 -32
4 3 5 57 -8 -568
4 3 5 57 4 -484
4 3 5 57 -4 -28
4 3 5 58 -8 -560
4 3 5 58 4 -488
4 3 5 58 -4 -24
4 3 5 59 -8 -552
4 3 5 59 4 -492
4 3 5 59 -4 -20
4 3 5 60 -8 -544
4 3 5 60 4 -496
4 3 5 60 -4 -16
4 3 5 61 -8 -536
4 3 5 61 4 -500
4 3 5 61 -4 -12
4 3 5 62 -8 -528
4 3 5 62 4 -504
4 3 5 62 -4 -8
4 3 5 63 -8 -520
4 3 5 63 4 -508
4 3 5 63 -4 -4
4 3 5 64 -8 -512
4 3 5 64 4 -512
4 3 5 64 -8 64
4 3 5 64 8 64
4 3 5 64 40 64
4 3 5 64 88 64
4 3 5 65 4 -516
4 3 5 65 -8 -504
4 3 5 65 -4 4
4 3 5 66 4 -520
4 3 5 66 -8 -496
4 3 5 66 -4 8
4 3 5 67 4 -524
4 3 5 67 -8 -488
4 3 5 67 -4 12
4 3 5 68 4 -528
4 3 5 68 -8 -480
4 3 5 68 -4 16
4 3 5 69 4 -532
4 3 5 69 -8 -472
4 3 5 69 -4 20
4 3 5 70 4 -536
4 3 5 70 -8 -464
4 3 5 70 -4 24
4 3 5 71 4 -540
4 3 5 71 -8 -456
4 3 5 71 -4 28
4 3 5 72 4 -544
4 3 5 72 -8 -448
4 3 5 72 -4 32
4 3 5 73 4 -548
4 3 5 73 -8 -440
4 3 5 73 -4 36
4 3 5 74 4 -552
4 3 5 74 -8 -432
4 3 5 74 -4 40
4 3 5 75 4 -556
4 3 5 75 -8 -424
4 3 5 75 -4 44
4 3 5 76 4 -560
4 3 5 76 -8 -416
4 3 5 76 -4 48
4 3 5 77 4 -564
4 3 5 77 -8 -408
4 3 5 77 -4 52
4 3 5 78 4 -568
4 3 5 78 -8 -400
4 3 5 78 -4 56
4 3 5 79 4 -572
4 3 5 79 -8 -392
4 3 5 79 -4 60
4 3 5 80 4 -576
4 3 5 80 -8 -384
4 3 5 80 -4 64
4 3 5 80 -10 100
4 3 5 80 10 100
4 3 5 80 50 100
4 3 5 80 110 100
4 3 5 81 4 -580
4 3 5 81 -8 -376
4 3 5 81 -4 68
4 3 5 82 4 -584
4 3 5 82 -8 -368
4 3 5 82 -4 72
4 3 5 83 4 -588
4 3 5 83 -8 -360
4 3 5 83 -4 76
4 3 5 84 4 -592
4 3 5 84 -8 -352
4 3 5 84 -4 80
4 3 5 85 4 -596
4 3 5 85 -8 -344
4 3 5 85 -4 84
4 3 5 86 4 -600
4 3 5 86 -8 -336
4 3 5 86 -4 88
4 3 5 87 4 -604
4 3 5 87 -8 -328
4 3 5 87 -4 92
4 3 5 88 4 -608
4 3 5 88 -8 -320
4 3 5 88 -4 96
4 3 5 89 4 -612
4 3 5 89 -8 -312
4 3 5 89 -4 100
4 3 5 90 4 -616
4 3 5 90 -8 -304
4 3 5 90 -4 104
4 3 5 91 4 -620
4 3 5 91 -8 -296
4 3 5 91 -4 108
4 3 5 92 4 -624
4 3 5 92 -8 -288
4 3 5 92 -4 112
4 3 5 93 4 -628
4 3 5 93 -8 -280
4 3 5 93 -4 116
4 3 5 94 4 -632
4 3 5 94 -8 -272
4 3 5 94 -4 120
4 3 5 95 4 -636
4 3 5 95 -8 -264
4 3 5 95 -4 124
4 3 5 96 4 -640
4 3 5 96 -8 -256
4 3 5 96 -4 128
4 3 5 96 -12 144
4 3 5 96 12 144
4 3 5 96 60 144
4 3 5 96 132 144
4 3 5 97 4 -644
4 3 5 97 -8 -248
4 3 5 97 -4 132
4 3 5 98 4 -648
4 3 5 98 -8 -240
4 3 5 98 -4 136
4 3 5 99 4 -652
4 3 5 99 -8 -232
4 3 5 99 -4 140
4 3 5 100 4 -656
4 3 5 100 -8 -224
4 3 5 100 -4 144
4 3 5 101 4 -660
4 3 5 101 -8 -216
4 3 5 101 -4 148
4 3 5 102 4 -664
4 3 5 102 -8 -208
4 3 5 102 -4 152
4 3 5 103 4 -668
4 3 5 103 -8 -200
4 3 5 103 -4 156
4 3 5 104 4 -672
4 3 5 104 -8 -192
4 3 5 104 -4 160
4 3 5 105 4 -676
4 3 5 105 -8 -184
4 3 5 105 -4 164
4 3 5 106 4 -680
4 3 5 106 -8 -176
4 3 5 106 -4 168
4 3 5 107 4 -684
4 3 5 107 -8 -168
4 3 5 107 -4 172
4 3 5 108 4 -688
4 3 5 108 -8 -160
4 3 5 108 -4 176
4 3 5 109 4 -692
4 3 5 109 -8 -152
4 3 5 109 -4 180
4 3 5 110 4 -696
4 3 5 110 -8 -144
4 3 5 110 -4 184
4 3 5 111 4 -700
4 3 5 111 -8 -136
4 3 5 111 -4 188
4 3 5 112 4 -704
4 3 5 112 -8 -128
4 3 5 112 -4 192
4 3 5 112 -14 196
4 3 5 112 14 196
4 3 5 112 70 196
4 3 5 113 4 -708
4 3 5 113 -8 -120
4 3 5 113 -4 196
4 3 5 114 4 -712
4 3 5 114 -8 -112
4 3 5 114 -4 200
4 3 5 115 4 -716
4 3 5 115 -8 -104
4 3 5 115 -4 204
4 3 5 116 4 -720
4 3 5 116 -8 -96
4 3 5 116 -4 208
4 3 5 117 4 -724
4 3 5 117 -8 -88
4 3 5 117 -4 212
4 3 5 118 4 -728
4 3 5 118 -8 -80
4 3 5 118 -4 216
4 3 5 119 4 -732
4 3 5 119 -8 -72
4 3 5 119 -4 220
4 3 5 120 4 -736
4 3 5 120 -8 -64
4 3 5 120 -4 224
4 3 5 121 4 -740
4 3 5 121 -8 -56
4 3 5 121 -4 228
4 3 5 122 4 -744
4 3 5 122 -8 -48
4 3 5 122 -4 232
4 3 5 123 4 -748
4 3 5 123 -8 -40
4 3 5 123 -4 236
4 3 5 124 -8 -32
4 3 5 124 -4 240
4 3 5 125 -8 -24
4 3 5 125 -4 244
4 3 5 126 -8 -16
4 3 5 126 -4 248
4 3 5 127 -8 -8
4 3 5 127 -4 252
4 3 5 128 -20 256
4 3 5 128 -16 256
4 3 5 128 -4 256
4 3 5 128 16 256
4 3 5 128 44 256
4 3 5 128 80 256
4 3 5 128 124 256
4 3 5 129 -8 8
4 3 5 129 -4 260
4 3 5 130 -12 -744
4 3 5 130 -8 16
4 3 5 130 -4 264
4 3 5 131 -12 -732
4 3 5 131 -8 24
4 3 5 131 -4 268
4 3 5 132 -12 -720
4 3 5 132 -8 32
4 3 5 132 -4 272
4 3 5 133 -12 -708
4 3 5 133 -8 40
4 3 5 133 -4 276
4 3 5 134 -12 -696
4 3 5 134 -8 48
4 3 5 134 -4 280
4 3 5 135 -12 -684
4 3 5 135 -8 56
4 3 5 135 -4 284
4 3 5 136 -12 -672
4 3 5 136 -8 64
4 3 5 136 -4 288
4 3 5 137 -12 -660
4 3 5 137 -8 72
4 3 5 137 -4 292
4 3 5 138 -12 -648
4 3 5 138 -8 80
4 3 5 138 -4 296
4 3 5 139 -12 -636
4 3 5 139 -8 88
4 3 5 139 -4 300
4 3 5 140 -12 -624
4 3 5 140 -8 96
4 3 5 140 -4 304
4 3 5 141 -12 -612
4 3 5 141 -8 104
4 3 5 141 -4 308
4 3 5 142 -12 -600
4 3 5 142 -8 112
4 3 5 142 -4 312
4 3 5 143 -12 -588
4 3 5 143 -8 120
4 3 5 143 -4 316
4 3 5 144 -12 -576
4 3 5 144 -8 128
4 3 5 144 -4 320
4 3 5 144 -18 324
4 3 5 144 18 324
4 3 5 144 90 324
4 3 5 145 -12 -564
4 3 5 145 -8 136
4 3 5 145 -4 324
4 3 5 146 -12 -552
4 3 5 146 -8 144
4 3 5 146 -4 328
4 3 5 147 -12 -540
4 3 5 147 -8 152
4 3 5 147 -4 332
4 3 5 148 -12 -528
4 3 5 148 -8 160
4 3 5 148 -4 336
4 3 5 149 -12 -516
4 3 5 149 -8 168
4 3 5 149 -4 340
4 3 5 150 -12 -504
4 3 5 150 -8 176
4 3 5 150 -4 344
4 3 5 151 -12 -492
4 3 5 151 -8 184
4 3 5 151 -4 348
4 3 5 152 -12 -480
4 3 5 152 -8 192
4 3 5 152 -4 352
4 3 5 153 -12 -468
4 3 5 153 -8 200
4 3 5 153 -4 356
4 3 5 154 -12 -456
4 3 5 154 -8 208
4 3 5 154 -4 360
4 3 5 155 -12 -444
4 3 5 155 -8 216
4 3 5 155 -4 364
4 3 5 156 -12 -432
4 3 5 156 -8 224
4 3 5 156 -4 368
4 3 5 157 -12 -420
4 3 5 157 -8 232
4 3 5 157 -4 372
4 3 5 158 -12 -408
4 3 5 158 -8 240
4 3 5 158 -4 376
4 3 5 159 -12 -396
4 3 5 159 -8 248
4 3 5 159 -4 380
4 3 5 160 -12 -384
4 3 5 160 -8 256
4 3 5 160 -4 384
4 3 5 160 -20 400
4 3 5 160 20 400
4 3 5 160 100 400
4 3 5 161 -12 -372
4 3 5 161 -8 264
4 3 5 161 -4 388
4 3 5 162 -12 -360
4 3 5 162 -8 272
4 3 5 162 -4 392
4 3 5 163 -12 -348
4 3 5 163 -8 280
4 3 5 163 -4 396
4 3 5 164 -12 -336
4 3 5 164 -8 288
4 3 5 164 -4 400
4 3 5 165 -12 -324
4 3 5 165 -8 296
4 3 5 165 -4 404
4 3 5 166 -12 -312
4 3 5 166 -8 304
4 3 5 166 -4 408
4 3 5 167 -12 -300
4 3 5 167 -8 312
4 3 5 167 -4 412
4 3 5 168 -12 -288
4 3 5 168 -8 320
4 3 5 168 -4 416
4 3 5 169 -12 -276
4 3 5 169 -8 328
4 3 5 169 -4 420
4 3 5 170 -12 -264
4 3 5 170 -8 336
4 3 5 170 -4 424
4 3 5 171 -12 -252
4 3 5 171 -8 344
4 3 5 171 -4 428
4 3 5 172 -12 -240
4 3 5 172 -8 352
4 3 5 172 -4 432
4 3 5 173 -12 -228
4 3 5 173 -8 360
4 3 5 173 -4 436
4 3 5 174 -12 -216
4 3 5 174 -8 368
4 3 5 174 -4 440
4 3 5 175 -12 -204
4 3 5 175 -8 376
4 3 5 175 -4 444
4 3 5 176 -12 -192
4 3 5 176 -8 384
4 3 5 176 -4 448
4 3 5 176 -22 484
4 3 5 176 22 484
4 3 5 176 110 484
4 3 5 177 -12 -180
4 3 5 177 -8 392
4 3 5 177 -4 452
4 3 5 178 -12 -168
4 3 5 178 -8 400
4 3 5 178 -4 456
4 3 5 179 -12 -156
4 3 5 179 -8 408
4 3 5 179 -4 460
4 3 5 180 -12 -144
4 3 5 180 -8 416
4 3 5 180 -4 464
4 3 5 181 -12 -132
4 3 5 181 -8 424
4 3 5 181 -4 468
4 3 5 182 -12 -120
4 3 5 182 -8 432
4 3 5 182 -4 472
4 3 5 183 -12 -108
4 3 5 183 -8 440
4 3 5 183 -4 476
4 3 5 184 -12 -96
4 3 5 184 -8 448
4 3 5 184 -4 480
4 3 5 185 -12 -84
4 3 5 185 -8 456
4 3 5 185 -4 484
4 3 5 186 -12 -72
4 3 5 186 -8 464
4 3 5 186 -4 488
4 3 5 187 -12 -60
4 3 5 187 -8 472
4 3 5 187 -4 492
4 3 5 188 -12 -48
4 3 5 188 -8 480
4 3 5 188 -4 496
4 3 5 189 -12 -36
4 3 5 189 -8 488
4 3 5 189 -4 500
4 3 5 190 -12 -24
4 3 5 190 -8 496
4 3 5 190 -4 504
4 3 5 191 -12 -12
4 3 5 191 -8 504
4 3 5 191 -4 508
4 3 5 192 -8 512
4 3 5 192 -4 512
4 3 5 192 -24 576
4 3 5 192 24 576
4 3 5 192 120 576
4 3 5 193 -12 12
4 3 5 193 -4 516
4 3 5 193 -8 520
4 3 5 194 -12 24
4 3 5 194 -4 520
4 3 5 194 -8 528
4 3 5 195 -12 36
4 3 5 195 -4 524
4 3 5 195 -8 536
4 3 5 196 -12 48
4 3 5 196 -4 528
4 3 5 196 -8 544
4 3 5 197 -12 60
4 3 5 197 -4 532
4 3 5 197 -8 552
4 3 5 198 -12 72
4 3 5 198 -4 536
4 3 5 198 -8 560
4 3 5 199 -12 84
4 3 5 199 -4 540
4 3 5 199 -8 568
4 3 5 200 -12 96
4 3 5 200 -4 544
4 3 5 200 -8 576
4 3 5 201 -12 108
4 3 5 201 -4 548
4 3 5 201 -8 584
4 3 5 202 -12 120
4 3 5 202 -4 552
4 3 5 202 -8 592
4 3 5 203 -12 132
4 3 5 203 -4 556
4 3 5 203 -8 600
4 3 5 204 -12 144
4 3 5 204 -4 560
4 3 5 204 -8 608
4 3 5 205 -12 156
4 3 5 205 -4 564
4 3 5 205 -8 616
4 3 5 206 -12 168
4 3 5 206 -4 568
4 3 5 206 -8 624
4 3 5 207 -12 180
4 3 5 207 -4 572
4 3 5 207 -8 632
4 3 5 208 -12 192
4 3 5 208 -4 576
4 3 5 208 -8 640
4 3 5 208 -26 676
4 3 5 208 26 676
4 3 5 208 130 676
4 3 5 209 -12 204
4 3 5 209 -4 580
4 3 5 209 -8 648
4 3 5 210 -16 -736
4 3 5 210 -12 216
4 3 5 210 -4 584
4 3 5 210 -8 656
4 3 5 211 -16 -720
4 3 5 211 -12 228
4 3 5 211 -4 588
4 3 5 211 -8 664
4 3 5 212 -16 -704
4 3 5 212 -12 240
4 3 5 212 -4 592
4 3 5 212 -8 672
4 3 5 213 -16 -688
4 3 5 213 -12 252
4 3 5 213 -4 596
4 3 5 213 -8 680
4 3 5 214 -16 -672
4 3 5 214 -12 264
4 3 5 214 -4 600
4 3 5 214 -8 688
4 3 5 215 -16 -656
4 3 5 215 -12 276
4 3 5 215 -4 604
4 3 5 215 -8 696
4 3 5 216 -16 -640
4 3 5 216 -12 288
4 3 5 216 -4 608
4 3 5 216 -8 704
4 3 5 217 -16 -624
4 3 5 217 -12 300
4 3 5 217 -4 612
4 3 5 217 -8 712
4 3 5 218 -16 -608
4 3 5 218 -12 312
4 3 5 218 -4 616
4 3 5 218 -8 720
4 3 5 219 -16 -592
4 3 5 219 -12 324
4 3 5 219 -4 620
4 3 5 219 -8 728
4 3 5 220 -16 -576
4 3 5 220 -12 336
4 3 5 220 -4 624
4 3 5 220 -8 736
4 3 5 221 -16 -560
4 3 5 221 -12 348
4 3 5 221 -4 628
4 3 5 221 -8 744
4 3 5 222 -16 -544
4 3 5 222 -12 360
4 3 5 222 -4 632
4 3 5 223 -16 -528
4 3 5 223 -12 372
4 3 5 223 -4 636
4 3 5 224 -16 -512
4 3 5 224 -12 384
4 3 5 224 -4 640
4 3 5 225 -16 -496
4 3 5 225 -12 396
4 3 5 225 -4 644
4 3 5 226 -16 -480
4 3 5 226 -12 408
4 3 5 226 -4 648
4 3 5 227 -16 -464
4 3 5 227 -12 420
4 3 5 227 -4 652
4 3 5 228 -16 -448
4 3 5 228 -12 432
4 3 5 228 -4 656
4 3 5 229 -16 -432
4 3 5 229 -12 444
4 3 5 229 -4 660
4 3 5 230 -16 -416
4 3 5 230 -12 456
4 3 5 230 -4 664
4 3 5 231 -16 -400
4 3 5 231 -12 468
4 3 5 231 -4 668
4 3 5 232 -16 -384
4 3 5 232 -12 480
4 3 5 232 -4 672
4 3 5 233 -16 -368
4 3 5 233 -12 492
4 3 5 233 -4 676
4 3 5 234 -16 -352
4 3 5 234 -12 504
4 3 5 234 -4 680
4 3 5 235 -16 -336
4 3 5 235 -12 516
4 3 5 235 -4 684
4 3 5 236 -16 -320
4 3 5 236 -12 528
4 3 5 236 -4 688
4 3 5 237 -16 -304
4 3 5 237 -12 540
4 3 5 237 -4 692
4 3 5 238 -16 -288
4 3 5 238 -12 552
4 3 5 238 -4 696
4 3 5 239 -16 -272
4 3 5 239 -12 564
4 3 5 239 -4 700
4 3 5 240 -16 -256
4 3 5 240 -12 576
4 3 5 240 -4 704
4 3 5 241 -16 -240
4 3 5 241 -12 588
4 3 5 241 -4 708
4 3 5 242 -16 -224
4 3 5 242 -12 600
4 3 5 242 -4 712
4 3 5 243 -16 -208
4 3 5 243 -12 612
4 3 5 243 -4 716
4 3 5 244 -16 -192
4 3 5 244 -12 624
4 3 5 244 -4 720
4 3 5 245 -16 -176
4 3 5 245 -12 636
4 3 5 245 -4 724
4 3 5 246 -16 -160
4 3 5 246 -12 648
4 3 5 246 -4 728
4 3 5 247 -16 -144
4 3 5 247 -12 660
4 3 5 247 -4 732
4 3 5 248 -16 -128
4 3 5 248 -12 672
4 3 5 248 -4 736
4 3 5 249 -16 -112
4 3 5 249 -12 684
4 3 5 249 -4 740
4 3 5 250 -16 -96
4 3 5 250 -12 696
4 3 5 250 -4 744
4 3 5 251 -16 -80
4 3 5 251 -12 708
4 3 5 251 -4 748
4 3 5 252 -16 -64
4 3 5 252 -12 720
4 3 5 253 -16 -48
4 3 5 253 -12 732
4 3 5 254 -16 -32
4 3 5 254 -12 744
4 3 5 255 -16 -16
4 3 5 257 -16 16
4 3 5 258 -16 32
4 3 5 259 -16 48
4 3 5 260 -16 64
4 3 5 261 -16 80
4 3 5 262 -16 96
4 3 5 263 -16 112
4 3 5 264 -16 128
4 3 5 265 -16 144
4 3 5 266 -16 160
4 3 5 267 -16 176
4 3 5 268 -16 192
4 3 5 269 -16 208
4 3 5 270 -16 224
4 3 5 271 -16 240
4 3 5 272 -16 256
4 3 5 273 -16 272
4 3 5 274 -16 288
4 3 5 275 -16 304
4 3 5 276 -16 320
4 3 5 277 -16 336
4 3 5 278 -16 352
4 3 5 279 -16 368
4 3 5 280 -16 384
4 3 5 281 -16 400
4 3 5 282 -16 416
4 3 5 283 -20 -740
4 3 5 283 -16 432
4 3 5 284 -20 -720
4 3 5 284 -16 448
4 3 5 285 -20 -700
4 3 5 285 -16 464
4 3 5 286 -20 -680
4 3 5 286 -16 480
4 3 5 287 -20 -660
4 3 5 287 -16 496
4 3 5 288 -20 -640
4 3 5 288 -16 512
4 3 5 289 -20 -620
4 3 5 289 -16 528
4 3 5 290 -20 -600
4 3 5 290 -16 544
4 3 5 291 -20 -580
4 3 5 291 -16 560
4 3 5 292 -20 -560
4 3 5 292 -16 576
4 3 5 293 -20 -540
4 3 5 293 -16 592
4 3 5 294 -20 -520
4 3 5 294 -16 608
4 3 5 295 -20 -500
4 3 5 295 -16 624
4 3 5 296 -20 -480
4 3 5 296 -16 640
4 3 5 297 -20 -460
4 3 5 297 -16 656
4 3 5 298 -20 -440
4 3 5 298 -16 672
4 3 5 299 -20 -420
4 3 5 299 -16 688
4 3 5 300 -20 -400
4 3 5 300 -16 704
4 3 5 301 -20 -380
4 3 5 301 -16 720
4 3 5 302 -20 -360
4 3 5 302 -16 736
4 3 5 303 -20 -340
4 3 5 304 -20 -320
4 3 5 305 -20 -300
4 3 5 306 -20 -280
4 3 5 307 -20 -260
4 3 5 308 -20 -240
4 3 5 309 -20 -220
4 3 5 310 -20 -200
4 3 5 311 -20 -180
4 3 5 312 -20 -160
4 3 5 313 -20 -140
4 3 5 314 -20 -120
4 3 5 315 -20 -100
4 3 5 316 -20 -80
4 3 5 317 -20 -60
4 3 5 318 -20 -40
4 3 5 319 -20 -20
4 3 5 321 -20 20
4 3 5 322 -20 40
4 3 5 323 -20 60
4 3 5 324 -20 80
4 3 5 325 -20 100
4 3 5 326 -20 120
4 3 5 327 -20 140
4 3 5 328 -20 160
4 3 5 329 -20 180
4 3 5 330 -20 200
4 3 5 331 -20 220
4 3 5 332 -20 240
4 3 5 333 -20 260
4 3 5 334 -20 280
4 3 5 335 -20 300
4 3 5 336 -20 320
4 3 5 337 -20 340
4 3 5 338 -20 360
4 3 5 339 -20 380
4 3 5 340 -20 400
4 3 5 341 -20 420
4 3 5 342 -20 440
4 3 5 343 -20 460
4 3 5 344 -20 480
4 3 5 345 -20 500
4 3 5 346 -20 520
4 3 5 347 -20 540
4 3 5 348 -20 560
4 3 5 349 -20 580
4 3 5 350 -20 600
4 3 5 351 -20 620
4 3 5 352 -20 640
4 3 5 353 -24 -744
4 3 5 353 -20 660
4 3 5 354 -24 -720
4 3 5 354 -20 680
4 3 5 355 -24 -696
4 3 5 355 -20 700
4 3 5 356 -24 -672
4 3 5 356 -20 720
4 3 5 357 -24 -648
4 3 5 357 -20 740
4 3 5 358 -24 -624
4 3 5 359 -24 -600
4 3 5 360 -24 -576
4 3 5 361 -24 -552
4 3 5 362 -24 -528
4 3 5 363 -24 -504
4 3 5 364 -24 -480
4 3 5 365 -24 -456
4 3 5 366 -24 -432
4 3 5 367 -24 -408
4 3 5 368 -24 -384
4 3 5 369 -24 -360
4 3 5 370 -24 -336
4 3 5 371 -24 -312
4 3 5 372 -24 -288
4 3 5 373 -24 -264
4 3 5 374 -24 -240
4 3 5 375 -24 -216
4 3 5 376 -24 -192
4 3 5 377 -24 -168
4 3 5 378 -24 -144
4 3 5 379 -24 -120
4 3 5 380 -24 -96
4 3 5 381 -24 -72
4 3 5 382 -24 -48
4 3 5 383 -24 -24
4 3 5 385 -24 24
4 3 5 386 -24 48
4 3 5 387 -24 72
4 3 5 388 -24 96
4 3 5 389 -24 120
4 3 5 390 -24 144
4 3 5 391 -24 168
4 3 5 392 -24 192
4 3 5 393 -24 216
4 3 5 394 -24 240
4 3 5 395 -24 264
4 3 5 396 -24 288
4 3 5 397 -24 312
4 3 5 398 -24 336
4 3 5 399 -24 360
4 3 5 400 -24 384
4 3 5 401 -24 408
4 3 5 402 -24 432
4 3 5 403 -24 456
4 3 5 404 -24 480
4 3 5 405 -24 504
4 3 5 406 -24 528
4 3 5 407 -24 552
4 3 5 408 -24 576
4 3 5 409 -24 600
4 3 5 410 -24 624
4 3 5 411 -24 648
4 3 5 412 -24 672
4 3 5 413 -24 696
4 3 5 414 -24 720
4 3 5 415 -24 744
4 3 5 422 -28 -728
4 3 5 423 -28 -700
4 3 5 424 -28 -672
4 3 5 425 -28 -644
4 3 5 426 -28 -616
4 3 5 427 -28 -588
4 3 5 428 -28 -560
4 3 5 429 -28 -532
4 3 5 430 -28 -504
4 3 5 431 -28 -476
4 3 5 432 -28 -448
4 3 5 433 -28 -420
4 3 5 434 -28 -392
4 3 5 435 -28 -364
4 3 5 436 -28 -336
4 3 5 437 -28 -308
4 3 5 438 -28 -280
4 3 5 439 -28 -252
4 3 5 440 -28 -224
4 3 5 441 -28 -196
4 3 5 442 -28 -168
4 3 5 443 -28 -140
4 3 5 444 -28 -112
4 3 5 445 -28 -84
4 3 5 446 -28 -56
4 3 5 447 -28 -28
4 3 5 449 -28 28
4 3 5 450 -28 56
4 3 5 451 -28 84
4 3 5 452 -28 112
4 3 5 453 -28 140
4 3 5 454 -28 168
4 3 5 455 -28 196
4 3 5 456 -28 224
4 3 5 457 -28 252
4 3 5 458 -28 280
4 3 5 459 -28 308
4 3 5 460 -28 336
4 3 5 461 -28 364
4 3 5 462 -28 392
4 3 5 463 -28 420
4 3 5 464 -28 448
4 3 5 465 -28 476
4 3 5 466 -28 504
4 3 5 467 -28 532
4 3 5 468 -28 560
4 3 5 469 -28 588
4 3 5 470 -28 616
4 3 5 471 -28 644
4 3 5 472 -28 672
4 3 5 473 -28 700
4 3 5 474 -28 728
4 3 5 489 -32 -736
4 3 5 490 -32 -704
4 3 5 491 -32 -672
4 3 5 492 -32 -640
4 3 5 493 -32 -608
4 3 5 494 -32 -576
4 3 5 495 -32 -544
4 3 5 496 -32 -512
4 3 5 497 -32 -480
4 3 5 498 -32 -448
4 3 5 499 -32 -416
4 3 5 500 -32 -384
4 3 5 501 -32 -352
4 3 5 502 -32 -320
4 3 5 503 -32 -288
4 3 5 504 -32 -256
4 3 5 505 -32 -224
4 3 5 506 -32 -192
4 3 5 507 -32 -160
4 3 5 508 -32 -128
4 3 5 509 -32 -96
4 3 5 510 -32 -64
4 3 5 511 -32 -32
4 3 5 513 -32 32
4 3 5 514 -32 64
4 3 5 515 -32 96
4 3 5 516 -32 128
4 3 5 517 -32 160
4 3 5 518 -32 192
4 3 5 519 -32 224
4 3 5 520 -32 256
4 3 5 521 -32 288
4 3 5 522 -32 320
4 3 5 523 -32 352
4 3 5 524 -32 384
4 3 5 525 -32 416
4 3 5 526 -32 448
4 3 5 527 -32 480
4 3 5 528 -32 512
4 3 5 529 -32 544
4 3 5 530 -32 576
4 3 5 531 -32 608
4 3 5 532 -32 640
4 3 5 533 -32 672
4 3 5 534 -32 704
4 3 5 535 -32 736
4 3 5 556 -36 -720
4 3 5 557 -36 -684
4 3 5 558 -36 -648
4 3 5 559 -36 -612
4 3 5 560 -36 -576
4 3 5 561 -36 -540
4 3 5 562 -36 -504
4 3 5 563 -36 -468
4 3 5 564 -36 -432
4 3 5 565 -36 -396
4 3 5 566 -36 -360
4 3 5 567 -36 -324
4 3 5 568 -36 -288
4 3 5 569 -36 -252
4 3 5 570 -36 -216
4 3 5 571 -36 -180
4 3 5 572 -36 -144
4 3 5 573 -36 -108
4 3 5 574 -36 -72
4 3 5 575 -36 -36
4 3 5 577 -36 36
4 3 5 578 -36 72
4 3 5 579 -36 108
4 3 5 580 -36 144
4 3 5 581 -36 180
4 3 5 582 -36 216
4 3 5 583 -36 252
4 3 5 584 -36 288
4 3 5 585 -36 324
4 3 5 586 -36 360
4 3 5 587 -36 396
4 3 5 588 -36 432
4 3 5 589 -36 468
4 3 5 590 -36 504
4 3 5 591 -36 540
4 3 5 592 -36 576
4 3 5 593 -36 612
4 3 5 594 -36 648
4 3 5 595 -36 684
4 3 5 596 -36 720
4 3 5 622 -40 -720
4 3 5 623 -40 -680
4 3 5 624 -40 -640
4 3 5 625 -40 -600
4 3 5 626 -40 -560
4 3 5 627 -40 -520
4 3 5 628 -40 -480
4 3 5 629 -40 -440
4 3 5 630 -40 -400
4 3 5 631 -40 -360
4 3 5 632 -40 -320
4 3 5 633 -40 -280
4 3 5 634 -40 -240
4 3 5 635 -40 -200
4 3 5 636 -40 -160
4 3 5 637 -40 -120
4 3 5 638 -40 -80
4 3 5 639 -40 -40
4 3 5 641 -40 40
4 3 5 642 -40 80
4 3 5 643 -40 120
4 3 5 644 -40 160
4 3 5 645 -40 200
4 3 5 646 -40 240
4 3 5 647 -40 280
4 3 5 648 -40 320
4 3 5 649 -40 360
4 3 5 650 -40 400
4 3 5 651 -40 440
4 3 5 652 -40 480
4 3 5 653 -40 520
4 3 5 654 -40 560
4 3 5 655 -40 600
4 3 5 656 -40 640
4 3 5 657 -40 680
4 3 5 658 -40 720
4 3 5 687 -44 -748
4 3 5 688 -44 -704
4 3 5 689 -44 -660
4 3 5 690 -44 -616
4 3 5 691 -44 -572
4 3 5 692 -44 -528
4 3 5 693 -44 -484
4 3 5 694 -44 -440
4 3 5 695 -44 -396
4 3 5 696 -44 -352
4 3 5 697 -44 -308
4 3 5 698 -44 -264
4 3 5 699 -44 -220
4 3 5 700 -44 -176
4 3 5 701 -44 -132
4 3 5 702 -44 -88
4 3 5 703 -44 -44
4 3 5 705 -44 44
4 3 5 706 -44 88
4 3 5 707 -44 132
4 3 5 708 -44 176
4 3 5 709 -44 220
4 3 5 710 -44 264
4 3 5 711 -44 308
4 3 5 712 -44 352
4 3 5 713 -44 396
4 3 5 714 -44 440
4 3 5 715 -44 484
4 3 5 716 -44 528
4 3 5 717 -44 572
4 3 5 718 -44 616
4 3 5 719 -44 660
4 3 5 720 -44 704
4 3 5 721 -44 748
4 3 5 753 -48 -720
4 3 5 754 -48 -672
4 3 5 755 -48 -624
4 3 5 756 -48 -576
4 3 5 757 -48 -528
4 3 5 758 -48 -480
4 3 5 759 -48 -432
4 3 5 760 -48 -384
4 3 5 761 -48 -336
4 3 5 762 -48 -288
4 3 5 763 -48 -240
4 3 5 764 -48 -192
4 3 5 765 -48 -144
4 3 5 766 -48 -96
4 3 5 767 -48 -48
4 3 5 769 -48 48
4 3 5 770 -48 96
4 3 5 771 -48 144
4 3 5 772 -48 192
4 3 5 773 -48 240
4 3 5 774 -48 288
4 3 5 775 -48 336
4 3 5 776 -48 384
4 3 5 777 -48 432
4 3 5 778 -48 480
4 3 5 779 -48 528
4 3 5 780 -48 576
4 3 5 781 -48 624
4 3 5 782 -48 672
4 3 5 783 -48 720
4 3 5 818 -52 -728
4 3 5 819 -52 -676
4 3 5 820 -52 -624
4 3 5 821 -52 -572
4 3 5 822 -52 -520
4 3 5 823 -52 -468
4 3 5 824 -52 -416
4 3 5 825 -52 -364
4 3 5 826 -52 -312
4 3 5 827 -52 -260
4 3 5 828 -52 -208
4 3 5 829 -52 -156
4 3 5 830 -52 -104
4 3 5 831 -52 -52
4 3 5 833 -52 52
4 3 5 834 -52 104
4 3 5 835 -52 156
4 3 5 836 -52 208
4 3 5 837 -52 260
4 3 5 838 -52 312
4 3 5 839 -52 364
4 3 5 840 -52 416
4 3 5 841 -52 468
4 3 5 842 -52 520
4 3 5 843 -52 572
4 3 5 844 -52 624
4 3 5 845 -52 676
4 3 5 846 -52 728
4 3 5 883 -56 -728
4 3 5 884 -56 -672
4 3 5 885 -56 -616
4 3 5 886 -56 -560
4 3 5 887 -56 -504
4 3 5 888 -56 -448
4 3 5 889 -56 -392
4 3 5 890 -56 -336
4 3 5 891 -56 -280
4 3 5 892 -56 -224
4 3 5 893 -56 -168
4 3 5 894 -56 -112
4 3 5 895 -56 -56
4 3 5 897 -56 56
4 3 5 898 -56 112
4 3 5 899 -56 168
4 3 5 900 -56 224
4 3 5 901 -56 280
4 3 5 902 -56 336
4 3 5 903 -56 392
4 3 5 904 -56 448
4 3 5 905 -56 504
4 3 5 906 -56 560
4 3 5 907 -56 616
4 3 5 908 -56 672
4 3 5 909 -56 728
4 3 5 948 -60 -720
4 3 5 949 -60 -660
4 3 5 950 -60 -600
4 3 5 951 -60 -540
4 3 5 952 -60 -480
4 3 5 953 -60 -420
4 3 5 954 -60 -360
4 3 5 955 -60 -300
4 3 5 956 -60 -240
4 3 5 957 -60 -180
4 3 5 958 -60 -120
4 3 5 959 -60 -60
4 3 5 961 -60 60
4 3 5 962 -60 120
4 3 5 963 -60 180
4 3 5 964 -60 240
4 3 5 965 -60 300
4 3 5 966 -60 360
4 3 5 967 -60 420
4 3 5 968 -60 480
4 3 5 969 -60 540
4 3 5 970 -60 600
4 3 5 971 -60 660
4 3 5 972 -60 720
4 3 5 1013 -64 -704
4 3 5 1014 -64 -640
4 3 5 1015 -64 -576
4 3 5 1016 -64 -512
4 3 5 1017 -64 -448
4 3 5 1018 -64 -384
4 3 5 1019 -64 -320
4 3 5 1020 -64 -256
4 3 5 1021 -64 -192
4 3 5 1022 -64 -128
4 3 5 1023 -64 -64
4 3 5 1025 -64 64
4 3 5 1026 -64 128
4 3 5 1027 -64 192
4 3 5 1028 -64 256
4 3 5 1029 -64 320
4 3 5 1030 -64 384
4 3 5 1031 -64 448
4 3 5 1032 -64 512
4 3 5 1033 -64 576
4 3 5 1034 -64 640
4 3 5 1035 -64 704
4 3 5 1077 -68 -748
4 3 5 1078 -68 -680
4 3 5 1079 -68 -612
4 3 5 1080 -68 -544
4 3 5 1081 -68 -476
4 3 5 1082 -68 -408
4 3 5 1083 -68 -340
4 3 5 1084 -68 -272
4 3 5 1085 -68 -204
4 3 5 1086 -68 -136
4 3 5 1087 -68 -68
4 3 5 1089 -68 68
4 3 5 1090 -68 136
4 3 5 1091 -68 204
4 3 5 1092 -68 272
4 3 5 1093 -68 340
4 3 5 1094 -68 408
4 3 5 1095 -68 476
4 3 5 1096 -68 544
4 3 5 1097 -68 612
4 3 5 1098 -68 680
4 3 5 1099 -68 748
4 3 5 1142 -72 -720
4 3 5 1143 -72 -648
4 3 5 1144 -72 -576
4 3 5 1145 -72 -504
4 3 5 1146 -72 -432
4 3 5 1147 -72 -360
4 3 5 1148 -72 -288
4 3 5 1149 -72 -216
4 3 5 1150 -72 -144
4 3 5 1151 -72 -72
4 3 5 1153 -72 72
4 3 5 1154 -72 144
4 3 5 1155 -72 216
4 3 5 1156 -72 288
4 3 5 1157 -72 360
4 3 5 1158 -72 432
4 3 5 1159 -72 504
4 3 5 1160 -72 576
4 3 5 1161 -72 648
4 3 5 1162 -72 720
4 3 5 1207 -76 -684
4 3 5 1208 -76 -608
4 3 5 1209 -76 -532
4 3 5 1210 -76 -456
4 3 5 1211 -76 -380
4 3 5 1212 -76 -304
4 3 5 1213 -76 -228
4 3 5 1214 -76 -152
4 3 5 1215 -76 -76
4 3 5 1217 -76 76
4 3 5 1218 -76 152
4 3 5 1219 -76 228
4 3 5 1220 -76 304
4 3 5 1221 -76 380
4 3 5 1222 -76 456
4 3 5 1223 -76 532
4 3 5 1224 -76 608
4 3 5 1225 -76 684
4 3 5 1271 -80 -720
4 3 5 1272 -80 -640
4 3 5 1273 -80 -560
4 3 5 1274 -80 -480
4 3 5 1275 -80 -400
4 3 5 1276 -80 -320
4 3 5 1277 -80 -240
4 3 5 1278 -80 -160
4 3 5 1279 -80 -80
4 3 5 1281 -80 80
4 3 5 1282 -80 160
4 3 5 1283 -80 240
4 3 5 1284 -80 320
4 3 5 1285 -80 400
4 3 5 1286 -80 480
4 3 5 1287 -80 560
4 3 5 1288 -80 640
4 3 5 1289 -80 720
4 3 5 1336 -84 -672
4 3 5 1337 -84 -588
4 3 5 1338 -84 -504
4 3 5 1339 -84 -420
4 3 5 1340 -84 -336
4 3 5 1341 -84 -252
4 3 5 1342 -84 -168
4 3 5 1343 -84 -84
4 3 5 1345 -84 84
4 3 5 1346 -84 168
4 3 5 1347 -84 252
4 3 5 1348 -84 336
4 3 5 1349 -84 420
4 3 5 1350 -84 504
4 3 5 1351 -84 588
4 3 5 1352 -84 672
4 3 5 1400 -88 -704
4 3 5 1401 -88 -616
4 3 5 1402 -88 -528
4 3 5 1403 -88 -440
4 3 5 1404 -88 -352
4 3 5 1405 -88 -264
4 3 5 1406 -88 -176
4 3 5 1407 -88 -88
4 3 5 1409 -88 88
4 3 5 1410 -88 176
4 3 5 1411 -88 264
4 3 5 1412 -88 352
4 3 5 1413 -88 440
4 3 5 1414 -88 528
4 3 5 1415 -88 616
4 3 5 1416 -88 704
4 3 5 1464 -92 -736
4 3 5 1465 -92 -644
4 3 5 1466 -92 -552
4 3 5 1467 -92 -460
4 3 5 1468 -92 -368
4 3 5 1469 -92 -276
4 3 5 1470 -92 -184
4 3 5 1471 -92 -92
4 3 5 1473 -92 92
4 3 5 1474 -92 184
4 3 5 1475 -92 276
4 3 5 1476 -92 368
4 3 5 1477 -92 460
4 3 5 1478 -92 552
4 3 5 1479 -92 644
4 3 5 1480 -92 736
4 3 5 1529 -96 -672
4 3 5 1530 -96 -576
4 3 5 1531 -96 -480
4 3 5 1532 -96 -384
4 3 5 1533 -96 -288
4 3 5 1534 -96 -192
4 3 5 1535 -96 -96
4 3 5 1537 -96 96
4 3 5 1538 -96 192
4 3 5 1539 -96 288
4 3 5 1540 -96 384
4 3 5 1541 -96 480
4 3 5 1542 -96 576
4 3 5 1543 -96 672
4 3 5 1593 -100 -700
4 3 5 1594 -100 -600
4 3 5 1595 -100 -500
4 3 5 1596 -100 -400
4 3 5 1597 -100 -300
4 3 5 1598 -100 -200
4 3 5 1599 -100 -100
4 3 5 1601 -100 100
4 3 5 1602 -100 200
4 3 5 1603 -100 300
4 3 5 1604 -100 400
4 3 5 1605 -100 500
4 3 5 1606 -100 600
4 3 5 1607 -100 700
4 3 5 1657 -104 -728
4 3 5 1658 -104 -624
4 3 5 1659 -104 -520
4 3 5 1660 -104 -416
4 3 5 1661 -104 -312
4 3 5 1662 -104 -208
4 3 5 1663 -104 -104
4 3 5 1665 -104 104
4 3 5 1666 -104 208
4 3 5 1667 -104 312
4 3 5 1668 -104 416
4 3 5 1669 -104 520
4 3 5 1670 -104 624
4 3 5 1671 -104 728
4 3 5 1722 -108 -648
4 3 5 1723 -108 -540
4 3 5 1724 -108 -432
4 3 5 1725 -108 -324
4 3 5 1726 -108 -216
4 3 5 1727 -108 -108
4 3 5 1729 -108 108
4 3 5 1730 -108 216
4 3 5 1731 -108 324
4 3 5 1732 -108 432
4 3 5 1733 -108 540
4 3 5 1734 -108 648
4 3 5 1786 -112 -672
4 3 5 1787 -112 -560
4 3 5 1788 -112 -448
4 3 5 1789 -112 -336
4 3 5 1790 -112 -224
4 3 5 1791 -112 -112
4 3 5 1793 -112 112
4 3 5 1794 -112 224
4 3 5 1795 -112 336
4 3 5 1796 -112 448
4 3 5 1797 -112 560
4 3 5 1798 -112 672
4 3 5 1850 -116 -696
4 3 5 1851 -116 -580
4 3 5 1852 -116 -464
4 3 5 1853 -116 -348
4 3 5 1854 -116 -232
4 3 5 1855 -116 -116
4 3 5 1857 -116 116
4 3 5 1858 -116 232
4 3 5 1859 -116 348
4 3 5 1860 -116 464
4 3 5 1861 -116 580
4 3 5 1862 -116 696
4 3 5 1914 -120 -720
4 3 5 1915 -120 -600
4 3 5 1916 -120 -480
4 3 5 1917 -120 -360
4 3 5 1918 -120 -240
4 3 5 1919 -120 -120
4 3 5 1921 -120 120
4 3 5 1922 -120 240
4 3 5 1923 -120 360
4 3 5 1924 -120 480
4 3 5 1925 -120 600
4 3 5 1926 -120 720
4 3 5 1978 -124 -744
4 3 5 1979 -124 -620
4 3 5 1980 -124 -496
4 3 5 1981 -124 -372
4 3 5 1982 -124 -248
4 3 5 1983 -124 -124
4 3 5 1985 -124 124
4 3 5 1986 -124 248
4 3 5 1987 -124 372
4 3 5 1988 -124 496
4 3 5 1989 -124 620
4 3 5 1990 -124 744
4 3 5 2043 -128 -640
4 3 5 2044 -128 -512
4 3 5 2045 -128 -384
4 3 5 2046 -128 -256
4 3 5 2047 -128 -128
4 3 5 2049 -128 128
4 3 5 2050 -128 256
4 3 5 2051 -128 384
4 3 5 2052 -128 512
4 3 5 2053 -128 640
4 3 5 2107 -132 -660
4 3 5 2108 -132 -528
4 3 5 2109 -132 -396
4 3 5 2110 -132 -264
4 3 5 2111 -132 -132
4 3 5 2113 -132 132
4 3 5 2114 -132 264
4 3 5 2115 -132 396
4 3 5 2116 -132 528
4 3 5 2117 -132 660
4 3 5 2171 -136 -680
4 3 5 2172 -136 -544
4 3 5 2173 -136 -408
4 3 5 2174 -136 -272
4 3 5 2175 -136 -136
4 3 5 2177 -136 136
4 3 5 2178 -136 272
4 3 5 2179 -136 408
4 3 5 2180 -136 544
4 3 5 2181 -136 680
4 3 5 2235 -140 -700
4 3 5 2236 -140 -560
4 3 5 2237 -140 -420
4 3 5 2238 -140 -280
4 3 5 2239 -140 -140
4 3 5 2241 -140 140
4 3 5 2242 -140 280
4 3 5 2243 -140 420
4 3 5 2244 -140 560
4 3 5 2245 -140 700
4 3 5 2299 -144 -720
4 3 5 2300 -144 -576
4 3 5 2301 -144 -432
4 3 5 2302 -144 -288
4 3 5 2303 -144 -144
4 3 5 2305 -144 144
4 3 5 2306 -144 288
4 3 5 2307 -144 432
4 3 5 2308 -144 576
4 3 5 2309 -144 720
4 3 5 2363 -148 -740
4 3 5 2364 -148 -592
4 3 5 2365 -148 -444
4 3 5 2366 -148 -296
4 3 5 2367 -148 -148
4 3 5 2369 -148 148
4 3 5 2370 -148 296
4 3 5 2371 -148 444
4 3 5 2372 -148 592
4 3 5 2373 -148 740
