6 5 7 72 -6 36
6 5 7 72 6 36
6 5 7 72 54 36
6 5 7 72 90 36
6 5 7 144 -12 144
6 5 7 144 12 144
6 5 7 144 108 144
6 5 7 216 -30 324
6 5 7 216 -18 324
6 5 7 216 18 324
6 5 7 216 78 324
6 5 7 405 -12 -324
6 5 7 406 -12 -312
6 5 7 407 -12 -300
6 5 7 408 -12 -288
6 5 7 409 -12 -276
6 5 7 410 -12 -264
6 5 7 411 -12 -252
6 5 7 412 -12 -240
6 5 7 413 -12 -228
6 5 7 414 -12 -216
6 5 7 415 -12 -204
6 5 7 416 -12 -192
6 5 7 417 -12 -180
6 5 7 418 -12 -168
6 5 7 419 -12 -156
6 5 7 420 -12 -144
6 5 7 421 -12 -132
6 5 7 422 -12 -120
6 5 7 423 -12 -108
6 5 7 424 -12 -96
6 5 7 425 -12 -84
6 5 7 426 -12 -72
6 5 7 427 -12 -60
6 5 7 428 -12 -48
6 5 7 429 -12 -36
6 5 7 430 -12 -24
6 5 7 431 -12 -12
6 5 7 433 -12 12
6 5 7 434 -12 24
6 5 7 435 -12 36
6 5 7 436 -12 48
6 5 7 437 -12 60
6 5 7 438 -12 72
6 5 7 439 -12 84
6 5 7 440 -12 96
6 5 7 441 -12 108
6 5 7 442 -12 120
6 5 7 443 -12 132
6 5 7 444 -12 144
6 5 7 445 -12 156
6 5 7 446 -12 168
6 5 7 447 -12 180
6 5 7 448 -12 192
6 5 7 449 -12 204
6 5 7 450 -12 216
6 5 7 451 -12 228
6 5 7 452 -12 240
6 5 7 453 -12 252
6 5 7 454 -12 264
6 5 7 455 -12 276
6 5 7 456 -12 288
6 5 7 457 -12 300
6 5 7 458 -12 312
6 5 7 459 -12 324
6 5 7 2588 -72 -288
6 5 7 2589 -72 -216
6 5 7 2590 -72 -144
6 5 7 2591 -72 -72
6 5 7 2593 -72 72
6 5 7 2594 -72 144
6 5 7 2595 -72 216
6 5 7 2596 -72 288
6 5 7 851 -24 -312
6 5 7 852 -24 -288
6 5 7 853 -24 -264
6 5 7 854 -24 -240
6 5 7 855 -24 -216
6 5 7 856 -24 -192
6 5 7 857 -24 -168
6 5 7 858 -24 -144
6 5 7 859 -24 -120
6 5 7 860 -24 -96
6 5 7 861 -24 -72
6 5 7 862 -24 -48
6 5 7 863 -24 -24
6 5 7 865 -24 24
6 5 7 866 -24 48
6 5 7 867 -24 72
6 5 7 868 -24 96
6 5 7 869 -24 120
6 5 7 870 -24 144
6 5 7 871 -24 168
6 5 7 872 -24 192
6 5 7 873 -24 216
6 5 7 874 -24 240
6 5 7 875 -24 264
6 5 7 876 -24 288
6 5 7 877 -24 312
6 5 7 1287 -36 -324
6 5 7 1288 -36 -288
6 5 7 1289 -36 -252
6 5 7 1290 -36 -216
6 5 7 1291 -36 -180
6 5 7 1292 -36 -144
6 5 7 1293 -36 -108
6 5 7 1294 -36 -72
6 5 7 1295 -36 -36
6 5 7 1297 -36 36
6 5 7 1298 -36 72
6 5 7 1299 -36 108
6 5 7 1300 -36 144
6 5 7 1301 -36 180
6 5 7 1302 -36 216
6 5 7 1303 -36 252
6 5 7 1304 -36 288
6 5 7 1305 -36 324
6 5 7 1722 -48 -288
6 5 7 1723 -48 -240
6 5 7 1724 -48 -192
6 5 7 1725 -48 -144
6 5 7 1726 -48 -96
6 5 7 1727 -48 -48
6 5 7 1729 -48 48
6 5 7 1730 -48 96
6 5 7 1731 -48 144
6 5 7 1732 -48 192
6 5 7 1733 -48 240
6 5 7 1734 -48 288
6 5 7 2155 -60 -300
6 5 7 2156 -60 -240
6 5 7 2157 -60 -180
6 5 7 2158 -60 -120
6 5 7 2159 -60 -60
6 5 7 2161 -60 60
6 5 7 2162 -60 120
6 5 7 2163 -60 180
6 5 7 2164 -60 240
6 5 7 2165 -60 300
