
1 49575859200 45409750528
2 183916572822218396160000 168461252904103170816000
3 827587030023457009359480573898752000 758041245688795791789191614048845824
4 4088867766240839623814891272419112710329026560000 3745262193016868931308061746500004874112221634560
5 21338562436224109864235594359509318366943380573656204820480000 19545389020783702926544613125464447139803246340261207138172928
6 2355724361926775686791837522815247801416413496202574561149101267927040000 2157762464890009227617840930649204688122535616630586013575674977042366464
7 160113466264453087003082584059286612294527631785093764946924107450075530176798720000000 146658426262693883710277082577361834261711073927281916149982357364040266589596385280000
8 19715082586696463765607700807033359288963055564273934656172004299829584955380141028476475420057600000 18058337335776370448498846659628644251779371705486908089125369070952488005300792624514275279794831360
9 83098134380278967449677274524296662780688799142032599623629453572203822896561613260661511856027136670225203200000 76115032032650615833498434126084152869402928487782271508952105384163630329167143746197898696203047373113009111040
10 8968344371632498841084081855948926430981116396527803439543853086812215713591143610825518138495386910364429104016285696000000 8214694881148279706889101153549641496091592216795189266370799999509032034257734596879208575214917244829976886956986368000000
