N 10 w 3 CHI 3 ORD 4 DIM 10 PREC 600
[0, -1, 1, 2, 0, 0, -4, -2, -2, 0, 5, 8, 4, -3, 0, -10, 4, -7, -1, 0, -10, 8, -8, 2, 0, 25, 6, 20, 4, 0, 0, -52, -4, -16, 0, -10, 2, 3, 20, 0, 10, 8, -8, 42, 0, -5, -4, 18, -8, 0, -25, 28, -6, -53, 0, 0, -8, -40, -40, 0, 20, 48, 52, 2, 0, 15, 32, -62, 14, 0, 20, 28, -2, 47, 0, -50, -40, 16, -12, 0, 0, -71, -8, -18, 0, -35, -84, 80, 16, 0, 5, -12, 4, 104, 0, 100, 16, 63, 41, 0, 0, -62, -28, -118, 0, 0, 106, -142, -40, 0, -40, -12, 8, -23, 0, -10, 80, -3, 20, 0, -40, 57, -48, -16, 0, 0, -4, 118, 8, 0, 0, 128, -32, -40, 0, 100, -28, 63, 8, 0, -20, -72, -28, 24, 0, -200, -94, -82, -6, 0, 100, -52, 40, 7, 0, 0, 24, -27, 0, 0, -20, 8, 71, 82, 0, 80, 36, -62, 16, 0, 70, -20, 84, 107, 0, 50, -32, -40, -80, 0, 0, -2, 12, -96, 0, 15, -208, 56, -36, 0, -100, -212, -16, 57, 0, -60, -82, 3, 8, 0, 50, 248, 62, 80, 0, 0, 236, 2, 12, 0, -40, 328, -106, -56, 0, -210, 80, -104, 10, 0, 80, -42, 12, -138, 0, 0, 46, -2, 80, 0, 0, -64, -80, -183, 0, 90, -40, 0, -28, 0, 40, -232, -57, -38, 0, 205, 32, 60, -104, 0, -125, 48, 4, -16, 0, 0, -16, 313, 168, 0, -30, 40, -128, 262, 0, 265, 80, 160, 124, 0, -200, -252, 28, 24, 0, -200, -16, -267, -140, 0, 0, -312, 72, 262, 0, -200, -48, 16, 4, 0, 200, -252, 94, -243, 0, 100, 12, -160, 150, 0, -100, 168, 52, 124, 0, 0, -14, 18, -32, 0, 260, 388, -24, -183, 0, -10, 0, 213, -212, 0, 40, 568, -8, -140, 0, 75, -164, -20, 16, 0, 0, -232, -36, -3, 0, -310, -32, -417, -151, 0, -70, 416, 20, -180, 0, 40, -214, -202, -160, 0, 0, 120, 32, 447, 0, 0, 160, 56, 220, 0, -10, 39, 2, -114, 0, -235, 192, 118, -8, 0, -30, -212, 208, 107, 0, 250, 72, -120, 80, 0, 0, -472, 212, 342, 0, 80, -114, 42, -126, 0, 60, 28, 82, -256, 0, 0, -16, 323, 120, 0, -100, -642, -248, -156, 0, 0, -160, -24, 56, 0, -40, -252, -236, -40, 0, 90, -24, 280, -160, 0, 80, 208, -328, -18, 0, 175, 112, 96, 284, 0, 0, 788, -80, 367, 0, 400, -20, -40, 188, 0, -80, -41, 42, -378, 0, -400, 276, -300, -16, 0, 25, -64, -46, 104, 0, 0, -160, 393, -120, 0, 20, -622, 64, -278, 0, -520, 366, 38, 6, 0, -180, 108, 40, -336, 0, 0, 56, -53, -120, 0, 0, 18, 232, -16, 0, 315, 76, -522, 96, 0, -205, 328, -32, 280, 0, 40, 208, 56, -72, 0, 250, 248, -48, 42, 0, 0, 32, 302, -236, 0, -140, 188, 16, 400, 0, 590, -336, -144, 12, 0, 60, 258, -40, -258, 0, -200, -524, -364, 64, 0, 0, -20, -80, 24, 0, -710, -248, -440, -10, 0, 200, 338, 252, 4, 0, 50, -48, 558, -126, 0, 200, -800, 16, 0, 0, 0, 280, 3, -52, 0, 40, -224, 312, 42, 0, 115, -524, -142, 56, 0, 400, -392, 48, 424, 0, -50, -8, 473, 191, 0, 0, -72, 252, 424, 0, -15, 486, 198, 164, 0, -100, -12, -12, 47, 0, -140, -300, -240, -12, 0, 0]
[0, 0, 1, -2, -2, 5, 0, -2, 2, -1, -5, 0, 4, 3, 4, -10, 0, -7, 1, 20, 0, 0, -8, -2, -8, 0, 0, 20, -4, -40, 20, 0, -4, 16, 14, 10, 0, 3, -20, -12, 10, 0, -8, -42, 16, 0, 0, 18, 8, 41, -25, 0, -6, 53, -40, -40, 0, -40, 40, 20, -20, 0, 52, -2, 8, 15, 0, -62, -14, 8, 0, 0, -2, -47, -6, 50, 0, 16, 12, 0, -20, 0, -8, 18, 16, 35, 0, 80, -16, -80, 5, 0, 4, -104, -36, 0, 0, 63, -41, 8, 50, 0, -28, 118, 12, -40, 0, -142, 40, 10, 40, 0, 8, 23, 80, -10, 0, -3, -20, -28, 0, 0, -48, 16, -104, -125, 0, 118, -8, 168, -30, 0, -32, 40, 124, -100, 0, 63, -8, -140, -20, 0, -28, -24, 4, 0, 0, -82, 6, 150, 0, 0, 40, -7, -32, 260, 0, -27, 0, -212, 20, 0, 71, -82, 16, 80, 0, -62, -16, -151, 0, 0, 84, -107, -160, 50, 0, -40, 80, 220, -10, 0, 12, 96, -8, -15, 0, 56, 36, 80, -100, 0, -16, -57, -126, 0, 0, 3, -8, 120, -50, 0, 62, -80, 56, -40, 0, 2, -12, -160, 40, 0, -106, 56, 284, -210, 0, -104, -10, 188, 0, 0, 12, 138, -16, 25, 0, -2, -80, -120, 20, 0, -80, 183, 6, -90, 0, 0, 28, -120, 40, 0, -57, 38, 96, 0, 0, 60, 104, -72, 125, 0, 4, 16, -236, -140, 0, 313, -168, 12, 30, 0, -128, -262, 64, 265, 0, 160, -124, -10, 0, 0, 28, -24, -126, 0, 0, -267, 140, -52, 40, 0, 72, -262, 56, 200, 0, 16, -4, 191, 200, 0, 94, 243, 164, 0, 0, -160, -150, -12, -100, 0, 52, -124, -80, -240, 0, 18, 32, -472, -260, 0, -24, 183, 54, -10, 0, 213, 212, 320, 0, 0, -8, 140, -142, -75, 0, -20, -16, 72, -160, 0, -36, 3, 124, 310, 0, -417, 151, -92, -70, 0, 20, 180, -168, 0, 0, -202, 160, 440, -100, 0, 32, -447, 80, -140, 0, 56, -220, 400, 10, 0, 2, 114, -24, -235, 0, 118, 8, 8, 0, 0, 208, -107, -112, 250, 0, -120, -80, -340, 200, 0, 212, -342, 32, -80, 0, 42, 126, -390, 60, 0, 82, 256, -6, 0, 0, 323, -120, -160, 0, 0, -248, 156, -124, 355, 0, -24, -56, 150, 40, 0, -236, 40, -4, 90, 0, 280, 160, -300, 0, 0, -328, 18, 212, 175, 0, 96, -284, 96, 420, 0, -80, -367, 208, -400, 0, -40, -188, -560, -80, 0, 42, 378, -24, 0, 0, -300, 16, 410, -25, 0, -46, -104, 4, 60, 0, 393, 120, 280, -20, 0, 64, 278, 160, -520, 0, 38, -6, -248, 0, 0, 40, 336, 0, -500, 0, -53, 120, 440, -80, 0, 232, 16, 114, -315, 0, -522, -96, 328, -205, 0, -32, -280, -120, 0, 0, 56, 72, -380, 0, 0, -48, -42, -8, 310, 0, 302, 236, 440, 140, 0, 16, -400, -626, 590, 0, -144, -12, 428, 0, 0, -40, 258, 256, 0, 0, -364, -64, -521, -530, 0, -80, -24, -320, 710, 0, -440, 10, -328, 200, 0, 252, -4, -56, 0, 0, 558, 126, 48, 200, 0, 16, 0, 534, 60, 0, 3, 52, -252, -40, 0, 312, -42, -144, 115, 0, -142, -56, -950, 0, 0, 48, -424, -32, 50, 0, 473, -191, 228, -400, 0, 252, -424, -188, 15, 0, 198, -164, 1040, -100, 0, -12, -47, 320, 0, 0, -240, 12, -520, 200]
[0, 1, -2, 0, 2, -6, 6, 3, -1, 0, 3, -11, -6, -4, 0, 18, -7, 8, 17, -30, 6, -15, 30, -12, 16, -40, 13, -52, -12, 24, 26, 31, -3, -16, 15, -31, 20, -38, 40, -7, -43, -47, 102, -40, -38, -22, 62, -89, 34, -104, 120, -65, -12, -68, 196, -27, -50, 40, 88, -102, 62, -135, -6, -60, -55, -127, 200, 27, -52, -73, 88, -145, 71, -120, 153, -80, -20, -182, 330, -144, -51, -16, 198, -160, 66, -171, 286, -272, -106, -96, 416, -189, -94, -112, 276, -310, 124, -350, 215, -141, -160, -172, 602, -252, -146, -127, 195, 35, 192, -285, 326, -157, -220, -296, 600, -282, -224, -170, 376, -325, 224, -399, 502, -208, -50, -225, 766, -621, -185, -409, 511, -527, 364, -440, 348, -240, -240, -566, 1018, -294, -264, -199, 602, -464, 309, -280, 671, -161, -236, -675, 1090, -473, -400, -320, 564, -837, 422, -512, 672, -115, -287, -647, 1224, -608, -302, -544, 706, -513, 222, -481, 683, -370, -486, -684, 1776, -865, -322, -344, 848, -978, 562, -754, 754, -464, -440, -791, 2048, -942, -380, -632, 1180, -625, 590, -856, 1149, -439, -516, -902, 2082, -1044, -545, -807, 968, -1016, 606, -927, 902, -571, -430, -840, 2126, -1363, -248, -624, 924, -622, 504, -950, 1280, -859, -598, -1074, 2578, -1156, -786, -705, 1329, -1185, 880, -1080, 1426, -766, -568, -1264, 2951, -1271, -548, -768, 1206, -1188, 778, -1103, 1710, -800, -734, -1698, 3176, -1500, -850, -769, 1675, -1503, 754, -1480, 1992, -757, -725, -2184, 3546, -1681, -618, -952, 2118, -1580, 824, -2177, 1480, -1312, -756, -1659, 4020, -1437, -960, -1112, 2157, -1555, 1338, -1208, 2072, -987, -1498, -1503, 4054, -1832, -914, -1120, 2384, -2078, 1275, -2159, 1840, -901, -1096, -1996, 3992, -2110, -1228, -864, 2400, -1991, 1730, -2415, 2346, -1248, -960, -1887, 4871, -2213, -1496, -793, 2606, -2629, 1426, -2272, 2595, -1482, -1056, -2768, 5354, -2712, -1199, -1991, 2358, -2440, 1904, -2380, 3030, -1420, -1474, -2767, 5992, -2291, -1086, -1492, 2868, -2611, 1174, -1742, 3225, -1471, -1174, -3134, 6100, -2928, -1424, -1649, 3443, -2353, 2032, -3288, 2820, -1724, -1462, -2848, 6552, -2757, -1504, -2126, 3464, -3408, 1669, -3039, 3524, -1824, -1850, -2577, 6904, -3357, -1478, -1833, 3693, -3193, 1900, -3204, 3804, -2450, -2026, -2952, 6816, -2946, -1740, -1503, 3482, -3364, 2188, -3702, 4129, -2087, -1604, -3069, 8142, -3577, -3023, -2128, 4185, -3600, 2706, -4318, 4272, -2280, -1715, -3054, 9078, -3680, -1592, -2601, 3808, -3814, 1982, -4023, 4526, -2053, -1294, -4232, 9104, -4162, -1664, -2968, 4720, -3726, 2002, -4303, 5486, -2404, -2678, -4590, 9504, -4726, -1924, -2546, 4546, -5093, 2928, -4304, 3948, -2560, -1990, -4280, 10186, -3840, -2506, -2903, 5284, -4552, 3318, -4160, 5074, -2100, -3244, -5097, 10665, -4670, -2060, -2800, 5544, -5097, 2800, -5648, 5640, -3212, -2138, -4268, 10252, -4964, -2616, -1864, 5473, -5113, 4044, -5191, 6108, -3145, -3136, -5216, 11904, -4650, -3790, -2928, 6144, -5772, 3596, -5256, 5766, -3568, -2622, -5411, 12286, -4373, -3258, -3625, 5744, -5899, 4156, -5656, 7020, -3349, -3010, -6246, 13146, -5334, -2900, -3687, 6886, -5836, 2056, -6222, 7032, -4019, -2748, -6456, 13566, -6665, -2999, -3520, 7791, -7362, 4874, -5926, 5894, -4147, -3386, -6528, 14416, -6328, -3182, -4055, 7986, -5730, 4212, -5848, 8161, -3754, -4240, -6416, 15456, -6651, -3698, -3016, 7792, -6907, 4440, -7100, 7378, -4032, -3486, -6905, 14848, -8081, -3188, -4089, 7790, -6160, 3978, -7584, 7683, -4297, -3556, -7166, 16410, -6767, -5076, -4206, 7846, -7312, 5490, -7607, 9162, -4609, -4418, -6441, 16760, -7123, -3108, -4464, 7332, -7580, 5061, -8680, 8735, -4831, -3120, -8295, 17410, -7872, -4454, -4409, 8749, -8369, 4092, -9120, 9580, -4765, -4016, -8112, 18272, -8741, -3450, -4368, 10282, -7716, 4360]
[0, 0, -1, 2, 1, -5, 1, 2, -6, 1, 5, 0, -9, -3, -5, 10, -15, 7, 8, -20, -25, 0, 8, 2, -13, 0, 1, -20, -49, 40, 5, 0, -56, -16, -15, -10, -44, -3, 20, 12, -110, 0, 48, 42, -138, 0, 1, -18, -83, -41, 25, 0, -159, -53, 120, 40, -211, 40, -40, -20, -105, 0, -52, 2, -249, -15, 122, 62, -279, -8, -25, 0, -183, 47, 5, -50, -360, -16, 166, 0, -355, 0, 8, -18, -298, -35, 1, -80, -472, 80, 220, 0, -529, 104, 35, 0, -299, -63, -8, -8, -675, 0, 308, -118, -673, 40, 1, 142, -440, -10, -40, 0, -803, -23, 280, 10, -840, 3, 20, 28, -525, 0, 48, -16, -858, 125, 361, -118, -956, -168, 55, 0, -578, -40, -125, 100, -1171, -63, 546, 140, -1305, 0, 28, 24, -664, 0, 1, 82, -1379, -150, 625, 0, -1480, 7, -90, -260, -808, 27, 0, 212, -1520, 0, 649, 82, -1698, -80, 1, 62, -1152, 151, -25, 0, -1929, 107, 1000, -50, -1830, 40, -80, -220, -1090, 0, -132, -96, -2093, 15, 962, -56, -2249, -80, 100, 0, -1189, 57, 125, 0, -2596, -3, 1106, -120, -2450, 0, -62, 80, -1538, 40, 1, -2, -2463, 160, 960, 0, -2699, -56, -285, 210, -1680, 104, 10, -188, -3050, 0, 1348, -138, -3165, -25, 1, 2, -1720, 120, 5, 0, -3280, -183, 1595, 90, -3480, 0, -366, 120, -1915, 0, 57, -38, -3818, 0, 1682, -60, -3952, 72, -125, 0, -2489, -16, 235, 140, -3855, -313, 2026, -12, -4155, 0, 128, 262, -2626, -265, -360, -160, -4369, 10, 2000, 0, -4423, 24, 125, 0, -2608, 267, -140, 52, -5315, 0, 2128, 262, -5098, -200, 122, -16, -2627, -191, -200, 0, -5419, -243, 1795, 0, -5491, 160, 150, 12, -3025, 0, -52, 124, -5320, 240, 2521, -18, -6498, 472, 260, 0, -3386, -183, -55, 10, -6240, -213, 2606, -320, -6025, 0, -472, -140, -3459, 75, 1, 20, -6712, -72, 3210, 0, -6849, -3, -125, -310, -4230, 417, 18, 92, -7255, 0, 3220, -180, -7213, 0, 1, 202, -4360, -440, -525, 0, -7352, 447, 3400, 140, -7920, -56, 220, -400, -4635, 0, -2, -114, -8738, 235, 3722, -118, -7883, -8, -25, 0, -5018, 107, -10, -250, -8851, 120, 3280, 340, -9200, 0, -212, 342, -4853, 80, 1, -42, -9539, 390, 4390, 0, -10417, -256, 5, 0, -5368, -323, 120, 160, -9375, 0, 4728, -156, -10078, -355, -840, 24, -6152, -150, -40, 0, -10369, -40, 4845, -90, -9899, -280, -160, 300, -7050, 0, 328, -18, -11433, -175, 5042, -96, -11169, -96, -395, 0, -5920, 367, -1170, 400, -11880, 40, 5526, 560, -12120, 0, 78, -378, -6858, 0, 1, 300, -12789, -410, 5650, 0, -12719, 104, -5, -60, -7560, -393, -120, -280, -13105, 0, 4816, -278, -12760, 520, 1, -38, -7101, 248, -25, 0, -13960, -336, 6240, 500, -15512, 53, -120, -440, -7395, 0, -232, -16, -14877, 315, 6481, 522, -14792, -328, -1020, 0, -8378, 280, 480, 0, -14430, -56, 6826, 380, -15625, 0, 48, 42, -10293, -310, 122, -302, -16369, -440, 6860, 0, -15436, 400, 625, -590, -9208, 144, -1406, -428, -16525, 0, 7600, -258, -17418, 0, 1, 364, -9086, 521, 555, 0, -19000, 24, 8240, -710, -17971, 440, -10, 328, -10200, 0, -252, 4, -17525, 0, 7202, -558, -18899, -48, -200, 0, -10986, 0, -535, -60, -19320, -3, 8606, 252, -19835, 0, -312, 42, -10938, -115, 1, 142, -20112, 950, 9000, 0, -20178, 424, -1650, -50, -10604, -473, -98, -228, -20600, 0, 9148, 424, -21113, -15, 1, -198, -13649, -1040, 100, 0, -20583, 47, 9440, 0, -22200, 240, 686, 520, -13325]
[0, 1, 1, -6, -4, 11, 3, -4, 10, -2, -15, -8, -4, 19, 13, -14, -4, -19, 14, 50, 14, -18, -28, 24, -16, -19, -7, -20, 36, -70, 31, 52, -44, 88, 53, 46, -38, -49, 20, -24, 30, -8, -108, -26, 72, -20, 3, -64, 104, 142, -5, -98, -114, 329, -80, -58, 24, -240, 320, 110, -116, -48, -88, 144, 96, 61, -154, -244, 226, 26, 49, -28, -310, 159, 93, 86, 40, -188, 238, 120, 16, -109, -268, 454, 72, 171, 83, -360, 400, -20, -84, 42, -324, -32, 93, -10, -272, -289, 466, 36, 204, 62, -648, 984, 224, -188, -107, -604, 520, 250, 220, -328, -424, 809, 200, 136, -80, -831, 740, 264, -136, -57, -628, 568, 72, -119, -357, -484, 920, 396, 71, -128, -1088, 1220, 613, -580, 44, -649, 618, 70, 284, -478, -808, 1088, 48, 410, 93, -1304, 1286, 750, -389, 52, -840, 779, 466, 782, -736, -979, 1440, -404, 260, 112, -1469, 1274, 552, -208, -37, -1144, 1040, 198, 239, -790, -1044, 1389, -280, 476, 32, -1920, 2080, 1090, -460, 2, -1168, 1448, 624, 221, -754, -1268, 2156, 360, 300, 212, -2224, 1969, 453, -450, 278, -1489, 1298, 1020, 230, -1368, -1498, 2300, 232, 302, -237, -2556, 2404, 500, -340, -328, -1854, 1728, 1493, 286, -1360, -1748, 2710, 506, 408, 12, -2928, 3304, 1088, -600, -47, -1984, 1520, 750, 511, -1156, -2160, 3709, 67, 146, 40, -3360, 3642, 840, -584, 232, -2337, 2114, 1352, 640, -1714, -2340, 3880, -24, 995, -48, -3524, 3748, 733, -1128, 16, -2179, 1738, 1534, 534, -1930, -2788, 3164, 288, 1111, 280, -4080, 3756, 1370, -680, 252, -2764, 2708, 1173, 932, -2136, -3259, 4900, 36, 1136, 312, -4668, 3794, 1672, -560, -74, -2828, 2764, 2062, 1200, -2098, -3174, 5719, 813, 770, 4, -5440, 4650, 1586, -1276, 282, -3448, 2748, 1600, 342, -2507, -3604, 6032, -814, -80, -388, -5960, 6229, 2013, -704, 0, -3619, 4118, 2660, 984, -3428, -3628, 6520, -84, 661, 163, -6420, 6160, 2584, -1818, 232, -4284, 3739, 2413, 1846, -2528, -4849, 6924, 46, 1334, -416, -6900, 7860, 1904, -1540, 213, -4864, 4640, 3290, 1469, -3680, -4768, 5779, 440, 862, -160, -6988, 6700, 3340, -1886, -39, -5038, 4902, 2792, 1261, -3914, -5044, 7784, 276, 1419, 902, -8048, 7689, 2546, -1514, -56, -5760, 5200, 2030, 1760, -3558, -5368, 7384, 384, 1512, 113, -8856, 9086, 2070, -1778, 32, -5210, 6088, 2973, 1560, -4376, -5689, 8760, 500, 1636, 642, -9948, 9668, 2872, -1409, 1000, -6428, 5640, 3540, 1420, -4438, -6804, 10700, 267, 2086, -232, -10080, 10640, 2730, -1512, -208, -7228, 6064, 3904, 2051, -5154, -6188, 9676, 432, 2591, -788, -11120, 9659, 4666, -4040, 20, -7440, 5958, 2500, 2160, -4379, -7558, 12514, 392, 2380, -277, -12300, 12496, 4760, -2684, 64, -7914, 6688, 3973, 2652, -5600, -7579, 12480, 1160, 1484, 622, -11976, 13244, 4480, -2968, -367, -8344, 7034, 4394, 2409, -6268, -8520, 14048, 480, 1090, 1296, -13581, 13560, 5360, -3264, -318, -8668, 8968, 4788, 821, -6557, -9724, 13440, 1216, 3524, -328, -14528, 13300, 4200, -3090, -208, -8468, 8698, 3970, 2154, -7218, -9748, 14464, 1264, 3022, -154, -15316, 15636, 5930, -3200, 1132, -10064, 7600, 3733, 3736, -7096, -10508, 16642, 1496, 2324, -258, -16200, 16594, 5832, -2198, 523, -10928, 9408, 4178, 1431, -7810, -9840, 15968, -80, 4446, 264, -17760, 16730, 5844, -2920, -338, -11008, 10068, 5728, 2920, -7154, -10864, 17726, 676, 3140, 800, -18320, 18960, 7053, -3958, -280, -11929, 10598, 5156, 3576, -8316, -11788, 18154, 392, 3811, 523, -17944, 18440, 4180, -4360, 392, -13008, 9888, 7306, 3236, -9208, -12259, 18916, 1206, 2240, 1782, -19968, 18408, 6144, -5421, -487, -13024, 12836, 8900, 3900, -9688, -13444, 20139, 1440, 5370, 300, -21600, 20078, 5780, -4176]
[0, -1, 1, 2, -1, 0, -3, -3, -2, -5, 4, 13, 0, -3, -11, -14, 14, -13, -1, -20, -15, 23, -18, 2, -36, 20, 32, 0, 4, -50, -11, -17, -24, -16, -66, -21, 43, -23, 20, -95, -4, 73, -58, 42, -112, -39, 77, -23, -8, -135, -51, 113, -60, -53, -180, -25, 116, -140, -40, -200, -36, 193, -18, 2, -236, -24, 174, -153, 14, -295, -31, 223, -156, 47, -316, -134, 180, -86, -12, -360, -50, 134, -138, -18, -432, -106, 197, -140, 16, -460, -110, 313, -160, 104, -511, 0, 312, -113, 41, -605, -95, 328, -338, -118, -626, -135, 542, -373, -40, -685, -162, 383, -208, -23, -800, -134, 600, -417, 20, -805, -284, 627, -338, -16, -892, -155, 517, -183, 8, -1025, -136, 793, -560, -40, -1031, -180, 686, -293, 8, -1120, -184, 563, -418, 24, -1270, -450, 722, -693, -6, -1275, -231, 823, -400, 7, -1362, -175, 796, -503, 0, -1575, -276, 1033, -699, 82, -1552, -308, 1097, -603, 16, -1660, -256, 900, -480, 107, -1880, -211, 1168, -980, -80, -1840, -421, 1258, -578, -96, -1956, -326, 894, -606, -36, -2160, -440, 1183, -1120, 57, -2176, -713, 1437, -743, 8, -2280, -334, 1553, -718, 80, -2572, -325, 1877, -1277, 12, -2540, -682, 2053, -980, -56, -2631, -654, 1560, -926, 10, -2965, -480, 1828, -1458, -138, -2856, -754, 2012, -993, 80, -3030, -411, 1726, -1120, -183, -3364, -461, 2100, -1680, -28, -3300, -784, 1993, -1197, -38, -3432, -421, 1974, -1140, -104, -3845, -726, 2473, -1760, -16, -3731, -845, 2504, -933, 168, -3815, -726, 2190, -1458, 262, -4352, -364, 2880, -1960, 124, -4175, -1420, 2563, -1368, 24, -4336, -935, 2416, -1763, -140, -4775, -524, 2713, -2298, 262, -4652, -1460, 3094, -1406, 4, -4800, -560, 2453, -1540, -243, -5291, -900, 3386, -2800, 150, -5185, -1456, 3763, -1698, 124, -5320, -725, 2962, -1793, -32, -5935, -702, 4123, -2992, -183, -5686, -1334, 3840, -1703, -212, -5900, -1140, 3893, -1818, -140, -6431, -969, 3917, -3220, 16, -6155, -1442, 3973, -2160, -3, -6431, -1431, 3728, -2633, -151, -7125, -1124, 4946, -3440, -180, -6836, -1973, 4382, -2533, -160, -7010, -1071, 3980, -2368, 447, -7760, -975, 5040, -3466, 220, -7420, -2010, 5039, -2518, -114, -7572, -1484, 4494, -2463, -8, -8345, -1606, 5233, -3920, 107, -8122, -1834, 5516, -2940, 80, -8300, -1100, 4163, -2578, 342, -9136, -1262, 5612, -4407, -126, -8745, -2160, 5923, -2564, -256, -8956, -1800, 4976, -2683, 120, -9740, -1630, 5518, -5098, -156, -9422, -2105, 6360, -3226, 56, -9645, -1722, 5153, -3520, -40, -10509, -1494, 6572, -4900, -160, -10140, -2720, 7033, -3778, -18, -10366, -1521, 5934, -3046, 284, -11530, -1411, 7963, -5600, 367, -10722, -2540, 7290, -3740, 188, -11140, -1888, 6339, -3758, -378, -12212, -2700, 7937, -6300, -16, -11615, -2975, 7826, -3980, 104, -11891, -1445, 6480, -3593, -120, -12860, -2116, 7528, -5956, -278, -12400, -3668, 8732, -4153, 6, -12525, -2731, 7223, -4240, -336, -13920, -2200, 9084, -6817, -120, -13220, -3016, 8848, -4218, -16, -13623, -2036, 7557, -5123, 96, -14805, -2210, 9613, -7280, 280, -14100, -4083, 9688, -4206, -72, -14380, -2145, 8303, -4898, 42, -15396, -1950, 9934, -7507, -236, -14930, -4142, 10543, -5024, 400, -15266, -1814, 8176, -5326, 12, -16675, -3134, 10708, -8120, -258, -15832, -4045, 10097, -5646, 64, -16185, -2186, 8880, -4960, 24, -17680, -3571, 10796, -9100, -10, -16675, -3920, 11608, -5378, 4, -17036, -3375, 9774, -5153, -126, -18465, -2722, 10800, -9152, 0, -17686, -4015, 12180, -5963, -52, -18115, -2776, 10006, -5738, 42, -19712, -2824, 11777, -9043, 56, -18715, -5040, 12133, -6480, 424, -18762, -3254, 10468, -5893, 191, -20765, -2600, 13303, -9858, 424, -19686, -5394, 13712, -6413, 164, -19940, -3320, 11183, -6728, 47, -21760, -3827, 13350, -10920, -12, -20720, -5404]
[0, 1, -1, -2, 1, -1, 4, 4, 3, -5, 3, -6, -10, 4, 14, -2, 3, 14, 1, 0, 21, -30, 42, 6, -20, -15, 36, -72, 28, 24, -4, 66, 33, -60, 74, 44, -47, 18, 80, -102, 27, 18, 34, -2, 50, -127, 140, 12, -78, 61, 195, -190, 74, 80, 16, 58, 122, -160, 248, 48, -138, 10, 186, -202, 109, 28, -24, 148, 128, -318, 358, 50, -199, 48, 362, -330, 200, 160, -2, 96, 179, -351, 450, 118, -166, 154, 564, -592, 182, 144, 1, 226, 222, -636, 590, 40, -348, 66, 711, -646, 265, 218, 74, 246, 228, -542, 628, 356, -368, 180, 826, -782, 476, 212, 0, 198, 296, -946, 896, 470, -516, 171, 1034, -972, 458, 275, 204, 100, 439, -1134, 1056, 138, -564, 560, 1142, -1240, 522, 210, 6, 336, 796, -1214, 1354, 212, -761, 520, 1484, -980, 624, 300, -60, 402, 520, -1472, 1852, 298, -942, 414, 1632, -1590, 713, 738, -45, 350, 746, -1884, 1764, 508, -770, 359, 1878, -1880, 710, 384, 96, 860, 878, -1984, 2128, 432, -1123, 506, 2426, -2108, 804, 534, 264, 560, 1020, -1792, 2480, 770, -1314, 532, 2498, -2574, 1591, 594, 30, 576, 955, -2862, 2590, 1184, -1366, 658, 2540, -2852, 1018, 720, 626, 362, 1378, -2908, 2918, 958, -1856, 1552, 3100, -3174, 1282, 706, 90, 862, 1958, -3305, 3292, 796, -1840, 840, 3396, -2636, 1432, 964, -138, 804, 1592, -3648, 4498, 912, -2142, 1122, 3933, -3762, 1634, 1607, 72, 600, 1598, -4014, 4175, 922, -1490, 916, 4286, -4022, 1795, 622, -26, 2054, 1682, -4472, 4650, 878, -2728, 728, 5360, -4832, 1924, 1116, 320, 1378, 2116, -4076, 4946, 1370, -2686, 1518, 5152, -5062, 2842, 1522, 66, 1046, 2234, -5120, 5160, 2464, -3021, 1441, 5240, -5246, 2250, 1492, 1126, 1240, 2194, -5504, 5700, 874, -2970, 2530, 5898, -6052, 2520, 1498, 284, 1428, 3784, -6078, 6106, 1106, -4054, 1636, 6434, -5002, 2784, 1278, 302, 1488, 2741, -7246, 7890, 1960, -3527, 1120, 7108, -6920, 2654, 3278, 232, 1914, 3110, -7164, 7262, 1964, -2746, 2274, 7189, -7446, 3536, 1396, 80, 3672, 2940, -7934, 8036, 2108, -4048, 1752, 9470, -8544, 3370, 1600, 192, 1978, 3376, -6144, 8224, 1872, -5031, 1961, 8566, -8550, 4778, 2328, 40, 1924, 3530, -8878, 9038, 4322, -5028, 2064, 9532, -9450, 3466, 1728, 1856, 2304, 3960, -8958, 9274, 2014, -5348, 4448, 9852, -9868, 4296, 2436, -338, 2498, 5487, -9852, 10154, 2400, -5478, 2018, 10272, -7920, 4435, 3106, 610, 1916, 4586, -10621, 12848, 2688, -6130, 2532, 11026, -10718, 5022, 5168, -30, 2518, 4164, -11648, 11600, 2784, -4118, 2522, 12058, -11586, 4356, 3010, 200, 5376, 4916, -12876, 11916, 2082, -6592, 2624, 14476, -12560, 5320, 2720, 174, 3120, 4934, -9783, 12446, 3286, -6694, 3440, 12732, -12600, 7796, 2988, 165, 3220, 5746, -13404, 13478, 5338, -7840, 2718, 13800, -13072, 5662, 3882, 2836, 3494, 5784, -13404, 13836, 3308, -8336, 6734, 14678, -14510, 5464, 3620, 384, 3600, 9294, -14814, 15024, 3408, -8284, 2674, 14898, -12012, 6555, 3414, 324, 4308, 5830, -15630, 18759, 3386, -8292, 4144, 15120, -16134, 6470, 7376, 454, 3936, 6725, -16542, 16538, 3862, -6940, 3838, 16568, -18180, 7372, 3864, 1066, 7650, 7097, -17120, 17450, 3318, -8910, 4416, 20786, -17622, 5724, 3922, 296, 4390, 7586, -13630, 18604, 5432, -10252, 4067, 18456, -18344, 11200, 3140, 576, 4924, 7394, -18176, 18932, 8918, -10160, 4170, 18890, -19156, 8678, 4520, 3064, 3900, 8472, -19654, 19690, 5440, -12102, 9216, 19922, -19862, 8344, 4770, 318, 3418, 12124, -19596, 20258, 4846, -10822, 4748, 21460, -15748, 7950, 5244, 160, 5402, 8044, -21628, 25420, 4670, -12111, 4526, 22371, -21846, 9480, 10210, 282, 4884, 8460, -23734, 21972, 5052, -8028, 5040, 22880, -22670, 9660, 5376, 512, 11694, 10200, -22848, 21790, 5664, -13940]
[0, -1, 1, 1, 0, 0, -7, -4, 0, -5, 0, 3, 1, -9, -5, -25, 9, -19, -29, -10, 0, -17, -28, -19, -15, 0, -22, -20, 29, -40, -75, -87, 16, -78, -40, -50, -31, -49, -40, -95, 50, -57, -148, -39, 50, -125, -87, -64, -69, -75, -125, -127, 51, -149, -260, -125, 95, -240, -160, -130, -75, -97, -88, -219, 85, -150, -354, -244, 129, -285, -125, -167, -125, -169, -210, -375, 100, -188, -558, -240, 125, -456, -268, -279, -110, -300, -367, -360, 200, -320, -700, -307, 201, -438, -345, -250, -237, -289, -251, -585, 250, -452, -928, -499, 235, -625, -332, -604, -320, -455, -500, -747, 371, -509, -1120, -525, 400, -831, -520, -485, -375, -513, -628, -918, 350, -625, -1247, -484, 340, -965, -700, -537, -478, -640, -665, -1000, 445, -649, -1678, -770, 625, -1257, -808, -798, -570, -1000, -912, -1304, 529, -825, -1875, -927, 600, -1369, -710, -875, -652, -979, -960, -1555, 500, -897, -2189, -959, 650, -1550, -1027, -1144, -400, -1160, -1000, -1750, 801, -1069, -2680, -1000, 598, -1920, -1280, -1190, -825, -1262, -1048, -2078, 785, -1300, -3234, -1268, 829, -1960, -1500, -1607, -1019, -1389, -1470, -2375, 1191, -1489, -3438, -1500, 1000, -2177, -1498, -1360, -970, -1625, -1407, -2556, 771, -1720, -3500, -1397, 951, -2758, -1705, -2025, -1000, -1748, -1820, -2835, 1250, -1942, -4288, -2019, 1445, -3000, -1922, -1984, -1240, -2040, -2075, -3074, 1200, -2229, -4910, -2050, 1300, -3360, -1602, -2220, -1525, -2457, -2337, -3519, 1450, -1875, -5274, -2340, 1400, -3725, -2500, -2377, -1039, -2518, -2525, -3875, 1319, -2179, -5718, -2305, 1425, -4000, -2788, -2459, -1630, -2400, -2000, -4080, 1829, -2785, -6500, -3067, 1631, -4238, -2910, -3125, -1992, -3259, -3080, -4635, 2575, -3337, -6868, -2879, 1950, -5000, -3434, -2828, -2289, -3120, -3000, -5307, 2151, -3489, -6765, -3250, 2145, -5440, -3300, -3575, -2375, -2977, -3448, -5398, 1840, -3625, -8032, -3604, 3138, -5805, -3500, -3347, -2550, -3909, -3780, -5525, 2400, -3619, -9038, -3880, 2125, -5617, -3148, -4040, -2630, -4125, -4247, -6420, 2600, -3715, -9650, -4437, 2601, -6569, -4265, -4550, -2122, -4849, -4809, -6895, 2875, -4114, -10140, -4200, 2785, -7125, -4812, -4864, -3160, -4600, -3625, -7300, 2552, -4449, -10960, -4875, 3200, -6988, -4760, -4880, -3075, -4961, -5038, -8037, 4030, -5400, -11554, -5044, 2611, -8085, -5250, -4967, -3238, -5269, -5230, -8125, 3495, -5760, -11040, -5590, 3500, -9137, -5368, -5379, -3995, -5100, -5842, -8856, 3529, -5895, -13650, -5807, 5125, -9438, -5970, -6000, -4032, -5689, -6000, -8920, 3125, -6802, -14428, -6558, 3900, -9625, -5000, -6428, -3600, -6405, -6500, -10347, 3801, -5920, -15075, -6525, 3023, -10080, -6880, -6810, -2750, -6617, -7228, -10619, 4335, -6625, -15794, -6188, 4629, -11290, -7075, -6387, -5120, -6929, -5510, -11000, 4550, -7440, -16678, -7520, 4600, -10841, -7678, -7839, -4890, -8000, -7387, -12300, 5829, -7675, -17625, -7954, 4851, -12198, -7925, -7375, -5000, -7579, -8160, -12260, 4925, -8772, -16856, -8459, 4360, -13550, -8002, -8344, -6129, -7635, -8625, -13167, 5400, -8958, -19680, -8750, 7892, -13581, -8880, -8740, -6325, -9112, -8668, -13158, 5700, -8800, -20367, -9724, 5800, -14245, -7300, -8957, -6118, -8960, -10020, -14625, 5158, -8468, -21798, -9650, 6250, -14777, -9748, -9699, -3815, -9750, -10114, -15316, 6029, -9880, -22500, -8847, 5356, -15200, -10280, -9525, -7072, -10508, -7802, -16035, 5875, -10192, -23760, -10719, 6650, -15625, -11147, -10928, -7618, -10965, -10950, -16750, 9240, -11238, -25040, -11550, 6695, -17760, -11140, -10175, -7000, -10932, -11008, -17638, 6385, -11375, -24274, -10864, 7129, -17885, -11500, -12400, -7350, -10560, -11700, -18375, 7700, -11929, -27198, -12455, 9075, -18994, -11788, -12159, -7950, -12150, -12827, -17944, 7800, -12635, -28000, -12917, 7122, -19318, -9710, -12875, -9096, -12259, -12191, -20015, 8000, -11737, -29368, -12878, 8135, -20700, -12742, -13024, -5411, -13120, -13500, -20907, 7151, -13489, -30720, -12125, 8250, -21600, -14998, -13900, -8375]
[0, -3, -1, 13, 11, -19, -23, 9, -1, -16, 35, 54, -31, -47, 37, 5, -33, 49, 14, -160, -29, 134, -42, -67, 145, 81, -163, 80, 205, -40, -87, 54, -201, -254, 257, -63, -290, 209, 280, -332, 7, 414, -122, 13, 342, -36, -583, 329, 353, -704, 15, 734, -591, -807, 960, 182, -563, 440, 40, -880, 113, 1014, -402, -507, 711, -35, -1126, 729, 1125, -1212, 117, 1254, -950, -487, 1497, -355, -1320, 938, 308, -1440, 31, 1377, -642, -1187, 1542, -203, -2263, 920, 1718, -1520, 18, 1854, -1871, -374, 2517, 240, -1823, 1409, 1266, -2452, -189, 2154, -682, -2467, 1865, 262, -2683, 1849, 2000, -2780, -330, 3014, -2531, -2127, 3320, -75, -2520, 1711, 1480, -3108, -15, 3591, -1402, -2054, 3582, 481, -4383, 2409, 3319, -4772, -67, 4374, -3462, -3080, 4357, 800, -3323, 2849, 1308, -3920, 189, 4694, -1922, -2974, 4114, -840, -6043, 2929, 4805, -5700, 313, 5094, -4760, -2927, 6514, -778, -5580, 3809, 2400, -5452, -345, 5934, -1761, -3507, 5502, -190, -7303, 4329, 5478, -6036, 537, 7080, -6591, -3847, 9080, -23, -5706, 4040, 2480, -8240, -258, 7554, -3322, -4974, 5985, 317, -10366, 5418, 7565, -8960, 200, 7734, -6591, -5327, 10617, -572, -8030, 5969, 2628, -9600, 367, 10814, -3962, -5960, 9382, 542, -10663, 5391, 8593, -9520, -410, 11334, -9871, -6214, 11237, -155, -8880, 7538, 4640, -12612, 662, 11154, -3282, -8627, 8957, -116, -13603, 7929, 10840, -11640, -647, 12988, -11000, -9647, 15143, 977, -11640, 7200, 5612, -12720, 385, 12654, -5643, -7747, 11942, 116, -16846, 9240, 11918, -15092, -885, 14694, -12711, -10014, 18277, 1182, -11913, 9969, 5588, -15308, -807, 16800, -6522, -8787, 13690, -595, -18600, 9040, 16765, -16660, 160, 16134, -14691, -9654, 20697, -618, -17700, 11969, 6440, -18892, -691, 17214, -5322, -10467, 16462, -1000, -22406, 13058, 14634, -19964, 200, 20174, -18911, -14927, 23437, -480, -15323, 11360, 9600, -20692, 33, 21174, -8802, -10894, 16840, 1782, -25923, 14489, 21330, -21852, 1470, 23574, -17980, -16367, 26337, -515, -20640, 15329, 5188, -24880, 871, 27374, -10482, -17080, 24531, 505, -29143, 13720, 22238, -24908, -614, 24534, -24351, -14047, 29557, -1503, -22426, 17729, 9734, -28132, 1069, 28428, -7600, -19920, 21425, -1052, -32923, 18649, 22840, -29800, 437, 30640, -24842, -16007, 34760, 1702, -25680, 17058, 13880, -31280, -1022, 30117, -12602, -17841, 27062, -675, -36886, 20649, 26673, -33412, 1377, 30654, -27582, -20647, 38354, -155, -24563, 21720, 10720, -31840, -1960, 34454, -14162, -20147, 29825, 1514, -40483, 18871, 32405, -33420, 356, 35334, -32170, -21614, 41817, -1440, -36220, 24049, 16080, -38320, -369, 35034, -10562, -25894, 34222, 241, -44520, 25738, 31478, -39180, -930, 41054, -37391, -27320, 47443, -1115, -31663, 22120, 15760, -39360, 1862, 41574, -16922, -22747, 30745, -63, -50446, 28858, 42525, -46504, -3607, 45414, -32720, -26247, 49594, 3800, -39360, 29240, 14028, -42320, 1654, 46997, -18682, -32867, 45662, -3120, -52663, 25800, 40605, -48100, 198, 47148, -45151, -25574, 55477, 1662, -41640, 31889, 19320, -52560, -1727, 47034, -15524, -34947, 37960, -790, -57283, 33529, 42555, -49108, 1797, 55334, -45800, -37054, 62880, 1840, -45460, 28751, 21120, -54640, -1567, 53634, -22482, -31094, 48393, 3677, -65063, 36809, 49638, -60532, 1102, 56694, -47982, -35560, 66120, -2292, -43506, 39138, 15908, -56000, 811, 63014, -24202, -38627, 48905, 1162, -69446, 32391, 55405, -61480, -1690, 60054, -52201, -30400, 73537, -1995, -62700, 41578, 27412, -68412, 2105, 63474, -17680, -43907, 55782, -538, -76183, 43218, 50426, -62656, -987, 69000, -63560, -43174, 81040, -3263, -51203, 37240, 27760, -65388, 2160, 68634, -28402, -37774, 53677, -2580, -83326, 45689, 65525, -74052, -170, 67200, -56580, -48480, 80577, 2822, -63000, 47729, 19908, -71452, -2243, 77788, -30562, -48467, 74102, -2035, -87943, 42409, 66718, -71060, 4920, 73974, -72582, -39094, 88234, -435, -66710, 50929, 33786, -83972, -1240, 76614, -22602, -49694, 60585, 1603, -90883, 52889, 71285, -83920, 1400, 86534, -69331, -53767, 97120, -3668, -74400, 45840, 33548, -80800, -655]
[1, -8, 8, 11, -6, 6, -29, -7, -2, 9, 32, 44, 3, -59, -15, -93, 82, 3, 83, 80, -82, 4, -204, -109, -117, 196, 111, 360, 185, 80, 27, -556, -222, -378, -95, -55, 269, 343, 520, 178, 102, -196, -564, -149, -412, -29, 171, 673, 411, 431, -228, -116, -617, -999, -240, -68, 593, 440, 640, 560, 99, -196, -564, -949, -806, 97, 542, 473, 1045, 618, 137, -556, -1035, -919, -535, -333, 960, 1506, 1626, 960, 26, -1388, -1884, -1709, -1412, -165, 51, 2600, 1476, 1120, 135, -1396, -1717, -1458, -895, 840, 1771, 2743, 2837, 1258, 58, -2056, -3164, -3229, -2197, -108, 1911, 1353, 2400, 1840, -396, -1676, -2127, -3099, -760, -213, 3600, 3337, 3880, 2222, -421, -1824, -4444, -3858, -3532, -154, 1091, 4793, 3018, 2338, 27, -1636, -4354, -4280, -1575, 840, 3593, 4903, 5386, 2800, -23, -3116, -5684, -4618, -3631, -1440, 1311, 4553, 4485, 3600, 787, -3916, -3680, -5679, -2470, 172, 4978, 5443, 6720, 2978, -318, -4036, -6612, -5589, -5932, 454, 2931, 5873, 5596, 4169, 437, -3840, -5357, -6199, -2200, 465, 5924, 7400, 8000, 5200, 241, -5056, -8764, -8938, -6957, 415, 662, 8626, 7065, 4800, -520, -7276, -7637, -8219, -3775, -278, 8011, 8983, 10986, 6240, 342, -3236, -10424, -8840, -8212, -308, 5931, 10527, 7891, 6560, -756, -4276, -10257, -11618, -4055, -2333, 9200, 9786, 12860, 6378, 196, -7816, -13684, -12389, -10175, 41, 5271, 11873, 12520, 7920, 227, -7672, -10160, -13739, -3465, 1105, 12000, 13920, 14934, 8640, 827, -10756, -16416, -14709, -13052, 1989, 4262, 14640, 10116, 7858, -828, -9316, -14237, -15018, -6495, -508, 12922, 18083, 19746, 10662, -761, -8280, -19644, -14229, -12994, 1757, 7800, 19120, 15665, 11120, -1760, -13276, -12967, -18178, -7375, -1588, 14938, 15283, 19880, 9778, 705, -14596, -21604, -16749, -17772, -520, 7422, 18906, 16713, 13151, 2720, -12836, -16777, -21419, -6015, 1320, 18113, 20320, 24900, 13578, -941, -13036, -24084, -21938, -18320, -868, 6071, 21913, 19130, 11658, 684, -11836, -19630, -23819, -9415, -1053, 22080, 25123, 26906, 16160, -502, -8756, -27804, -24880, -20726, 457, 8931, 26320, 18996, 17262, 94, -18676, -23117, -27179, -10575, -1015, 20284, 22423, 29823, 14618, 317, -14792, -32080, -27960, -24517, 922, 9831, 25953, 26920, 19280, -143, -14480, -22364, -25799, -8200, -948, 29280, 31706, 35960, 20320, -1083, -19688, -35264, -33687, -29732, -3363, 10382, 32153, 24291, 17218, -763, -23476, -30154, -31399, -13830, 2267, 29633, 31800, 39840, 21680, 1520, -22316, -37364, -31589, -26357, 1890, 13431, 37087, 30285, 22800, 2250, -23356, -25565, -39978, -14935, 960, 30778, 39303, 43440, 20960, -734, -29776, -47484, -38698, -36252, -394, 15480, 38306, 33276, 25920, -2076, -23636, -37237, -39080, -11065, -773, 34011, 45640, 46240, 26640, -804, -25636, -50924, -43949, -36677, 1655, 12902, 42386, 39745, 23636, 1227, -22396, -37840, -40839, -18910, 4520, 41880, 43640, 54946, 28960, 644, -25848, -52264, -47789, -39132, -1920, 21291, 46800, 35425, 31520, 255, -32072, -42657, -50178, -19815, -1228, 37320, 51763, 55680, 27200, -1621, -37576, -59368, -51309, -42320, -6866, 23751, 50673, 50395, 34582, -2263, -27596, -38720, -54298, -14880, -560, 51662, 55277, 60720, 35840, 1547, -35176, -60444, -57378, -52098, 4255, 16051, 49993, 42436, 31058, 705, -34516, -56314, -54040, -23160, 1562, 50324, 56746, 68946, 37840, 1958, -30236, -68284, -58109, -47637, -1188, 24942, 66647, 51785, 40400, -3836, -39916, -47302, -61600, -26175, 2907, 50098, 60866, 71774, 35058, -1741, -39736, -75640, -64829, -60412, -1628, 22491, 60706, 57022, 42289, 427, -35760, -57800, -65698, -19280, -2055, 57113, 67480, 77860, 46022, 4480, -42376, -76804, -73058, -59055, 2220, 20582, 74113, 61245, 38138, 1684, -52800, -60390, -69600, -28855, -1508, 70560, 71623, 85866, 47298, -1935, -42712, -82204, -72869, -63252, -1903, 26691, 76593, 56996, 48640, 2280, -53236, -68194, -78578, -33550, -453, 58529, 81123, 91097, 43258, 2480, -54076, -92524, -76298, -70317, 3265, 36831, 81313, 79625, 54560, 2840, -44876, -62927, -80839, -22880, 1158, 76200, 86160, 96466, 54560, 139]
