N 18 w 3 CHI 5 ORD 6 DIM 16 PREC 600
[0, 0, 0, 1, -1, 0, -1, -1, 1, -1, 3, 0, 3, 0, -1, -3, -2, -1, -1, 5, -2, 1, 0, 1, -2, 1, -3, 3, -2, 3, -3, -5, 5, 3, 2, 2, 2, -8, 8, -3, 4, -6, 9, -2, -1, 0, -11, -13, -7, 8, -5, 9, 6, 4, 0, -4, -4, -7, 3, 13, 0, 13, 7, -11, 3, 13, 0, 13, -13, -6, -4, -4, -1, -3, -20, -4, -3, -8, -7, -3, 2, 12, 6, 11, 2, -18, 28, 3, 2, -16, 9, -2, 26, 12, -13, -18, 9, -24, -1, 12, 11, -23, 15, -5, -2, -9, -8, 1, -21, 30, 2, 20, -6, 44, -23, 1, -16, -14, 10, 28, 0, -2, -29, -30, -14, 29, -5, 12, -24, 7, 13, -27, -6, 8, -2, -9, -7, -36, 15, -7, 22, 9, 8, 14, 35, 23, 24, -9, 14, -26, 3, 31, 13, -24, 7, -23, 10, -2, -15, 18, -4, -11, -15, -50, 10, -21, 11, 29, 10, -39, 0, 10, -39, 41, -45, -2, 1, 39, 32, -32, 0, -50, -26, -11, -22, 18, 29, 3, 16, 45, -12, 25, -26, 70, 36, 15, 2, -4, -15, -4, -8, -15, -23, -11, 3, 37, -11, 33, 0, 3, -36, 3, -20, -18, -2, -16, 3, -15, 12, -25, 8, -26, 46, 1, 2, 5, -19, -4, 27, -38, -23, -15, 32, -17, 43, 32, -34, -5, 28, 17, -24, 8, 10, -90, 66, 0, 33, 34, 2, -63, -58, 61, -38, 11, 12, 18, 47, 8, -42, -36, -18, -51, 3, -53, 9, -54, 32, 18, 4, 28, 45, 60, 32, 79, -36, 2, -42, 7, -16, 55, 10, -15, 57, -53, 2, 66, -28, 26, -52, 39, 56, 67, -41, -32, -30, -71, -30, 18, -65, -21, -2, -24, -65, -3, -26, -7, -87, 39, -10, -6, -23, 21, -42, 32, 19, 36, 14, 61, 48, -11, 18, -63, 22, -35, 111, -10, -44, -34, -11, -34, 24, 21, 40, 22, 137, -41, 18, 32, 75, -45, 0, -25, 1, -82, 52, -51, 41, 53, 120, -13, 4, -87, -5, 48, -93, 36, -28, -42, 64, -78, -18, -85, -116, 12, -18, 54, -33, -11, 0, -9, 24, 122, -86, 120, -15, -18, -32, 11, 3, 67, -76, -34, 25, -99, 71, 37, 10, 28, -151, -71, -39, 60, 11, 168, 8, 20, 21, 0, 44, -94, -21, -18, -7, 83, 0, 54, -59, 6, 54, -76, -77, 111, 22, -41, 15, -76, 32, -9, 3, 65, -12, -61, 9, 33, -44, 29, 6, -39, 49, 9, 32, 98, -54, -75, 36, 6, 64, 8, -29, -5, -16, -33, -14, -136, -78, 18, 85, -33, -4, 93, 26, -49, 150, 79, -4, -27, -4, 28, -35, 27, 76, -99, 33, -117, -122, -57, 34, -23, -2, 111, 2, 21, 53, 4, 51, 13, -2, -120, -127, 47, 66, -58, 8, 18, -20, -25, -27, -34, -32, -52, 0, -83, -63, -60, -2, -36, 88, -50, 57, 61, 76, -90, -122, -18, 34, 203, 8, 42, 28, 126, 18, 82, -41, 33, 80, 103, -16, 10, -24, 9, 36, 53, 111, 48, -218, 6, -53, 16, -15, -41, -18, 24, 78, 55, -48, 108, -25, 0, -56, -15, -90, 4, -12, 74, -103, -162, -10, -44, 17, 55, 5, 108, 6, 34, -35, -186, 32, -118, -131, 86, 12, 0, -15, -7, -150, -143, 67, -3, 26, 28, 66, -67, 42, -3, -52, -40, 35, -63, 12, -60, -100, 194, 96, 6, 35, 99, 127, 46, 111, -60, 121, 36, 60, -16, -54, -126, 98, 128, -21, -11, -13]
[0, 0, 0, 1, -1, -1, 0, 0, 2, -1, 0, -1, 0, 3, 1, 0, -1, -2, -1, 0, 0, -5, 2, 4, -1, 3, -6, 6, 0, 5, 0, -12, -3, 0, 3, 4, 5, 0, 1, 6, 4, -4, 5, -15, -2, -9, 0, -6, -1, 9, -1, 3, 2, 8, -6, 0, -4, 5, -7, 1, -6, 21, 14, -8, 0, -5, 3, 15, 7, -15, -11, -8, -7, 0, 2, -7, -5, -5, -8, 6, 4, 21, 0, 6, 2, -18, 2, 18, 1, -32, 18, 0, 8, -9, -1, -2, 22, -30, -2, 12, 0, 13, -9, 6, -2, 18, 6, 2, -9, 0, -5, -10, 2, 21, -9, 12, -32, -17, 0, 8, -6, -12, -13, -36, 8, 58, 7, 0, -3, 40, 23, -10, -9, -12, -4, -36, 0, -46, 6, 9, 0, -9, 12, 28, -4, 0, -15, -6, 10, 13, 4, 48, 26, 21, 0, 4, 28, -21, 3, -12, -22, -22, -24, 0, 15, -18, -1, -36, 0, -57, 0, 1, 0, 21, 3, -6, -3, 75, -6, -64, 18, 0, 11, 4, -38, -2, 16, 9, 32, 15, 0, 28, -35, 60, 24, 0, -27, -8, -6, 0, -11, -9, -49, 16, -30, 57, -22, 42, 0, -5, -15, -6, 8, -42, 15, -32, 42, 0, 24, 11, 18, -4, 18, -42, 4, 2, 0, -33, -12, -3, -1, -24, 64, -34, -14, 0, -31, -41, 12, 48, 6, 0, 20, -45, 0, 18, 27, 36, -18, -45, -29, 122, -38, 0, 6, 18, 53, -24, -25, -6, -36, -105, 0, -38, 21, -36, -8, 84, -1, 56, 18, 0, -5, 40, 56, -1, 30, 21, -32, 70, 0, 23, 9, -120, -26, 18, -37, 52, -19, 0, -5, 13, -11, -53, 9, -96, -60, 36, 0, 2, 25, 3, -31, 36, 1, -14, -6, 0, 8, 27, -31, 14, -46, 108, 38, 0, 0, 19, -18, -12, 26, -111, 19, -70, 30, 0, -28, -16, -41, 9, 3, -30, 80, 58, 0, -14, 12, 54, 39, 24, 18, -50, 28, 0, 57, -81, -1, 39, 54, 45, 8, -36, 0, 14, -57, 90, 40, -18, 60, -156, -36, 0, 8, -18, -40, 16, -25, -78, 0, -72, 0, 22, -98, 111, -3, -18, -86, 22, 45, 0, -18, -16, -31, 8, -9, 39, 20, 4, 0, -47, 15, 90, 43, 117, -24, 40, -15, 0, -26, -10, 1, -10, -29, 90, 0, 81, 0, -8, 75, -126, -37, -27, -28, -82, -48, 0, 24, 39, 13, -108, 42, -189, 18, 60, 0, 25, 72, -96, -79, 78, 43, 196, -15, 0, -33, 90, 16, 38, -9, 156, -32, -69, 0, 27, 12, -72, -1, -150, -18, 186, -13, 0, 10, 121, 62, -64, -35, -42, -70, -90, 0, -73, 24, -222, -6, -45, 33, -46, 46, 0, 31, -36, 115, 10, 35, 27, -4, 24, 0, 6, 42, -6, -8, -6, 94, -50, -9, 0, -30, -118, -36, 79, 3, -126, -4, -54, 0, 32, -63, 213, -18, 105, -93, -36, 34, 0, 7, -21, 16, 89, 18, 108, -82, -24, 0, 22, -121, 33, 36, 72, 70, 106, 39, 0, -72, -6, 23, 62, -18, -141, -36, 87, 0, -101, -54, 234, 27, -84, -30, -30, -90, 0, 66, -100, -93, -2, 15, 75, 34, 85, 0, 70, 6, 33, -7, -126, 23, -236, 10, 0, -4, -9, -61, -81, -24, -33, 134, -48, 0, 88, 18, -117, 32, 81, -83, -80, 89, 0, 33, -90, -90, -3, 17, 18, 70, 99, 0, 61, 69, -102, 71, 120, -14, -32, -36, 0, 62, 194, -25, -164, -33]
[0, 0, 0, 1, -1, -1, 0, 1, 0, -2, 2, 1, 2, -3, 1, 0, 1, 1, -5, 1, -2, 0, -2, 4, 1, 2, 0, 0, -2, -2, 0, 2, -3, 3, 1, -7, 7, 2, 7, -2, 4, -4, 1, -13, 2, 9, -8, -7, -9, 7, -1, -6, -4, 14, 12, -5, 0, -4, 13, 1, -12, 8, -10, -1, 6, 18, -3, 11, 7, -9, -7, 4, -11, -15, -22, -3, -1, -5, 8, 9, 12, -3, 8, 5, 8, -18, 2, 21, -1, -38, 0, 11, 18, 7, -25, -2, 20, -6, 16, 6, 2, -36, 15, -16, -2, 3, 14, 17, -21, 24, 7, 8, -14, 21, -21, 11, -46, -31, -2, 20, 6, 8, -13, -9, 22, 29, -13, 6, -21, 15, 3, -10, 3, -20, 26, -18, -14, 10, -12, -23, 0, 0, 4, -9, 22, -5, 39, 3, 18, 13, -10, 17, 16, 15, 10, -27, 6, 17, 3, -30, -18, -3, 6, -28, -5, -15, 23, -36, 12, -18, -36, 29, -4, 20, -21, 2, -3, 18, -38, -4, 36, 8, -37, -21, -6, -2, 14, 6, 30, 60, 4, -3, -17, 80, 24, 15, -29, -32, -12, -26, 3, -38, 3, 16, -36, 20, -10, -6, 4, 8, 3, 12, 8, 30, 17, 11, 0, -33, -12, 2, -2, -4, 30, -43, 8, -11, -42, 29, -14, -73, -1, 0, 32, -1, 32, 31, -3, -6, 44, 48, -42, -8, -4, -54, 26, -18, 9, 32, -18, -108, 29, 29, -40, 7, 6, 36, 41, -24, 37, 30, 10, -66, 20, -15, -3, -72, -8, 30, -5, 26, -18, 66, 37, 55, -128, -1, 36, 14, -14, 80, 0, -38, 69, 14, -26, 36, -9, -31, -29, 33, 61, 30, -71, -53, -57, -25, -40, 0, -26, -23, 31, -51, -31, 33, 27, 47, -48, -21, -18, 43, -15, 14, -14, 76, -4, -45, -6, 42, -6, -10, 26, 60, -3, -91, 24, -2, -16, -52, 19, 9, 21, -51, 78, -46, 72, -27, 16, 10, 39, -54, 18, 21, 14, -41, -5, -12, 83, 39, 84, 58, -4, -24, 6, 34, -21, -18, 40, -60, -4, 6, 0, -35, -124, -88, 4, 16, -53, -67, -76, 45, 4, 100, -72, 129, -3, -69, -54, 3, 21, -1, -58, -34, 81, 8, -9, 2, 140, 68, -48, -24, -93, 30, 43, 99, -32, -25, 15, -54, 70, 12, -43, -10, -49, 7, -98, 135, -32, 14, 57, -26, -37, 84, -50, 9, 84, 31, 8, -2, -7, -108, 6, -128, 6, -15, -16, 4, -48, 18, -79, -51, 11, 46, 39, 21, 69, 39, 112, 38, 27, 161, 4, -30, 8, -163, 40, 108, -1, -36, -14, -57, 37, -68, 140, -48, -70, -64, -13, -70, -76, -9, 2, -26, 24, -12, -6, -102, -1, 149, -28, 57, -29, 88, -9, 10, -17, 14, 20, -6, -96, 41, 66, -110, -8, 15, 114, -151, -63, -32, -2, -46, 36, 79, -39, -66, 68, 9, 36, -82, -3, -91, -18, 9, 29, 54, -10, 121, 1, 57, 40, 89, 90, 26, 24, -117, 48, 81, -169, -13, 36, 81, 34, 73, -57, 114, -146, -8, -129, 62, 12, -100, -108, -24, 16, 156, 150, -18, 27, 96, 26, -3, -72, -100, -78, 8, -113, -2, -3, 119, 146, -94, 2, 38, -66, 35, -7, -90, -9, -152, -82, 7, 16, -9, 31, -81, -66, 110, -106, -69, 52, -60, 90, -17, 32, 78, -31, -42, -11, 45, -21, -65, -110, -3, 127, 12, 48, 108, 106, -15, 117, -18, 71, -24, -74, 34, -36, -54, 36, 176, -17, -164, -33]
[0, 0, 0, 0, 1, -1, -1, -1, 1, 3, -1, 0, -3, 3, 1, 0, -2, -2, 3, -4, 2, -3, 2, 4, 2, 1, -3, -3, 0, -3, 3, -2, -3, 0, 2, 9, 0, 10, -8, 0, -4, -4, 1, -2, -3, -9, 3, 13, 9, -7, -1, -3, 6, -10, -12, -1, 4, 15, -13, 1, 0, 13, 17, 3, 3, -13, 0, -11, 7, 3, -4, -8, -9, -12, 20, 3, 1, -5, -5, -3, -10, 9, 2, -11, -12, 18, 2, 9, 2, 22, 9, 13, -26, -15, 25, -2, -7, -24, -17, 9, -9, 23, -21, 16, -2, 6, -8, -16, 33, -6, -2, -24, 14, 21, 13, 1, 30, -9, -12, -28, 12, -8, -13, -18, -14, 0, 21, -6, 24, -6, -3, -10, 0, 8, -28, 0, -7, 36, 15, 23, 0, -39, 8, 23, -21, -28, -24, 24, -18, 13, 11, 31, -3, 27, 3, 23, 6, -17, 3, 12, -4, -8, -27, 22, -10, -12, -23, -36, -14, -39, 36, -21, 35, -41, 9, -2, -3, 39, 32, -28, -36, 58, 26, 39, 6, -2, -11, 3, -14, -33, 16, -25, -18, -80, 24, 39, 2, 28, -9, -22, 8, 39, -3, 16, 15, 37, -1, -18, 4, -3, 0, -12, 8, -12, -2, -27, 15, -18, -12, -9, 2, -4, -26, 1, -6, -12, -23, 4, -9, 73, -1, -24, 32, -16, -9, -1, 34, -9, -44, 48, 36, 8, 14, 36, -40, 0, 39, -32, -18, 33, -58, 32, 24, -4, -12, -54, -41, -24, -38, -36, -28, 9, 17, 53, 9, 72, -8, -48, 4, 2, 27, 6, -32, -6, 128, -1, 30, 7, -2, 36, -10, 15, -39, -14, -26, -54, -28, 57, 60, -6, -56, -72, 71, -53, 42, -71, 10, 36, 39, 21, -6, 51, -31, -69, -26, -54, 45, -60, 10, -15, 15, 14, -14, 32, 23, -27, -20, -61, -24, 10, 26, 3, 22, 56, -63, 8, 44, 90, -19, 9, 12, 21, -38, 60, -65, 41, -18, -10, 39, 132, 0, -46, -3, 41, -52, 3, -83, 39, -126, -13, 8, -42, 11, -48, -57, 18, 40, 84, 64, -84, -18, 50, 116, -6, -4, 16, 25, -11, 76, -90, -20, -122, 54, -129, -3, 87, -32, 8, -33, -68, 76, 36, -81, 8, -1, 37, -130, 21, 103, 71, 39, -30, 43, -81, 8, 45, -9, -54, -44, 24, 43, -10, 25, 83, 98, -27, 27, -6, 6, 26, -37, -108, 22, -50, -99, 107, -32, -21, 7, -108, 42, -61, 3, 27, 28, -29, 78, -18, -79, 42, 32, 52, -30, 96, -36, 69, -112, 38, 7, -5, -20, -27, 22, 136, 42, -108, -1, -78, -4, 150, -30, -19, -150, 93, 70, -64, 28, 28, 41, -72, -74, 99, 15, 12, -6, -69, 34, -172, 30, -54, -2, -6, 9, 10, 31, 13, -22, 54, 31, -47, -78, 110, -8, -33, -20, 126, 117, 2, 32, -150, -36, 79, 9, -60, -70, -63, -52, 50, 33, 91, -18, 87, -122, -72, 42, -82, -8, -117, -40, 89, -54, 82, -65, 30, -32, -103, 66, 13, 36, 123, 36, -20, 99, 66, 218, -6, 129, 62, -27, -41, 90, 117, -62, -55, -120, 18, 27, -96, -56, -12, 54, -104, 12, -150, 113, -2, -70, -44, -129, -33, -3, -108, -66, -35, -7, 54, 32, 34, -9, -79, -12, 9, -31, -81, 132, -143, 173, 135, 26, -28, -102, 17, 32, 75, -52, 2, 3, 108, -12, 210, 110, -3, -122, 6, -13, 45, -21, -46, -129, 18, 71, -12, 60, -50, -18, 72, -98, -12, 17, -164, -37]
[0, 0, 1, -1, 0, 0, -2, 1, -1, 1, 1, 0, 3, 0, -1, 3, -3, 1, 1, -5, -4, -1, -1, -1, 5, -1, 3, -3, 6, -3, -3, 5, 6, -3, 7, -2, -11, 8, 3, 3, -6, 6, -9, 2, 1, 0, -21, 13, -8, -8, -8, -9, -2, -4, 27, 4, 6, 7, 23, -13, 18, -13, -7, 11, 15, -13, 6, -13, -14, 6, 0, 4, -8, 3, -14, 4, -8, 8, -5, 3, -2, -12, -20, -11, -8, 18, 33, -3, -3, 16, -27, 2, 22, -12, -15, 18, -9, 24, 1, -12, 15, 23, 12, 5, 6, 9, 8, -1, -6, -30, -8, -20, -4, -44, -10, -1, 16, 14, 48, -28, 12, 2, -27, 30, -18, -29, 23, -12, -47, -7, -5, 27, -3, -8, 2, 9, -11, 36, 33, 7, -10, -9, -26, -14, 55, -23, 41, 9, 20, 26, -3, -31, -13, 24, -3, 23, 2, 2, -23, -18, 26, 11, -66, 50, 11, 21, -39, -29, -16, 39, 0, -10, -83, -41, -111, 2, 14, -39, 40, 32, 0, 50, 18, 11, 38, -18, 67, -3, -16, -45, 56, -25, -1, -70, 79, -15, 43, 4, 6, 4, 21, 15, 49, 11, -3, -37, 11, -33, -40, -3, 24, -3, 20, 18, -79, 16, -3, 15, -64, 25, -2, 26, 56, -1, -2, -5, -85, 4, 39, 38, -73, 15, -6, 17, -7, -32, -53, 5, -10, -17, -66, -8, -10, 90, 46, 0, -12, -34, -34, 63, -18, -61, 20, -11, -28, -18, -12, -8, 42, 36, 18, 51, 181, 53, -12, 54, -54, -18, 27, -28, 63, -60, 103, -79, -73, -2, -102, -7, 16, -55, -2, 15, 111, 53, 52, -66, 32, -26, -47, -39, 100, -67, -24, 32, -105, 71, 30, -18, -111, 21, -37, 24, 45, 3, -29, 7, -75, -39, 4, 6, -41, -21, 42, -32, -19, -36, 62, -61, -48, 11, 36, 63, 10, 35, 51, 10, -62, 34, 18, 34, -6, -21, -40, -22, 83, 41, 42, -32, 78, 45, -54, 25, -1, 82, -113, 51, 93, -53, 114, 13, -4, 87, -17, -48, 6, -36, -188, 42, -28, 78, 0, 85, -116, -12, 26, -54, 33, 11, 0, 9, -160, -122, -10, -120, -12, 18, 4, -11, -57, -67, 10, 34, 109, 99, 142, -37, -10, -28, -79, 71, -9, -60, 34, -168, 64, -20, 6, 0, 246, 94, -44, 18, -86, -83, 0, -54, -45, -6, -27, 76, 35, -111, 18, 41, 129, 76, 12, 9, -14, -65, 12, 61, -9, -33, 44, -29, -60, 39, 194, -9, 90, -98, -81, 75, 28, -6, -12, -8, -166, 5, 16, 33, 86, 136, -126, -18, -33, 33, -14, -93, 91, 49, 6, -79, -105, 27, 37, -28, 35, -27, 116, 99, -39, 117, -268, 57, 83, 23, -70, -111, -170, -21, -82, -4, -51, -13, 2, 120, -337, -47, 0, 58, -127, -18, -98, 25, 27, 34, 88, 52, 90, 83, 0, 60, 2, 36, 232, 50, 111, -61, 152, 90, -103, 18, -34, -203, 40, -42, -12, -126, 144, -82, 41, -33, 122, -103, 199, -10, 92, -9, -28, -53, 123, -48, -58, -6, 79, -16, 15, 41, 18, -24, -34, -55, 264, -108, 56, 0, -52, 15, -72, -4, -256, -74, 4, 162, 34, 44, -17, -55, 21, -108, -102, -34, -21, 186, -37, 118, -157, -86, -72, 0, -13, 7, -102, 143, -67, 3, 10, -28, -132, 67, -54, 3, 66, 40, -116, 63, 34, 60, -56, -194, -96, -6, -35, -99, 165, -46, 24, 60, 53, -36, 110, 16, 27, 126, 166, -128, -43, 11, -26]
[0, 0, 1, -1, -1, 1, 0, -1, -1, 2, 0, -1, 1, 3, -1, 0, 4, -1, -4, -1, -4, 0, 0, -4, 2, -2, 4, 0, 4, 2, 6, -2, 3, -3, -10, 7, 2, -2, 4, 2, -8, 4, -7, 13, 1, -9, -8, 7, -21, -7, 1, 6, 0, -14, 15, 5, 2, 4, 39, -1, 12, -8, -22, 1, 3, -18, 6, -11, -7, 9, 11, -4, 11, 15, -12, 3, -21, 5, -20, -9, 18, 3, -15, -5, -2, 18, -2, -21, 2, 38, -36, -11, 30, -7, -31, 2, 13, 6, 29, -6, 11, 36, 39, 16, 2, -3, -14, -17, -33, -24, -13, -8, -6, -21, 21, -11, -32, 31, 31, -20, 0, -8, 13, 9, 10, -29, 31, -6, -50, -15, 13, 10, -12, 20, 5, 18, 5, -10, -36, 23, 0, 0, 14, 9, 23, 5, 26, -3, 50, -13, -29, -17, -27, -15, -8, 27, 18, -17, -3, 30, -4, 3, -6, 28, 26, 15, -79, 36, -12, 18, -18, -29, -57, -20, -57, -2, 3, -18, -34, 4, 18, -8, 29, 21, 38, 2, 82, -6, 54, -60, 18, 3, 44, -80, -24, -15, -16, 32, 21, 26, 10, 38, 49, -16, -45, -20, 50, 6, -24, -8, -27, -12, -8, -30, 64, -11, -27, 33, -40, -2, 14, 4, -30, 43, 14, 11, -10, -29, 47, 73, 1, 0, -58, 1, -32, -31, -84, 6, -8, -48, -48, 8, -114, 54, 30, 18, -30, -32, 18, 108, 47, -29, 4, -7, -22, -36, 29, 24, 146, -30, -34, 66, 72, 15, -3, 72, 8, -30, -26, -26, 72, -66, 98, -55, -90, 1, -36, -14, 9, -80, 4, 38, 15, -14, 26, -36, 5, 31, -70, -33, 95, -30, -59, 53, -78, 25, 74, 0, -62, 23, 8, 51, 31, -33, 28, -47, -33, 21, 12, -43, -113, -14, 26, -76, 44, 45, 44, -42, 6, 10, -26, -60, -29, 91, 57, 2, -90, 52, -5, -9, -21, 51, 6, 46, 38, 27, 14, -10, -39, 54, 36, -21, -113, 41, -56, 12, 185, -39, 150, -58, -22, 24, -17, -34, 108, 18, -40, 60, -32, -6, 18, 35, -108, 88, 12, -16, -115, 67, -164, -45, -72, -100, -120, -129, 3, 69, 82, -3, -21, 1, -8, 34, 187, -8, 9, -2, 125, -68, -67, 24, 69, -30, -43, -99, -40, 25, -15, 54, 220, -12, -87, 10, -44, -7, 20, -135, -20, -14, -84, 26, 37, -84, 10, -9, 204, -31, 36, 2, -15, 108, 30, 128, 88, 15, 16, -4, -60, -18, 79, 51, -133, -46, 96, -21, -5, -39, -8, -38, -27, -161, 2, 30, 28, 163, -142, -108, 1, 36, 32, 57, 80, 68, 16, 48, -148, 64, 46, 70, -190, 9, 94, 26, -18, 12, 6, 102, -116, -149, -8, -57, -139, -88, -49, -10, -97, -14, -74, 6, -136, -41, 66, 110, 8, -15, 4, 151, -180, 32, 58, 46, 144, -79, 39, 66, -24, -9, 124, 82, 87, 91, 18, -9, 196, -54, -8, -121, 47, -57, -8, -89, 72, -26, 155, 117, 53, -81, -14, 13, -36, -81, -42, -73, -177, -114, -130, 8, 181, -62, 33, 100, 108, 24, 6, -156, 282, 18, -27, -96, 82, 3, -90, 100, -190, -8, -85, 2, 3, -119, 181, 94, 11, -38, 18, -35, 7, 90, 14, 152, 82, -7, -76, 9, -87, 81, -186, -110, -268, 69, -34, 60, -24, 17, -32, -78, 17, 42, -151, -45, 67, 65, -202, 3, 218, -12, -113, -108, 40, 15, 153, 18, -71, 24, -96, -34, -18, 54, 228, -176, -111, 164, 33]
[0, 1, 0, -1, 0, -1, -2, 0, 2, -1, -2, 2, 4, 1, 4, 9, 0, -8, 2, -4, -12, -6, -2, -5, -12, 0, 6, 3, 6, 26, 12, -5, 6, 6, 0, 7, 2, 8, -20, -25, 8, -13, -14, 0, 4, -27, 4, -6, 6, 12, 2, 18, 0, -22, 0, -15, 8, 34, -2, 19, 12, 0, -4, 52, -26, 10, -12, -23, -2, -21, 0, 22, 2, 2, 32, -18, -30, -5, 24, 0, -8, -33, 16, -102, -26, 18, -22, -48, 0, -2, -18, 55, 44, 71, 40, 34, 26, 0, -14, 12, 18, 46, -30, 49, -20, -27, 0, 62, -12, -52, 16, -56, 8, -33, 38, 0, -26, -41, -50, -52, -12, -100, -10, 9, 0, -11, 28, -34, -12, 108, -62, 89, 6, 0, -22, 99, 66, 38, -6, 7, -6, -24, 0, -23, -10, 39, 12, -36, 84, -23, 2, 0, 2, 12, 22, -98, 12, 67, 24, -18, 0, -7, -6, -46, -24, -9, -32, -27, -4, 0, 36, -116, -108, 102, 24, -14, -6, 51, 0, 32, 0, 8, 8, -90, -88, -92, -66, 0, 50, -54, 68, 106, 8, -5, 36, 108, 0, -32, -24, 176, -44, -19, 118, 7, -78, 0, 32, 105, 4, -8, 72, 91, 44, 18, 0, -101, 66, -41, -120, -20, -18, 50, -100, 0, 28, 50, -134, -78, 74, -149, 20, -3, 0, -82, 22, -141, -40, -66, -96, -105, -12, 0, -16, -63, 90, 108, 48, -94, 72, 120, 0, 74, 34, 39, -48, 18, 90, 21, 52, 0, -6, -78, 88, 310, 6, 198, -56, 162, 0, 26, -36, -178, 28, -67, 52, 8, -48, 0, 46, 73, -88, -118, -54, -95, -8, -126, 0, -35, -148, 55, -92, 96, -126, 19, 24, 0, -36, -36, 130, -94, -4, 191, -28, -288, 0, 79, 138, 272, -28, -127, 100, -121, 16, 0, -34, -171, 66, -254, -96, -33, -28, -72, 0, 62, 12, -22, 200, 232, -10, 117, 48, 0, -46, 256, -188, 262, -40, -227, 42, 129, 0, 61, -38, -65, 156, -90, -122, 129, 186, 0, -4, 93, -10, -154, -6, -90, -140, 156, 0, -192, 36, -75, 200, 184, 126, 124, 52, 0, 12, 99, -76, -332, -84, 109, 6, -279, 0, 79, -150, -190, 48, 106, -44, -199, 34, 0, -160, -386, -96, -266, -60, 162, -62, -171, 0, 61, 48, 92, 16, 144, 10, 215, 42, 0, -6, 135, 76, 88, -72, 133, -34, 114, 0, 131, -48, 291, 0, -121, -22, 63, 114, 0, -24, 150, 96, 76, -12, 101, 38, -117, 0, -80, 72, 110, 60, 99, 0, -70, 122, 0, 4, 30, 96, 270, -148, -414, -88, -237, 0, 240, -16, -123, 76, -198, -50, -181, -132, 0, 146, -324, 90, -430, 12, -161, 0, -72, 0, 14, -200, -221, -128, 89, 74, -35, -62, 0, -88, 222, 28, 582, 108, 44, -32, 117, 0, -29, 270, -130, -264, -254, 36, 187, -78, 0, -64, 27, -44, -100, 162, 391, 174, 489, 0, -378, 76, -51, -44, 222, -36, 17, -36, 0, -82, 168, -80, -134, 118, 21, 132, -24, 0, -62, -6, 128, -12, 50, 136, -118, 6, 0, 144, -417, -144, 238, 96, -72, -18, 288, 0, -12, -144, 134, -240, -308, -138, 52, -236, 0, 256, -8, -10, 76, 228, -211, 14, 216, 0, 82, -80, -65, -40, -54, 106, -171, -210, 0, -28, 204, -60, 346, -228, -227, 38, -180, 0, -86, 170, -394, -156, -55, -234, -147, -242, 0, 142, -18, 22, -338, 138, -70, 92, 72, 0, -110, 0, 342, 260, -200, 88, -155, 58]
[0, 1, 0, -1, 0, -2, 0, 1, -2, 1, -2, 1, 6, 0, 8, 0, -2, 8, -8, -4, -6, -13, 0, -10, -2, -4, -6, 21, 6, 13, 12, 0, 12, 9, 6, -7, -14, 8, -10, -6, 0, -26, -8, 7, -4, -18, 4, -3, 4, 0, 4, -12, 6, 22, 6, -15, 4, 4, 0, 38, 6, -11, 4, 35, -26, 5, -6, 0, -4, 24, -32, -22, 16, 2, 16, -2, 0, -10, 20, -5, 8, -75, 16, -51, -26, 0, -44, -63, 10, 2, 18, 55, 22, 54, 0, 68, -10, 67, 14, 15, 18, 23, -36, 0, -40, 45, 48, -62, 36, -52, 8, 28, 0, -66, 0, -51, 26, -64, -50, -26, -36, 0, -20, -18, -54, 11, 20, -34, -6, 59, 0, 178, 0, -94, 22, 36, 66, 19, -30, 0, -12, 63, 24, 23, -14, 39, 6, -66, 0, -46, -10, 79, -2, 6, 22, -49, 38, 0, 48, -114, 44, 7, -30, -46, -12, -27, 0, -54, 36, 42, -36, 26, -108, 51, 48, 0, -12, 42, -120, -32, -18, 8, 4, 41, 0, -184, -22, 0, -50, -15, 68, 53, 62, 0, 72, 45, 66, 32, -30, 176, -22, -108, 0, 14, -6, 75, -32, 66, 4, -4, 66, 0, 88, 6, 66, 101, -42, -41, -60, -146, 0, 100, -36, -119, -28, 52, -134, -39, 6, 0, 40, -48, -152, 82, -22, -141, -20, -67, 0, -210, -24, -143, 16, 45, 90, 54, 66, 0, 144, -9, 58, -74, -34, 39, -24, 144, 0, 42, 94, 152, 6, 51, 88, 155, 12, 0, -112, 258, 108, -26, -72, -178, 14, 59, 0, 16, -102, 7, -46, -16, -88, -59, 24, 0, -16, -180, -64, 35, -62, 55, -46, -175, 0, 38, -18, 3, 36, 45, 130, -47, -46, 0, -56, -153, 38, -79, 114, 272, -14, 18, 0, -242, 16, 181, 34, -189, 66, -127, -180, 0, -56, -42, 10, -62, 78, -22, 100, 232, 0, 234, 42, -185, 46, -4, -188, 131, 12, 0, 84, 372, -144, -61, 62, -65, 78, -9, 0, 258, 126, -197, 4, -18, -10, -77, -48, 0, -280, -54, 48, 192, 180, -75, 100, 36, 0, 248, -68, 79, -12, -36, -76, -166, -34, 0, 12, -243, 88, -79, 36, -190, 24, 70, 0, -398, 36, 57, 160, -355, -96, -133, -108, 0, -124, -360, -120, -61, 42, 92, 8, 262, 0, 430, -112, 239, 6, 162, 76, 44, -174, 0, -68, 441, -18, -131, -24, 291, 0, 24, 0, 126, 120, 109, 24, -249, 96, 38, 72, 0, 76, 3, 76, 80, 42, 110, 30, -135, 0, -140, 144, -173, -4, 258, 96, 135, -36, 0, -176, -84, 28, -240, -14, -123, 38, 5, 0, -362, -142, -317, -146, -72, 90, -215, 60, 0, 0, 9, 30, -14, -118, -221, -64, 54, 0, -70, -56, -74, 88, 354, 28, 291, -48, 0, -64, 33, -36, 29, 90, -130, -132, -134, 0, 374, -138, 378, 64, -81, -44, -50, -120, 0, 348, 156, -6, 378, -52, -51, -22, -168, 0, 34, 144, 56, 82, -84, -80, -67, 268, 0, 264, -261, 76, 62, -156, 128, -6, 24, 0, -236, -18, -202, -144, -60, -144, 119, 252, 0, -36, 120, 48, 12, -234, 134, -120, 172, 0, 104, -114, -191, -256, 131, -10, 38, 240, 0, 28, 288, -24, -82, 8, -65, -20, -18, 0, -342, 6, -15, 28, 21, -60, 173, -48, 0, 76, -333, -176, 86, -8, -394, -78, -540, 0, -294, -38, 54, -142, 387, 22, -169, -60, 0, 184, 168, -100, 110, -72, 342, 130, -428, 0, -310, 132]
[0, 0, 0, 0, 0, 0, 0, -1, 1, 1, -1, -1, -2, 3, 0, 0, 0, -3, 1, -1, 1, -2, 1, 0, -2, 1, -3, 0, 0, 2, 3, -8, -3, -3, -4, 10, 1, -2, -6, -1, 0, -3, 1, -2, -5, -9, 3, -1, -1, -1, 3, 3, -1, -12, -15, 2, -2, 3, -11, -3, 3, 4, 3, -4, -9, -10, -6, -8, -3, -9, 9, -12, -5, -3, 6, 2, -13, -6, -19, -12, 2, 6, -10, -13, -6, 9, -15, -12, -12, 0, 9, -8, -17, -19, 0, 0, -7, -33, -9, -12, 3, 11, -21, 1, -18, 18, -26, -21, -12, -24, -3, -30, 4, -6, -3, 10, -20, -16, -24, -15, 6, -41, -15, -36, -21, 19, 8, -24, -12, -14, 11, -33, -36, 8, -42, 9, -19, -43, -27, -7, 33, -42, -16, -22, -47, 11, -54, -6, -26, -33, 17, -14, -31, -30, -21, 26, -29, -50, -30, -12, 4, -17, -39, -26, -29, 0, -60, -33, -18, -75, 36, -64, -25, -43, -24, 46, -57, -9, -34, -72, 9, -44, 3, -32, -56, 27, -49, -60, -32, -39, 16, -37, -54, -77, -66, 18, -28, -36, -66, -46, 20, -28, -67, -18, -63, 46, -51, -33, -68, -83, 54, -66, -66, -96, -38, -8, -45, -9, -54, -63, 17, -87, -96, -53, -14, 37, -47, -97, -67, -32, 48, -54, -60, -99, -109, 20, -83, -89, -44, -66, 60, -64, -114, -81, -100, 111, -69, -110, -84, -42, 18, -33, -16, -109, -90, 9, -81, -90, -98, -63, -14, -111, -115, -88, -111, 81, -12, -96, -111, -84, 63, -120, -120, -54, -14, 18, -75, -101, -108, -103, 122, -82, -159, -173, -120, 36, -185, 22, -104, -123, 6, -116, -93, -126, 6, 1, -118, -135, -93, -127, 66, 15, -132, -153, -130, 19, -93, -123, -59, -154, 38, -120, -176, -130, -105, 180, -140, -160, -132, -185, 54, -219, -22, -105, -156, 38, -138, -108, -171, -51, 12, -114, -152, -76, -197, 80, -52, -148, -201, -108, 90, -247, -181, -28, -134, 45, -195, -156, -198, -175, 204, -222, -217, -187, -171, 117, -126, 3, -140, -282, 54, -163, -102, -185, -95, 81, -188, -182, -160, -243, 88, -105, -215, -219, -243, 135, -202, -223, -51, -197, 110, -180, -238, -207, -225, 199, -258, -223, -161, -211, 102, -165, -57, -198, -220, 136, -291, -198, -258, -82, 119, -231, -193, -223, -164, 54, -45, -299, -222, -256, 93, -300, -219, -95, -267, 92, -280, -235, -301, -234, 303, -268, -219, -186, -236, 123, -192, -108, -291, -318, 81, -186, -240, -255, -120, 135, -312, -234, -243, -284, 12, -102, -326, -160, -274, -9, -258, -333, -64, -105, 106, -331, -347, -185, -231, 264, -280, -233, -303, -333, 118, -304, -153, -384, -252, 117, -314, -429, -319, -99, 141, -352, -245, -384, -287, 157, -114, -312, -233, -316, 126, -307, -288, -69, -400, 217, -306, -310, -332, -390, 354, -345, -294, -393, -450, 0, -388, -33, -339, -167, 123, -288, -350, -438, -52, 101, -426, -456, -366, -321, 90, -35, -389, -279, -392, 107, -372, -452, -114, -339, 88, -369, -381, -402, -311, 458, -268, -375, -501, -356, 234, -321, -110, -565, -480, 270, -399, -480, -398, -237, 171, -368, -342, -480, -391, 135, -210, -449, -407, -331, 69, -428, -354, -122, -411, 153, -389, -426, -367, -508, 482, -549, -473, -426, -420, 55, -357, -51, -454, -370, 150, -490, -657, -432, -135, 224, -413, -459, -432, -388, 161, -75, -467, -597, -457, 81, -525, -448, -135, -522, 192, -420, -476, -528, -630, 576, -473, -474, -560, -489, 231]
[0, 0, 0, 0, 0, 0, 1, -1, 1, 2, -1, 0, -4, 3, 2, 3, 6, -4, -1, -1, 4, 2, 1, 4, 0, 7, 3, -3, 3, 3, 18, -2, -7, 0, -10, 26, 17, 7, -4, -2, 12, 3, 7, 4, 2, 9, 18, 11, 1, 11, 31, 12, 2, -11, -6, 23, 20, 21, 13, 7, 24, 19, -2, 25, 3, 25, 0, -2, 29, 6, 72, 11, 11, 6, 28, 52, -1, 22, 0, 9, 68, 30, 20, -1, 39, 81, -17, 18, 6, 35, 63, 43, 8, 10, 24, 72, 41, -12, 65, 12, 81, 43, 27, 43, 10, 129, 4, 31, 18, 21, 92, -3, 76, 50, 65, 133, -13, 16, 3, 58, 138, -17, 61, 21, 66, 143, 106, 30, 48, 38, 131, 9, 9, 128, 25, 180, 41, 54, -3, 59, 247, 0, 68, 2, -1, 176, 24, 138, 70, 49, 197, 55, 37, 57, 99, 223, 32, 46, 72, 87, 196, 145, 93, 64, 52, 204, 12, 53, 146, -9, 270, 16, 122, 47, 108, 394, 7, 96, 20, 52, 306, 91, 172, 74, 76, 333, 51, 21, 133, 168, 322, 73, 90, 19, 6, 342, 146, 92, 30, 71, 376, 127, 113, 226, 33, 403, 124, 105, 58, 21, 546, 96, 82, 75, 190, 368, 105, 249, 84, 108, 377, 31, 2, 133, 302, 473, 133, 92, 97, 136, 562, 213, 108, 67, 31, 500, 128, 110, 280, 158, 558, 152, -44, 117, 65, 774, 126, 22, 116, 180, 630, 181, 373, 56, 120, 531, 147, 122, 220, 312, 501, 111, 80, 193, 45, 729, 428, 93, 84, 157, 666, 150, 128, 318, 190, 602, 294, 157, 167, 175, 992, 165, 51, 121, 116, 726, -56, 509, 188, 165, 704, 182, 159, 142, 522, 745, 198, 63, 261, 123, 900, 591, 178, 108, 230, 836, 273, 165, 404, 145, 842, 228, 88, 176, 235, 1269, 169, 145, 216, 37, 918, 177, 590, 283, 120, 884, 256, 279, 213, 575, 834, 285, 229, 325, 118, 1069, 592, 188, 27, 279, 1152, 26, 145, 671, 244, 1110, 249, 248, 153, 257, 1582, 99, 83, 210, 339, 1161, 446, 810, 256, 120, 1170, 287, 364, 119, 625, 1215, 202, 265, 222, 243, 1294, 668, 212, 213, 93, 1389, 284, 143, 783, 262, 1376, 324, 314, 315, 163, 1699, 316, 316, 436, 319, 1290, 375, 851, 309, 248, 1493, 66, 297, 284, 868, 1499, 279, 375, 155, 357, 1458, 942, 96, 318, 368, 1561, 216, 318, 970, 420, 1616, 152, 310, 95, 314, 2295, 317, 420, 447, 376, 1691, 378, 1026, 169, -69, 1548, 392, 534, 420, 996, 1770, 336, 482, 515, 379, 1478, 1020, 172, 518, 454, 1647, 400, 330, 1148, 624, 1886, 131, 324, 470, 393, 2412, 444, 520, 325, 342, 1909, 441, 906, 390, 640, 1890, 298, 295, 250, 1203, 2000, 433, 475, 160, 415, 2155, 1180, 447, 646, 485, 2130, 317, 560, 1383, 260, 2258, 423, 482, 484, 366, 3078, 469, 573, 336, 184, 1854, 314, 1420, 519, 667, 2173, 603, 718, 315, 1474, 2291, 224, 240, 498, 585, 2286, 1522, 571, 633, 448, 2347, 357, 148, 1446, 648, 2176, 509, 291, 579, 688, 3592, 704, 559, 171, 685, 2700, 609, 1552, 265, 576, 2646, 557, 528, 676, 1182, 2718, 550, 600, 429, 581, 2673, 1276, 574, 812, 613, 2403, 504, 726, 1666, 649, 2823, 664, 689, 748, 299, 3984, 180, 607, 638, 651, 2779, 526, 1941, 650, 688, 2970, 620, -135, 720, 1860, 3206, 659, 720, 660, 901, 2933, 1955, 811, 186, 683, 2709, 579, 652, 1959, 630, 3118, 696, 556, 629, 180, 4527, 692, 741, 448, 685, 3391]
[0, 0, 0, 0, 0, 0, 0, 0, 1, 1, -2, 0, -2, 3, -1, 3, 2, -1, -2, 0, 1, 1, -3, 4, 1, 6, -6, 3, 1, 6, -3, 0, -1, 3, -12, 17, 4, 9, -16, 8, 6, 9, -14, 6, -1, 9, -11, 14, 8, 15, -14, 15, -1, 7, -30, 24, 11, 24, -30, 13, 3, 24, -29, 26, 9, 22, -36, 18, 8, 18, -26, 23, 13, 27, -32, 44, -6, 34, -55, 30, 29, 42, -56, 26, 3, 63, -71, 39, 19, 41, -54, 48, -7, 32, -63, 72, 35, 30, -70, 42, 8, 70, -90, 63, 28, 108, -96, 58, 0, 45, -88, 39, 51, 62, -90, 114, -13, 62, -119, 76, 60, 45, -110, 66, 11, 134, -103, 72, 54, 91, -114, 75, -9, 120, -155, 144, 54, 84, -162, 105, 34, 75, -156, 83, 40, 159, -192, 141, 6, 115, -148, 114, 64, 123, -182, 202, 1, 108, -195, 129, 95, 160, -210, 144, 1, 201, -243, 119, 87, 102, -180, 116, 19, 134, -225, 294, 79, 171, -264, 136, 45, 171, -224, 163, 84, 279, -286, 144, 19, 201, -238, 178, 99, 153, -324, 291, 0, 188, -327, 189, 166, 212, -330, 262, -24, 348, -335, 219, 119, 174, -252, 210, -2, 195, -348, 341, 147, 300, -384, 243, 54, 205, -432, 240, 182, 412, -398, 224, -10, 270, -329, 297, 163, 232, -478, 429, -7, 253, -426, 290, 273, 288, -512, 288, -35, 588, -489, 246, 158, 327, -404, 340, 47, 267, -528, 495, 189, 302, -524, 402, 51, 294, -569, 346, 177, 603, -508, 339, -25, 355, -477, 324, 200, 411, -552, 566, 39, 366, -625, 371, 377, 390, -690, 333, -22, 636, -718, 548, 241, 378, -592, 397, 0, 394, -594, 672, 234, 369, -686, 402, 138, 615, -731, 417, 280, 737, -714, 432, 41, 437, -645, 468, 238, 468, -782, 954, -17, 442, -828, 405, 432, 444, -740, 514, -48, 810, -848, 531, 276, 677, -768, 534, -5, 581, -965, 922, 395, 528, -978, 573, 180, 449, -970, 768, 331, 951, -990, 560, -45, 594, -686, 531, 314, 564, -990, 1035, 50, 846, -1032, 522, 522, 648, -992, 559, 54, 1053, -1091, 618, 393, 612, -904, 800, -35, 633, -1176, 1170, 367, 608, -1026, 657, 218, 702, -1203, 729, 360, 1338, -1232, 698, 55, 718, -993, 765, 530, 723, -1272, 1286, -75, 747, -1312, 1010, 720, 741, -1294, 684, 9, 1296, -1163, 672, 456, 780, -1094, 705, -25, 1069, -1401, 1401, 443, 821, -1482, 782, 378, 792, -1425, 894, 504, 1466, -1440, 1128, -86, 696, -1250, 914, 582, 909, -1392, 1551, -54, 950, -1530, 942, 743, 1185, -1620, 1028, 2, 1485, -1625, 882, 693, 1077, -1340, 861, -87, 1009, -1647, 1884, 566, 1014, -1718, 927, 249, 1002, -1611, 948, 697, 1713, -1788, 958, -37, 1344, -1456, 1013, 642, 928, -1826, 1854, 106, 1101, -1775, 1082, 987, 1035, -1864, 1500, -38, 1925, -1908, 1134, 643, 1074, -1368, 1159, 21, 1062, -2066, 1791, 659, 1600, -2022, 1305, 268, 1275, -2004, 1101, 887, 1968, -2152, 1074, -36, 1227, -1746, 1674, 703, 1284, -2180, 2074, -81, 1098, -1932, 1317, 1075, 1280, -2262, 1269, 49, 2678, -2157, 1309, 735, 1356, -1800, 1362, 146, 1138, -2340, 2358, 788, 1308, -2328, 1629, 387, 1386, -2352, 1281, 822, 2403, -2220, 1428, 29, 1454, -2092, 1392, 858, 1908, -2474, 2481, -13, 1457, -2455, 1308, 1584, 1278, -2586, 1490, -3, 2526, -2579, 2064, 864, 1576, -2184, 1500, -186, 1587, -2366, 2720, 937, 1593, -2688, 1652, 396, 2105, -2753, 1386, 944, 2538, -2846, 1624, 210, 1590, -2327, 1680, 988, 1619, -2988, 3429, -31, 1707, -2955, 1663, 1512]
[0, 0, 0, 0, 0, 0, 0, 0, 0, 1, -1, 0, -2, 3, 0, 1, -3, 1, 1, 1, -2, 0, 1, 3, -5, 3, -3, 6, -5, 6, -1, 1, -9, 5, 0, 8, -11, 8, -4, 12, -15, 9, -1, 9, -16, 3, 1, 14, -16, 11, -3, 15, -18, 14, -9, 16, -28, 21, -11, 18, -26, 24, 5, 17, -36, 10, -2, 25, -33, 25, -9, 22, -44, 33, 4, 24, -43, 30, -11, 33, -60, 42, -10, 38, -55, 33, -9, 41, -66, 46, -3, 38, -70, 39, 0, 42, -79, 45, -17, 57, -79, 73, -21, 64, -93, 50, -12, 53, -78, 54, -19, 60, -101, 66, -9, 57, -91, 80, -14, 61, -133, 79, -15, 73, -120, 77, -10, 84, -129, 96, -13, 96, -133, 84, -28, 72, -155, 87, -13, 116, -153, 104, -18, 132, -188, 91, -42, 102, -170, 123, -23, 135, -197, 132, -29, 121, -172, 118, -24, 138, -225, 117, -39, 158, -194, 126, -36, 144, -248, 147, -24, 152, -214, 155, -20, 112, -264, 187, -24, 152, -258, 182, -17, 195, -299, 147, -35, 198, -267, 153, -44, 202, -315, 187, -36, 167, -282, 220, -36, 220, -362, 228, -61, 201, -303, 198, -49, 240, -368, 243, -62, 231, -330, 222, -48, 194, -390, 237, -36, 261, -367, 273, -54, 264, -427, 223, -39, 260, -391, 316, -66, 259, -456, 287, -73, 232, -418, 291, -74, 309, -494, 312, -46, 333, -457, 237, -55, 340, -531, 356, -96, 365, -469, 355, -66, 279, -555, 354, -88, 315, -533, 363, -73, 367, -593, 321, -84, 402, -528, 398, -81, 372, -646, 360, -8, 348, -566, 417, -86, 416, -705, 450, -101, 394, -600, 344, -87, 422, -686, 435, -130, 435, -603, 462, -72, 360, -760, 513, -77, 504, -698, 447, -90, 500, -798, 383, -75, 507, -694, 516, -124, 519, -843, 546, -85, 384, -741, 532, -114, 580, -897, 507, -108, 569, -786, 478, -110, 594, -948, 525, -138, 591, -819, 626, -147, 499, -965, 632, -111, 661, -894, 633, -109, 586, -1010, 501, -153, 651, -925, 651, -160, 681, -1044, 663, -139, 591, -942, 621, -108, 654, -1173, 727, -80, 759, -995, 585, -124, 723, -1126, 687, -176, 623, -1024, 729, -135, 635, -1230, 795, -147, 767, -1096, 792, -190, 798, -1242, 609, -190, 788, -1086, 823, -146, 825, -1323, 820, -156, 704, -1176, 864, -196, 768, -1405, 873, -161, 936, -1175, 702, -167, 927, -1428, 872, -207, 869, -1254, 777, -225, 760, -1447, 957, -163, 933, -1345, 936, -177, 981, -1540, 785, -138, 831, -1365, 1114, -213, 1054, -1611, 1017, -246, 855, -1452, 1026, -207, 1041, -1751, 924, -190, 1133, -1462, 819, -210, 1042, -1692, 1155, -272, 1171, -1578, 1167, -159, 807, -1804, 1125, -211, 1107, -1645, 1152, -229, 1101, -1833, 977, -204, 1109, -1588, 1023, -253, 1155, -1886, 1260, -211, 987, -1678, 1254, -195, 1211, -2047, 1325, -240, 1091, -1746, 1073, -216, 1294, -2054, 1266, -348, 1320, -1781, 1305, -262, 1116, -2112, 1225, -281, 1432, -1929, 1390, -300, 1356, -2182, 1063, -250, 1380, -1926, 1395, -342, 1275, -2238, 1443, -288, 1138, -1951, 1528, -288, 1454, -2400, 1477, -243, 1440, -1988, 1026, -226, 1503, -2386, 1476, -330, 1572, -2120, 1477, -354, 1338, -2472, 1488, -312, 1455, -2250, 1604, -246, 1554, -2461, 1323, -312, 1602, -2290, 1679, -367, 1650, -2617, 1462, -309, 1361, -2286, 1648, -277, 1714, -2799, 1773, -353, 1701, -2323, 1365, -235, 1542, -2798, 1786, -434, 1739, -2415, 1778, -387, 1416, -2762, 1797, -318, 1803, -2569, 1593, -391, 1923, -2943, 1563, -389, 1885, -2601, 1866, -432, 1932, -2970, 1882, -342, 1362, -2644, 1920, -356, 1920, -3235]
[0, 0, 1, 2, -4, 1, -3, -5, 5, 1, 6, -4, 7, 9, -4, -8, 3, -4, -5, 7, -13, 2, 4, -1, -5, 14, 4, 10, -13, 5, 5, -25, 12, 2, 7, 58, 15, -49, 1, -6, 16, -20, 26, 35, 28, -17, -67, -59, -36, 31, -8, 51, 61, 31, -2, -47, -46, -8, 52, 32, 25, 101, 77, -24, -63, -39, 7, 38, -52, -14, 105, 65, 14, -78, -126, 25, -22, -31, -47, 66, 168, 67, -111, -77, 3, 36, 52, -25, 117, 149, 32, -145, -15, 24, -22, -52, 53, 33, 209, 32, -89, -132, 96, 65, -40, 68, 104, 181, -90, -147, -139, 7, 64, 99, -36, 248, 145, -5, -184, -113, 74, -10, -104, -107, 195, 427, 82, -246, -335, 53, 192, -137, -16, 364, 284, 82, -317, -403, -28, 100, 132, -28, 352, 408, 107, -200, -235, 39, 180, -157, 85, 434, 417, -72, -358, -246, 97, 35, -108, 183, 446, 471, -44, -556, -304, -3, 2, 57, 34, 246, 666, -43, -648, -314, -146, 332, -108, 157, 532, 424, 157, -709, -403, 71, 72, 110, 244, 483, 759, 123, -492, -405, -97, 206, -48, 149, 589, 728, -41, -641, -383, 69, 108, -85, -57, 923, 779, 163, -774, -662, 220, 141, -200, -39, 773, 922, 29, -687, -652, -149, 418, -248, -12, 797, 1022, 297, -896, -800, 173, 197, 28, 4, 840, 853, 60, -668, -972, 77, 368, -129, 316, 904, 858, -203, -807, -345, -4, 206, -144, -82, 1032, 1351, 55, -1106, -886, 306, 410, -132, 23, 891, 1331, -112, -1113, -1080, 112, 594, 80, 177, 996, 1351, 599, -1158, -853, 173, 190, 43, -197, 1124, 1314, 121, -796, -1063, 148, -13, -208, 506, 959, 1825, -195, -1335, -580, 338, 130, -295, 279, 1373, 1526, 32, -1708, -1303, 297, 609, -428, -220, 1291, 1984, -189, -1443, -1161, -48, 606, -191, -192, 1438, 1880, 923, -1607, -1299, 354, 197, 136, -150, 1768, 1885, 399, -1436, -1680, -149, 286, -213, 300, 1770, 2055, 263, -1511, -1092, 382, 466, -216, -2, 2268, 1764, -145, -1895, -1493, 591, 668, -192, 731, 1654, 3056, -314, -2239, -1651, -361, 1278, -376, 165, 2072, 1824, 566, -2405, -2148, 174, 634, 308, -238, 1988, 2242, -125, -1752, -1381, -179, 645, -528, 1076, 2020, 2433, 352, -2230, -1520, -266, 702, -719, -12, 3128, 2681, 57, -2990, -2298, 748, 750, -124, 424, 2212, 3703, -37, -2583, -1898, 322, 1274, -506, 343, 2557, 2975, 757, -2575, -2477, -183, 322, -8, -88, 2553, 3192, 239, -2486, -2376, 81, 410, -165, 1226, 2467, 3283, 248, -3136, -1522, 384, 885, -356, 286, 3399, 3608, 41, -3408, -2096, 573, 736, -482, -312, 2576, 4130, 384, -3424, -2777, -262, 1422, -260, -176, 3334, 4176, 1133, -3665, -2471, 827, 596, 511, 509, 3281, 3338, 72, -2407, -3247, 53, 225, -864, 617, 3083, 3373, 11, -2955, -2155, 42, 954, -766, 74, 4358, 4312, -243, -4247, -3068, 1748, 664, -544, 1136, 3190, 5548, -170, -4058, -3350, -614, 2796, -1018, -389, 3273, 3990, 726, -3862, -2747, 436, 1412, 492, -182, 3497, 4137, 786, -2873, -3688, 339, 916, -353, 1800, 4613, 4583, 443, -4223, -2289, -522, 689, -336, -334, 5018, 4835, 202, -4629, -4489, 2178, 1146, -764, -283, 4097, 6552, 271, -3900, -4266, 546, 2970, -900, 408, 4112, 5406, 1057, -4786, -4222, -407, 598, -214, 48, 4010, 5542, 534, -4121, -3974, 356, 1853, -920, 866, 4646, 5243, -57, -5195, -2110, 324, 856, -792, 71, 5270, 5645, 1029, -5426, -4218, 1054, 826, -1220, -472, 5253, 7506, 46, -5868, -4478, 249, 2290, 435, 515, 4665, 5983, 1526, -5470, -4599, 1920, 906, 676, 996, 5150, 5987, -410, -4005, -4365, -341, 826, -847, 1244]
[0, 0, 1, -1, 0, 0, -2, 2, 0, -3, 2, 6, 1, -5, -5, 16, 3, -12, 2, -6, -3, 11, -2, 0, -1, -5, 24, -30, 8, 15, 8, 34, -25, -1, -27, -3, 20, 24, 23, -21, 32, 0, -26, -43, 12, 25, -10, 54, -21, 42, -25, 3, -71, -42, 50, 21, 80, 37, 106, -90, 25, -79, -72, 55, 36, 111, -2, 25, -45, -41, -17, 60, -27, 0, 80, 7, 51, -54, 30, -79, 12, 3, 20, 54, 30, 171, -86, 53, -149, -30, -58, 69, 201, 39, 121, -90, 42, -160, 12, -22, 88, 174, 39, 187, -122, -7, -198, 138, -64, 36, 279, -86, 188, -198, 71, -111, -132, 20, 80, 231, 140, 137, -176, 97, -143, -66, 45, 54, 235, 14, 208, -279, 23, -194, -18, 169, 48, 492, 14, 262, -171, -43, -378, -183, 70, 120, 497, 153, 462, -207, 44, -529, -66, 81, 134, 471, -83, 502, -347, 42, -382, 12, 65, 150, 456, 165, 373, -423, 90, -423, 18, -87, 92, 540, -29, 616, -423, -122, -486, 120, 241, 240, 607, -193, 512, -261, 18, -594, 54, 70, 364, 642, 35, 520, -509, 293, -639, -192, 34, 120, 919, 165, 874, -432, -168, -723, 18, -29, 124, 777, 274, 796, -594, 174, -819, -93, 108, 252, 686, 241, 825, -675, 92, -718, 48, 194, 86, 990, 194, 574, -531, 130, -770, -222, 86, 453, 1002, -10, 876, -630, 130, -817, -270, 57, 254, 1449, -1, 758, -932, 281, -710, -150, 266, 210, 1118, 279, 1071, -927, 148, -995, 96, 14, 452, 1533, -167, 1521, -802, -114, -1286, -150, 320, 306, 1497, -25, 835, -783, 319, -1258, -24, 155, 802, 1311, 262, 1357, -1044, 230, -1279, -273, -53, 324, 1980, 134, 1035, -1134, 69, -966, -204, -130, 296, 1536, 531, 1661, -1085, 158, -1461, 366, 54, 270, 1785, 156, 1855, -1170, -4, -1807, -342, 497, 428, 1641, -84, 1455, -918, 375, -1538, -114, -31, 840, 2024, 124, 1733, -1251, 642, -1681, -306, 210, 500, 2685, 466, 1387, -1623, -368, -1368, -48, 4, 795, 2027, 396, 1930, -1791, 230, -1672, 264, 338, 400, 2148, 383, 2061, -1566, 807, -2304, -360, 524, 624, 2258, 237, 2361, -1485, -5, -2293, -444, 439, 994, 2505, -185, 2137, -1953, 488, -2354, -228, 156, 456, 3252, 250, 2467, -1521, 421, -1956, -342, 163, 626, 2748, 751, 2367, -1587, -128, -2412, 141, 65, 540, 3236, 226, 2887, -2322, 135, -3206, -552, 790, 962, 2973, 273, 2899, -1458, 116, -2825, 372, 536, 1623, 3020, 270, 2489, -2592, 851, -2923, -408, 491, 780, 4017, -492, 3344, -2457, -419, -2555, -840, 361, 936, 3922, 1146, 3024, -2394, 527, -2779, 126, 402, 762, 3645, 440, 3483, -2651, -131, -2914, -360, 1059, 633, 3879, -760, 2758, -1440, 199, -3184, -198, -36, 1812, 3849, 428, 3496, -2880, 1274, -3609, -42, -177, 1242, 4617, 768, 3203, -3087, -326, -2899, -276, 270, 626, 4473, 806, 3353, -3119, 698, -3814, -48, 299, 966, 4340, 328, 5058, -3150, 790, -4239, -588, 1209, 1120, 4785, 1018, 3706, -2529, 298, -3771, -1152, 782, 1956, 4536, 105, 3906, -3591, 1152, -4019, -450, 282, 1166, 5790, 105, 3840, -2980, 1100, -3848, -750, 178, 1224, 4947, 2220, 4213, -3519, -256, -4244, 414, -317, 1660, 5430, 264, 4788, -3677, 636, -4590, -306, 1411, 996, 4790, -140, 4281, -2565, 1132, -4408, 246, -260, 2320, 5358, 614, 4832, -4028, 1157, -5084, -282, 86, 939, 7482, -558, 5020, -4041, -82, -3684, -1278, 1018, 1380, 5835, 1438, 4915, -4869, 1193, -4391, 258, 267, 1548, 5932, 1461, 5865, -3933, -263, -5823, -450, 932, 1574, 5925, 621, 5354, -3447, -96, -5754, -822, 223, 3798, 6681, 622, 5353, -4671, 2301]
[1, -4, -4, -8, 12, 16, 14, 10, -10, -13, -23, 2, -37, -13, -25, 19, 20, 6, 66, 2, 28, 59, -23, -47, 8, -55, 63, -75, -8, -13, -91, 127, 35, -61, 85, -88, -65, -24, -113, 80, -125, 94, -22, -85, 23, 145, 51, 200, 147, 82, 118, -45, 108, -66, -41, 160, -238, -97, -320, -473, -2, -487, 69, -73, 44, 227, 1, 208, 348, -29, 490, 78, 31, 202, -254, 7, -272, -170, 69, -387, -167, 51, -326, 692, 118, 459, 257, 137, 451, -54, -37, -224, -1016, -193, -175, -544, -196, -402, 99, -274, -181, 662, -48, 478, 987, -85, 698, 60, 116, 52, -846, -34, -864, -1160, -56, -823, 404, 492, -234, 1011, -109, 993, 950, 406, 1268, -610, -259, 232, -754, -502, -780, -1250, 59, -1046, 438, -62, -11, 1238, 125, 975, 1280, 197, 934, -644, -246, 178, -1799, 249, -2062, -1007, 253, -2449, -251, -87, -855, 2045, -248, 1438, 827, 72, 1957, -178, 277, 828, -2099, 477, -787, -1340, -346, -1365, 990, 31, 539, 1652, 199, 1774, 2348, -1190, 2434, 216, -38, 324, -2068, -511, -2463, -1417, -399, -2532, -454, -194, -1360, 2144, 28, 1870, 800, -427, 3049, -720, 202, -16, -2795, 437, -1758, -2405, 759, -3919, 1041, -578, 219, 2947, 595, 2423, 3030, 90, 2141, -484, -28, 1118, -2708, 767, -3698, -2895, -320, -3058, -316, -152, -337, 3650, -809, 2950, 1977, 133, 3646, -576, -353, 1060, -3773, -82, -2236, -3245, 433, -3779, 1836, 552, -1042, 4089, -1018, 3324, 4161, 845, 4513, -1680, 474, 406, -4184, 189, -5547, -3809, -487, -4479, 878, 482, -2621, 4019, 232, 3861, 2800, -1008, 5165, -1290, -451, 760, -5745, -887, -2612, -4333, -566, -5566, 2262, -1086, 595, 5699, -986, 5206, 6198, -70, 5974, -1894, 746, 290, -6165, -460, -5670, -4250, 801, -4774, -608, -736, -2457, 6302, -145, 4681, 4595, 1850, 6005, -736, 183, 70, -7088, 644, -3003, -5117, 1101, -8177, 1779, 818, -660, 7241, 984, 5732, 7459, 477, 6557, -1212, -1165, 1700, -7130, -1240, -8069, -6605, -1311, -7413, -718, -1046, -3463, 7499, -1062, 6237, 3198, -2687, 9072, -824, 135, 2316, -8641, -204, -5878, -8816, -1894, -7844, 3888, 1025, 655, 8654, 404, 6723, 9522, 759, 7208, -588, -415, 2194, -8048, 397, -9550, -8977, 1727, -9337, -185, 523, -3538, 9849, 2626, 7193, 5418, 455, 9854, -1934, 82, 2214, -10906, -214, -6867, -6230, -1705, -11200, 2634, 569, 765, 11060, 25, 7833, 11298, -1142, 10828, -2662, -544, 1864, -11930, -1490, -11244, -10556, 852, -13658, -64, -1106, -4329, 10885, -27, 9765, 7854, -700, 12626, -1228, -949, 1312, -12069, 1154, -7276, -10145, 740, -11351, 3735, -55, 704, 12651, 726, 10465, 13686, -887, 12640, -4236, -734, 1498, -12901, -27, -14550, -11074, -2402, -13267, -435, -108, -5872, 13037, -1076, 12231, 7475, 70, 13336, -4398, -215, 3274, -16934, -3184, -7795, -8891, -137, -14074, 7197, 648, -1690, 15665, -1531, 13217, 16166, 3182, 14159, -1500, 262, 2990, -13788, 563, -17571, -13085, 812, -15985, 1074, -894, -4861, 13871, 1199, 12569, 8858, -553, 16592, -3940, -77, 3452, -16318, 2540, -9150, -15305, -1370, -16887, 6054, 1182, 719, 17301, -2174, 12067, 17048, -2786, 16757, -3462, -806, 2626, -17433, -1635, -19356, -17315, 90, -19747, -2218, -636, -7774, 19028, 1, 14612, 9214, 1232, 18624, -4320, -104, 1240, -19382, 2012, -12015, -16053, 1973, -18058, 8208, -1172, -914, 18122, 60, 15012, 21459, -756, 18674, -3702, 2194, 3600, -18008, 344, -20684, -15277, -1045, -19870, -433, -1204, -8619, 20062, -3217, 16890, 11912, -1231, 22351, -2766, 661, 3228, -21283, -2898, -12356, -16286, 1292, -20056, 8079, -1322, 1198, 20981, -956, 18882, 22432, 2489, 23068, -4436, -211, 4834, -22135, 2354, -22418, -19625, -718, -24315, -2261, -2320, -11103, 24017, 1278, 19834, 11337, -1800, 23760, -4434, 586, 5580, -29156, -70, -14087, -17924, -2690]
[1, -3, -11, -1, 11, 18, 18, 1, 13, -30, -25, 0, -61, -2, -24, 41, 28, -55, 102, 11, 49, 86, -35, -29, -86, 5, 45, -113, 15, 48, -53, 65, -29, -50, -28, 80, 82, -170, -134, -33, -33, 66, 18, -30, -94, 68, 345, -43, 203, 242, 237, 189, -89, -32, -263, -100, -29, -11, -590, -467, -67, -114, -143, -37, 189, 106, -79, 263, 467, -286, 417, 590, 35, -171, 168, -80, -375, -290, 99, -25, -679, 301, 284, 89, 209, 504, 305, 139, -141, 344, 19, -746, -397, 54, -84, -918, 59, -325, -667, -164, 513, 88, -183, 839, 947, -380, 22, 1423, -37, -588, -277, -362, -721, -862, 267, 127, -955, 454, 312, 292, -125, 660, 1562, 266, 497, 656, -344, -804, 766, 20, -1516, -1899, -17, 366, -944, 185, 1445, -9, 163, 1233, 1480, -206, 266, 728, -619, -1108, -1204, 291, -1798, -1370, 393, -1167, -1691, -168, 759, 223, -483, 2066, 1606, 792, -317, 1444, 838, -1382, -227, 150, -1356, -1363, -151, -201, -630, -570, 3266, 632, 866, 2126, 2092, -745, 1442, 2452, 47, -2264, -871, -943, -2975, -1548, -1305, -447, -2489, -56, 724, 667, 116, 2912, 1207, -209, -262, 1688, 206, -2518, -94, 765, -2596, -3029, 471, -1556, -1511, 29, 3469, 507, 245, 3493, 2920, 378, 694, 1718, 591, -2232, -640, 763, -3988, -3728, -762, 279, -3409, -59, 3565, 488, -677, 2642, 3928, 137, 357, 2341, -67, -2818, 587, 206, -4148, -3409, 467, 217, -1964, -566, 3317, 1062, -395, 3954, 3891, 694, 1911, 3967, 679, -3784, -1486, -72, -4459, -4534, -681, -1628, -4629, -524, 785, 697, -142, 5436, 5302, -360, -601, 4276, -791, -3960, -844, -1360, -3617, -5458, 1025, -1074, -2452, -89, 6080, 894, -2254, 5291, 6134, 334, 2839, 3722, 658, -4986, -3967, 1871, -6209, -5498, 1164, -557, -7170, -779, 4413, 933, 1012, 6710, 6836, 565, -698, 6452, 1011, -5691, -271, 162, -5062, -5649, 851, -2891, -4703, 928, 6643, 1378, 1254, 6841, 6885, 603, 2555, 6355, -1561, -5908, -1782, -1928, -7500, -8590, -735, -181, -8945, 540, 3271, 1609, -1489, 6924, 5727, -3817, 1548, 7700, -45, -6382, 1815, -414, -10164, -10069, -3041, -74, -4484, 1089, 9290, 1659, 1513, 8442, 11720, 696, 2416, 6006, -1055, -7336, -1260, 1686, -9510, -10980, 2586, -1965, -8997, 1175, 6682, 2198, 1383, 10594, 9345, 898, -1087, 8852, -312, -7169, -370, -1136, -11566, -7983, -1251, -3086, -8366, 524, 12724, 1300, -280, 11238, 10607, 770, 4928, 9080, -392, -8646, -7208, -1490, -10343, -13050, 1143, -4407, -12171, -724, 6885, 1986, 2070, 12000, 12424, -1913, 389, 11314, -1739, -11314, 877, 897, -11515, -11785, 634, -2084, -7881, 2107, 13192, 2915, 348, 13067, 12853, 452, 4557, 8990, 204, -11619, -5699, -480, -14636, -12904, -117, -1347, -14596, -1173, 6688, 2048, -602, 13032, 13502, -1159, -1091, 12783, -964, -10873, -1503, -1906, -12351, -12105, -1864, -513, -5297, -261, 14083, 1782, 307, 14209, 16837, 898, 5230, 13675, 435, -11430, -4543, 1485, -14816, -15182, 2112, -3033, -16670, -1560, 12889, 3293, -47, 15472, 16275, 1870, 594, 12194, 1060, -12934, 507, -182, -17172, -19031, 1058, -4830, -10202, 1062, 15929, 3112, -2110, 18077, 16690, -1540, 7738, 10728, 389, -14212, -7183, 2466, -19676, -19170, -3780, -4738, -20639, 1133, 9028, 4345, 659, 18418, 15566, 901, -1967, 14651, 26, -16770, 1327, 2250, -18772, -18518, 2200, -1459, -9720, -2428, 20692, 3442, -3342, 19800, 19740, 2700, 7750, 16221, 2675, -15926, -4822, -3260, -19219, -21240, -543, -2052, -20290, -610, 11589, 4320, -1667, 20286, 20492, -3464, 555, 18674, 1505, -17086, 1464, -558, -19688, -19309, -1349, -3374, -12125, -329, 23870, 4441, 1298, 21531, 23808, 1294, 10755, 17720, 2337, -18555, -9215, 4572, -25192, -22114, 339, -4422, -23881, -3470, 10815, 4342, -525, 23624, 20668, 1440, -2064, 19100, 1247, -20520, -3007, -542, -22124, -21515, 37]
