N 20 w 2 CHI 3 ORD 4 DIM 10 PREC 600
[0, -1, 1, 0, 0, 2, 0, 0, -2, 0, -3, 0, 0, 1, 0, 0, 4, -3, 3, 0, 2, 0, 0, 0, 0, -3, -2, 0, 0, 0, 0, 0, -4, 0, 0, 0, -6, 7, 0, 0, 2, 8, 0, 0, 0, -3, 0, 0, 0, 0, 7, 0, 2, -9, 0, 0, 0, 0, -4, 0, 0, -12, 0, 0, 0, -1, 0, 0, 6, 0, 0, 0, 6, 11, 0, 0, 0, 0, 0, 0, -8, 9, -8, 0, 0, 9, 0, 0, 0, 0, -3, 0, 0, 0, 0, 0, 0, -13, -7, 0, -8, -2, 0, 0, 0, 0, 18, 0, 0, 0, 0, 0, 0, 1, 0, 0, 8, -3, 0, 0, 0, -11, 12, 0, 0, 2, 0, 0, 8, 0, 4, 0, 0, 0, 0, 0, -12, 7, 0, 0, 0, 0, 0, 0, 0, 4, -22, 0, -14, 0, 0, 0, 0, -9, 0, 0, 0, 17, 0, 0, 12, 0, -9, 0, 0, 0, 0, 0, 0, 0, -6, 0, 0, 11, 0, 0, 0, 0, 16, 0, 12, 18, 0, 0, 0, -21, 0, 0, 0, 0, 0, 0, 0, -19, 0, 0, 14, -13, 0, 0, 2, 0, 2, 0, 0, -16, 0, 0, -4, 0, 0, 0, -18, 0, 0, 0, 0, 0, 6, 0, 0, 6, 0, 0, 0, 12, -2, 0, 0, 0, 0, 0, -8, 21, 0, 0, 0, 0, 0, 0, 0, 8, 11, 0, 0, 7, 0, 0, 0, 0, -13, 0, 0, 0, 0, 0, -16, 17, 0, 0, -6, -12, 0, 0, 0, 9, 0, 0, 0, 0, 0, 0, 12, 0, 0, 0, 0, -23, 0, 0, 0, -32, 0, 0, 0, 0, 0, 0, -12, 0, 4, 0, 22, -19, 0, 0, 28, 0, -14, 0, 0, 0, 0, 0, 0, 24, 18, 0, 0, 0, 0, 0, 0, 1, 0, 0, 0, -3, 0, 0, -8, 0, 0, 0, 0, -1, 0, 0, 16, 0, 0, 0, 0, 21, 0, 0, 0, 7, -11, 0, -6, 0, 0, 0, 0, 0, -22, 0, 0, 0, 0, 0, 0, -9, 0, 0, -32, 0, 0, 0, -18, 19, -18, 0, 0, -11, 0, 0, 0, 0, 14, 0, 0, 11, 0, 0, 0, 4, 0, 0, 0, 0, 0, 0, 0, 0, 38, 0, 26, 0, 0, 0, -14, 0, 0, 0, 0, -13, 0, 0, 12, -2, 0, 0, 0, -18, 0, 0, 0, 0, 24, 0, 0, 0, 0, 0, 8, 0, 0, 0, 0, 28, 0, 0, 0, -21, 0, 0, 0, 0, 0, 0, 0, -29, 0, 0, -12, 0, 0, 0, 0, -21, -6, 0, 0, -16, 0, 0, 0, 0, -3, 0, 2, 0, 0, 0, 0, 17, -4, 0, 0, 38, 0, 0, 0, 0, -42, 0, 6, 0, 0, 0, 0, 0, 0, 0, 0, 27, 0, 0, 0, -14, -8, 0, 0, 39, 0, 0, -24, 0, 7, 0, 0, 12, 0, 0, 0, 0, 0, 0, 22, 0, 0, 0, 0, 4, 0, 0, 0, 0, 0, 0, 16, 0, 0, 0, 0, 0, 0, 0, 4, -22, 12, 0, 0, 0, 0, 0, 0, 0, -36, 0, 0, -8, 0, 0, 0, 0, 26, 0, 0, -42, 0, 0, 0, -6, 0, 0, -14, 0, 0, 0, 0, 0, 0, 0, 0, -33, 0, 0, 0, 0, 32, 0, 0, -1, 0, 0, 0, 0, 0, 0, 0, 0, 0, 0, 24, -23, -1, 0, -16, 0, 0, 0, 0, 9, 38, 0, 0, 0, 0, 0, -28, 31, 0, 0, 28, 0, 0, 0, 0]
[0, 0, -1, 0, 2, 1, 0, 0, -2, -3, 1, 0, 0, 1, 0, 0, 0, 3, 3, 0, -4, 0, 0, 0, 0, -4, 0, 0, 0, 4, 0, 0, 4, 0, -6, 0, 0, -7, 0, 0, 6, 0, 0, 0, 0, 6, 0, 0, 0, 7, 1, 0, -2, -9, 0, 0, 0, 0, -4, 0, 0, 0, 0, 0, -8, -3, 0, 0, 6, 0, 0, 0, -6, 11, 14, 0, 0, 0, 0, 0, -4, 0, 8, 0, 0, -3, 0, 0, 0, -16, -9, 0, 0, 0, 0, 0, 0, 13, -7, 0, 6, 0, 0, 0, 4, 0, 0, 0, 0, -6, 0, 0, 0, 1, 0, 0, 0, 3, 0, 0, 0, 0, -12, 0, 0, 11, 0, 0, 8, 0, 2, 0, 0, 0, 0, 0, 0, -7, 0, 0, 0, 0, 0, 0, 12, -8, 0, 0, -14, 14, 0, 0, 0, -9, 0, 0, 0, -17, 0, 0, -4, 0, 9, 0, -16, 0, 0, 0, 0, 11, 12, 0, 0, 11, 0, 0, 0, 0, 16, 0, 6, 0, 0, 0, 0, 7, 0, 0, 0, 0, 0, 0, 0, -19, -26, 0, 0, 13, 0, 0, -14, 0, -2, 0, 0, -8, 0, 0, -4, 0, 0, 0, 18, 0, 0, 0, 0, 0, 6, 0, 0, 0, 0, 0, 0, -9, 0, 0, 0, 4, 0, 0, 8, 21, -6, 0, 0, 0, 0, 0, 0, 0, -11, 0, 24, -14, 0, 0, 0, 0, -9, 0, 0, 0, 0, 0, 0, -17, 0, 0, 2, 0, 0, 0, 0, 27, 0, 0, 0, -26, 0, 0, -12, 0, 14, 0, 0, 23, 0, 0, 0, 0, 0, 0, 0, 0, 0, 0, -12, 1, 12, 0, -22, -19, 0, 0, 0, 0, -14, 0, 0, 0, 0, 0, 0, 12, 0, 0, 0, 0, 0, 0, 0, 1, 34, 0, 0, 3, 0, 0, 16, 0, 0, 0, -18, 7, 0, 0, 16, 0, 0, 0, 0, 21, 0, 0, 0, -7, -11, 0, -18, 0, 0, 0, 0, 0, 0, 0, 0, -36, 0, 0, 0, -9, 0, 0, 0, 0, 0, 0, 6, 0, 18, 0, 0, -33, 0, 0, 0, 24, -28, 0, 0, 11, 0, 0, 0, -4, 0, 0, 0, 0, 0, 0, 0, 0, 0, 0, 26, 34, 0, 0, 14, 0, -26, 0, 0, 13, 0, 0, 16, 0, 0, 0, 4, -9, 0, 0, 0, -6, -8, 0, 0, 0, 0, 0, 0, 0, 0, 0, 0, 0, 0, 0, -36, -3, 0, 0, 0, 0, 0, 0, 0, -29, 0, 0, 0, 0, 0, 0, 0, 0, 6, 0, 0, 32, 0, 0, 0, 14, 21, 0, -2, 0, 0, 0, 0, -17, -4, 0, 0, 0, 0, 0, -16, 0, 0, 0, 6, 0, 0, 0, 0, 0, 0, 0, 0, -27, 0, 0, 0, 0, 8, 0, 22, -13, 0, 0, -24, 0, 21, 0, 0, 12, 0, 0, 0, 0, 0, 0, -4, 0, 0, 0, 0, 2, 0, 0, 0, 44, 0, 0, -16, 0, 34, 0, 0, 0, 0, 0, -8, 0, -12, 0, 0, 0, 0, 0, 0, -23, -18, 0, 0, -8, 0, 0, 0, 0, 26, 0, 0, 0, 0, 0, 24, 12, 0, 0, -14, -36, 0, 0, 0, 0, -46, 0, 0, 33, 0, 0, 0, 0, -32, 0, 0, -3, 0, 0, 0, -26, 0, 0, 0, 0, 0, 0, 0, 23, -1, 0, -8, 0, 0, 0, 44, -3, 0, 0, 0, 0, 0, 0, 28, 31, 0, 0, 0, 0, 0, 0, 0]
[0, 0, 0, 0, 1, 1, 0, 1, 0, -1, 1, 1, 0, 2, 2, 0, 2, 2, 1, 2, 1, 1, 2, 2, 0, 1, 3, 0, 4, 4, 0, 3, 4, 0, 1, 5, -1, 2, 4, 1, 6, 5, 2, 4, 4, 1, 4, 5, 0, 9, 6, -1, 6, 2, 0, 5, 8, 0, 4, 6, 0, 5, 6, 2, 4, 7, 0, 7, 8, -1, 10, 7, -2, 12, 11, 0, 8, 10, 2, 8, 6, 1, 10, 8, 4, 7, 8, 0, 8, 4, -4, 15, 8, 0, 10, 10, 0, 12, 11, -1, 11, 10, -2, 10, 14, 5, 13, 11, 0, 9, 10, -1, 16, 12, 0, 10, 12, 2, 12, 15, 0, 10, 10, 0, 12, 16, 4, 13, 16, -1, 17, 13, 0, 20, 14, 0, 10, 12, -2, 14, 20, 1, 14, 16, 2, 12, 13, 7, 8, 19, 0, 15, 16, -8, 20, 15, 4, 12, 16, 1, 16, 21, 2, 16, 12, 0, 16, 17, 8, 24, 17, -2, 16, 22, 0, 25, 16, 0, 24, 18, 1, 20, 30, 0, 16, 17, 0, 14, 20, 8, 20, 19, 0, 12, 11, 5, 29, 22, -2, 20, 16, 1, 20, 28, -4, 17, 20, -5, 24, 20, 10, 21, 26, 0, 22, 20, 0, 30, 24, 1, 20, 24, -2, 22, 32, -4, 23, 23, 0, 24, 20, 10, 24, 32, 1, 25, 24, 0, 30, 24, 0, 25, 20, 0, 32, 31, 0, 32, 24, -1, 21, 25, 8, 20, 26, -5, 24, 22, -2, 35, 32, -4, 26, 26, 0, 37, 40, 0, 28, 19, 0, 27, 20, 20, 31, 25, -4, 32, 28, -3, 40, 25, 2, 28, 28, 0, 32, 42, -8, 24, 32, -1, 26, 22, 14, 30, 30, 0, 24, 33, 0, 41, 30, 0, 32, 37, -7, 31, 40, -1, 30, 31, 8, 32, 41, 10, 32, 32, 2, 28, 36, 1, 42, 28, -5, 42, 32, 0, 40, 49, 0, 33, 32, 2, 34, 35, 16, 32, 37, 1, 22, 30, -4, 48, 32, -5, 33, 35, 0, 24, 50, 8, 32, 32, 0, 35, 32, 10, 36, 36, -4, 40, 40, 0, 60, 27, 0, 37, 32, 3, 27, 55, 0, 42, 28, 0, 40, 44, 16, 38, 40, 1, 38, 38, 0, 50, 43, -7, 48, 49, 10, 27, 58, 0, 31, 40, -4, 42, 40, 20, 46, 40, 2, 48, 42, -4, 56, 34, -8, 39, 42, -1, 40, 60, -10, 40, 52, 0, 40, 42, 20, 45, 42, -2, 34, 32, 0, 62, 44, 10, 40, 43, 0, 32, 60, 0, 42, 40, 2, 44, 40, 12, 48, 44, -4, 52, 44, 0, 64, 49, 1, 42, 46, 0, 46, 75, 0, 42, 44, -8, 40, 50, 20, 46, 40, 0, 43, 47, 8, 69, 50, -1, 48, 40, 0, 50, 60, -8, 48, 48, 0, 54, 50, 16, 51, 47, 0, 49, 40, -1, 76, 49, 0, 44, 64, -5, 48, 70, -2, 50, 51, 1, 50, 50, 16, 52, 40, 13, 52, 64, -10, 75, 48, 0, 61, 50, -4, 50, 70, 1, 62, 50, -8, 52, 52, 25, 52, 42, 0, 39, 47, -6, 80, 64, 0, 55, 56, 0, 64, 69, 0, 50, 54, 0, 52, 57, 40, 55, 48, -17, 50, 56, -8, 80, 41, -5, 56, 62, -6, 65, 80, -10, 50, 56, 4, 57, 56, 25, 56, 49, 0, 57, 64, 0, 84, 50, -4, 62, 47, 1, 52, 81, -2, 56, 74, 7, 63, 59, 28, 60, 60, -1, 60, 72, 0, 75, 62, 0, 66, 60, 0]
[0, 0, 0, 0, 0, 1, 1, -1, 0, 1, -1, -1, 1, 2, 1, 0, 1, 2, 0, -2, 0, 3, 2, -2, 1, 3, -2, 0, 1, 4, 5, -3, 0, 4, -2, -5, 1, 6, 4, -1, 2, 7, -2, -4, 2, 5, 5, -5, 3, 7, -2, 1, -1, 6, 8, -5, -1, 8, -4, -6, 5, 7, 6, -2, 1, 9, -2, -7, 1, 9, 5, -7, 7, 12, -4, 0, 4, 10, 12, -8, 1, 11, -6, -8, 2, 13, 9, 0, 0, 12, -3, -15, 5, 12, 9, -10, 7, 12, -8, 1, -2, 14, 18, -10, 3, 15, -4, -11, 8, 15, 10, 1, -1, 16, -4, -10, 0, 14, 12, -15, 5, 14, -6, 0, 6, 18, 17, -13, 4, 17, -8, -13, 6, 20, 13, 0, 5, 20, -4, -14, 5, 19, 14, -16, 10, 20, -12, -7, -3, 21, 25, -15, 0, 16, -10, -15, 12, 24, 16, -1, 4, 23, -6, -16, -2, 20, 17, -17, 12, 24, -10, 2, 9, 26, 28, -25, 2, 24, -8, -18, 11, 28, 10, 0, 1, 23, -6, -14, 9, 24, 20, -19, 13, 24, -12, -5, -5, 26, 28, -20, 8, 27, -12, -28, 18, 27, 21, 5, 3, 28, -10, -21, -5, 28, 21, -20, 8, 30, -12, -1, 10, 32, 38, -22, 1, 28, -14, -23, 12, 32, 25, -10, 8, 36, -8, -25, 12, 32, 20, -24, 15, 35, -12, 0, -2, 35, 42, -32, 0, 33, -17, -25, 17, 32, 25, 5, 3, 38, -8, -35, -7, 28, 26, -26, 22, 39, -20, 0, 13, 37, 40, -27, 11, 40, -16, -25, 16, 36, 28, 3, -5, 35, -10, -28, 14, 40, 22, -42, 15, 40, -16, 1, -1, 38, 41, -30, 17, 32, -20, -33, 25, 43, 30, 0, 4, 47, -4, -31, -10, 41, 30, -31, 10, 44, -18, -10, 16, 44, 52, -28, 5, 43, -22, -28, 14, 46, 33, 0, 16, 47, -10, -33, 17, 42, 33, -35, 18, 48, -24, -1, -1, 42, 56, -48, 1, 45, -24, -35, 28, 48, 25, -8, 8, 48, -12, -35, -8, 50, 36, -36, 29, 56, -24, 0, 10, 49, 62, -37, 7, 45, -20, -55, 18, 54, 38, 0, -1, 52, -16, -38, 20, 51, 38, -38, 25, 50, -18, 7, 1, 55, 60, -27, 5, 52, -24, -40, 28, 54, 40, -20, 13, 56, -14, -48, -4, 46, 28, -34, 20, 57, -22, 1, 21, 60, 67, -40, 3, 56, -24, -42, 10, 63, 42, 2, 15, 56, -14, -62, 21, 54, 45, -43, 24, 56, -30, 0, -6, 64, 72, -44, 0, 52, -28, -44, 38, 60, 45, 0, 1, 63, -12, -42, -5, 60, 45, -75, 44, 66, -28, 8, 25, 70, 60, -46, 12, 60, -34, -47, 19, 67, 45, 1, 0, 60, -16, -50, 20, 60, 48, -48, 35, 66, -30, -16, -4, 73, 73, -49, 16, 65, -33, -49, 42, 68, 44, 5, 6, 70, -16, -50, -2, 67, 50, -50, 13, 72, -26, -13, 25, 72, 90, -75, 12, 64, -30, -50, 28, 66, 40, -1, 15, 70, -12, -52, 26, 75, 53, -42, 34, 73, -38, 6, -20, 76, 88, -55, -1, 72, -28, -69, 40, 70, 54, 0, 13, 75, -30, -55, -7, 65, 50, -56, 54, 80, -34, 5, 28, 74, 84, -65, -5, 66, -30, -56, 26, 79, 57, -25, 0, 79, -20, -57, 22, 76, 42, -50, 40, 78, -32, -1, -8, 83, 98, -56, 23, 73, -30, -59, 41, 84, 60, 1, 15, 88, -16, -75, -2, 80, 56, -60, 25]
[0, 0, 0, 0, 0, 1, 1, 0, 0, -2, 0, 2, 0, 2, -1, 0, 4, 0, 1, -2, 0, 4, 0, 2, -4, 0, 5, 0, 4, -2, 1, 6, 0, 0, -5, 2, 4, 0, 4, -6, 4, 10, 0, 4, -4, -1, 9, 0, 0, -2, 4, 8, 0, 2, -8, 4, 12, 0, 4, -6, 0, 10, 0, 2, -8, 4, 10, 0, 8, -12, 3, 14, 0, 12, -5, 0, 16, 0, 2, -8, 4, 14, 0, 8, -12, 4, 17, 0, 8, -12, -3, 20, 0, 0, -9, 2, 16, 0, 11, -14, 4, 20, 0, 10, -8, 6, 25, 0, 0, -12, 4, 18, 0, 12, -20, 6, 24, 0, 12, -10, -4, 20, 0, 0, -12, 9, 21, 0, 16, -22, 13, 26, 0, 20, -13, 0, 24, 0, -2, -14, 12, 24, 0, 16, -20, 2, 25, 0, 8, -12, 1, 30, 0, -8, -10, 12, 28, 0, 16, -26, 8, 34, 0, 16, -20, 0, 33, 0, 8, -12, 3, 26, 0, 22, -28, 12, 32, 0, 24, -18, 8, 40, 0, 0, -20, 4, 30, 0, 20, -24, 12, 38, 0, 12, -25, -4, 44, 0, -2, -20, 8, 34, 0, 28, -36, 12, 41, 0, 24, -20, 4, 42, 0, 0, -21, 12, 32, 0, 24, -36, 4, 46, 0, 22, -16, -2, 45, 0, 0, -22, 17, 40, 0, 32, -35, 10, 48, 0, 30, -24, 0, 50, 0, 0, -20, 9, 42, 0, 24, -42, 8, 50, 0, 20, -25, 6, 48, 0, -2, -20, 12, 34, 0, 26, -40, 24, 60, 0, 28, -32, -8, 54, 0, 20, -25, 14, 44, 0, 28, -42, 28, 50, 0, 28, -28, 0, 54, 0, -8, -32, 20, 48, 0, 22, -41, 6, 64, 0, 24, -28, 0, 64, 0, 0, -32, 32, 45, 0, 40, -52, 12, 62, 0, 32, -25, 6, 64, 0, 2, -28, 8, 54, 0, 28, -52, 22, 65, 0, 40, -22, 10, 66, 0, 2, -33, 14, 64, 0, 37, -56, 12, 60, 0, 48, -36, -14, 65, 0, 0, -42, 23, 56, 0, 32, -60, 28, 64, 0, 36, -36, -4, 80, 0, 0, -20, 14, 62, 0, 32, -54, 3, 80, 0, 42, -38, 0, 76, 0, 16, -38, 32, 64, 0, 38, -64, 20, 85, 0, 48, -32, 6, 74, 0, 0, -45, 8, 52, 0, 40, -60, 28, 80, 0, 48, -40, 7, 84, 0, -8, -42, 20, 68, 0, 60, -67, 24, 88, 0, 40, -42, -4, 90, 0, -2, -48, 12, 70, 0, 44, -60, 33, 86, 0, 32, -30, 0, 84, 0, 2, -44, 24, 68, 0, 44, -76, 12, 89, 0, 64, -42, 1, 84, 0, 0, -45, 50, 80, 0, 44, -72, 16, 100, 0, 46, -48, 0, 85, 0, 8, -32, 11, 78, 0, 40, -80, 22, 100, 0, 48, -48, 16, 96, 0, 16, -40, 24, 73, 0, 40, -82, 47, 98, 0, 44, -44, -16, 96, 0, -2, -50, 28, 84, 0, 50, -68, 42, 90, 0, 52, -42, -4, 110, 0, 0, -45, 30, 84, 0, 70, -86, 16, 100, 0, 52, -52, 16, 105, 0, 0, -62, 33, 78, 0, 64, -88, 22, 108, 0, 64, -34, 0, 100, 0, 0, -56, 12, 110, 0, 48, -94, 24, 112, 0, 80, -65, 16, 112, 0, -6, -50, 32, 80, 0, 56, -92, 34, 113, 0, 56, -62, -20, 114, 0, 0, -42, 26, 88, 0, 47, -96, 40, 124, 0, 56, -48, 4, 125, 0, 28, -60, 36, 98, 0, 72, -80, 20, 124, 0, 66, -60, -4]
[0, 0, 0, 0, 1, 1, 0, 0, -1, 1, 2, 0, 2, 1, -2, 0, 1, 3, 6, 0, -1, 4, -2, 0, 4, 0, 4, 0, 0, 4, 0, 0, 3, 8, 4, 0, 3, 1, -4, 0, 3, 4, 10, 0, 2, 14, -4, 0, 6, 3, 10, 0, 0, -1, 0, 0, 2, 16, 8, 0, 10, 4, -6, 0, -1, 1, 16, 0, 6, 20, -10, 0, 5, 11, 20, 0, 4, 0, -2, 0, 1, 20, 18, 0, 6, 9, -8, 0, 6, 0, 18, 0, 6, 24, -10, 0, 12, 13, 10, 0, 5, 8, 2, 0, 0, 20, 20, 0, 16, 6, -10, 0, 0, 9, 32, 0, 4, 27, -12, 0, 20, 8, 18, 0, 6, 15, -4, 0, 9, 36, 22, 0, 12, 0, -14, 0, 2, 9, 38, 0, 0, 36, -14, 0, 25, 8, 24, 0, -2, 18, 0, 0, 12, 39, 20, 0, 22, 7, -16, 0, 7, 4, 42, 0, -2, 40, -16, 0, 10, 11, 38, 0, 10, 19, 0, 0, 6, 48, 40, 0, 21, 16, -30, 0, 16, 19, 48, 0, 8, 32, -20, 0, 26, 5, 24, 0, 1, 21, 2, 0, -5, 52, 36, 0, 38, 12, -20, 0, 2, 16, 50, 0, 12, 56, -22, 0, 32, 0, 42, 0, 10, 16, 2, 0, -2, 55, 40, 0, 24, 20, -20, 0, 4, 29, 52, 0, 12, 64, -30, 0, 30, 20, 36, 0, 18, -6, 0, 0, 18, 68, 40, 0, 30, 24, -26, 0, 9, 15, 70, 0, 4, 64, -26, 0, 24, 31, 40, 0, 12, 10, 0, 0, 12, 40, 56, 0, 30, 31, -28, 0, 10, 20, 74, 0, 14, 80, -32, 0, 33, 33, 56, 0, 0, 13, -14, 0, 6, 64, 46, 0, 50, 4, -30, 0, 12, 32, 80, 0, 0, 84, -30, 0, 46, 25, 72, 0, 16, 27, -2, 0, 19, 84, 50, 0, 21, 15, -32, 0, 10, -4, 80, 0, 18, 101, -34, 0, 34, 25, 48, 0, 6, 24, 4, 0, 28, 100, 60, 0, 56, 12, -50, 0, 10, 23, 96, 0, 8, 80, -36, 0, 37, 32, 72, 0, -10, 11, 0, 0, 18, 108, 58, 0, 36, 35, -28, 0, 26, 12, 80, 0, 20, 100, -38, 0, 52, 0, 72, 0, 26, 46, -10, 0, -9, 104, 60, 0, 58, 37, -40, 0, 25, 32, 106, 0, 14, 91, -56, 0, 74, 30, 74, 0, 22, 0, 10, 0, 12, 112, 72, 0, 30, 36, -42, 0, -16, 45, 112, 0, 20, 88, -40, 0, 48, 19, 60, 0, 12, 48, -2, 0, 30, 80, 80, 0, 78, 48, -44, 0, 0, 42, 120, 0, 12, 120, -46, 0, 48, 31, 80, 0, 30, 40, -20, 0, 12, 120, 80, 0, 42, -4, -50, 0, 36, 40, 128, 0, 10, 109, -48, 0, 60, 24, 90, 0, 23, 39, 0, 0, -10, 132, 78, 0, 84, 60, -64, 0, 18, 0, 134, 0, 15, 132, -50, 0, 64, 42, 88, 0, 24, 60, 10, 0, 15, 128, 108, 0, 54, 32, -70, 0, -12, 40, 120, 0, 26, 100, -52, 0, 68, 45, 82, 0, 0, 16, 0, 0, 38, 144, 110, 0, 80, 40, -54, 0, 46, 48, 120, 0, 10, 128, -50, 0, 62, 0, 80, 0, 28, 57, 6, 0, 0, 152, 90, 0, 54, 41, -56, 0, 42, 34, 160, 0, 12, 152, -84, 0, 75, 55, 112, 0, 12, 4, 2, 0, 20, 129, 108, 0, 68, 48, -60, 0, 40, 63, 128, 0, 20, 160, -66, 0, 100]
[0, 0, 0, 1, 0, 0, 1, -1, 2, 2, 0, 0, 0, 2, 1, 3, 0, -2, 5, 2, 2, 2, -2, 5, 4, 2, -1, 0, 4, 2, 5, 0, -4, 10, 5, -1, 6, -2, 8, 6, 2, 0, -2, 9, 4, 6, 1, -5, 16, 2, 2, 10, -6, 12, 8, 2, -4, 0, 12, 6, 8, 0, -6, 17, 8, 4, 10, -7, 14, 12, 1, 0, 2, 12, 5, 13, 0, -10, 24, 8, 4, 12, -10, 17, 12, 4, 1, 0, 16, 12, 19, -10, -8, 30, 9, 6, 16, -12, 15, 14, 4, 0, 2, 21, 8, 12, -1, -11, 32, 12, 2, 20, -16, 22, 20, 11, 0, -2, 24, 10, 20, 0, -10, 42, 12, 4, 13, -13, 24, 22, 1, 0, 0, 20, 13, 16, 4, -12, 48, 14, 4, 22, -14, 22, 20, 10, -1, -7, 34, 12, 25, 0, -16, 52, 10, 6, 20, -12, 32, 26, 4, -8, -2, 33, 20, 30, 1, -17, 48, 12, 11, 30, -16, 32, 28, -1, 0, 0, 32, 18, 28, 0, -30, 62, 20, 4, 30, -14, 36, 24, 16, 0, 0, 42, 25, 28, -14, -22, 56, 20, 14, 32, -20, 28, 36, 10, 1, 5, 36, 20, 18, 0, -26, 70, 21, 19, 32, -30, 42, 36, 12, -2, 2, 45, 16, 38, -1, -23, 80, 22, 13, 20, -24, 42, 35, 3, 0, 0, 40, 24, 48, 0, -20, 73, 20, 6, 42, -32, 48, 42, 14, 0, -8, 50, 25, 48, 0, -22, 88, 20, -2, 42, -26, 53, 40, 14, -20, 0, 52, 32, 40, 0, -20, 70, 25, 12, 52, -32, 56, 42, -4, 0, -2, 57, 28, 40, -10, -42, 92, 32, 20, 50, -26, 62, 41, 18, 4, 0, 62, 28, 48, -18, -30, 102, 32, 10, 59, -31, 40, 52, 6, 0, -8, 62, 25, 47, 0, -32, 104, 28, 16, 52, -42, 76, 52, 8, 1, 0, 64, 22, 50, 0, -32, 102, 33, 5, 32, -32, 59, 56, 38, 0, 4, 48, 36, 62, -1, -35, 112, 42, 1, 40, -32, 72, 60, 14, 0, -10, 72, 36, 46, 0, -40, 111, 20, 34, 62, -37, 80, 54, 31, -30, 0, 72, 38, 63, -4, -44, 96, 38, 16, 62, -38, 77, 64, -10, -1, 7, 74, 32, 68, 20, -58, 130, 45, 24, 60, -42, 80, 60, 16, 0, -2, 66, 40, 62, -28, -34, 144, 42, 10, 70, -40, 60, 67, 35, -16, 0, 80, 42, 52, 0, -42, 129, 48, 28, 70, -62, 84, 60, 21, 0, 0, 92, 30, 56, 0, -40, 144, 44, 32, 44, -48, 89, 76, 20, 1, 0, 64, 42, 71, 0, -46, 150, 45, -20, 80, -42, 92, 72, 16, 0, -20, 93, 48, 90, -1, -47, 134, 32, 25, 80, -48, 90, 80, 26, -20, 8, 96, 48, 80, -12, -50, 146, 40, 14, 73, -49, 104, 82, 9, 0, 0, 104, 44, 72, 0, -70, 168, 50, 26, 82, -50, 101, 68, 20, 10, -13, 100, 42, 78, -40, -48, 160, 45, 43, 92, -50, 80, 86, 20, 0, 8, 105, 52, 62, 1, -42, 160, 62, 21, 90, -80, 94, 88, 9, -4, 0, 102, 34, 96, 0, -54, 182, 56, 30, 30, -55, 114, 94, 22, 0, 8, 80, 65, 98, 0, -62, 168, 50, -16, 100, -50, 113, 92, 44, 1, -25, 112, 62, 100, 0, -64, 190, 42, 41, 96, -62, 129, 96, 24, -38, 2, 102, 48, 64, -1, -59, 164, 60, 48, 100, -60, 112, 80, 20, 0, 0, 112, 60, 100]
[0, 0, 0, 0, 1, 1, 1, 1, -2, 0, 1, 1, 4, -1, -1, 2, 2, 5, 2, 0, -1, 3, 4, -2, 4, -1, 2, 8, -4, 2, 5, 3, 8, 0, -2, 1, 5, 5, -4, 5, 4, 5, 12, -4, 0, 10, 5, 9, 0, 0, 4, 9, 8, -11, 8, 3, 4, 20, -8, 0, 12, 5, 12, -2, -4, -2, 10, 13, -2, 13, -1, 7, 20, -1, 8, 12, 8, 10, -2, 0, 2, 13, 20, -8, 8, 8, 9, 28, -8, -8, 7, 5, 20, 0, -1, 4, 16, 25, -18, 15, 7, 10, 36, -10, -2, 13, 12, 21, 0, -3, 8, 19, 16, -11, 20, 4, 12, 35, -12, -5, 20, 10, 20, 0, 0, 12, 17, 25, -8, 23, 6, 13, 40, -20, -1, 24, 14, 25, 2, 0, -4, 23, 28, -16, 30, 2, 12, 41, -22, 7, 25, 15, 32, -1, -10, 9, 24, 25, -16, 25, 12, 13, 52, -16, -8, 20, 17, 33, -8, -1, 16, 28, 36, -11, 28, 1, 16, 60, -8, 0, 33, 20, 20, 0, 4, 18, 30, 38, -20, 16, 4, 19, 64, -31, -12, 27, 15, 45, 2, 0, 2, 33, 40, -28, 40, 7, 21, 67, -28, 0, 32, 21, 48, 0, -1, 6, 32, 30, -18, 35, 8, 22, 76, -22, -16, 33, 22, 45, 0, 2, 17, 30, 48, -11, 28, 17, 24, 80, -30, 0, 32, 25, 40, 0, 12, -10, 42, 44, -24, 43, 7, 25, 68, -20, -1, 47, 24, 45, 2, -15, 14, 38, 52, -26, 40, 18, 20, 88, -28, -13, 40, 27, 56, -20, 8, 13, 48, 65, -28, 45, 4, 25, 92, -28, 0, 60, 22, 42, -4, 9, 12, 49, 48, -41, 27, 12, 34, 80, -38, -5, 52, 23, 60, 0, 0, 27, 52, 61, -40, 53, 24, 31, 96, -31, 18, 28, 32, 65, -2, 0, 20, 53, 52, -28, 39, 9, 33, 108, -24, -27, 50, 33, 68, 19, -1, 25, 48, 65, -48, 55, 4, 30, 112, -48, 4, 63, 32, 69, 0, -18, -1, 48, 64, -41, 60, 21, 32, 110, -36, 0, 70, 40, 80, 0, -40, -12, 62, 73, -32, 75, 6, 25, 120, -31, 10, 62, 36, 60, -16, 0, 24, 63, 76, -38, 64, 10, 42, 123, -22, 17, 42, 47, 60, 0, -12, 16, 56, 85, -40, 40, 30, 40, 132, -48, 2, 54, 28, 78, 8, -3, 32, 69, 84, -60, 77, 10, 36, 140, -40, 0, 48, 45, 84, 2, -22, 29, 70, 62, -44, 50, 29, 43, 128, -61, -30, 84, 42, 100, -2, 0, 8, 56, 88, -44, 80, 32, 45, 148, -64, 7, 80, 42, 88, 0, -1, -5, 80, 85, -48, 80, 44, 50, 120, -46, -8, 60, 42, 93, -2, -37, 15, 79, 96, -40, 80, 24, 40, 135, -48, 0, 80, 42, 100, -16, 11, 38, 73, 97, -64, 83, -3, 49, 168, -32, -20, 73, 48, 70, 2, 0, 25, 83, 100, -50, 52, 32, 50, 155, -52, 22, 112, 35, 96, 0, 18, 12, 88, 90, -70, 85, 2, 50, 152, -52, 0, 63, 53, 114, 0, 0, 16, 84, 80, -72, 88, 41, 52, 180, -38, -35, 64, 50, 108, 0, 28, 27, 70, 109, -62, 75, 28, 56, 192, -80, -22, 97, 56, 125, 6, -15, 16, 90, 100, -56, 88, 8, 57, 145, -56, -13, 100, 57, 88, 0, -42, 34, 92, 125, -48, 95, 28, 43, 196, -56, 18, 98, 62, 117, -28, 0, 12, 99, 136, -41, 80, 5, 62, 200, -66, 0, 100]
[-1, 0, 1, 1, 0, 1, 1, -1, 0, -2, -1, -4, 1, -2, -1, 1, 2, 2, -2, 8, 2, 8, -4, 5, 1, 0, -3, -8, -1, -12, 1, -12, -2, -10, 5, -1, -5, 12, 8, 14, 0, 20, 8, 9, -4, -5, 5, -9, 1, -22, 3, -16, -1, -12, -8, -4, -1, 20, -12, 24, 1, 20, -12, 17, 2, -2, -10, -13, 5, -22, -1, -28, 1, -12, 5, 1, 8, 10, 14, 32, -2, 28, 12, 17, 8, 8, 9, -28, -4, -32, -2, -40, 5, -30, -9, 8, 1, 12, -22, 26, -4, 40, -16, 21, -3, 8, -3, -21, -8, -42, -4, -36, -1, -22, 20, 5, -8, 32, 24, 50, 1, 40, 32, 42, -12, -1, 17, -25, 2, -42, -1, -52, -10, -20, -13, -8, -1, 32, -22, 56, -1, 48, -28, 22, -5, -8, -23, -41, 5, -62, 1, -60, 8, -52, 10, -12, 14, 42, 32, 54, 6, 68, 19, 33, 20, -10, 17, -33, 8, -72, -1, -52, 9, -32, -28, -1, -4, 60, -32, 72, 1, 80, -40, 62, 5, -2, -30, -38, -9, -64, 8, -76, 1, -42, 25, 14, -15, 32, 26, 80, 4, 68, 42, 28, -16, 12, 21, -67, -3, -80, 8, -84, -21, -70, -21, 9, -8, 30, -42, 74, -4, 92, -36, 45, -1, 4, -23, -45, 20, -92, 5, -80, -16, -42, 35, -9, 24, 80, 50, 96, 1, 100, 51, 73, 20, -15, 42, -44, -12, -82, -3, -100, 17, -50, -25, -16, -6, 62, -42, 110, -5, 68, -52, 53, -10, -12, -20, -88, -13, -102, -8, -108, 11, -70, 25, -4, -22, 42, 56, 78, -1, 100, 48, 57, -28, 20, 22, -42, -5, -112, -12, -96, -1, -62, -41, 24, 19, 80, -62, 122, 1, 128, -60, 102, 8, 32, -43, -61, 10, -102, -12, -124, 14, -62, 25, 17, 32, 62, 54, 112, -6, 108, 68, 76, 28, -4, 33, -108, 20, -142, -10, -132, 17, -102, -33, -13, 8, 72, -72, 114, 5, 120, -52, 48, 9, -22, -43, -69, -28, -132, -1, -112, -4, -72, 60, -28, -48, 110, 72, 144, -11, 160, 62, 111, -40, -12, 62, -73, 5, -114, 19, -160, -30, -72, -38, 1, -9, 64, -64, 152, 8, 128, -76, 77, 1, 10, -23, -123, 25, -162, 14, -148, -29, -130, 45, 32, 26, 72, 80, 160, 2, 160, 68, 66, 40, 19, 28, -78, -16, -162, 28, -136, 21, -60, -67, 17, 1, 140, -80, 168, 8, 180, -84, 129, -3, -4, -70, -62, -21, -140, 9, -172, -8, -92, 30, -28, -48, 100, 74, 176, -4, 136, 86, 89, -36, -48, 45, -148, -1, -182, -8, -168, -21, -150, -45, -40, 20, 102, -92, 128, 5, 200, -80, 93, -8, -30, -63, -93, 35, -202, -9, -156, 24, -90, 80, 8, 50, 162, 96, 192, 1, 192, 92, 146, 40, 38, 73, -97, 20, -162, -22, -196, 42, -104, -44, 26, -12, 70, -82, 200, 10, 168, -100, 101, 17, 42, -50, -155, -25, -212, -16, -220, 10, -160, 45, 21, -42, 90, 110, 174, 1, 200, 80, 105, -52, 8, 53, -114, -10, -202, -21, -156, -20, -94, -88, -21, -13, 180, -102, 206, -8, 200, -108, 182, -1, -48, -70, -109, 25, -154, -4, -224, -22, -80, 65, -36, 56, 92, 78, 230, -1, 160, 132, 113, 48, -22, 57, -145, -28, -222, 20, -228, 22, -190, -42, 5, 7, 102, -112, 194, -16, 248, -96, 102, -23, 38, -43, -117, -41, -240, 24, -196, -9, -112, 80, 50, -48, 200, 122, 240, 1]
[0, 0, 0, -1, 1, 1, -1, 3, -1, -4, 0, -2, -1, 6, 3, -1, 1, -6, -1, 4, -1, 6, -2, -9, -1, -2, 5, 8, 3, -4, -1, -6, 1, 10, -9, 3, -4, -16, 4, 12, 3, 10, 6, -17, -2, -1, -9, 19, -1, -4, 2, -18, 5, 16, 8, -2, 3, -20, -8, 12, -1, 10, -6, -21, -3, 4, 10, 27, -3, -24, 3, -14, -4, 36, -9, -1, 4, -30, 12, 16, -3, 26, 10, -33, 6, -6, -17, 28, -2, -24, -7, -10, -9, 30, 19, 4, -1, -36, -11, 28, 1, 20, -18, -41, 7, 6, 25, 43, 8, -24, -2, -38, 3, 46, -20, -9, -4, -36, 12, 20, -1, 20, 10, -42, -6, 5, -21, 51, 5, -44, 7, -26, 10, 60, 27, 8, -9, -56, -24, 28, 3, 46, -14, -54, 2, -8, 25, 55, -23, -24, -1, -30, 4, 36, -30, -6, 12, -66, 16, 52, 1, 26, 26, -65, 2, 10, -33, 67, 6, -24, -3, -56, -17, 76, 28, 3, -2, -60, -8, 36, 2, 40, -10, -62, -9, -16, 30, 66, 19, -48, 4, -38, -1, 66, -49, 12, -4, -76, 28, 40, -5, 66, 20, -84, -18, 2, -41, 57, 3, -40, 6, -42, 25, 70, 43, -17, 8, -90, -18, 72, -2, 44, -38, -89, 3, -4, 45, 91, -20, -44, -9, -60, -4, 106, -39, 19, 12, -80, 20, 48, -1, 50, 20, -73, 22, -11, -42, 108, -6, -84, -6, -50, -21, 90, 51, -18, -3, -106, -44, 40, 5, 76, -26, -105, 10, 34, 60, 88, 27, -64, 8, -54, -9, 110, -49, -2, -24, -106, 28, 84, 3, 50, 46, -113, -14, -20, -54, 126, -10, -64, 0, -98, 25, 106, 55, 12, -9, -80, -38, 56, -1, 46, -30, -102, 4, 22, 45, 123, -30, -104, -6, -62, 12, 126, -49, -21, 16, -126, 52, 56, 5, 106, 26, -132, 17, 8, -65, 108, 18, -44, 10, -66, -33, 106, 67, 27, 6, -136, -35, 112, -15, 60, -56, -144, -17, -24, 65, 139, 28, -84, 3, -96, -2, 136, -60, -14, -24, -130, 36, 72, -4, 80, 40, -111, -10, 14, -62, 147, -9, -108, -23, -50, 30, 156, 66, -1, 19, -152, -48, 76, 4, 126, -38, -153, -1, -30, 85, 109, -23, -64, 12, -94, -4, 130, -89, 16, 28, -156, 40, 120, 9, 80, 66, -162, 22, 17, -84, 146, -18, -84, 10, -138, -41, 180, 57, -33, 7, -140, -40, 84, 6, 90, -42, -125, 7, -12, 70, 186, 43, -120, -17, -86, 8, 156, -90, 28, -24, -180, 72, 88, -2, 112, 44, -177, -38, -8, -89, 148, 3, -84, 5, -84, 45, 150, 91, -10, -20, -186, -48, 144, -9, 100, -60, -185, -12, 30, 85, 187, -33, -64, 19, -158, 12, 170, -80, 4, 20, -146, 48, 96, -1, 84, 50, -178, 31, -36, -73, 195, -2, -164, 3, -98, -42, 192, 108, 28, -6, -210, -84, 100, 3, 166, -50, -201, -21, 22, 90, 181, 51, -84, -18, -70, -3, 160, -89, -41, -44, -190, 40, 172, 3, 100, 76, -209, -26, 6, -105, 198, 10, -124, 7, -168, 60, 222, 88, 43, 27, -180, -38, 68, 8, 100, -54, -182, 3, -18, 110, 219, -63, -188, -2, -112, -24, 240, -129, -38, 28, -216, 84, 100, 3, 180, 50, -225, 46, 44, -113, 195, -14, -124, -20, -114, -54, 190, 126, -9, 2, -226, -65, 192, -12, 86, -98, -214, 47, -36, 125, 235, 55, -120, 12, -198, -9, 256, -80, 20, -24, -200, 56, 120, -1]
