N 21 w 3 CHI 2 ORD 6 DIM 14 PREC 600
[0, 0, 0, 1, -1, 0, 1, -3, 0, 0, 1, 0, 0, 5, 0, -1, 0, 0, -4, 0, 0, -3, 5, 0, -3, -1, 0, -1, 4, 0, 0, 2, 0, 0, -12, 0, 7, 0, 0, 13, 0, 0, 7, -21, 0, 4, 6, 0, -2, 11, 0, 0, -18, 0, 0, -5, 0, -13, 0, 0, -1, 0, 0, 4, 21, 0, -10, 13, 0, -6, 0, 0, 0, 23, 0, 0, 12, 0, -2, 0, 0, -32, 0, 0, -10, 12, 0, 7, -15, 0, 1, -34, 0, 0, -6, 0, 0, 19, 0, 20, 0, 0, 24, 0, 0, -7, -9, 0, 26, -43, 0, 39, -17, 0, 0, -6, 0, 0, 9, 0, -6, 0, 0, 14, 0, 0, 0, -14, 0, -19, -2, 0, -5, 29, 0, 0, 36, 0, 0, -23, 0, 6, 0, 0, -25, 0, 0, -10, -56, 0, -20, 69, 0, -48, 35, 0, 0, -26, 0, 0, 7, 0, -8, 0, 0, 10, 0, 0, 0, 105, 0, -23, 40, 0, -14, 25, 0, 0, 22, 0, 0, -79, 0, -34, 0, 0, 3, 0, 0, 74, -16, 0, 22, -36, 0, 2, -3, 0, 0, -124, 0, 0, -26, 0, 12, 0, 0, 24, 0, 0, 14, -28, 0, 42, -29, 0, 21, -13, 0, 0, -5, 0, 0, 89, 0, 49, 0, 0, 20, 0, 0, -35, -21, 0, 8, 6, 0, 25, -84, 0, 0, 93, 0, 0, 54, 0, -28, 0, 0, -63, 0, 0, -59, -30, 0, -24, -15, 0, 44, -27, 0, 0, 85, 0, 0, 9, 0, -22, 0, 0, -22, 0, 0, -69, 96, 0, -6, -71, 0, -24, 21, 0, 0, 121, 0, 0, -10, 0, -28, 0, 0, -36, 0, 0, 0, -9, 0, -35, 6, 0, -52, 36, 0, 0, -96, 0, 0, 89, 0, 127, 0, 0, 6, 0, 0, 0, -7, 0, 18, 35, 0, 29, 0, 0, 0, -123, 0, 0, -42, 0, 25, 0, 0, 129, 0, 0, 130, -28, 0, -14, 12, 0, 64, 4, 0, 0, -118, 0, 0, -226, 0, -133, 0, 0, -18, 0, 0, 84, -86, 0, -3, 27, 0, -71, 92, 0, 0, 2, 0, 0, -12, 0, 30, 0, 0, 45, 0, 0, -49, 49, 0, 135, 76, 0, -69, -35, 0, 0, 17, 0, 0, 72, 0, -85, 0, 0, 20, 0, 0, 8, 156, 0, -52, 61, 0, 8, 49, 0, 0, 114, 0, 0, -142, 0, 6, 0, 0, -183, 0, 0, 0, -147, 0, -24, 27, 0, -84, 8, 0, 0, 44, 0, 0, 173, 0, 14, 0, 0, -18, 0, 0, -80, 24, 0, -180, -22, 0, -6, -45, 0, 0, 70, 0, 0, 135, 0, 48, 0, 0, 84, 0, 0, 0, -91, 0, -3, -120, 0, 166, -13, 0, 0, -27, 0, 0, -9, 0, -36, 0, 0, -14, 0, 0, -42, 96, 0, 95, -92, 0, 158, -49, 0, 0, -84, 0, 0, -53, 0, 126, 0, 0, 112, 0, 0, -84, 26, 0, 150, -121, 0, -60, -97, 0, 0, -118, 0, 0, 30, 0, 118, 0, 0, -7, 0, 0, 11, -16, 0, 95, -36, 0, 36, -48, 0, 0, 29, 0, 0, 177, 0, 7, 0, 0, -155, 0, 0, -14, 98, 0, -128, -100, 0, -36, -104, 0, 0, 206, 0, 0, -263, 0, -120, 0, 0, 6, 0, 0, 81, -126, 0, 32, 27, 0, -76, 98, 0, 0, 184, 0, 0, -7, 0, -93, 0, 0, -8, 0, 0, 74, -19, 0, -98, 188, 0, -110, 84, 0, 0, -12, 0, 0]
[0, 0, 0, 1, -1, 0, 0, -2, 0, 2, 1, 0, -2, 0, 0, 0, 7, 0, -4, -1, 0, -2, 0, 0, -3, -1, 0, 0, 5, 0, -2, 2, 0, 5, 0, 0, 0, -17, 0, 13, -3, 0, 7, 0, 0, 4, 6, 0, 0, -2, 0, -12, -18, 0, 7, 0, 0, 0, -7, 0, -1, 20, 0, -9, 0, 0, -10, 13, 0, 0, 7, 0, 12, 23, 0, -23, 0, 0, 0, 18, 0, -32, -14, 0, 12, 0, 0, 7, -15, 0, 0, -11, 0, 9, -6, 0, -7, 0, 0, 0, 24, 0, 24, -15, 0, -7, 0, 0, 26, -43, 0, 0, -16, 0, 16, -6, 0, 41, 0, 0, 0, 25, 0, 14, -11, 0, -28, 0, 0, -19, -2, 0, 0, -11, 0, -7, 36, 0, -12, 0, 0, 0, -42, 0, -25, 7, 0, 33, 0, 0, -20, 69, 0, 0, 35, 0, -56, -26, 0, -9, 0, 0, 0, -52, 0, 10, 63, 0, -21, 0, 0, -23, 40, 0, 0, 68, 0, 9, 22, 0, 4, 0, 0, 0, -18, 0, 3, -60, 0, 47, 0, 0, 22, -36, 0, 0, -44, 0, -5, -124, 0, -13, 0, 0, 0, 14, 0, 24, 66, 0, 0, 0, 0, 42, -29, 0, 0, -25, 0, 51, -5, 0, 12, 0, 0, 0, 14, 0, 20, -15, 0, 0, 0, 0, 8, 6, 0, 0, -84, 0, 19, 93, 0, -25, 0, 0, 0, 57, 0, -63, -45, 0, -23, 0, 0, -24, -15, 0, 0, 73, 0, -28, 85, 0, 30, 0, 0, 0, 0, 0, -22, -43, 0, -116, 0, 0, -6, -71, 0, 0, 0, 0, 12, 121, 0, -16, 0, 0, 0, 144, 0, -36, -74, 0, 49, 0, 0, -35, 6, 0, 0, -25, 0, -26, -96, 0, 12, 0, 0, 0, 3, 0, 6, 174, 0, 28, 0, 0, 18, 35, 0, 0, 42, 0, 49, -123, 0, 15, 0, 0, 0, -129, 0, 129, -112, 0, 82, 0, 0, -14, 12, 0, 0, -72, 0, 12, -118, 0, 7, 0, 0, 0, -35, 0, -18, 42, 0, 0, 0, 0, -3, 27, 0, 0, 150, 0, -26, 2, 0, -56, 0, 0, 0, -255, 0, 45, 18, 0, 0, 0, 0, 135, 76, 0, 0, -35, 0, -101, 17, 0, 4, 0, 0, 0, 98, 0, 20, 139, 0, -25, 0, 0, -52, 61, 0, 0, 0, 0, -72, 114, 0, 96, 0, 0, 0, -63, 0, -183, 80, 0, -7, 0, 0, -24, 27, 0, 0, -74, 0, -10, 44, 0, -170, 0, 0, 0, 28, 0, -18, -113, 0, 19, 0, 0, -180, -22, 0, 0, 19, 0, 80, 70, 0, 148, 0, 0, 0, 158, 0, 84, -6, 0, -70, 0, 0, -3, -120, 0, 0, 52, 0, 170, -27, 0, -79, 0, 0, 0, 126, 0, -14, -331, 0, -42, 0, 0, 95, -92, 0, 0, 0, 0, 14, -84, 0, 5, 0, 0, 0, 221, 0, 112, 77, 0, 0, 0, 0, 150, -121, 0, 0, -130, 0, 11, -118, 0, 164, 0, 0, 0, 6, 0, -7, -43, 0, 75, 0, 0, 95, -36, 0, 0, -4, 0, -44, 29, 0, -86, 0, 0, 0, -129, 0, -155, 84, 0, -14, 0, 0, -128, -100, 0, 0, -11, 0, -12, 206, 0, -12, 0, 0, 0, -56, 0, 6, -14, 0, 19, 0, 0, 32, 27, 0, 0, 0, 0, 107, 184, 0, -167, 0, 0, 0, -45, 0, -8, 7, 0, -58, 0, 0, -98, 188, 0, 0, 84, 0, -138, -12, 0, 60]
[0, 0, 1, 0, 0, -1, -2, 0, -3, 4, 0, 0, -1, 0, 7, 2, 0, 0, 0, 0, -1, -7, 0, -6, 0, 0, -2, -7, 0, 7, 5, 0, 0, 10, 0, -7, 4, 0, 0, 0, 0, 14, 0, 0, -5, 0, 0, 6, 19, 0, -20, -24, 0, 0, -22, 0, 0, -16, 0, 0, 0, 0, 3, 28, 0, 2, 0, 0, 12, 12, 0, 42, -3, 0, 0, 20, 0, -35, 4, 0, 0, 0, 0, -63, -7, 0, 44, 0, 0, -22, -20, 0, -6, -3, 0, 0, -14, 0, 0, 5, 0, 0, 0, 0, 6, 0, 0, 29, 0, 0, 25, -12, 0, -14, 32, 0, 0, -8, 0, 84, -15, 0, 0, 0, 0, 45, 7, 0, -69, 0, 0, -85, 10, 0, -52, 22, 0, 0, 30, 0, 0, -12, 0, 0, 0, 0, -18, -49, 0, -6, 0, 0, 48, -12, 0, -3, 2, 0, 0, -18, 0, -42, 79, 0, 0, 0, 0, 112, -42, 0, -60, 0, 0, 118, -35, 0, 95, 18, 0, 0, -1, 0, -14, 26, 0, 0, 0, 0, 6, 0, 0, -76, 0, 0, -93, -4, 0, -98, -100, 0, 0, 52, 0, 0, -24, 0, 0, 0, 0, -80, 35, 0, 9, 0, 0, -44, 66, 0, 144, 18, 0, 0, 24, 0, 49, -80, 0, 0, 0, 0, 30, 70, 0, 120, 0, 0, -9, 79, 0, -126, 38, 0, 0, -95, 0, 0, -70, 0, 0, 0, 0, -77, 0, 0, 177, 0, 0, 118, -88, 0, 2, 7, 0, 0, -75, 0, -112, 44, 0, 0, 0, 0, -228, 14, 0, 100, 0, 0, -114, 12, 0, 56, -30, 0, 0, -32, 0, 0, -7, 0, 0, 0, 0, -7, 98, 0, 36, 0, 0, 12, 20, 0, -59, -52, 0, 0, 240, 0, -35, 82, 0, 0, 0, 0, 248, -7, 0, -195, 0, 0, 41, -58, 0, 192, 8, 0, 0, -144, 0, 42, -50, 0, 0, 0, 0, 52, 0, 0, -165, 0, 0, -15, 16, 0, -132, -30, 0, 0, 14, 0, 0, 14, 0, 0, 0, 0, -22, -168, 0, -104, 0, 0, 82, 4, 0, 18, -52, 0, 0, 14, 0, 63, -3, 0, 0, 0, 0, -14, -154, 0, 16, 0, 0, 6, 138, 0, -59, 176, 0, 0, -10, 0, 147, 170, 0, 0, 0, 0, 234, 0, 0, -48, 0, 0, 26, -79, 0, -60, 180, 0, 0, 192, 0, -63, -120, 0, 0, 0, 0, -42, -14, 0, -26, 0, 0, -240, -210, 0, 29, -20, 0, 0, -133, 0, 0, 35, 0, 0, 0, 0, -75, 0, 0, -27, 0, 0, -107, 12, 0, -126, -20, 0, 0, 59, 0, 14, -96, 0, 0, 0, 0, 266, 175, 0, 133, 0, 0, 258, -8, 0, -30, -248, 0, 0, -158, 0, 84, -9, 0, 0, 0, 0, -179, 0, 0, 93, 0, 0, -78, 2, 0, 203, 28, 0, 0, 100, 0, 0, 315, 0, 0, 0, 0, -420, -21, 0, 150, 0, 0, 181, 120, 0, 95, 112, 0, 0, -44, 0, -84, -236, 0, 0, 0, 0, -85, 140, 0, 36, 0, 0, -45, 9, 0, -28, 110, 0, 0, -172, 0, -245, 22, 0, 0, 0, 0, -144, 0, 0, -96, 0, 0, -112, -90, 0, -52, -24, 0, 0, 3, 0, -133, -300, 0, 0, 0, 0, -88, 56, 0, 428, 0, 0, 10, 152, 0, 120, -164, 0, 0, 59, 0, 0, 186, 0, 0, 0, 0, 343, 0, 0, 45, 0, 0, -78, 175, 0, -6, -234, 0, 0, 120]
[0, 0, -1, 1, 0, 1, 0, 0, 0, -4, 0, 5, 1, 0, 0, 0, 0, -12, -1, 0, 0, 7, 0, 6, 6, 0, 2, 0, 0, 0, -5, 0, -7, -10, 0, 0, 0, 0, 16, -2, 0, 0, -14, 0, 5, 1, 0, -6, 0, 0, 0, 24, 0, -9, 22, 0, -21, 0, 0, 9, 2, 0, 0, 0, 0, -2, -25, 0, -12, 0, 0, 0, 3, 0, 12, -20, 0, 35, 0, 0, 19, -8, 0, 0, 0, 0, -44, -14, 0, 22, 0, 0, 0, 3, 0, -16, 14, 0, 49, 0, 0, -26, 60, 0, 0, 14, 0, -29, -7, 0, -25, 0, 0, 0, -32, 0, 7, 8, 0, -84, 0, 0, -26, -28, 0, 0, -7, 0, 69, 44, 0, 85, 0, 0, 0, -22, 0, 96, -30, 0, -7, 0, 0, -10, -76, 0, 0, 0, 0, 6, 40, 0, -48, 0, 0, 0, -2, 0, -79, 18, 0, 0, 0, 0, 14, 25, 0, 0, 42, 0, 60, 64, 0, -118, 0, 0, 0, -18, 0, -86, 1, 0, 0, 0, 0, -12, -6, 0, 0, -49, 0, 76, -41, 0, 93, 0, 0, 0, 100, 0, 60, -52, 0, 49, 0, 0, -82, 6, 0, 0, 0, 0, -9, -84, 0, 44, 0, 0, 0, -18, 0, 24, -24, 0, -49, 0, 0, 135, -16, 0, 0, 0, 0, -120, 2, 0, 9, 0, 0, 0, -38, 0, -4, 95, 0, -49, 0, 0, -9, 126, 0, 0, 28, 0, -177, -60, 0, -118, 0, 0, 0, -7, 0, -16, 75, 0, 112, 0, 0, 177, 35, 0, 0, -14, 0, -100, 12, 0, 114, 0, 0, 0, 30, 0, 42, 32, 0, 98, 0, 0, -35, -93, 0, 0, -98, 0, -36, -110, 0, -12, 0, 0, 0, 52, 0, 26, -240, 0, 0, 0, 0, -138, -12, 0, 0, 7, 0, 195, 45, 0, -41, 0, 0, 0, -8, 0, -2, 144, 0, 0, 0, 0, -63, 48, 0, 0, 133, 0, 165, 28, 0, 15, 0, 0, 0, 30, 0, -170, -14, 0, -140, 0, 0, -208, -45, 0, 0, 0, 0, 104, 60, 0, -82, 0, 0, 0, 52, 0, 114, -14, 0, -63, 0, 0, 300, -90, 0, 0, 0, 0, -16, 177, 0, -6, 0, 0, 0, -176, 0, -30, 10, 0, -147, 0, 0, 79, 5, 0, 0, -112, 0, 48, 104, 0, -26, 0, 0, 0, -180, 0, -70, -192, 0, 63, 0, 0, 14, -114, 0, 0, 14, 0, 26, -6, 0, 240, 0, 0, 0, 20, 0, 54, 133, 0, 21, 0, 0, -96, 36, 0, 0, 196, 0, 27, -12, 0, 107, 0, 0, 0, 20, 0, -14, -59, 0, 0, 0, 0, -334, 264, 0, 0, -175, 0, -133, 6, 0, -258, 0, 0, 0, 248, 0, 220, 158, 0, 0, 0, 0, -152, -35, 0, 0, 84, 0, -93, -118, 0, 78, 0, 0, 0, -28, 0, -32, -100, 0, 294, 0, 0, 45, -224, 0, 0, 0, 0, -150, -165, 0, -181, 0, 0, 0, -112, 0, 82, 44, 0, 84, 0, 0, 156, 140, 0, 0, 0, 0, -36, -190, 0, 45, 0, 0, 0, -110, 0, 156, 172, 0, 0, 0, 0, 457, 82, 0, 0, 28, 0, 96, -104, 0, 112, 0, 0, 0, 24, 0, -331, -3, 0, 133, 0, 0, 107, -12, 0, 0, -56, 0, -428, 80, 0, -10, 0, 0, 0, 164, 0, -431, -59, 0, -441, 0, 0, 54, -2, 0, 0, -49, 0, -45, 196, 0, 78, 0, 0, 0, 234, 0, 432, -120]
[0, 1, 0, 0, 0, 0, -3, -2, 0, -3, 0, 0, 6, 8, 0, 3, 5, 0, 0, -14, 0, 12, -15, 0, 0, 0, 0, -24, -9, 0, -6, 0, 0, 15, 36, 0, 15, 22, 0, 0, -9, 0, 0, 2, 0, 0, 0, 0, -42, -23, 0, -36, 0, 0, 21, 15, 0, 6, -21, 0, 0, -14, 0, 33, 1, 0, 0, 0, 0, 18, 21, 0, 36, 0, 0, 6, 8, 0, 6, 43, 0, 0, -42, 0, -30, -36, 0, 0, 0, 0, -3, -46, 0, -12, 0, 0, -21, -55, 0, -60, -28, 0, 0, 112, 0, 0, 27, 0, 0, 0, 0, 102, 131, 0, 48, 0, 0, -84, -27, 0, 18, -46, 0, 0, 19, 0, -84, 149, 0, 0, 0, 0, 15, -32, 0, -21, 0, 0, -36, -160, 0, -18, -126, 0, 0, 21, 0, 12, -124, 0, 0, 0, 0, 144, 0, 0, 108, 0, 0, -27, -21, 0, 24, 106, 0, 0, 189, 0, -63, 45, 0, 0, 0, 0, 42, 54, 0, 27, 0, 0, 12, -76, 0, -120, -54, 0, 0, -180, 0, 54, 48, 0, 0, 0, 0, -6, 33, 0, -15, 0, 0, -78, 78, 0, -36, 42, 0, 0, -170, 0, -42, -82, 0, 0, 0, 0, -63, 3, 0, -138, 0, 0, 36, 71, 0, 78, 42, 0, 0, 364, 0, 105, 63, 0, 0, 0, 0, -108, 0, 0, 57, 0, 0, 168, 134, 0, 84, -82, 0, 0, -135, 0, -72, 90, 0, 0, 0, 0, -132, -284, 0, -84, 0, 0, 90, -27, 0, 66, 52, 0, 0, -371, 0, 66, -288, 0, 0, 0, 0, -45, -63, 0, 36, 0, 0, -48, 30, 0, 84, 143, 0, 0, 166, 0, 147, 27, 0, 0, 0, 0, -144, 122, 0, -78, 0, 0, 36, 344, 0, 90, 9, 0, 0, -77, 0, 84, 65, 0, 0, 0, 0, -87, 126, 0, -177, 0, 0, 258, 126, 0, -75, 274, 0, 0, -336, 0, 96, -565, 0, 0, 0, 0, -192, -191, 0, 36, 0, 0, 21, 176, 0, -222, -105, 0, 0, 126, 0, -252, 258, 0, 0, 0, 0, -150, -102, 0, -78, 0, 0, -168, 36, 0, 66, -188, 0, 0, 54, 0, 147, 464, 0, 0, 0, 0, 207, 0, 0, 246, 0, 0, 12, -216, 0, 255, 294, 0, 0, -14, 0, 66, -68, 0, 0, 0, 0, -24, -147, 0, -216, 0, 0, 288, -202, 0, -18, -189, 0, 0, 240, 0, -21, -40, 0, 0, 0, 0, 252, 346, 0, -30, 0, 0, -78, -160, 0, -42, -200, 0, 0, -245, 0, -198, -72, 0, 0, 0, 0, 18, -128, 0, 240, 0, 0, -414, -405, 0, -144, -293, 0, 0, -18, 0, -210, -124, 0, 0, 0, 0, 330, 234, 0, 156, 0, 0, -237, 302, 0, 108, 378, 0, 0, 686, 0, 0, 196, 0, 0, 0, 0, 312, 147, 0, 42, 0, 0, 15, -49, 0, -378, -188, 0, 0, 231, 0, 252, -78, 0, 0, 0, 0, 180, 192, 0, 330, 0, 0, -240, -90, 0, -354, 18, 0, 0, -308, 0, -408, 48, 0, 0, 0, 0, -108, -88, 0, -132, 0, 0, -258, -531, 0, -21, -146, 0, 0, 252, 0, 0, 212, 0, 0, 0, 0, 108, 367, 0, -36, 0, 0, -36, -614, 0, 360, -168, 0, 0, -42, 0, -429, 378, 0, 0, 0, 0, 228, -294, 0, -255, 0, 0, 216, 21, 0, 279, -135, 0, 0, 21, 0, 264, -86, 0, 0, 0, 0, 330, 0, 0, 744, 0, 0, 180]
[0, 0, 0, 0, -1, 0, 0, 3, 0, 3, -3, 0, -6, 0, 0, 0, -5, 0, 12, 14, 0, -18, 0, 0, 9, -22, 0, 0, 17, 0, 6, 7, 0, -15, 0, 0, 0, -22, 0, 30, 9, 0, -21, 0, 0, -12, -18, 0, 0, 45, 0, 36, -38, 0, -21, 0, 0, 0, 21, 0, 3, 14, 0, -18, 0, 0, 30, -26, 0, 0, -21, 0, -36, 28, 0, -6, 0, 0, 0, -43, 0, 15, 42, 0, 24, 0, 0, -21, 45, 0, 0, -36, 0, 12, 18, 0, 21, 0, 0, 0, 28, 0, -72, -112, 0, 21, 0, 0, 30, 58, 0, 0, -32, 0, -48, 18, 0, 84, 0, 0, 0, 46, 0, -42, -19, 0, 84, 0, 0, -126, 6, 0, 0, -22, 0, 21, -108, 0, 36, 0, 0, 0, 126, 0, -69, -21, 0, 66, 0, 0, 60, 79, 0, 0, -105, 0, -108, 196, 0, 27, 0, 0, 0, -106, 0, -30, -189, 0, 63, 0, 0, -30, 124, 0, 0, -4, 0, -27, -66, 0, -12, 0, 0, 0, 54, 0, -9, 180, 0, -60, 0, 0, 126, -131, 0, 0, -88, 0, 15, -14, 0, 78, 0, 0, 0, -42, 0, -72, 170, 0, 0, 0, 0, -126, 87, 0, 0, -29, 0, 138, 15, 0, -36, 0, 0, 0, -42, 0, 72, -364, 0, 0, 0, 0, -24, -18, 0, 0, 252, 0, -57, 7, 0, -168, 0, 0, 0, 82, 0, 189, 135, 0, -39, 0, 0, 72, -211, 0, 0, 146, 0, 84, -255, 0, -90, 0, 0, 0, -52, 0, 66, 371, 0, -204, 0, 0, 18, -194, 0, 0, 0, 0, -36, 154, 0, 48, 0, 0, 0, -143, 0, 114, -166, 0, -147, 0, 0, 105, -18, 0, 0, 258, 0, 78, 112, 0, -36, 0, 0, 0, -9, 0, -18, 77, 0, -84, 0, 0, -54, -105, 0, 0, -126, 0, 177, -206, 0, -258, 0, 0, 0, -274, 0, 270, 336, 0, -102, 0, 0, 42, -36, 0, 0, -144, 0, -36, 354, 0, -21, 0, 0, 0, 105, 0, 54, -126, 0, 0, 0, 0, 9, 159, 0, 0, 286, 0, 78, -497, 0, 168, 0, 0, 0, 188, 0, -135, -54, 0, 0, 0, 0, -84, -228, 0, 0, 105, 0, -246, -59, 0, -12, 0, 0, 0, -294, 0, -60, 14, 0, 174, 0, 0, 156, 116, 0, 0, 0, 0, 216, 427, 0, -288, 0, 0, 0, 189, 0, -138, -240, 0, 21, 0, 0, 72, -81, 0, 0, -148, 0, 30, -132, 0, 78, 0, 0, 0, 200, 0, 54, 245, 0, 87, 0, 0, -336, 66, 0, 0, -249, 0, -240, -210, 0, 414, 0, 0, 0, 293, 0, -252, 18, 0, 210, 0, 0, 9, 360, 0, 0, -260, 0, -156, 81, 0, 237, 0, 0, 0, -378, 0, 42, -686, 0, 126, 0, 0, -285, 625, 0, 0, 0, 0, -42, 252, 0, -15, 0, 0, 0, 188, 0, -336, -231, 0, 0, 0, 0, 630, -65, 0, 0, -386, 0, -330, 354, 0, 240, 0, 0, 0, -18, 0, 21, 308, 0, 150, 0, 0, -285, -421, 0, 0, -120, 0, 132, -87, 0, 258, 0, 0, 0, 146, 0, -474, -252, 0, 42, 0, 0, -282, 300, 0, 0, -22, 0, 36, 298, 0, 36, 0, 0, 0, 168, 0, -18, 42, 0, 591, 0, 0, -96, 100, 0, 0, 0, 0, 255, -623, 0, -216, 0, 0, 0, 135, 0, 24, -21, 0, -18, 0, 0, 294, 604, 0, 0, -252, 0, -744, 36, 0, -180]
[0, 0, 0, -1, 1, 0, 1, 1, 1, -3, 0, -1, 4, 2, 0, -1, -7, 1, 5, 0, 4, 1, 5, -1, 6, 1, 4, -1, 1, -3, 9, -4, 9, -9, 1, 0, 13, 20, 6, -15, 19, -6, 7, -14, 15, -5, 8, -5, 14, 1, 22, 9, 38, -5, 9, -6, 28, -11, 28, -9, 35, -35, 22, 1, 42, -4, 35, -20, 36, -15, 28, -18, 27, -32, 30, 25, 51, -14, 34, -36, 58, 13, 56, -5, 36, -2, 42, -20, 71, -17, 64, -19, 69, -31, 56, -7, 81, -12, 49, -16, 64, -19, 33, 0, 86, -7, 61, -26, 71, 8, 86, -7, 113, -26, 54, -7, 106, -87, 85, -35, 138, -71, 90, -40, 138, -21, 126, -42, 130, -23, 128, -36, 130, -12, 113, -9, 119, -55, 126, -54, 189, -39, 168, -50, 197, -28, 127, -90, 147, -49, 178, -111, 181, -75, 105, -21, 272, -39, 156, -45, 245, -49, 136, 13, 212, -44, 84, -80, 252, -14, 213, -56, 198, -69, 175, -104, 220, -81, 168, -59, 306, -110, 196, -95, 295, -31, 201, -19, 281, -97, 257, -79, 272, -48, 221, -34, 365, -70, 225, 17, 378, -76, 225, -98, 336, -56, 258, -111, 250, -100, 329, -112, 357, -120, 288, -42, 372, -75, 253, -178, 455, -118, 270, -68, 392, -8, 280, -133, 391, -84, 393, -161, 420, -123, 314, -55, 443, -126, 385, -106, 522, -207, 324, -90, 499, -49, 350, -219, 495, -108, 523, -127, 505, -170, 371, -42, 533, -149, 422, -264, 652, -117, 336, -151, 504, -62, 406, -175, 574, -185, 554, -119, 611, -40, 481, -90, 615, -104, 452, -183, 763, -184, 450, -284, 636, -63, 450, -196, 638, -379, 630, -148, 782, -189, 441, -86, 697, -179, 512, -194, 840, -159, 540, -171, 794, -91, 513, -166, 735, -165, 715, -195, 780, -448, 533, -126, 791, -218, 567, -280, 966, -205, 560, -284, 765, 17, 618, -244, 840, -245, 799, -64, 886, -372, 784, -112, 827, -266, 672, -248, 1087, -286, 694, -160, 968, -117, 784, -243, 954, -376, 938, -340, 980, -247, 747, -168, 1013, -231, 705, -283, 1239, -328, 760, -364, 898, -126, 810, -284, 1060, -234, 1009, -308, 1121, 20, 714, -144, 1111, -314, 833, -294, 1368, -457, 792, -325, 1101, -154, 876, -195, 1186, -331, 1134, -314, 1225, -409, 784, -157, 1190, -532, 883, -320, 1598, -355, 965, -411, 1298, -136, 980, -408, 1395, -480, 1260, -495, 1283, -378, 1032, -84, 1362, -211, 849, -382, 1701, -462, 1036, -375, 1415, -174, 1050, -299, 1454, -450, 1344, -419, 1692, -334, 1099, -175, 1470, -415, 1125, -287, 1821, -524, 1130, -434, 1727, -167, 1159, -447, 1534, -426, 1422, -560, 1628, -664, 1261, -196, 1677, -680, 1266, -591, 2054, -514, 1260, -518, 1689, -192, 1352, -489, 1834, -551, 1653, -703, 1799, -590, 1404, -222, 1764, -522, 1176, -487, 2191, -63, 1380, -483, 1846, -221, 1319, -468, 1903, -455, 1764, -567, 1908, -504, 1404, -306, 1919, -588, 1449, -848, 2405, -608, 1372, -492, 1995, -226, 1431, -696, 2158, -578, 1857, -439, 2039, -612, 1624, -259, 1898, -650, 1554, -503, 2606, -623, 1568, -560, 2200, -363, 1601, -639, 2075, -559, 2088, -612, 2207, -628, 1710, -287, 2277, -531, 1765, -686, 2797, -484, 1644, -519, 2184, -252, 1750, -616, 2392, -539, 2256, -696, 2457, -712, 1793, -279, 2278, -641, 1836, -822, 2975, -831, 1904, -717, 2535, -280, 1877, -720, 2520, -727, 2345, -748, 2530, -787, 1960, -288, 2454, -872, 1962, -517, 3220, -686, 1896, -799, 2721, -314, 1988, -819, 2871, -796, 2586, -728, 2570, -777, 1870, -434, 2829, -577, 2128, -855, 3402]
[0, 0, 0, 1, -1, 0, 1, -2, 0, 1, 1, 0, -1, 6, 0, 1, 1, 0, -3, 5, 0, -2, 6, 0, -1, 5, 0, 4, 5, 0, -2, 14, 0, 10, -6, 0, 6, 13, 0, 19, -3, 0, 14, 6, 0, 14, 12, 0, -7, 40, 0, 23, -18, 0, 5, 30, 0, 1, 11, 0, 6, 50, 0, 26, 18, 0, -13, 67, 0, 37, 7, 0, -1, 89, 0, 11, 12, 0, 26, 78, 0, 10, 22, 0, -23, 90, 0, 73, -9, 0, 9, 73, 0, 32, 24, 0, 26, 132, 0, 77, -12, 0, 9, 123, 0, 84, 30, 0, 28, 107, 0, 73, -16, 0, 60, 138, 0, 99, 54, 0, -57, 193, 0, 146, 1, 0, 21, 186, 0, 35, 22, 0, 50, 241, 0, 99, 36, 0, -24, 222, 0, 181, 66, 0, -18, 229, 0, 75, -36, 0, 62, 351, 0, 101, 119, 0, -78, 286, 0, 224, -36, 0, 37, 314, 0, 88, 93, 0, 77, 438, 0, 165, 52, 0, -48, 362, 0, 278, 124, 0, -37, 342, 0, 91, 0, 0, 158, 450, 0, 285, 42, 0, -68, 420, 0, 314, -2, 0, 85, 368, 0, 142, 114, 0, 134, 458, 0, 274, 30, 0, -84, 528, 0, 438, 127, 0, 20, 563, 0, 182, -65, 0, 224, 684, 0, 324, 170, 0, -109, 627, 0, 455, -12, 0, 82, 606, 0, 217, 126, 0, 107, 807, 0, 352, 60, 0, -96, 777, 0, 495, 81, 0, -23, 786, 0, 162, -3, 0, 338, 829, 0, 404, 301, 0, -171, 774, 0, 613, 18, 0, 32, 917, 0, 178, 330, 0, 211, 871, 0, 477, -126, 0, -96, 1111, 0, 667, 300, 0, -36, 1062, 0, 264, 4, 0, 392, 942, 0, 531, 300, 0, -364, 1151, 0, 813, -54, 0, 192, 1230, 0, 433, 129, 0, 274, 1242, 0, 518, 24, 0, -105, 1325, 0, 937, 336, 0, 32, 1023, 0, 362, -24, 0, 435, 1317, 0, 845, 368, 0, -177, 1386, 0, 1006, -162, 0, 221, 1440, 0, 321, 296, 0, 349, 1320, 0, 662, 85, 0, -165, 1374, 0, 1211, 354, 0, -81, 1653, 0, 428, 150, 0, 606, 1646, 0, 808, 186, 0, -338, 1683, 0, 1181, 12, 0, 196, 1806, 0, 633, 550, 0, 361, 1645, 0, 929, 59, 0, -332, 1962, 0, 1297, 518, 0, 25, 1969, 0, 570, -156, 0, 685, 2071, 0, 901, 588, 0, -429, 2190, 0, 1499, -60, 0, 333, 1875, 0, 423, 680, 0, 336, 2070, 0, 1042, 45, 0, -288, 2236, 0, 1680, 296, 0, -2, 2454, 0, 528, 70, 0, 851, 2371, 0, 1188, 708, 0, -693, 2138, 0, 1765, 19, 0, 72, 2650, 0, 759, 798, 0, 625, 2618, 0, 1388, -372, 0, -217, 2574, 0, 1757, 618, 0, 228, 2698, 0, 793, 3, 0, 1015, 2454, 0, 1325, 762, 0, -821, 2789, 0, 2023, 240, 0, 474, 2860, 0, 955, 294, 0, 698, 2964, 0, 1442, 6, 0, -192, 3119, 0, 2320, 839, 0, -133, 2802, 0, 1068, -43, 0, 903, 3104, 0, 1625, 776, 0, -650, 3426, 0, 2485, -498, 0, 527, 3383, 0, 775, 906, 0, 928, 3384, 0, 1709, 80, 0, -344, 3143, 0, 2553, 1110, 0, -236, 3597, 0, 859, 138, 0, 1344, 3768, 0, 1794, 440, 0, -849, 3685, 0, 2519, 302, 0, 416, 3678, 0, 1077, 1048, 0, 919, 3478, 0, 2077, -72, 0, -655, 4053, 0, 2845, 1176, 0, 178, 4264, 0, 1128, -564, 0, 1454, 4335, 0, 1788, 1141, 0, -849, 4284, 0, 3010, 302, 0, 570, 3990, 0, 1181, 1152, 0, 626]
[0, 1, 1, 2, -4, -1, -2, -5, 0, 6, -3, -3, -5, 17, 7, 5, 0, 3, 3, 3, 11, -26, -15, -9, 6, -25, 10, -29, 2, -2, -7, 19, 27, 25, -3, -7, 30, -9, 18, 49, -48, -4, 21, -19, 40, -6, -42, -9, -60, 58, 46, 0, -152, -15, -16, 18, 84, -60, -63, -27, 39, 45, 69, 30, -62, -10, -33, 34, 120, 69, -105, -12, -3, 124, 90, -68, -109, -77, 76, 54, 174, -61, -126, -78, -89, 6, 170, 87, -168, -73, 1, -94, 201, -92, -150, -21, 82, 38, 147, -37, -264, -57, -165, 45, 264, 126, -183, -49, 101, 34, 283, 16, -243, -92, 191, 39, 318, 56, -255, -21, -153, 138, 270, 174, -381, -18, -35, 233, 321, -395, -378, -193, 205, 102, 287, 16, -465, -165, -201, -67, 567, 213, -378, -150, -76, 63, 363, -173, -733, -153, 258, 412, 591, 33, -420, -66, -330, 313, 468, 267, -735, -189, 52, 117, 636, -333, -441, -128, 252, 402, 579, -83, -470, -89, -350, 233, 755, 381, -570, -177, -49, 17, 574, -543, -831, -93, 402, 237, 849, 170, -771, -313, -187, 13, 570, 434, -1027, -308, -37, -65, 1134, -418, -675, -294, 429, 126, 774, -72, -948, -380, -511, 170, 1080, 522, -777, -170, 6, 235, 903, -470, -1350, -354, 603, 542, 1225, 177, -882, -399, -434, 297, 1209, 700, -1260, -249, -90, 147, 1320, -670, -903, -444, 662, 628, 972, -129, -1201, -147, -700, 486, 1485, 705, -1434, -458, -145, 510, 1290, -705, -1810, -329, 668, 354, 1958, -92, -1263, -453, -810, 186, 1106, 869, -1722, -555, 0, 486, 1605, -1221, -1443, -170, 834, 118, 1242, 16, -2289, -496, -945, 1006, 1908, 892, -1350, -588, -88, 705, 1890, -896, -2124, -574, 1127, 258, 2127, 72, -1554, -570, -1190, 1040, 1561, 986, -2270, -273, 372, 1109, 2170, -760, -2154, -585, 1056, 822, 1847, -112, -2329, -849, -1209, 735, 2939, 1109, -1806, -660, 70, -257, 1854, -1370, -2520, -693, 1210, 579, 2658, 733, -2016, -284, -1006, 149, 1851, 1314, -3297, -873, -257, 373, 2772, -1386, -1998, -729, 1343, 626, 2814, -423, -2835, -741, -1425, 378, 3017, 1260, -2115, -953, 177, 1143, 2362, -1779, -2684, -360, 1493, 355, 3180, -184, -3027, -861, -1403, 705, 2142, 1614, -3387, -956, -7, 1493, 4120, -1487, -2604, -969, 1758, 567, 2569, 222, -3617, -993, -1774, 942, 3822, 1973, -2646, -471, -255, 1179, 2883, -1529, -4394, -1113, 1875, 1349, 3920, -49, -2940, -1284, -1680, 1867, 3780, 2172, -4477, -1197, 189, 441, 4086, -2555, -2787, -1188, 1897, 905, 3082, -192, -4326, -762, -2100, 1341, 4391, 2110, -4164, -1257, -281, 1361, 3297, -2170, -4494, -1245, 2229, 1200, 5388, -61, -3390, -1329, -2978, 567, 3370, 2301, -5171, -1404, -284, 1470, 4884, -2112, -3783, -574, 2127, 1566, 3798, -177, -6144, -1276, -2387, 1157, 5200, 2478, -3696, -1209, 920, 1432, 4929, -2626, -5316, -1770, 2416, 941, 5376, -225, -3906, -1461, -2436, 1182, 3961, 2667, -5054, -570, -24, 2029, 5631, -2175, -5292, -1498, 2686, 1764, 4212, 400, -5965, -1764, -2898, 1881, 7215, 2880, -4347, -1896, -273, 678, 4443, -1821, -6539, -1553, 3162, 1222, 6212, 83, -4518, -777, -2782, 1950, 4578, 2797, -7836, -1869, 357, 1809, 6515, -3239, -4803, -1881, 3042, 1256, 6219, -381, -6961, -1912, -3241, 774, 6831, 3086, -5295, -2303, 13, 1839, 4932, -4319, -6804, -900, 3486, 2354, 7080, -230, -6468, -2200, -3279, 2202, 5327, 3504, -6536, -1923, -474, 1063, 8792, -3627, -5544, -2151, 3486, 882, 5543, 415, -7560, -1753, -3813, 2344, 7600, 3941, -5880, -744, 468, 1993, 5886, -3960, -9660, -2058, 4164, 2532, 8163, -420, -5985, -2114, -3463, 2245, 7803, 3990, -7106, -2409, 235, 1050, 8481, -4502, -6348, -2565, 3984]
[0, 0, -1, 2, -2, 1, 4, -5, 4, -3, 1, 1, -2, 11, -5, 3, -1, -1, -10, -3, 10, 6, 20, 8, -11, -8, -6, 27, 8, 25, -17, -6, -9, -12, 12, 21, 38, -19, -6, 22, -29, 50, 11, 15, -25, -1, -8, 4, 45, 20, 84, 7, -56, 5, -15, 67, -1, 102, -53, 9, -43, -20, 109, 9, 129, 6, -42, -21, -84, 113, 3, 150, -74, -11, -30, -35, 159, 120, 144, -42, -58, -87, -106, 303, 16, 195, -128, -39, -92, 56, 230, -31, 215, 15, -92, 7, -160, 256, 44, 329, -164, 19, 6, -93, 260, 44, 276, 23, -47, -201, -197, 470, -38, 478, -232, -143, -106, 1, 372, 123, 378, -101, -90, -78, -255, 514, 19, 367, -191, -50, -154, 157, 375, 70, 564, -89, -83, 55, -234, 439, -29, 569, -318, 50, -229, -187, 634, 276, 463, 104, -280, -102, -410, 658, 93, 850, -356, -299, -156, -98, 631, 400, 643, -236, -212, -24, -387, 928, -47, 843, -366, -155, -170, 20, 923, 113, 699, -152, -248, 59, -582, 683, 130, 1041, -554, 31, -353, -292, 875, 428, 908, 234, -160, -444, -349, 1046, -23, 1498, -425, -633, -378, -16, 1012, 618, 961, -374, -258, -115, -662, 1689, 145, 1040, -723, -234, -473, 128, 1111, 55, 1264, 54, -400, 118, -812, 1328, -38, 1631, -758, 133, -242, -429, 1410, 189, 1272, 126, -380, -539, -877, 1831, -96, 2190, -1227, -414, -324, -27, 1539, 756, 1846, -453, -495, -513, -1037, 2365, -63, 1515, -919, -168, -560, 180, 1772, 126, 1560, -121, -467, 151, -822, 1731, 378, 1905, -1166, 185, -630, -593, 2014, 635, 2076, 80, -838, -909, -790, 2301, -20, 2840, -798, -585, -636, -477, 2120, 1236, 2011, -592, -630, -188, -1420, 3143, -129, 2115, -1430, -422, -800, 376, 2294, 263, 2699, -367, -932, 91, -1482, 2399, 75, 3268, -1565, 195, -1042, -694, 2664, 738, 2447, 631, -426, -975, -1973, 2943, 52, 3689, -1668, -1286, -618, 240, 2544, 1500, 2696, -931, -886, -215, -1712, 3923, 616, 2723, -1179, -786, -901, 587, 3330, 220, 2990, -81, -1316, 243, -2285, 2624, 232, 3569, -1975, 247, -618, -1122, 3175, 955, 3172, 670, -1164, -1271, -1602, 4305, 184, 4693, -2122, -1358, -1060, -242, 3516, 1890, 3842, -1213, -714, -947, -2270, 5230, 324, 3535, -2752, 94, -1190, 644, 2984, 282, 4379, -513, -1211, 331, -1934, 3819, -120, 4011, -2282, 157, -1175, -1183, 4414, 1802, 4092, 758, -1754, -1538, -2622, 4980, 112, 6197, -2397, -1482, -1260, -893, 3983, 2476, 4746, -1581, -1362, -578, -2538, 6450, -695, 4083, -2046, -715, -1406, 588, 5538, 308, 4540, -740, -1552, 419, -2909, 4787, 818, 6157, -3066, 415, -2012, -1571, 4518, 1483, 5112, 895, -1394, -2015, -2211, 5513, 58, 7470, -3056, -1950, -1628, 214, 5508, 2590, 4655, -1574, -1266, -629, -3724, 7550, 911, 5063, -3511, -1571, -2210, 720, 5624, 398, 6030, 521, -1856, 590, -3507, 5487, -20, 6919, -3366, 487, -1398, -2001, 6899, 1319, 5946, 349, -1603, -2576, -3728, 8121, -18, 8645, -4570, -2628, -1404, -940, 5878, 3708, 7437, -1865, -2405, -1488, -3737, 9588, -98, 6275, -3012, -72, -2357, 975, 6006, 272, 6354, -535, -2636, 259, -3430, 6555, 1078, 7825, -4726, 623, -2109, -2177, 6910, 2620, 7100, 1242, -2813, -2897, -4131, 8677, 95, 10460, -3098, -2798, -2277, -1147, 7716, 4516, 6931, -2371, -1644, -650, -4674, 10615, -62, 7376, -4688, -1511, -2896, 1504, 8229, 406, 8964, -1913, -2168, 641, -4067, 7255, -537, 10635, -4744, 717, -3442, -2890, 9384, 2644, 7632, 1026, -1626, -3251, -5070, 8853, 224, 11534, -5136, -3024, -1962, 181, 8264, 4950, 8026, -2647, -2721, -1490, -5131, 12313, 1077, 8360, -5217, -2478, -2496, 1632, 9509, 975, 8855, 483, -3304, 855, -7670]
[0, 0, -1, 1, -1, 1, 2, -2, 2, -4, -2, -1, 2, 5, -3, 0, 1, -19, -12, 4, 8, 0, 11, 5, -10, -16, 6, 3, 2, -6, 0, -22, -30, -4, 8, -13, 25, 16, -31, -44, 13, -12, -4, -1, 20, -58, -51, -11, 23, 4, 44, 44, -78, -109, 43, 23, -14, -8, 32, -121, -75, 35, 44, -36, 81, -6, -157, -101, 24, 13, -5, -36, 41, -115, -151, -7, 102, -55, 96, 60, -131, -224, 64, -10, -26, 74, -2, -215, -198, 5, 136, -39, 138, 13, -231, -331, 114, 89, -3, 25, 76, -391, -261, 108, 172, -42, 161, -55, -278, -313, 61, 20, -10, -52, 98, -327, -330, 61, 215, -299, 225, 147, -451, -430, 128, -42, -50, 116, 199, -532, -440, 49, 315, -9, 226, 61, -429, -619, 60, 137, 40, 97, 192, -770, -567, 208, 254, -232, 314, -43, -514, -510, 133, -1, 13, -42, 136, -611, -781, 188, 447, -351, 317, 275, -660, -875, 240, -160, 107, 305, 273, -852, -704, -187, 316, -61, 440, 188, -803, -1231, 274, 201, -118, -65, 277, -1219, -850, 371, 562, -273, 572, -3, -1013, -924, 314, 244, 1, -140, 405, -1033, -850, 1, 590, -550, 794, 416, -1291, -1292, 346, -200, -160, 332, 348, -1290, -1196, 2, 743, -124, 506, 37, -1205, -1790, 482, 459, -92, 259, 464, -1789, -1432, 528, 786, -345, 849, -243, -1520, -1347, 452, -60, -64, -212, 610, -1350, -1742, 332, 1004, -797, 632, 615, -1499, -1665, 559, -254, 7, 476, 194, -2187, -1599, -267, 1138, -149, 1304, 252, -1718, -2539, 438, 641, -207, 285, 592, -2521, -1921, 755, 1222, -903, 1196, -190, -1670, -1901, 566, 135, 52, -368, 396, -1865, -1980, 620, 1210, -1100, 1268, 827, -2310, -2886, 712, -378, -53, 779, 661, -2808, -2283, -206, 1368, -137, 1080, 668, -2295, -3271, 477, 809, -50, -24, 847, -3631, -2120, 968, 1066, -788, 1613, -23, -3021, -2455, 925, 498, -117, -568, 838, -2670, -3091, 277, 1698, -1543, 2008, 1124, -2790, -3232, 1040, -224, -109, 882, 837, -3170, -2850, -271, 1545, -228, 1936, 246, -3151, -4519, 1296, 794, -244, 115, 1030, -4699, -3837, 1248, 2026, -568, 1850, -179, -2943, -3135, 678, -229, -24, -252, 1442, -3262, -3221, 504, 2216, -2111, 1874, 1448, -3981, -3850, 1141, -628, -276, 1169, 1352, -4596, -3713, -331, 2632, -267, 1752, 457, -3697, -5551, 816, 1262, -168, 564, 1400, -5461, -3980, 1576, 1766, -1784, 2884, -307, -3923, -3914, 1272, 621, -21, -816, 714, -3978, -4620, 908, 2648, -2471, 2391, 1728, -4260, -5940, 1609, -764, 604, 1293, 1062, -5492, -4344, 66, 1896, -317, 2908, 1240, -4750, -6751, 1653, 1613, -644, 164, 1568, -7051, -4693, 1971, 3642, -1479, 2944, -407, -5544, -4855, 1266, 877, 19, -852, 1594, -4910, -5100, 184, 3185, -2602, 3931, 2096, -6331, -6199, 1676, -1028, -1425, 1629, 1556, -5866, -5661, -747, 3730, -572, 3306, 508, -5418, -8150, 2498, 2019, -112, 317, 2064, -8491, -6050, 2395, 2760, -1199, 3836, -314, -6501, -5792, 1981, -113, -96, -1134, 2592, -5940, -7190, 1041, 3897, -3300, 2580, 2492, -5680, -7040, 2288, -984, -109, 2324, 1281, -8571, -6427, -759, 4677, -712, 4078, 912, -6871, -9319, 1456, 2096, -1103, 1361, 2114, -9811, -7285, 2780, 4400, -2714, 4124, -675, -6218, -6801, 2133, 449, 38, -1256, 1212, -6982, -6881, 2108, 4463, -4241, 5351, 2984, -8221, -9788, 2406, -504, 300, 2438, 2488, -9240, -7918, -584, 4101, -632, 3586, 2252, -7486, -11569, 2237, 2297, 595, -465, 2896, -11509, -7010, 3184, 3754, -2784, 5094, -1155, -9493, -7875, 2520, 1347, -42, -576, 2903, -7952, -10100, 385, 5883, -5098, 5339, 3491, -8261, -10380, 3136, -1638, -986, 2711, 2541, -9590, -8371, -699, 4420, -526, 5658, 700, -9270, -12811, 3968]
[0, 0, 1, -2, 2, -2, 2, -3, 1, -5, 4, -7, 5, 8, -2, 0, -15, 14, -4, -21, 4, 6, 11, -26, -4, 29, -22, 3, -22, -3, -23, -1, 25, -14, -5, -15, 19, 23, -4, -39, -42, -6, 36, -8, -55, 15, 46, -74, 7, -33, 22, -112, 96, -1, -97, 24, 27, -10, -94, -27, 71, -144, 22, 3, 60, -148, 52, 53, -103, 22, 8, -18, -118, -3, 48, -109, 63, -126, 60, -143, 97, 29, -188, -5, -84, 88, -166, 68, 88, -314, 73, 1, 69, -319, 118, 2, -223, 120, -100, 61, -322, -12, 87, -113, 86, -82, 91, -386, 147, 65, -309, 66, 35, -26, -267, 106, 205, -591, 139, -110, 81, -453, 206, 136, -337, -21, -57, 144, -479, 71, 272, -722, 180, 37, 113, -528, 382, -206, -555, 168, 50, 142, -564, -90, 521, -506, 127, -374, 111, -818, 318, 50, -512, 26, 73, -21, -450, 12, 391, -730, 209, -376, 173, -432, 410, 5, -642, -80, 14, 424, -861, 19, 324, -962, 127, -148, 220, -838, 526, -32, -778, 232, -144, -4, -840, -50, 575, -918, 281, -160, 299, -1418, 391, 455, -1198, 280, 172, -70, -1196, 416, 696, -1331, 339, -645, 470, -1012, 598, 118, -1358, -100, -178, 416, -1111, 408, 616, -1684, 392, -24, 253, -1807, 830, -260, -1171, 616, 54, 316, -1300, -401, 617, -869, 393, -390, 408, -1850, 732, 514, -1399, 91, -221, -106, -1129, 386, 652, -1679, 559, -701, 254, -1681, 999, -36, -1659, -127, -7, 616, -1678, 66, 1274, -2282, 760, -495, 652, -2104, 1228, -286, -1962, 712, -388, 438, -1715, -547, 1039, -2070, 611, -436, 811, -2596, 1411, 857, -2374, 294, 12, -184, -2427, 389, 1230, -2264, 750, -1290, 602, -2167, 1295, -53, -1783, -189, 218, 856, -2096, 178, 1342, -3268, 476, -335, 540, -2628, 1422, -208, -2274, 1064, -120, 268, -2475, -252, 1864, -2795, 533, -700, 815, -3890, 1038, 870, -2270, 732, 22, -284, -2869, 1263, 1238, -3463, 816, -1612, 1234, -2117, 1835, -217, -2992, -112, -367, 1120, -3525, 440, 2048, -4322, 915, 56, 968, -3900, 1510, -316, -2642, 944, 14, 322, -3065, -286, 1320, -3036, 1013, -640, 1059, -4826, 2328, 838, -3718, 64, -436, -126, -3375, 1575, 2006, -4208, 1195, -1886, 783, -3053, 1128, 1118, -3408, -314, -429, 1512, -3319, -374, 2362, -5354, 1462, -326, 876, -3871, 2490, -632, -4502, 1648, 146, 888, -3892, -393, 2460, -4105, 883, -1685, 1442, -5930, 2355, 1133, -4039, 765, -112, -408, -4398, 803, 2590, -4360, 1223, -2494, 1365, -4278, 2710, 253, -4447, -382, 717, 1608, -5206, 226, 2956, -6676, 762, -152, 1454, -5220, 3116, -892, -4433, 2120, -708, 353, -4939, -734, 3011, -4690, 1821, -2036, 1838, -7202, 3109, 1738, -5902, 1318, 186, -426, -5352, 1740, 3270, -7434, 2059, -2746, 2302, -5667, 2866, 194, -5217, -514, -961, 2056, -5112, 1358, 2962, -7682, 2062, -262, 1653, -7790, 3520, -1400, -5777, 2232, -251, 803, -5748, -822, 3554, -4277, 1380, -1430, 2086, -8212, 3515, 1299, -5888, 500, -118, -567, -5284, 1704, 2840, -7240, 1925, -3870, 1257, -6657, 4765, 1664, -6406, -492, -325, 2576, -7413, -789, 4338, -9266, 2760, 46, 2039, -7561, 3670, -600, -7946, 2776, -1060, 1982, -6588, -1402, 3502, -6849, 2200, -3171, 2507, -10154, 5553, 2687, -7701, 1097, 99, -628, -8555, 2656, 4398, -8268, 2875, -4277, 2561, -6977, 2831, 213, -7107, -252, 184, 3152, -7591, 1102, 4652, -11232, 1608, -859, 1793, -8416, 4560, -951, -8620, 2856, 576, 246, -8192, -1541, 6019, -7820, 1877, -3056, 2448, -11354, 4051, 2457, -8390, 2058, -224, -288, -8648, 3143, 4355, -10467, 2656, -4211, 3350, -8328, 5388, 1138, -8834, -819, -730, 3488, -9429, 1064, 4838, -12938, 2440, -368, 2829, -11014, 5372, -2142, -7204]
[0, 3, -2, 4, -7, 3, 1, -13, 4, -10, -4, 1, 6, 54, -20, 0, -2, 19, 6, -25, -27, 2, 12, 29, -5, -70, 36, -54, 26, -76, -21, -12, 30, 1, 147, 21, 59, -33, 31, 132, -93, -152, 1, 48, 105, -5, -69, 53, -198, 62, -134, 19, -226, 109, 74, 231, 10, 3, -182, 121, -30, -109, -299, -11, 381, 134, 67, -155, 199, 11, 23, -456, 46, -33, 151, -78, 495, 81, 30, -131, 131, -113, -364, -276, -50, 432, 248, -55, -174, 285, 50, -334, -607, -33, -249, 331, 30, 537, -34, -109, -526, 391, 15, -221, -808, 0, 894, 279, 184, -519, 542, 443, 231, -808, 31, -459, 330, -20, 1008, -173, -9, -458, 451, -110, -741, -1190, -118, 1455, 938, -244, -460, 699, 90, -45, -1207, -73, -501, 619, -171, 726, -25, 71, -1092, 770, -211, -658, -1559, 294, 1035, 677, -194, -358, 1007, 283, -8, -1622, -12, -635, 781, 109, 1848, 137, -188, -733, 660, 176, -1050, -2176, 10, 2445, 1560, -221, -308, 637, 14, 278, -2533, 121, -949, 1231, -13, 1650, 72, -669, -1707, 1219, -290, -1251, -2623, 396, 2847, 1257, 676, -1786, 1954, 140, -123, -2296, 237, -2049, 850, -363, 3213, -90, 235, -1316, 1291, -19, -2204, -2678, -173, 2610, 2173, -330, -1294, 1602, -299, -153, -4007, -327, -1135, 1790, 151, 3855, -82, 626, -2324, 1789, 671, -1229, -4149, -24, 4011, 1361, 20, -1959, 2737, -635, 195, -3432, 131, -1678, 1742, 350, 4989, 35, 28, -1858, 1499, -465, -3264, -3964, -553, 4422, 2614, 564, -2093, 1717, 380, -633, -5086, -174, -2104, 2539, 81, 4725, 287, 219, -3455, 2521, 1, -2587, -4721, -584, 5199, 2226, -625, -3515, 3844, -294, -186, -5408, -147, -2063, 1980, 331, 6300, -180, 184, -2236, 2310, 748, -4059, -5684, -34, 5955, 4151, 126, -2589, 2674, -1198, 1108, -6723, 391, -2497, 3271, -393, 7614, 195, 199, -4752, 3631, -790, -2867, -8167, 119, 7524, 3431, 795, -3815, 5127, 366, 93, -7486, -150, -4720, 3091, 141, 8022, -55, 617, -3113, 2790, 1055, -5600, -7770, 540, 5781, 5706, -850, -2700, 3479, -321, -885, -8224, -357, -3329, 4519, 330, 7740, -94, -1192, -6055, 4699, 1107, -3948, -9279, 79, 10113, 4081, -120, -4335, 5916, -1158, 668, -9098, 451, -5892, 3221, -348, 10563, -35, -433, -4541, 3981, -1055, -6771, -9448, 687, 11094, 7407, 1408, -4339, 4373, 731, 251, -11091, -104, -3789, 5551, -426, 9828, -326, 444, -6860, 5461, 65, -4617, -12647, 615, 12150, 4913, -1363, -5448, 7907, 189, -399, -10870, -1113, -4744, 4620, 619, 11373, 265, 255, -5838, 4260, 244, -7754, -11544, -25, 11094, 8340, 101, -4416, 6394, 84, 585, -13587, 770, -5090, 6751, 70, 12654, -305, -854, -9447, 7051, -1613, -6087, -14124, -839, 14766, 5927, 127, -6971, 9486, 659, -727, -13032, 146, -7630, 5100, -1245, 14910, 98, 1151, -6403, 6331, -281, -11001, -14888, -603, 13530, 10046, -1631, -6159, 5957, 1562, 1, -16869, -75, -5394, 8150, 781, 16140, -17, 307, -10164, 8491, 1925, -6546, -17043, 11, 18306, 7456, -39, -7862, 11675, 723, 240, -16604, 660, -8820, 7190, 6, 17484, -540, -2814, -7453, 5680, -1840, -11438, -15600, 472, 17190, 11556, 3960, -7119, 7351, 1380, -867, -19300, 71, -7529, 9319, -744, 17682, 343, 991, -13914, 9811, -245, -8509, -19995, -1226, 20991, 8201, -2248, -11207, 14010, -77, -257, -18896, -1323, -10154, 6881, 1231, 21000, 711, -128, -8993, 8221, 468, -13881, -19754, 30, 20880, 14863, -1187, -8258, 9256, -1203, 438, -23047, 1219, -6162, 11569, -341, 18084, 435, 429, -14896, 11509, -2605, -10444, -23959, 110, 24066, 8745, 2671, -11593, 15970, 1029, -798, -22804, 494, -12542, 10100, -1413, 25137, -150, 1675, -10221, 8261, 150, -15946, -23884, 1012, 22680, 17142, -2590, -6525, 10685, 77, 384, -26167, -327, -10410, 12811, 850]
[1, 0, 5, -2, -4, -7, -5, 4, -5, 30, -10, -12, -21, -7, 15, 3, 18, 46, 23, 51, 7, -76, -16, -67, -2, -67, -62, -16, 40, 46, 31, -12, 71, 33, -30, -17, 7, 23, 17, 77, 132, 92, 8, -63, -170, -25, -129, -115, 59, 87, 24, -62, -232, 112, -150, -107, 67, -8, 287, 76, 8, 303, 118, 12, -105, -278, 114, -173, -278, -7, -38, 276, -71, -75, 217, 42, -147, -182, -42, 352, 267, 19, 574, 114, 51, -261, -326, 39, -297, -643, -49, -90, 197, -8, -381, 342, 8, -350, -153, 8, 836, 386, -342, 457, 278, -10, -324, -607, 113, -285, -801, 60, -61, 436, 161, -402, 634, 178, -408, 454, 87, 1104, 773, 78, 1079, 649, 169, -581, -1555, -487, -832, -1591, -120, -44, 408, 148, -1074, 262, 117, -707, 31, -175, 1722, 640, 84, 1393, 580, 77, -539, -1507, 44, -439, -1423, -2, -191, 841, -418, -362, 1407, 31, -581, -127, 175, 1479, 1268, -237, 1785, 1264, -122, -1071, -2541, -264, -1142, -1363, 182, 61, 984, 157, -1585, 1226, -15, -1183, -82, 307, 2547, 1150, 115, 2619, 893, 79, -982, -2827, 313, -1426, -3338, -298, -241, 1204, -521, -1356, 1864, 282, -1178, -122, -398, 2786, 2229, -175, 3592, 1449, 67, -1624, -3266, 234, -1984, -3374, 139, -120, 1696, 286, -2470, 1388, 325, -1834, 309, -203, 3794, 1120, 77, 2725, 1500, 168, -1302, -2971, -98, -1830, -4154, 578, 390, 1812, 438, -1615, 2722, -879, -1491, 151, 364, 4316, 3002, 177, 5004, 2134, -190, -2361, -3938, 51, -3602, -3763, -766, 488, 1566, 200, -3622, 2118, -912, -2487, -527, -423, 5188, 1612, -3, 5574, 1330, -495, -2214, -4622, 203, -2777, -6446, 1, 111, 3008, -627, -1937, 3804, 198, -2440, -244, 43, 5465, 4270, 140, 5846, 3122, 288, -3075, -6175, 523, -4161, -5918, 796, 428, 2522, 152, -4303, 2946, 1182, -3451, -220, 860, 7356, 3322, 272, 6904, 3408, -171, -2485, -7711, -558, -3185, -7315, -897, -297, 4265, 468, -4033, 4949, -1622, -2604, -55, -1051, 6547, 5574, 648, 8960, 4079, -519, -4165, -9561, 450, -6033, -7831, 81, -404, 2594, -648, -4973, 4130, 697, -4396, 504, 45, 9205, 4374, -174, 8358, 3109, -386, -3698, -9115, -54, -3513, -9470, 995, 640, 4747, 539, -5052, 6173, 400, -3726, 418, 1122, 9277, 5523, 604, 10191, 5188, -321, -5243, -10694, -1159, -7171, -9715, -865, 68, 4202, 228, -7449, 4618, -914, -5637, 781, -741, 11270, 4832, -260, 10691, 5116, 699, -3624, -10939, 460, -4581, -11894, -177, 238, 6017, 402, -3988, 8540, 1126, -4207, -230, -363, 11991, 8318, -847, 12881, 6324, -32, -6447, -13598, -7, -8823, -13550, 1092, -149, 4627, 550, -9386, 5386, -761, -6895, 46, 1498, 14456, 5998, 598, 13148, 4293, -395, -5772, -13183, -1411, -6338, -15602, -1447, -584, 7092, -416, -6370, 10012, 674, -6036, -258, -1903, 14688, 10797, -1238, 15846, 8348, 1244, -7819, -14892, 844, -9495, -13123, -174, -589, 5940, -2136, -10629, 5940, 696, -7959, -158, 76, 16674, 7334, -399, 13612, 6362, -85, -5994, -15482, -112, -5906, -17719, 1747, 11, 9254, 1394, -6804, 11466, 398, -5990, -732, 2730, 17229, 12805, 1152, 18683, 8328, -17, -9025, -18669, 939, -12867, -16255, -1941, -1107, 6639, -37, -11693, 8378, -966, -9921, -191, -2543, 20004, 7630, -147, 18741, 6655, 681, -8038, -18283, 889, -9314, -21801, 112, -391, 10376, -683, -9467, 13400, 452, -8472, -532, 55, 19567, 12239, -2611, 21126, 10183, -68, -10948, -22646, -159, -14426, -20712, 2277, 390, 8808, 1042, -14232, 10308, 184, -11459, -379, 1719, 24136, 9144, 887, 21742, 9120, 1511, -7812, -19243, -1398, -9511, -24340, -2067, 476, 11894, -306, -11030, 16848, -1468, -7714, 1626, -2408, 22884, 16316, -242, 25921, 13342, 29, -12682, -26481, 1302, -15363, -23779, 404, -681, 8837, -4124, -16722, 9382, 2404]
