1
12
72
364
1860
9840
53804
302328
1735644
10142400
60118800
360702960
2186071436
13365544800
82329968712
510506334272
3183824581260
19958954222832
125694061992656
794854715202672
5045176762798944
32131906533185408
205274375268757104
1315105197576487200
8447191711875752364
54388081590367258992
350958422708900103984
2269338286059404692400
14701839078911044002648
95415138887376129387072
620276515002067107238112
4038594593436606448775136
26333609792849531335526988
171944389095630987286660880
1124160921830394499885784448
7358685241015714024859089488
48225213187979642031812806880
316390593031056764688865940160
2077895847082692756718089266736
13660041468454134095427859450784
89884990911325214504013442328640
591983609352438247636536376326720
3902126295042131117421258878885184
25742169736670826888477982882361472
169951638163775089306846244803905840
1122864031907577198863101865830639744
7423979724627905617783228116491775840
49118062690383569072074839364971074688
325183408497570460884451846787225789676
2154203936518076300827333580790400778448
14279263329980604680311375267406845301568
94705506533096261740502392523552443690832
628471470088207119481040143439539160200320
4172802324765917248124467643035717833668544
27720014906750167618849930746396279802011888
184235987046208032782790467687335256801772192
1225076504806268703680689082365606304781284280
8149903642766967084880160584256242494274785056
54241963682626587362306383280499451064120019360
361164863768944548715294014244927000005095804256
2405783589713186906115072486707931338801840900544
16031815878252145291449015487507427796548434546944
106875551138813072405236896792553168268275800588768
712751556975422497786362849537178252158548252444992
4755071486597106840483723955435495143514571427692172
31734388871855437531375072329320292994354425960478224
211861871784363062147148140820118536704538739086645600
1414883288223587785147582199019134220037367159793280272
9452122444972513312085844284876640226038111138182720208
63164769708537834335912629455688866271710398963399642432
422234261095225465163168470813148494681740563924245858512
2823327637078103618382985771559621930414899400111894889888
18884034284467118179333436964341587156213378875113861073280
126342816236047506471475763710385822305667756211498700057536
845522787801794154835763765218839731385827326427726252035200
5659993331354128123859325147772635223472438861722320598054400
37898265458328919780145467237479006303214273778455242576438768
253823979085523425132812017617644724915647098205610414675917696
1700407703404263142683349950899012908213158294187423092822836704
11394043856941261820999500116356657731468239462425913119230772352
76366787820499517637531346569914908963099559658244027432700631936
511953452095153314320241116984528316658502634186695572776285438336
3432838216930064283986450984710106469153517827730181735598799023168
23023470284176657861166584095694639266872624601609342081726276118656
154447392940697776189704944128314577974340226147693010789559289105984
1036288236355811734863983418101643319267488167265219976136392983055104
6954543991423068881141550022456862232187135923223251050379749428423296
46681288993473665736373552739647298968378004176526097636079294458642944
313401568472504087750490177151908008142812746502343639950161368389836080
2104465239732809290849776768448079968747324673759323522629689765132657856
14133925408155101485213911592535905961613312385630213733439245199646707392
94942906383756530329916946196312502286007919262944323948124287090569673920
637880369342316136083344031608168885009665250323112876321531004019052532384
4286386148834031093425680326844099470433335666463687157723660445910752515840
28808264468106641877764896753431758808348246891315329580336435299276109107712
193648929289906243951987519308719871722760834303066867160468259466688694142336
1301918537327797791391125946619346930112042713216061610163772918487931797495532
8754307090290021475977289822807333905455716733774700385684979660245302518955408
58874548946364772375140393231103062604432730124001458634736505196584117968760864
396004293435674649972602300053994511923020691234529715476093911849311678003388176
2664019251180565468166683850614735293808999705122210538362387074393853195580047504
17924155461811180068166320166522919366687929814153308277185555052516125120427941440
120615376716527999075052685952461891210922679345927636031252618778878804437364850640
811760799957014588529779451917392784752997343887334909455597394147222176860600916640
5464038110015653485403708102379808191915026219350714711448950746200679278801205819424
36783958906157652212219830244187159916282149650504698284694990081810925421319976836160
247663047367592005021298040293967860437749063657485112306465814294045299637168811379456
1667711301187956079059436445991384167409716748818371765992840854708520256896310328651904
11231464731451476291082511560700073803034428731732376544830654886078423473328832648780848
75649623312321089194322237396481103401750775574446643102201609730675237466771292773858176
509601849519571482098263952302672705029341970806361414657838557200826816513115616626131936
3433271186726197135122132946766441471129479678370847013521390568310845775615643251692604288
23133277595748644212706748663193077774096692931423129657431124407124139801833671168008474872
155889642785249713312081994318731088214161848104077430516159002996087961394989303237817113504
1050624429602697984155450354843723135910906239309391927268969774143299924921478701022119564352
7081528387947094074980539702405758346989700123403284752421087009561108006895664498680605848480
47736979093803194190922618082401060993268953843494350224555817093059190111570548994484056842944
321832920633964446572004661423182637457677374923151086292777328594424949338719843384562288348800
2169965351243367604341348054805951853437198296896763698219114987711769437596102065219866452364256
14632588103565891557909137732649680604262205948995157424935113439437304145284003902138203656941120
98681274026575681736644252117411856174813921675213385916101002573276815757143520371486273920791424
665568646052461592957435154248553451080619774858984569951255623608298644673039571585641444034462336
4489466569659249008543293057954604439288822848855648397056699918454480152673843211209595043954785920
30285845350060224791336191488649652453039581502716008333771138653027963811443017332021284075709838592
204327601950833204553415721271263793904789143869435803663874799355271051520318854547853352913028558176
1378656521703488760857195507013405278407471025069427362617946338507651202671683596832374919395448733440
9303067363168554891865888169551469787018671515430520655260706353716673947163839045718038288719827284416
62782217690375745589372197365749320491523418882209659928576695531303447936947631031407515429187948956416
423727754041925249599799963004569897499135480030974134811225930806404095616646654117113362233622350066956
2860067792208311930011858973420647650133315487293707121604328663453373833499166062483893302950858311725456
19306533416290783903391929375470490955834111243339872167794396280423141496676511003269803511250300274730208
130337757873241477836949585004321261954398959085545612610631529468842038095412671163627341885191992112927760
879981594044617779336550716386383212393901516884573161199220001706293692082994601442407754270002069888246576
5941741705738980364900934711018783662121659244126805746942384443482768463624993647500847994378675505431252800
40122708131996198758737176042010042210248455957415390582582890198532105239506948018194733435206473213974960144
270958302383665542041996565179079793834991204414204265569407331171371018611160609057558863638101442244268457888
1829995058585821988941778482074218301589956960708691504638977702757503020116258823968360114434340921586009833456
12360387585306457929976515777950350556245166775127712087872630103033453397647366672067186500231483297620703877504
83492694644442725876400728774827262822559424286245742144393757748870907005736840068758413230416807597236543335488
564025308960039734923338937997914704788531672308530027513201402085035839330496649697097811568582276098849182687168
3810499879461833036003475476460170580859530066219744667937766341233574544905886784524401351854743201312785097136848
25745307784307966853563417286379938675703503851964055478895996235430035445385434384954832806628440446600334890888832
173958854772776519689185928696329279618282355399493126412219891320139237328724913175892952123713534027257600007639136
1175511431876444101486122914049834162490338951678078710220645047205252337862991144450057953784082082565395802379038720
7943988346909155563850468442280775797500132839316219991466074010984846130724644608848782850143000958232001517409735616
53688507635890829393406012860421004037145705451766338146648745518215949092307976332201795641765951311705362477738880128
362872983239050585387984323229543559281888515397496798926617890747370753964505413862758813261147409050915145048672963520
2452777156541615365846210392196173334823900268703033833929527773196454889414435845136182868629118797053579127764538519168
16580258567267897155153247494077183485340534197766869990564704710394193954286403329987472124034623659454706566790250893696
112086641351417486171412014815850430860759031808175879151518666164342503770934525756840706299110132597227259566211865255168
757783898573936185487594231280939899939341155071842643820035878364529365110676729502985720830844867612356170056461616232704
5123484994455976976986373593987048381782029682089188451875515019181820647843388406372107933056561491096312757271542571660288
34642862286858959159452221210935930717544192647989370988754195898314473904987092525376929495787831214964700442681258585791728
234255557052472299206382080581500092922858496431935001536364720214360089127887549026754843174696056552186085336869371690164672
1584139825343151822483612297838292540745979622539307927589994883682565665077205389391822747754043519257248216617073090658193088
10713324129199734504134350660233090067104760535502722056465395521439410749755935172338550548375932631573860866776790108577701312
72457234204931993971709764282103287592790171385861174821436967437055747830111475624186359845865027727399445955096681005808684576
490078551257633843796954375244012200895418231214033362905593184420312112806439687783244847447515186429187139417529368507275890432
3314940523693214388964687272214499413626387555123587214121425574968442099402394811294828376274896562554903936123319933866830348288
22423921294069338502408881505636172488091797067639843792866393122286180801702891986141002108731061300563936332150472065659607505792
151695547395391035673413150657466724768658451913774279964167881736566453120762213888767035157561215340892390311506677856363755902336
1026264354305549776012579310993781632437974542328745197021483442654257802885281565544113403140171021988934982681846739846222412911616
6943372811433366569886025721239668073305029452062084539670544716935247071727361146885665030920895473115739670191176351435726610794112
46979268409860047323732280756437095943035640197324996759907384079313822032332803420892466038565241516806237779694105964264079439718144
317882222724726208129796673712953086968522944631482702849036291981996134445649493660042128148699186698014262999383096796225284342967104
2151048322461255016942908275694931478482464537897939845553277784141213362770566305342700839989583575635390614753924678474688591872196096
14556525949980689173621283150447032037433616006861883865239875562342054726111522635736302791517383243359634703060018425315161297919222144
98511895430985118017032108779760666297182702933087373563277207160519808515393471570507115626089608635008624253639992953675811209888410624
666718795270923256841059960213701994652324852542139330612504370347807954700551556606695489239140097439269645548487981196550726322350894912
4512524115568576311800802266449558187299577383574126002876051362187769513756689708131461992990572199295390090259805823679408814483250464512
30543508327749983051690556984038849570935229141542899744648501106167657536122025341308382140377015810494315274921287526485237550746161778176
206747652976482273525498272456700660749163309904207576679678502010652813397008389503392575211058720422112827160844141904849036529776997564160
1399536668014073174073568833936964564594335561085516994691191070526328586688711671486169170989338501496918557905181954697215950513135474404736
9474357026942668522371071993247760167038948811918381268575344717153408198101898509788036821967531106533537317521593582665659196540264350046208
64141148684860720185034644522143753478322909158915458367353373727613606241351518787679417427817378580182779756340112940615923426296515986569216
434255169246979263553858539035001053942210013632235780658620920204512163487940087325458496317484456715175761113452133269807646668910056724716032
2940182551785277744770250999235082374663058309392819150417904447341989221455040076494055042510530521433108866234403417456630983843780124885629232
19907851550643029176692548476863178111870870232174716159650325202398995283836941518926977321628843295038145000933158769479530638481360015484397376
134801603026622190134521948326215785998760165978526586364535812177904555800769936724441111298779068523535520645096113504159570619994933153788471808
912821911076296330796508840620451991549103662317525733323092212796956305118429693781567362920052011953143747589200905101171436389936961463946303808
6181546871410097413047847335462877306851386620421001485772997879842992780228803078692937766398246948823538796620464030814899085990258608550073110016
41862789740393253857832595413091879117467295909796234004571136900304634278494433478977137092585178957374460953165225083555420010241495646482913731328
283516825529735956539565892293564453629065742636806876513811818448191872389497248695142000883560940451296265469707600728595467034846804862957858129344
1920211054890190417227579734928661350169156943536754544979219034327711069112748929790403051474111095578745429020314489523161136980577900006323146446464
13005837988898054618863589972204419746863281550974555767918922391594987576384475061638689942308501844390103261501063164323903906367061152563842930820128
88094085682927638531321186700082685293033063666528673416660480082661316791076175021583832056714833148720084023092151668864678210140319276920546254920064
596724678860460114327684855256425542795900685792880272509535276977124452417531681324337384150205246632681312182650160140678201838167634874911890239015808
4042219379070158649864121095973026428172532465616597933034869878387312402739148137479602689157762278675010610774366675051246430983699952114608613333301888
27383199843951581341533132448544791024617703619247028589349173253457848953951693550519099859971123502888724291409101232955590870502253383536577791703570560
185509755557306143174138861157283519116258341510267539629857185597921043089655589685300255164739073405644111353872953199116038211621132077234457984241743872
1256803437828970369930366672739594324205898545598409126763161733859536271624167384506150610590792837266372092476902066811444732701657866279393450972109383552
8515023049576428384335196297672815264941556408827854561784867586162456124714569800788831385706459260490880264584603563942547049835200144946056123096734076672
57692847062157855721254961544091203714956699185769965525007416090293339389670268511406971720068230811567147685848476862314628120689260035383865699442830804972
390908944288341071233967757871411227708879624344421864560586774478813276888566043658531553514461273185769020376889855498134080168242989705256672707847106476560
2648784074736020615685638159807547113042503565973015883846483490492684403472232033634981834461735799840795381373187200499991416581888163402939428119278561705184
17948767896761762064185104388506683659845522769036932942578023189819082745805353211268787927425266860091656827323869478526384932137725476089434624964193969371280
121629714636004968467881631723558403561790564491783439571087911037967671426234210874218151289838434804535276822963485411494134958100715149108915353574097640969840
824254873562647880005488927670231852035481711816449508865084461360000518828344128873028771834181352773266483949909798778574122990113807041573005015279200395659584
5585987762587640738590609335811056993560789783480593206662171752826773847160630210408109929820492604414722776519720838650647657871167513380532791918941360685118224
37857757935203421118277484874595493996789086348147958444740013729102608989756490277485302312038143384063632978439660004164538096768659075487834532112144135493687456
256581943079927681513187817808545540071674156505960011164983566751055252318354152069234924909247164707423886551318941646922930304003534779522930239175879070205001648
1739055400315222747940833820539265353726120524045334282671031289469284528551377305996890996313617388037706710087109467508559344204668901443671814257880171629846648960
11787364506796986040678287078929512979973207397093565172954317342327360626859047108433831140734971509629456086239653181212329849806754927465574472259866572682934746176
79897984073771231857055653900995135730240420383760619756834226063043267217196933540727551906556682401865737353907832238966496082077410313618161292167285952564858816704
541589937454910960210756789460194828902147869894912995573353236776631933512346869546325418380640865057671906831007267352590375450939859448506792648191670696686284652752
3671308302564012549100748892588710917569048203940044978512331040634506359949802024422895874280587650407626364677611021501746642174438137706615355538457980932853332536960
24887798427291129911611129693933184053783916537771883611725380557042227228016817123530620747842253365037211930340389295014121806638301695549527712657110155641184215095648
168720289276946780262439182716953734532898207625095262112097075631988695057221223268452467714966314272900197097977184456374462923765982475296494870681888400572204965268992
1143834529435549017461528107776060294486294087361778945325493659023303046816598413847412862375408665357186074044147051370095542541387878824188949853760189814512175966980192
7754860874106878278650824178342963425811445968718486490957066247397841679419232783392044039488202032623651108757419425315001175173788308997935463531184850573376582212727296
52577459070919208895686397390504770911198985214080236397950021777415056750023337889406795692106123510888548425836189874114551056143001708746042004192976820925793531953510848
356483811430129743706439003777952761734284150212335181550537005645249892305798119616076964899359082550175501155799001638132778931243933306753965268728392977538264980645561344
2417099501048625546276016937364585712347119096685599880708253310185462044260354193760459832964356917508305811124874914160831337232224162411301456689143666136214139639885627776
16389420827939402400769379745364484039782092535642080858527586034834887326366239299612359622357396981747364392374686868800779727956167673240005520519722948818207654963968892672
111133991424147229111591899012314547780955283421995290736481588009045988661749353385627875317464211576168770531287578240656167808257768725714739398171348116543667499067985160576
753605942056385013683197907033003920758125223557718002768658484047212404029682403844493586440836904069304165103466816443501547437130205104284539624072363579048148066642325761792
5110409259677445388498988871917037616491003986096349457344573648703410606663002135311793211905931690872217344789049732850515770251860163693695021606510607079171980102589400629296
34656195571733271793964734510408788222640933725244152361295850443168743394998272639014781122579445079086348601884648655629626234595133873792065205769899037827823741418952491282624
235028105928104487749981319454046278150659868548001435672002085340630423452951687323851290847429614549005932832575408336095529726374038083170531471081655266780428184740947255486400
1593941217411584215600948113589411595589236144859888557644403204906995065901945480820637751744349982463929659607534244408092118566024982537234497144233370086441837977429730686212800
10810312882348496652116016848457186872835584513793354968628041086560629016117175578303316768737874494016356661783434244901449790295080446442716602737009748415470993181274579162898720
73319174644500166927598384945562901270091505529256899177000760232309781920685966675760996350231841664617403730306263609500456991932567183552281300510787842924293259981850907299479296
497290418813181481971290497340616178353173829104678176288737990980038205544780409505938591177199416089133063539753251281838922612530440988602208586202511783911748917859826776684518144
3372995166006061995831818359618119401271631648470057264080054124473835297611830223249834075971420086336823241807285864552799304245958345071965315253477175414608886525359786169768483200
22878857403891784838813793316443870279725352981797172754414122093193702841021083927874605220772830786809487351846706750330947642799338333151438248451697941168318037263428688138265560312
155190743875493673191668983069281087621610980948071381249259967649071305936959301602337579615248059412586040372055520697289927290415609413047853031629485332126788676648396292122687593120
1052713167343454369606050872617601077566843755758945381733690125395450189999197209129703839073373941301548310754348665363065672816934337853672873806719926126477698093932043785325985781440
7141130016457186785178195392477617903406683498285458718216779521581652319250322665819893108356851449929022756072482463133488990524471478675911258240771275406096269138509498267067550259872
48443594415431984195577494933174695778544525824835378292609578828443029726377590680788358952881717865717504730520730961270211456244531893862842769850857751187342935781706856247780894636384
328638321291617750246035968134777310499610845500916509511516680591013807523066477132148662848706120800325732907934459703635000850185369822733983959094422261604129587024705037200451441816704
2229525093151685893344290136139889146634266885694102674308803564461276735832018454252979604786538142474151970652786886218201378184151098149307155727399389673383042259604490470388036306538400
15125813332399863923567783295275767697933504440506653805885216685414471072396324875084605699145226780617533585179611865618810442866302023795049362525055621406768380414465373527911494591669312
102621229560436962617642590117324969802652262884441647579782315142960209354490122335608635230319880072750486749445788322125534429697115644982086690884329324791630532240797377011437865109791744
696253983889986094944136994452857127962475793750604260374291213052183477477203082088878735649404848694452583672940816200364503152630708763549014001461196132991061432258699915633012128721596288
4724001991426147528700594965538704435690099219778433884999751260211545779139290886053589701951195914364206720740045201269083685976325016244125135697266704433023406706635962620488958839524861952
32052672736444097586995622304588721184795881462660379693129752501151769698004509525451559770388378628208467631481159872670173113596201037777830247371700392733883237865646922240332894141066542592
217485408853517501070367902124990004961185149613961586871165448593335525814726453039716208070530650836018069568123377886440666787904249677744744657713351297520632706634098212322600825813576709472
1475732363047191935778244455060803075139305879844908886114876023712281235250356116638154523444491948661397501652684030730748607207200661628457399750102014946195528539442396345616320226795931308800
10013746215202956423009573230252099473029770467774334479401985015971548110893985999098885819162165112844861392399495928236516970817578316482026695785335425020891981812711497339393893111158550274240
67951174313233392026625635656872803896873260633049857373969193290315640923774408727354991735306741466932816539564905770715300391080063308526208639420974597698760781563994732796713475201685462593792
461114378189213961230783158113535915378525855621184641114668977424392226929217549126542950741174567703851646889167712731782847340122559043138828865757087322314421885394041347112710019798663179196416
3129187454845400165991867862959451875279647749253612690725357290644758633320926498732573701803255853149696133850779447102965524401289683094678289882614152220699326420888665624156192934173620603413248
21235653105469627590722281046551201740810758341101877505179887013755662069994482009975280857413977188893178904619015943416415046351795510635189321738828905483050375514439770176083674981087302285646464
144115501891396096104062556617684644060989244180961005890434563893051909298846997852381419462246850118537741101005212767766111243633366372491838100490503669545854481092611340281781554238705973280395520
978062749862621416835531981521053911620685420759821707571145822798719113597749098099221848233991291397804882093648394359617886504616021226880180013992842783727354869488789694727852136983070986434071680
6637944150441800441551709007907633544223874622710320368664326328531148164301062867845367155780028140340444411309612227719849896464695803366479447142673503404169369280977001309840872221705924128342543872
45051705463930044419901847317910317901698378571097862332492955272858232501182706133104629161943938827164958500223531502983555124922113994864837125001429210253783629346063268990713685161587391166776488192
305773298413752538993901599809163111276009513186865892719127555572418959115530800692240064231625112300409281550314025653843855056538149114870812727145759165633771354864438392883765974144871059268110257152
2075384045861021323387321152469801443612057508897565534875930775119708708106585120049743176747909282202327854628041296233455080233993804862178326387125002832766996808389752305326757110661059281663482791264
14086655657738025325159032858486389294958237065640985802486539824857116420016733832012910937708007294898336381506328098641651967443707998177383584082295987475160647614646171331679284823211382335054642291072
95615378458157904328160455891848491892115813560794736240520979718361502164872686308202007949096716401404529925237652218072990670046807136514177191435068274197831012296490860838765609582953845975789918205824
649019791060962840090934007000371391613099788305791887252588001460974734041576406640836094970284242960821836498440943731118640254742697068917662374180697236671032999986932798355008644589297048172110553915776
4405532327341044286489818743189546631242905354674597336696007483406135051239077425804095067854555702947434653622884149709476147514317231335398427404414518335045816261418908831330902976821166052487420417801280
29905359240235482364788849208279752417026039202016890160887272880429614379218687258593324570609315145443021844886060205152096197952842114099999369372011120440053279754621352355824552324488234654848536717764096
203006411528099874309924784983899834987284275124367910413474478742175834690692454971293835021970404399843596208325036402793106500593623153284595267956009393215090324230116962657783834108797195877058876801876480
1378099278128193838924887284183647563525695189844659330039320117008471158168701525196185336680831831500154044398853194459444560833466455579422460739373789954259912184911722630007611022352035349853618312489939712
9355374950625127044972344719350611596821859530400504698628430953982108338443128266489785337040897101872556444764309107693866596318128416127876723905885477015401856601506759175409626356701479173433088944057560332
63511410194685413388585404718346153702546814429740103401032841564389905622433406067924812553207705422776071905302732018543357997304129566772007700314589391186481651624867633323696730995596946802052945994849150096
431173540585090401957304693793955361174529577723457097474901081778593785331931377909044293900823763460504775053469518470800489406742241663355977367690972982569799365418926349200729773508951153227221336386442827360
2927265817210954160507058915984874306680962305796644908599338213329120493191321852856049394149183478765965309117547188532028362073346743254114728229709849351088366457144249825317063115602068743647154741829572018960
19873843204815371314461198242009059557730603130462469921034804872866208110529264712904790942171779099727980162364488934043749713497737116325742660551322478538886255202133110861015112613682500924534995109571651450544
134930808192043726984419798873746195517499876578466286855105940623858803957372803829348497290585301428538517716419113387966255906849126417834776848219325160641584392392822677342578937624258650758439595035536065933632
916114750983916258963864087931223755828109052826548705712456311341180492053368113991897642373811045711562541570425585852366010278769861715666656025687887611158981484677716012958753871546574572093714007558152254391056
6220109788641156742421052650130918266246668297035652413944023144716862395364918606153035987566587436517282729220656112636123058126593325609352886900216833178004759013316577024584765638364803006572813927868276438008736
42233354046617948621351834262513087920139124479339825221765487585331557267743498218218289574498893678119360145369478347161212200045273747490446041928932339099265519973043608254865399806641078644987534162304625159389264
286762510741766884356365400114991598087418743749417372333139036240567457485061887865493320433004937362900852242691037975817613462385211294042999600740081747637767113203543755545004407410078525059009428720372407664479488
1947145403417087000579930095997396249994439553990241957627210429632648308387272011002723238528176378461266950598136329411783606769073449952992445729259640339789974830269166782234457773528363494100822485164565205754529472
13221585353713940118807194743531975798427527371140364705280560866843785371890016755349781684139803689844850842637382699693309391753580839383403221888039176815396129247713363325096288843126996173111311042552020584118856512
89779618131497416777501573464747515553546075352813251671955942047720763437645748920332873535233975277120623163588469636374567233150318383187404123991407003847844682777591151580903428036543313415530863633674483722648598672
609650562673105534110643006206607120620543161459973905354429387057763037666061667632732202822122037015079188466081964548788203402649688649858787457326286973831003163832635481401991461064346429855272733887977902443610730624
4139931371473172401271175707767207231676572846448508279426413896418951891402362720760130536105938124835355882759094491270400500033348086368029050947042297692121201846156111972562732442115040160452470432542845429027221776224
28113452087102741390318949211251865555343429320573499419438236341602654543404688133672717618147728119103855245364874478961329157093961048610933540726909538282008164243208494503097771166306726495768531586049772731643525759744
190916743477790075122561762418976000725304022145261401377792753640782893735338407764810600560039756084667541129643815555169778813465766552224347967925617789604366901068970070567490030626300755244495880018385329734942937428016
1296530093691287133959767365936046232528016572722667473844491405699576756102722104370924115846444191781660521928396714716567006393023195902352117964311752834063846317979382056338149120363854347418063196064072231358012592998592
8805010211593590582247428317366958974117667519105186824594220429561100315517467277852822652764450806191999221572238474972410537941719364551688062251567724122102517473078628992149568421013917520253604900475716901841843150790592
59797873754797432790560371780926463684480477313467380178903241077145639598990354323175419406614062095284367092621741791469289294622389838609756442126482079712436204999367732420067679803779663516168909702421419624694687956735680
406116068508858254825338282842767783647802594077439742926292769553525728989219925033732044701602060388597291959884077712160098094689701729410885306579481666810488756289234537272106849941560890240733246968570249271534644550125952
2758183119495490810366914339199187921736258567863452102482069497330409241115748347936457617211354793190414447767756451097206199606832216932349681668511599416573854420525913575828424436482452374962961632390166203539560112885865472
18732875630164680178629546191197343727544417799584437560245079807401201726417198139213662987432889891014617730034776770718731618491606604309614718657709444697223068907943870286449679072419465019564636204015378527263053843602726848
127231361252219203894789006587834091605850686473991629444216860168326903770158214350177097201621990996914153230778787639600469593522756839996646962020379684021291368491367183335053261606776524549612201291129156590756737196443668608
864156116678008503863956884398667552885723593291886527640934247312910505353707735065947488702495005592199328679273480861470704809083634902948992154827779509787898161012024613730225144415578738846334334688492243762224498610534653264
5869464692780659541599370979960526977724560074179981733733386617086237019263419114875643758948425938164780292190709359798979671390390056418334014914596036026562598944681627834598529357637244961440922272614047741821121233344169550912
39866946549017482410446524379045819185836655451649543037173246826253646674781532734892202967228133898760835354004024968864223834467031976744812339624939555107817873544339403059463397878302763891362817314888790341446278221953692693824
270791849576741366556545519137525632025014147288458943722129785250169429964511552887772752032318839267580925034040712508808747009554052617934983364301500950799488967142307762992935626315832753846093188541481970425249213007909778218304
1839358067608031758241527207376378827687282828858968874596627968998926066839107682015579699198853836974223721462519419744283034715814216029284881762226194287514347982560022995769577602959192674721066622241663771025801056128154745274912
12494100529417964100836677356923882820424541542820316931350986888494251113991772079100169903851023401610139691595155173506219952771284998362270326009115590261500012837691791410725680485015605356721876872442355180732651670124015578616576
84869506356437252099624134585311897609555970963466903953339536877964500194796465670359268721961041297054106338109527933530290867543766412079550876546896333529215288650260402204443411996269182690392602379184840875936658800775908576495488
576509232069069070434395574053538554737778853789985479675927209786109022923477681401910853198186416740217825666826892479588333563504037512972685146556020134168247457285837398096220139428323215139581540182330468298336168995456362128481408
3916234706894936536041645705162786228435525739667449499409476920724876377056261930749302459857311902168937872513004802134285834044835246769373082033083370087461600742130668753866240481411708858340533718049606776638402696026552104681535168
26603511130925539250370773276101808065497000985090139954433237521461424155639514748131784176665832937452680320810690327476042004429643584380996887637033709920413419716115622841458348310699057250454568746194355345684893523565179787410451712
180724466999111530561742240033261227138387582419643090412712060586854364594480004481714069870795712012267781666183188867282409195216871034651030931348898221164817494511908728704261332691307371713739519896701364432105022882542362775956279936
1227729357291060212111575887359671941721161827445079792081732640497626009259107859266736274445842529456469361019996458158899617871792644375566209309169245247754488107345290979490138857087094333595314666347990257234049795670319299724843858432
8340574587753865181794113429318404191092000737848499938296413145987786724391666908963513669908288992102297479542351066402030005190367208412786828063369569706487701880512961779226625660596589185979385612294036048858952645726086122442178812864
56662651043985845907040994413286977356692280747560201709041506432411100721213912131212494547343058419538852362233466226405506051453335127684567194362036079951071340954028593458662127372971249610086411010075930906044969859713003410844975129088
384950906761841762888900050857320995987409579941588634763162031284050600481319705048603710080507515595791683770563607979628294237957655014013853057322424259566659497970126935316018889409138299456610196215610826491657894641748587118332206743936
2615298658852906684960468455230257066404175090634239712812924726382379931183987594628254771609297625431566991837070717873685938968512573033280554401492925347704173243683495450813182986524348255363229566874329992302580010544831368425935077227008
17768250635545311968739183184024571026298812940991980964222494512162579994511484823031292167768064390652358142446597372306374631813465728535900673402520741784925043201723640195443928204837533729906184348132420979314707894049249906945094853139072
120718947030041748720215284301974514327270557015517871125524323876815844150942789969371121836901033360048749849236157490404091602863320761667278034494132345499641368695352723406554812272432001899853003063756764150023666221612246667322304466159616
820188248651560535394547663397880052959784701457150170121995489577189458220293452611587005645220853925110711600051990277375281481488624557086166718043827774646314248979342114165707202303186569373049544405412126751737415008088099817908765191981824
5572613650686978030899661919577269749621114868840557817354137196621841949150297304498528789612639673143766512783086012799028607169284060951295848474320794228535919655163230606223094172158741572558732874519289055093460499563192930171847319508077568
37862698724822036489189449653252311394817379037577354385247271567244786300043985712696697592482299105118069001925914569799069522310966190066871919206899235108723960140930202685498439955767973007329003337264672147401947959947022946954593894734676736
257259480605220523247678036433886306571892760594228670054863049040479579963320032382748179615840659879533863597552106665679960137874000922380081789725401257879694301676083721399292248158231617748158791288963191132493703300011795367825322187021693952
1747987630480256436927637035820581546318194864478201334760963943799638749983678930345131683911312991332390080868869848669668577239177388921456192765717616570047397829958150307005338767332633570526356528093741649848891926591642359440272375308435686400
11877154842320325771327815958919674056420874559393305073423616168329741053932407734639626041009588478192700486812742204249123733433811532359167634349160815700076402510223530992205608035704415603899596543000590117766839597446670035842842890322091703296
80703715935398757276644588002166868982616735827277484212420836819156352626520953807225656715706432145125186925178825377275908757676227177122299328900865162821295458029897200921794525402781517042591484359563011358819383697124647813080208994030143545584
548380053283136299915454807857065268713506380353575851043890443728146272729895822189775088887776045522347434121698326108382982609553444172452714305154834074274560356421551095249194683033915525790691411995243499533708799232575118782175786274785338701888
3726290636817030218966886384173814032287486117409613805173022555383431375207733931083202110760309940754904299008185874369328498627390403508602283652572601961639645210641647157459068968478291040885999575541411713443324473725318068327394630175506726462464
25320875279796123221164355592094482031566881281189622152510648774825565920726043606230326726925537185786099326130609555135776404459594627653361929351665524364370334255902879271190308418394885058827898708960596727350222055264487280782954357627980837180992
172063031851580952036983641031051429589007698138012400663245116408204838326139708069945809355513107947960025218534602937382123472325730159841213196065638301606285872224682422992958208435643830098082318081015661455475088109296499835865541499275910898981632
1169238890224805960052434192883123449172137413868574443101541779044497316310230235163948326205716885606735748431828749439360008151195002483470613502754820730997584813622255375909558716162002067945126396362604279886159959408179153652657088368623604869162752
7945581978325603231000899643142214159855146390207812341645517052362566551575378969669258235243187137761559469176998120948420043951300488647046492936268343674030649355061412341947673287578412408566236800555818694626549304714706327093728215370433612219580096
53995169639509610080020784483467368051668265665180943477552211244273814928355730664359108156763782268647346838459371900856715072994441317560341328032364624333477713791896976931966630857562225778970179112450323186014964024144487551845982919470844849365018752
366936403809734485122499403088364602317671593774754777497927244642310961709456836299600718434800484942721133014245617928222908199465314378481522639539753592933600627480302235637252777108418682328252851622170056643623107186266769159201325261958180148264194464
2493637619575907539294979882173946371816580038048687951929695273874466284371009266062192425436234195476607768973703314687187150130256964626088462559160318357488627199642130278388229500087740614093782634748204733451106897079253281173663932272674246673590406016
16946596550692943595077289571765264018578845235954054248798829454952765038815465737675761121978052780332911277803699585384990446037835576596548946184655609323405706533718185798450722263908759056913879385528455176310686964493970709717766193168242441827002454400
115169692087739664100817708495110110727738259936125353836896084890102787683614741702896836645940501170470522289723080713122679603490522633367241322927036993831633568584125954741853976777857818671022391160877205228218507788307073974954739596530855537619968237696
782709213418425511296266404120501476581275355917326367919654375075784776278860917997077942348449696935429284725717327659369594547585787980927128519647427948516856308990908638255288601138341806269279424340274952215123412294185313157945440353533689729690997857408
5319479873218852759343567993214541166101769297644854984476166716243940289957018660906248877858062351311834591967325999113337300920521303060730856105529153958670665711926320587904689488108889607748694095017471388909145219362297183105816241570831282377968573888512
36152999658941220543813648244799694655805611915100341420041735341681729780759133067661667952152042888615175526277608989392154538046690729681513246294266857803565207263266478444516103086849251317370201949804297537879208468276097666921589030698346524261333686414720
245711739674077903710741538595010566212421089495539218140924037294578650249558443905964258323442876211900031989288921412382156729482165244360181599592009010003503211623380989246239114146235656776932044574420232286646561324419224126336261869664382497354352777638656
1669989879579096433146683277008033110357840978107103365892140812726515717156821240111284304385883597320558836974040641348741837298017620668283598295686560377827218843885179549500348656007405840465240305299973322357909234879873919801376431722810155652681326530732672
11350319714529958220447982959899948564511579393336735663432966037316919339877899105040369124128608929430262561511943485007588994871281316722309185059087817126572483340905588935144679289676938072131801002990693749467177114201804680250806393039148758105431815304187904
77145151168362766513174003027803583510530976764588664524863649872176728665276722230678361428080847371939386478030629889004608141914573851601746014191195430154641182950295074199764834877011130103101148604433923125932393022294008236621405404727641800158799268630270976
524342932956885896827617882845700679398533903872713414295692659031454422807415668414246780781969343166747884293683152264310298760162697750950479705856954126347616061392310452237576164747710841235043402575896751444397032896237178008041018903351448567551064659045225984
3563923802878377295717456250524477207882507804646169947354161507404827430828621363869076134251490720482694905824662503307411973672635548090997210228349910404697176791587851005145055903008256279951498831250852106356772190864143316321552746550950616539916336159701220992
24224095492780754288235343612251477632817643836590682046045811559548854906060529262924121275782026294505904538170294761566188876367960726186336694997972471981562749706683831759314835011306738727504188038475168437320222864061201109948189007843631365661120356052719323136
164654217805378288469684793383248155904107258270637904435988249737767593196956890906972003593595158620944482863767056847993730870201349952679284247497485880630193551197451017737435335154429650049361896703866912129075858263249746067876989101357716541240127483121039824128
1119191089033284642117546502525524551156782347801467243884182027375636042273390887028191034318546596787802549920674604100906656032347393580200145627136591286376930915867399143957060908450297943654493494459926073194566859806081548628789541582836477889853756086484120491008
7607495134944913498518388293853717326293220296402577349564874516575289249379579801844829168762011076158103820742119362467607428354157235310890605743414492500145191384916312725453941507574742225057733649116807242373687256569287890927156768840651215536171607160864949347648
51711262660142781407076530154120081587407989563304751148339632061506489796274632632244134512450633582382909349464117754240024375395650680555981609751206206822038835082733437290399660244968367033785228188722814670190856928245559827299408064802782246022687687047503373458688
351507490579592277373369113658144747839642632523718262947443875296543688994190770753784411532618669876750150231833118077146474688776768267714239831020887821596253300371532106992316047051535735891487385490193409898338351662767552838345888297697930653109386001053936416933120
2389406126874970305474977160615574594621540184781943496711720505938767341144642503633782541253736967359930732169579120504411626913820883328913417305463989429008021361268744155391700822507419578924596949974426175051206732099444462803403313564481242517954834812005774889649408
16242440061215978928658611685662169556218992015679466646405015708316889954303206829313805287594453059580519318835302670350867004504380786819715558499085098631429579755037587445740008695014548038365232379281740019723477277952200543076980406754093032027688893601883282110088320
110412552056371401041104058142445219908422654206485407030626862306549801445720590799891087290788415671832777813422390798767931318433023141361801237809911790775033071987885520851236509413674274282665480587081805274859082414084438499370874525293827027439264879139267509621269504
750570453252272838212667178854853302716958996495398002402255660085484649864527807609810890848488767169281056982373734720266554862755569734298035787073610956521269483324588473675105995809926097167299721950716466558196082028438306682387312851659508584352492755783069394709096960
5102350464744800557094920597909852248854954023957135030960479997619450836364180315416743112040950260017811294978257324283245057500422957282388308328316988636943665084924543287460174811731772489818266798736964758774108670671761832437908989627034435149049433453845246271426013696
34686052599942024307589734070834178231795844740483437100575399908439724411435936591335565829273370942387433329978511811568594204818289318542264167308127440502104341708870209124411052487166797553096775014298106756039544813180285785030475981834333637955767063774478548126629444416
235800764059137886268340713713752512472746996308037493779829521228443716586069837756242442981306026434014392859629387093096556652750777453927120835810153435822456591826619641265531037078219724240396514027956881834966692737806466414333138501713207564815648946796789799044533775104
1603028488965233397139253323780950115287632749966189115284498612655807369513281902248608326745849011353566724927828301220639881893604747479984773013171288850742606107739860985555918524855890218190775479064623335300220160222782676613824663843590662414429066042280830534722432370176
10897903120784623604754433142359361233180424593087977231625637593325850856106151639457630626544218346062564804717505894957217273306335792369513728164406958275413221206687667360890398272429931978174483441633246817509136489574499620952666772693354391161235350675616701277355386926848
74088411120470012468135812631003448378812602395223250186851285620980803874687626792606238216843005446667140290863057506035414376600082045402847538231163166938249344300286011649499641410885772336449250185006872933797843045937830988723002269139593638474039027018668820207285849947392
503689876905353279734309188349928696239772444709564106199977770131133688325824225574367949317798057768288928368835140622523654134123050719044425754725199657810426907050414050278676990650711233600677194264365538821009232595156569367759511065967520095978150607934011667272874388761600
3424378284974214435228600235334153803387647697401133520315153125309510181392225491598172176302298124407213638131780937978454219608660289279973522209943007393740936016734477282888000225181680664834962190363481518296719735144554935449465381162855292110955014192892279508877366692122368
23281222649101096501029019060000895737973113238901212180405033274647077853032780671136700741282309217555356850769830969986495153390058492815520367283721767914543413470028409134024177194299064144422929804358225237320324257252362615950330660415575447333838556089396329334135736874137088
158283388822016143724438182244589886123084410455633917165669981433728274595814838392662266070563000841049812179848218271849032381457497420958597106704475493014975975651552180404296770711388977422341541532026107691349683448824417643546777545309462012265898584170159906428228152561650560
1076143952519680186356272949234143016935497870182984442913547866198672365012918868099762189461403499021822928407002799156833776178667204707037929766577008714759066765154627254806009729962724839896876810962095905656338886019956887686648594741718634692073676072497959966242585332935373312
7316625754570914572251301162921365788469404234647611551684344389937277263314236316443022528401034285777891370817691229242191188693010899550830873347144855272669594695495464021491245752054947065848431630080334574153172446782911778313639757118645682821727896070970848527849789920765363712
49745834930755286096134065821680658064476108282161939002792592777264822328641925779776908241693403115333998106297802089504729577877651500946138597255039589090842660905385199362967770613262607356280197253258085699956123149043198885787379426443781557342277573218492405617194293845201128960
338226777170220457089837395580059844102914034803318733515183900686117003811405746757783112055278457824876968083586204779369386481759016765539912262682281484635024001701463642149179851372498248628865428272277346411902599477721838568147079400420270185641255825125540762084028404750328770048
2299665127556581507374278875556913024974673040155188108411532552146162820109579574429959520814522839035659630031303378911438066407444716467097800033348989600001854088969115516895473284702091720040757141572823229354325911805677576709627097616515347230553395231966048460315540545881229381632
15636031273431850575498348811741600158455847091678967540538277786241093183370449664076619265878309489875605184076993694315255026185902259812193171122921439590691936830763704401004053695437247062074803984867888695309843909813481560180457985846247230731930816616874683071555993787861760459264
106314805651099502485992604259779579977780557651158228458725888252465298717219946702042098133694337281293030400210244676109344355746824784395122159769238346641316260291837634609938120042929051100267511487179527444292537118604745117924302615326078780715918255246333217946960858801132269388800
722880029937486331610741629544686053669223931687635828152289462094239061193985824085181105119000236593220705631671318600335539236015316301059080815999061581921940861644700327879578348755082848401528767281587104786391926608860937040424718365438349657812303459857107726868324620692052358251824
4915231004461430981556020141506074362305409992522055592549887565519821792798549703487977743986751320754919757362769715161381364104810472745355270873701187795717251050950841398428570922451942926747329102425209785591780735589956131396882084921027008059415645813133720921983307397640191184369728
33421569351580550356560469489495802915434177812706385343285015376091823436896448827365783045941201441813582699021602473978869709130883292158560813955197818657891620033627543064730885982292289115103896506736084354419911429025370690639848643333174491910330474242828637409611444018919553892850304
227255767611252311987235937305552171104487510513137602781120473862403082849093125997469461780817896330421881550509805211222140281595630547032904861426925009326913001352387525182643065631213027232419263301834673169575839617732567015480771012047998958927496033933094669750515511676111517192043072
1545283368160036017399971864724381677308535662670279966823576771805937799050982484085051107470356435444422115621236312707954438196536706385552911283163109828690175625395698334654639255283883090917361366855785616521388233372407455138901914969970619602696297146094140600719310252330945037840174400
10507670812413237422643373452604594844134040974817684576916040831078948354317647793593632040042661202362236339169476726030565374777417311501315412104980867099682197048631776520866883987777053027815640001630800721917565751026756124120890853702502670609632265536488791239324218327339032944867125504
71451256509742467837625462513091318711705665011563166040960722804051153005113407898013265236301137951715900908460219303465458622717705609311973688404832579249243384984373848256151698076524365312888528384542213231495530641310825906829774223363798429357329117782839325265193828516314246430307585856
485868045860153687550094979378462325447970390641194288226935803811185631782313383759983866174216449180607918283452383302976333676647344308891269646765789585887424402263282757473723763264375680155146791836067684508545570219075453909937271285358236310183897824027880369012876843811486303442170977920
3303937567910078859891528431838213776528297975023719529728703509987418837945265787649797140673873159407654863635166716784123261518862021365745020945686873268561830624799971768308179149158960383339278877703324433097301154697592159783756005935431748800772396870721043038560695278435280300514426553472
22467271119801108641921317897553388867443514866529345202146848644134478951462646192259256012170197685739228517630615658453335444668112363516379575559823953356426699524633132185397777711235514594441089286296211967973651618159502923193748038026993408995003956026551587716153847964588285330183284519168
152782563231578705085070410122077005849796847444781212491566196132749133284135085579527669351575056785829163263461592903003110215707899431871660483458314828879474890739162339746705103197458190742423957001792550460541311866811652204154228466747358534446521091434606280363070038199283719766620622145536
1038968073287468600746909584514532321884664470087351455463327874067010892488551416291387661666206528274212188366267501599001768181970546514381797116027088654644694802824489026692831830111454562553591079886984694184925751674786274053733632531303863972702323405126038856600082692307881725523442537826816
7065380085755527661939583091871897136422627257995843908622611395511702971251917261212210516767144224795570557708950388149138937170860655858168971268658659922191331635713873249115913316325151265621599547429206806318995879601855679797538767775982754255459121182738230039785190957322817628101026546498240
48047826659679452229632579379390057608330589149838981599282779380758755092225260856886087473134099911492264569016063223715392393738269527677303587589281541423186200405998917690309688763564464781159992640574061395627596787460188341067496022934807551735989077187297022710713610928622500716277224874200576
326750928246243755832130340381947712422179310537592157086973491239582046490938365590159669627322239973945840992125995865708215047947848273034242916930129824915427399037167844981952261779515544285805405253918363356604436588074687553186189180267288866339032181920897687200044379551517497324735884786664320
2222105883549673888420561213965760304045175240315590226817553945439059102216834075791538452147078105913352281585689288411631674117851107467882052022954273126973773800199796931942054873163002580421047529248150729792118322291580857730975249920937825105358044478244792362525758247482661826800192627914333696
15111844622112847135347989229746541276920433950589543192654099850803864550488768055635969533088319949318670199271663514171130819840657740475432032952123723350519201002120389503499314747933899175096659034913925345175668431657308011567682784312985126178025644930432692726534696795508657845507339763457868064
102772044177365717523207067131802057787164382219112729233070214828808159012434822122242181024113862425942408064958750563641542394569195004285378706863054587667900479217383180786403632584077915849901502757675452028917582003762316715020622730355981969610633120287539861529694470688622364564418403167554783616
698935773428882525476052011395826217627904904081457248637849732312459168164554710584359888443856692885611326783394917298187578019200964850084538766144618190277406434581077497543374531915081561609510998482087868425813922323130191571160265001316198732931151188248401775844195189919939660904593377941792260352
4753399076646109906614835063754632048520972687553483518593724315717587653177050368429939993027561080655093647903870615414724496175372187717357101987067445564083406299469263415339234974973670570630019159543785178628582255275520047581277452773664243579662057702562191736399645105764408597288467638344840024448
32327788317813609479854159507571009061822807200139531024510591215473514902780245951230309014972796714081300710567983747967114589303215848102765905230384090357471328033513676734105354136540688307170384465889485863328605061224790811185440157408051680334770582593910635706624697079320021143140817820372973566720
219863123152475860908565405267380983052318465981701294167688681659300693490981806215051369414579731507774277699161461812481341369657583820120913401346757163952775903257374218615221342207973996227169750012431115898296959307570056026249873525687369212303769942633901163652260266131535874329475047392416873999872
1495317616738677706710937968781479905310945841526454032959440718309836892011194384637447691473954101610240872638820511525461647962980639165594367392487812805574333875171659322704007222828816278119356397730412415353893382967817017499497690250931540624612215203396926300943032199629535227503488765459093829349504
10169957547502124043856486574925774589121945573384998085019872371240046237876270960797673281830216744700737710776765827126411539495466071495174938383569500766941332509307725730708184545876810880697282197425259962983485447037104381772260964723745453528423563798193354599791096014100510194525096681260239851130624
69168672185754680760228933097834351510238606615420031355106000339128459743994497499513905290809969224253194415997015836339836807715071792033604670492919305688912233596874456605341916865363880531025156849868159284970715787909121321210170316240360817691060036114784898468474529251956925728690457875424176342206848
470440086825632341845141925995342259932927934995391438202165520586152172114282956366105180600853700795808328576772634610469266091447079659548129024320583386190212479747870630949106910886645966385260816584593487728678317841400344820936015093481946564595562890354663864310624269729500367347653392294631843170718720
3199659498818694432007041065615802123891588990956390861064793218472413178829848054091825980783031623457272073430486007073994417703671332576016339494967811195004775915078593317994256453523669137018249447232283559707198832297647242330712573676177740890080255323721089629433945366631649754959261744437920787801508864
21762447802952552756658015880170736865414673796448308556445442467858553001023491396235910505549484664341293916798368074060308915241053622016050650053594152048635355724550970344836830372879753105150098240054736456103183796141690361584945792697053269683992593142929828194637479095504514806175923042644235881030400512
148018579775068221714655263830937228279223668262903479143695647423031237321927822008748812942373103769519566633215561531075433981016440313261561955722066086212502636821268980621853424980585218463609155446717881214161229563293221631126603107714536337173347031154316585238297606824233321426414599669877362371195710336
1006767556085930713970665191597038515651475410161761170792584389404914054894107343315865959854909455882456130446041022104638281001776215876258592595905046705569554350047055940398616466406930706185272047034659705390994321736621281302195235105384564810417601896905023986106527577489848605856317324746570510614796966912
6847730426225235311306096290641015022088382554022093574088032826644747390735584814688509848658607333392880846120051602260424319791090421132002714499045559227408021157595978563318739320925878064302694607293047307671978774047083956300628506215408572992396986482505268269308822763825920723591059802321486807313355671808
46576681252813862830484658583231301561452933200466931920391273805638419339378317761736968760307466650203507859057941966437897910499192560177888172193403008720631293928313187976434232010080724738825922568812949570339522974078630807024106691824644636853168513394875661161810627222352151138802974039149260207186146512896
316807054705625135730784214754118837140420423617677451707183001983352195219915694691260003373032420223846346830797950080273396238531335006097759688671975819124925014746865269926288123854255604194169855564501817395073560765934130580111878716830485400176750853909410149682251073511505635715875311166717847363674364001772
2154892170048976963208853971072962762176916020632869904531333612909226630805871902408774960796879839054523268399242355627512611995026991585502059984286957628703728997006869097807635871733189437758850268838899956961376272238014688659072784992481846147013910418643677019610251031092773968275997300562753671167111793466640
14657524037289912543360668232338435186877143528878837185927007621467209606136164005541798037176696289808651587909447384731651942317750854995295661662072437118896363953267004525646549435120070011551565543952736700867691075148497515526233824334927290356844921412396748834792016653758528596868240492793179580947359118780768
99701120052104914608307095497130602228165892130777020161764914233974315725141815949840671245005345848036875303282865832331233850767132145157327209249351849862454645046008327927410465536638618537184795598249249286328330334336998492504462928258955537794716115141276837666930348083747875245426866755173377088263258419317136
678178140589664569911406368289138737969219084660643595810728097429861821878990321844487582037722637378964450193407366589360120846561699521128355906509364243599617729712063151857304057493200001701194523499666658219672466919750707560624567913163833136383152963265614127940149172193168238939240296165408151030481041244457264
4613089099369238294884525558986192644938843062163302407507920557066104734894436410508342257332864642447423540269007011553709328332123168015077507092413906570173080057909603072078926200873893619462350903870338590468112548431321117933617177294168369383926602791969313032381097601498693378356651603815800503509966907597556544
31379367251251772291464602760493562287494939839100679114167392148297369934263224556215685610532524675299511542399551812906464946754277275333521841025775196482809828274234578860409096608772298118474039871761374585608848116550326920249167562873948439805562316941139705150628273645971374816501812547527210473217774273813257104
213452272499643795059121887450870477341801477395591070135133145918103403695117346511705983797065212675068348016144199010883087151387308749675415941075029922211263140292411699683135823318211297190572740029457299769363470310077397251785211256288797687695487254916451891796790316530893317400431435251677799880382240112277357728
1451983307571648201251812741296320271766514136215570163294402395616541609890048099388067222887299228473233345996828889405115330042310973151925259780874562628053074379028584072719891315407077977199266758861529077336502551961055190013843485302119833208011166978160453182902511770209849103530439832673717243678139054433290517648
9877037048294342787714734087498601659218559826339262531912109634960946332610129923931355107492160853191730602491034722304075309056098784073469368976569237296275677458459417021650916418641030901885084557621210974334493920698879623401457342536383998595432908113613514026241125746717735266516964794618581241504516916583552598016
67188653703375669652861694458420090553303382225042028046295849840559674233992510076883315186220271385736006736039942033836540117233739232450224787938194580241985403898395181673131011723875794123910307054473327489948737002936270773896284573314608356086454078817136155547230381156867301325234610100381299445047123871075586531776
457055954151020669661671872638033398636969676000529190525980384851960788659591237011536082730085159597314164433740881224458866507996931151465512888256394643246926618995400962875706805262526821466993477123728949971024031096371875580391199883956411294639318104210914375364340707168531279563610046478189152572013104957348862203968
3109187819438483083772751594769744494808211824260846346361323771868374057767727073510914422393652564942790684128075448997759313604798401085248927758353193371571913832853040780038357580034123430291048435356846868415290216626071994606995769882017944491709965183899273274621417213711302045319489752632277052564817836290806873364624
21150891536707258067151410093483114973180707036087858900216605046692942266246621747573244692823469460352693835621846259040064132966831687296828297169221323420134972978796894186168960199467612120802404584205314779486875923275987354054251807480149815313564914808315216106354825639822926049949538095749169728992846802129658138550400
143884665580923291621380309744653160512006467351505594194743165966020613389148886428357957957120152694262591442573997024122301266614224016335772638716787918022744493184328174274375861527518222489115221957992220607542448118065674017811652814733082838221128395167278789057246777965241368551764672876974344218809838692374211317860448
978823613297729776603001592011499937265640804615118687972686234847029003195534787215061154682437671045088105976913937627501608395230190294913222569104775575048974165631837609858464425710242274687628818393220130949231271381615877767447625879319337177195496635440535876808576969143130584989884462216519711266468059208116519738474752
6658837795084819067658870625789715275841961830767474457391970603328150528840100338192958174924470940724046017526806879226971400164743215952082935133648744851149713691751618359052451558558701903676889767332826742277996832809222784625767693410635677595329545409481767704206748906576633404463119822626779224628654060517072021781575152
