1
0
-3
-12
-60
-324
-1860
-11148
-68991
-437556
-2829195
-18580776
-123607200
-831186552
-5640619632
-38581047048
-265701417756
-1840865782488
-12822052514172
-89732183903640
-630639807184656
-4449135075976392
-31497421577808384
-223689038394468984
-1593188387468733180
-11377300765816590312
-81446079158585264892
-584358649196584303560
-4201413993076251072672
-30265937552258376296280
-218422785217643123488944
-1578974430112678813799208
-11432435422749980127294639
-82898452864842392779320696
-601948636207789136524251075
-4376656862269363017629332308
-31861287939174657788633675196
-232216085900955985420650561180
-1694346299234882834254766822868
-12375645330926150144574803060148
-90482822353875466294404428126847
-662179248010252694804753865984300
-4850385218002805192220362903044059
-35559008304454475097883353484765104
-260902703726711336077853484146064960
-1915786027026161186085904772150327568
-14077966268765398168744633814678036640
-103524542991441286613192770947164168688
-761805459436903344316100508537945200832
-5609574054249207977964562836547636540752
-41332262157744308065608932412941286734112
-304727099076383021742131196765097790668080
-2247943311929121154872889190475744537173184
-16592138307181862370193112191935151377134736
-122532976473609735714003354209862157043425056
-905375261363991870624672111853317754123920240
-6693004910930135862422992972301124726320963136
-49502010752449602656400066356811141999570206928
-366291139308157679340235564450641367129873235616
-2711595708996140462170737631418853778688067335856
-20082225561054672454075658241304887482401711842624
-148792442889539681992643234783120263101331693841424
-1102874503611199366036367544754610146423956432598944
-8177901084416509456900088177522154307166408000815344
-60662842479072471672431573050271233047748048629971868
-450156649274417553300010824818919807043057508464963152
-3341640247583021348362984874771152888692921160564948620
-24814535400585890853995487614498614507098502654574859744
-184331079114509902500283444841695837206658444349197852464
-1369722755895131042664625291037383045112071943519528727840
-10181326761665712680896715786193695689387697788590325201584
-75702420618476999360821856930634693705676724203626655032864
-563047575707346492821788330127343664140784652815310284873116
-4188965285189493228572737967570549157070708658495617271513376
-31173913414671766242184668931927632443859563554949268049311660
-232057428710269279638982196096921226131349585300735492224732496
-1727889789183568711210813644961426162668240079732418465190397632
-12869152907034749732409145197366625631530395878921003810585551344
-95872557241040916960416616733248645599976846788488863411268990560
-714407934821929846250909987869893387653273225289486096422729327376
-5324797804798931240403100322218063370927814884689156197304961041008
-39697417459136351832751717624788359920726691911799843960665343955888
-296020067345524531987321681549912870476809660138676281493284360906064
-2207889800290702569735221077925272271270369098162839834024411771536784
-16471328842500806428115488390569961957129208554786015938006513861970944
-122905872192557099702586304299497932230879027024225342787115198561968560
-917291152546502891601978108986412706835176531846147948916345560596067872
-6847471819611057833642084354258950339398019590121181598550263202684162896
-51125757192793971160866691184889518726585946243276862928360761737698571120
-381798084610253669996434006991271123258196475488287398876846753701491462768
-2851742696611968709285909594437245228243907881790693821321845134266137768656
-21304321230127418044434916628148650665694621083737042153641193805366300243152
-159185705929322166560643936584482233395119863480511934498245348756479923066304
-1189645932001927140823782202664945308057992244092689131198169086652867395744368
-8892154781602634513194075752966979147325710966632549124710052391232967279901280
-66476834824036490807220030847319386331384394922745338297615148047109162267228304
-497056924983305875472397956538600897397136710569992218320393036178211052140944380
-3717174040297044375137088698117423003469826568204096929064072484969604226850351408
-27802840910837217767863122410055294294037869089629132027617197578113527200663060140
-207985736330366750442954070456063367801029546481781740192813142329834475750077644416
-1556125631671996481115837331186616625019065425392511396621056168776271711096450978224
-11644508353752965293967983645899958899864998783723499666401386840208454408982469129472
-87148870473399441244770708089110858679901612758631706525518262258219576609423074788976
-652326798985188436184288712598360712969917223001854183681036206760981248979285418907200
-4883490126406188353491581159846600893191091128013482667382108933447829122072035943767868
-36564181906686721987302859331252683773294159666004938239962974585622559402902309476323712
-273804583032210848678585150995727512986104863382888800959474828034883855537101736674700556
-2050613231263384636943898288402173299925152893748309824708447140333672546957202367775491440
-15359741350388917881812280229826336266900480066676026200248873015709126505620541977439598400
-115064167689251805840332465423613593770925283425395873359967747865557355126136253346211394128
-862087451123042633418126599865341540448514046821265655744802053110605188835121932958620956960
-6459762840139109483438318572461321460748674269238036144775677773197153982839008893592050052272
-48409977527004914333415725417888159827781816980198658244143817862270559766746812476833057876160
-362831763849124314998542478545117508935227884953266246123918388396255236312071663976681758983056
-2719737009671763967420614702965708142995503238196362586079410228365799541431841054890302205602976
-20389135801772407517556660432805300990159473291888022631148802428649464163530961848115188458769648
-152869255274256777840225681033222937799267067967113534910224713431663450310405757339394270397541312
-1146278258714176369396123097632962734403728525648218224321267952237258374103548127671726547747061712
-8596223660996432050273474561357756558219838905854386894527999095585931049072959740829968704963470752
-64472171324706750444368048651765738516119551299613983861212738340294702559012088842351477616855486512
-483596377434314355083019086504718741747932017454890981310227505926948378962603363562669860174511434816
-3627765161104977801096012824608470159268596111523407270478224626639014351099584410654192037036933787920
-27216979681107558122032619149229645330106970853345256302060755360978020047643208255104386570671580268576
-204213570626363037372417075113450026219761170472818798964893848864030225648240702474219731921552957225072
-1532401128717732765283372980337871487058488049688777760500014316527854066573022435823076909006283344464448
-11500132043950522087781072438288066980280750693587437349372428831645531104875664298811139413939315211569488
-86312761521025574640724510400501839886808882115230351461371986844071674896360282949490218959659396205456416
-647870724199033408650098985723838427692652647360513801501888998757920192421278767848679969568095336688324528
-4863424875053681916901066771598105232114982247657247836869793881988862582110444719490283068370820628599586991
-36512027407294503851709247836784980365826012671604051690159283737031936190265338695659230355519389594664206736
-274137816768164550408045654470097952355554224875238230732152414770761916136029948845608980516377128012592297427
-2058451373189887253297029444576099134520420000442199890380332965407882911551384843053780833815213122463633379516
-15457894788008428151302661848023951561071784445996732387877564378072399658089805845082549951028225220973993927228
-116090739830724449119271898097010085734522538859868060777423220660730175597910522621862757482439633761451444404308
-871930250560083882230518907598959944218985274692408715061613324124462509181995789808789102064349999921419406657956
-6549411771303353283948595514075134839745781158361226426530392703820854021127433366338050617557875113949763511438716
-49199273913200291938378299792199224638940449649457464322023203486621442512211418542952482021333635975345293050506223
-369615701109853037826774478970619529457039054613246577933917535796753720093448596279526233485253409737899639115374980
-2777006753306868130173545619766123626805950806122587527081159667906662728574169726588696880476516053776429535429661339
-20865930817509399148581023160251934323721946086808166722187238920626630576403874389202820493053877598895533313787586072
-156795069065439157439759815213209675127308388039630868418025437500288606827423605486582079390470895643050890187985652192
-1178312179821595499796225956999358384191058133721367661369595992281034971205573025018888801776965745571079956532391726920
-8855665212755626057280245234017995741964615012674104183940920508486058359551103390527179747465037192090936611001378753680
-66560167715742732262045100753082309981015495002560107872771932084824799962600596423774661230995711699053479917063419973944
-500310443386501569095771802519018315429428518332130918083983408253253881227652986797554778672816175508815779545890976006012
-3760938478676176442072571808356691972749614642436109163617078049679490233566698001717414766728082954455713478623010695548648
-28273785368847676922085105047992486591088130253699365327893397724135764450936558120770842660710609270914038142399429071074876
-212570173194673840099872620586096450579132919253647680965357177242542168175854794704569491901343995968057984067556606840409736
-1598272848928393877761953836985114363034145498900839102718839771358494431264282840040063464679259324425267570631312609691944784
-12017920743793792928415927542712157414996354042630351623667642814467367053703207180199299853364638020682133711798647351855204504
-90372681409290985197397521888088389476369486539130737256075001022488739766665838811130511072274431665150508611359270047333347872
-679632327388990814275064846693822588857503472888230169435102358345658504733026826604361411527568610569566362517753319037668366504
-5111396040431976505498001541458363757486409319509374571533829683520678963513093842708607609215809896827702887993834427927282669276
-38444419157420480701679122673287044488084634917163613438820862515449204606320104126414005717787632572618908818091501489230658947320
-289171157936473707926680931528246138598333233437624287063118557220974289105351196356277294511784368624428976550377954274943491748412
-2175224978428754286891980326653999322639268298288456036909485065853662793120659878168318068130542011186395488205453862412405520688824
-16363664698176350386485653990807247979644080350204080644766201942969908297972784250277701560231488840136930065382702012073028638990560
-123107297345349464231282465271230197188038098179514136086409583821549039512580332136916798559843738565652421514064178460521514317429800
-926218637859177183053017732112273855448651363894607925048266039159844818641488790730981926766717059198430453555832727847776419140273104
-6968982815079243670716238603802002578827574437402170415588249335272276192128079364342406280904923152273668547296085577370555421135274840
-52438601624184014513520612464572532617846740786825324631442398582707716708595847665865055031806039628061232707189105204540172344567731567
-394601124430987321309298120300889489318608517592953667234317090352243876942799695624950254896818084687042557487878906301516162696652114056
-2969550580649072159277965377713217836468475221844444340155797559087072358870234599772398998166176638695431890684412095446384920540346166883
-22348481374175617461795582107806227873346847159001048606049858525432880026980817726978898438389236958194661583144772440754483035566474559940
-168201507696773981655747732145538013605322874252511593451861247276017169702330989947844533494828539874461778223967678639224104154178313620988
-1266006773068591303275977431925512194062508819151545013268907038794807677625070785664741610905598959550866539559758160137819139005615702786284
-9529413186049187671432801954268852054152984074947266002187999654201488807356633949822812233792734757570407437705934256869886512032005638221556
-71733163212243593541138464579156331252774588825136135845956320089670893932228971566695440884843013922450898637861164056353116773304847948200804
-540004301135786633420389429854341223947346616953032137636116557889862271704697281938604972605532097406782905884397314216381570719129688103572735
-4065346708102307443533330572958205643830979079281526360485305272859248798764828821065056384823297252778975484795773865943875771229762371260657596
-30607004078054562462421807329849946435463051655396178480023756900542734617557777816767223498509185805697900582268241601686230207079410313526008635
-230444658156123594625049956990668381319614561569065205423474726187043359222733625800114573559485711931382406336481825457124327312027393001615679648
-1735141103915929941575584661792200262494696890233780415277529000387656459545313241048224744968832030679094116025273519530025890363182987980952152960
-13065469484866096654269152034236828362395368467607419814421045204215438251353541772762107063349036691517390145794203995831323854401416106236082912736
-98386850112507828280210191218327351946579179070019707045439656257400685497148434343071341995487983278419359594823832199122511923601359380932798219968
-740918873772645120607978464315047140230745957957649517138965220219428539051800949754564642284211357341814179471200855851273570526458602978404283337760
-5579889229651822796046573634809591217922798027637134133706100700037939381525945344130265290607598896836904287975161701700821089719845887758601193071104
-42024405051553557820361286452719195036776041155115424580052686380829600778108794533974943843935266287024689636451858737230174798872648362449276914087264
-316517997062623635855197467413935411093224253148359945730570143916104167868963032331597626994184595004033617108969660490738579061754048083008854960259904
-2384052687259830994121653955496462659446831831860258783899526146318700027694907898060862927097645907326731804874438343203826366287361301736996247900859296
-17957822084356297838995910234228862401882443430558779932372751858342456896074709272239762266700381586274558549652602775482830131169470988644836075983316096
-135273158114804505949418428288317692294112457967309293480459573183473829518906649562255027618502072382063898509132072602770091458632205856810367576538233056
-1019035986473395464826608844489816083295124813735767615698245170722493148796528978631102534737548347616395077091710049953228861979605658076631775349075018688
-7676921879550734905646100573067964578037398611335021065918973714239299736691683714334152312995455448259447343638677336515479682151993865428497758227711794976
-57836794479632106096963434365426393657514988909777200138926744082974645093560434949157838159865864121003616338895335054604594641564187207640631182748436755200
-435753205165530617868613304898232040570885372600136963365036110547506003856839919849347766204238472947083355503414498374115930752808317789573717685623338707040
-3283190174438088884210834158883389214071027515423365996914177330428222425364708623925178564919850880246023366759139643166561580441270076427314198275845492181056
-24738328803232514135818702184899664772323724208451567000992951160207994243938800193958076619389047741935231845902208821543192934625049138244094816593230854145696
-186407483362738780045572449931244503843244660470342653882738286100816347110006977309555129762104025760593249852789310078540487859689476667614749128575839433690496
-1404671587942810364451961744073104484652722597755298648403000022717091246013680320268775771345436878177809322970820913784065269174627124341030264583167543291651040
-10585333055196524691936423422240330454655755183792100865503311039782414419873767727275657980996519304723939341362351015783924542817476162622153695257738309945807040
-79772341220651285589304882531972990352044716863528553934922279802016354723195741225253452885248147419419422647574481372653607712830695642237306854072610127189262880
-601198713259658168908080984799533670407104508549107528937713479956859009343841936454030105903192586662607547491975099046668775958576024502096033741329795204470000576
-4531077114416145366597873906196637200964278150577131135556163967458554859624617828162545315213974589972992743130684806275525344672259128191396790053494491929166539616
-34150918475786699071828329576000556291469174832024704960756996447085375481694565313736976211053567163531995948578913265810164920701486449721679668715781027796213446144
-257407185834810699066965199228594247587435975606550999091747542591357400853984074307268924281465102583315670300798828844909625351101851679352600945480336888090687542432
-1940242934565546822442036280098648274444626379667188979797159158586671874585820043760584808282320117898254124263941474247328999566036526214945017821054019273211643536768
-14625426698767593099992426400898738804821595518912627741888378872393108402307120679277821097009423392024487780330169883015254794629704555388176963461857594175617102917600
-110249797162986802251991918973064426018508100528251082842773835555409952729033333836250245844256794977648581418949951540950086739623593027389288433594883798321299109965504
-831119939727208820043519708525730356328513082062837854447825697566526752756747745045714410477010711855641815034254099922080177778715267126659613821060074898922853983467552
-6265649349418637488656485169872831455783726871110778830546930290335526833523676954827659165024738349559136465330892386856489438626538620460640221124492379863485919860839616
-47237269791458480214683500929763440897434038597849513752270607520424074311210981625745164212313527618764026922684546375968879166768767846625449355774152830908129033807489888
-356139090890370699869472857519847856725460355133245889875475769324635587342453210773300831257259888694822139240868915365236054585074034252112536194110361260047795989372359936
-2685162038247911400584947815491399152215244855400992790000323563570920724930690833457064128768320387045560730470001258185102962736049045596924376371785632163127565444356544160
-20245904774398543513640199994595234431120968877896440695411988092057807249671096672854920071320728884026058827217660037392152070687019638390835235467229188860155331250993534848
-152657998551261412061581275310405021461652166922189643270777096397427983053132683712696357024736384191203996126016298355333537320841241717316354039511247655031330076481240778720
-1151111702166672302007333979309348918775772749062226171704159753867967777670339009570472843940729006482550108158138969445826916603362643219956666373922875224609021884439912642240
-8680220421734518315416034029579916689899254618799099140276520251275233734358168704543974573304245148771014718158509333394588910448741776973451186875668303382618456058102054754848
-65457478193976094647372889501160691842433852796776984244360709519234969123261393146677316787917732249601543215716905288012530115994395844818792488353457051862902709269397597831424
-493631506412755094829583086540093700170317191801936336282296654549162088331085506796772378660947754374851253755196735954122038832348622979797972595162853128839739443813085440931680
-3722728923868249224855792016742205241727883977652973393940855196713589309298824775065398052736460582320723325954166475025149081607717407624416392670682924203689275107811703042046528
-28075969053611075219390440890562950171674077143489543535772719637000108885298390246046233282105358280044094585733298709204077797267989203202005945501423825762971198110034964019891616
-211749676481248072812204248227131269149544003245456005153044558767051693544621700511000358963181145158212944300391189472330198012425661601827103337471286835535465132108388557169114240
-1597074872385344332134422876874855475617984595133038244369805867551509700073810597753038110698146853791940366213343531082018931751791691952656635251530537192695226453428061538657175264
-12045981247148398671311195971773673091929486161493359878191356665853013028068131408461961052818205640332092669915710697331659837374033833976132972195422606705041490743137912976945792960
-90860126930313639033759057958301788521926276992721926641818854476353192892270099186860551710761781712234384864134195545153786597396533111493720698567400981881107422425253116918945290528
-685359778785684446908993193868923180155286719468499887996971042625048851378317690115494883217953024882886140922172044988563848260582065601225700292897351597731837659905530819055854144000
-5169849206099073176499031009016941354729182324242075594570486768616787657914220263513225185936856399439730328994195495807696121613324452617586878081971595561274476167775882484861033209440
-38998777800661788951804060556688314390711979329298803989488806051621311892106150772506928703460032545600062133890063264708618582385295492475351934653919086833462690650502875008384160055104
-294196735568981693555972914720963117790369242303936916540324457100571595399856689719062964651935437902349286084556206490810321918142815783154023350957425130515181549050595324031872292553888
-2219413936631269340342195205500060428824421697480256105055463376478280345262258167720867178790362008500226216696573562443952177181928322292821686129329454892291879259585051969325453856307584
-16743731507432132169723108154239212095347671358025654121423430099375302376961759016722583503301558158297159551266099556719448329022061088195962758532617511354753051030273400888749907421840864
-126322163459679288278431910333806288993255890272274527923462615647108726771397163838520852623806788466082855870663092595590389936404430030236508332414660933663754614458587808676710771052318912
-953059686688654603771648257190941533067107357030781581555606127241739020702769428371308661387636515833787636530698011718016478529068939539805427037655117055959686700614639798766503146435868704
-7190742997251345181895856161631615877980335878578974280470387961963944435608097610399853984858854135029969575106504889540803945652557241593133805440569929073217085079156334079061828424151022016
-54255083933856183680500719548356549250153972281239868947641649447770651052670782761791854553787076201436997885412051325436589250568640272565129864128580249644934810597090408045226434157601322336
-409373760478340480724728513142044233130839581905428345258778638382634442240036943017226404918454685431440500942479758750580740865085207202299893743663405426645104826125295925902490225526131982336
-3088960402705679580901965806133243179152431133521681981773506722248441657981391986272430104448287631028067042150377312511899824133234065163063471438730153794212352317341536348447338689648727919264
-23308661967006655136853529324925960945860138771322309776803226011150999712739488892347034821054701121052380919905732592113114419441113565617270872614225668545134412011635335128854671326643536839040
-175887468701131787795173731424950431088320681945722447342092115833271001600938839759817156200555970699376433806680312569357623345736301756423512820952123588461662667284140331376333894947727642663392
-1327287172552328910292151066782347061717733838605989724791029722969663703383348709227939126740103533503001559217587416316715859716454254104397695685755465443652836382588608010743964858373352412327616
-10016297859070845743568845028449612170203713643864024376656131560642181896682374641383592277543055333991366012817494634721058839728273530411294402277480141026375987745429219799467396072470732683150880
-75589555770959759025984805102165214713610424022933853957218293043737036510654632832384846444463648979421071080216658801262058364672936821424234568974373247951975503553344345490917464401325042312001216
-570464309631947102262747277910983003757621611201463656415342576203720984798263516312290525874529865300141449203370153760543647420152957249439813811361639686737025131852212905309472801163552612249779552
-4305337315629573781469847981684682983439596402416752270994385798882621982218590894599942830715387565557322873733580915276130459746149573634315987258623981489762285054609795995002142860810484242705232640
-32493598124859801962819516433150488428762439018392949193536976473088448416733200810250231407752491934390156124690613159058370025304293197702460903050744455186385813714208349470913570881515715587808941216
-245245045211140377142388999072589771603153815223517717029230321867404968919877145790171045850163753064812849299352941754704164577735553477572044170827616285820083442182487459966217425278261622351213724544
-1851033993135164781017755401951240671156580732068142425966099614914822090381626812672845982181258812992453089239269424081294348521821922960210275743067415208127962446264996860980568495955803853387875789280
-13971407622593274784938775789824621191640891431466852880764429932316002674885168816930622137391633859801826227142770586475645179252162184016119961459099928690980543349459716434576614689883237317186297755328
-105457495239164061391926265702803536917097794471881833617832978838924876161478087476038045030707205070004835221690175919641570713492250674011112213355741263950090459990129195628781972786139861865734567612448
-796024002889347009402300730668296440657805780280341417842062225199150353847990373071989228505096494983667931904750642300031299782625135258529820904709430204022950908924284312557960540681100173967149000886784
-6008778606325396390045408555739382643454145025244862926810160367436482833099415246105159819041100173836482112711031842804343544189564636513897863338582534473950197923814203898428358931534545971736064340423008
-45358373828966609984231095064224017262448745859931817760897088113072552287919134467975951965400569701047755631015172854486714985253851706040698539936929668067620728344133856306612027752231373120404779913151296
-342404836562404913494230190206755912953891948189361977327442235972319296395911616520341498357276433395828008636366178337635286327019861772437121250370542682083378838216436972370789079571228680068807096252481440
-2584838149857000142444252662725933362250567170837819173105869801776846770590954391510080376468960186742093844726749182313444505909084364745502680522500813050620003233219550858404062483397798897140478598996876416
-19513617074516346027112104640902687323047155909147282999955158126040247846432658048258622174170607655770398627249404890612139228235524287436293471761375128659855896929035091859715551240969497224821781591917331680
-147317069730973006742862933717442166525559254944797089257674052846674163156965913709236173359246064722337862398180407280128399191617679716182256789188930635965239930721625090731167981990698032323744767628393632704
-1112190412026039354519745583679345586483365069079140432076028836330144035537647775575761194685586569168092199602361602920346511712338565467006683404572198655161647642256565625374119411796092636204935140546835890976
-8396840742041301336087914081160600945427219159037417746809624819287304852155859900134645390773547303849132471764125375264272760927601565666019393793546420977890083528637197612437663640928463563844612273635550345984
-63396209807235085326496929475436842819253849625598348292556256632929314226412961133356390715365140230366851417330692544133422894355217253496392289801118080920668035708355660474437978296134684394260972427482839712864
-478653451588899841074148232815529633047367343986412023332470439044201473740232184886198773366942538591670580969398623841773037088431170381716353277003320928057431203947448888250668970824381909227155067382023065446464
-3614011540514033488578244052826443230861008177841951438967869167749060271929258966380706281343367692085213191550254200089366743660087399147700696784422348029366982890068894917068287526564179291993410062479134554487456
-27287781640957569786981100015683316822983413799596346651260052462501722532696339081061967219857722229789229113917761238613989092665492515649427142441129419876418637267644488056917120138368186366325304194081841350976896
-206042685259560522376130564349825327926181673698661938105875301357503063840709422637553487010749242401720334389016554278005997333774245215389285189154201085775329052805648169160643397464767918688542966667344202427830240
-1555809303177344463615581156763065029275856405519754561368479695351505996305798477275678601125428870525860461990140746170042871533251327319343645379588138947352953284777567508155066564908524479527241347018849438577852608
-11748046034521261462259805456040554498479752503947030618858151439168182370690517679312321363233504952448757901845456560833480440171507314293061165810567314237741230471689679168937308449717255434100696953975314278394234400
-88712526633349891029298735775227084236671762963192506921054717695881699952224707501967091853628995859652721295721986988609412243259590594363084396239648119021325129672477319291061414327926880417914781752121128034054213532
-669906532489943682043043631411773342886841257222666091266550055923878977317458242656391601569248489945830549664914066383633164896962032613877265476893955741500123493448433810012596739561864375672123420522644826407874953056
-5058868082570484594893288878488198051942796040464077010709558214373738905937056704489629576777376165945282682511416743267108412347677057812133610089348736046588862608024648341020627053902772571208577488424165079252308699756
-38203424826846693057728156332780570928085158717930125475029867011297259072123451967220956202827029241187913650974495109744437302916349300970514410482310337647319762868130224691997879382412395862894062319730906957418362436176
-288510063810502623159586883211166289062909340581165541927143051089165281256290086564675457397308389161546419168289386151385107795377388274760656397581200852099003613218926756034215897048020392444656717177811037769721364324848
-2178859802483842282984610760995628700360795909584909088972004951258817395046847650380201330524662173658029590813478902200451711889436288390989709446776689451624107476692120241600233437215533403102755280508364079918392678758768
-16455352261069145975770567526511842100750731750334059845112954562896385681122336930751920049218215717656571297318356710034079464283361627101375325373297711458952921264337965062330224247077139475611013317479021821204518566187088
-124278094213514680705465888510720412947435275949558566627897717555041224235111228616578877772575544055124256637912933679571354417060088527060268629443689559331935147549146531053600634043582122284468100255255660608797853147511760
-938623488058370584238080814361770077700347555421852744816281347601619561109393862568076371083033986717972672817196830123995734198028258359352453546226313595708763290038180007552132313468508959185479254493763372916995127108343964
-7089206243224384360486171004917245027269476238254836588996256914304971097046006128558201151559645007448441541103387154933063763873529702049708021376714583598849029320144438313828350904883317106847633553003629225523855054064925360
-53544281440323009629305661873895471180380019278753972584074843514912878530760431103191427218181006116879616387594600597995426113069634383089652860611587193343109864251170022211249311739786967103329798687695835990034649595710872204
-404424817708352196804117651094173648565276184795316803415935277891319561781309159171898387535061034263731128021968756486913471571434668727198540252055307567897587547685281473486386157828182247167718524207671056926338134807679999040
-3054721722790481598187482441648626582887464578768213337759909215698939124875926228879165386439668576569835677734598692614366768057319937386604474080252825729916868137614085535581833917758744739650292629427890961548269579705487750656
-23073559178101828184686065646054043983071743783651146989434973163961033835108681428350257820648566133733464026372371335804965616573993306190413063887865743746077280133201761116446360543565796807440361934428785787680477340102724953280
-174287622070389581111733161000209849321972766275243410428010728941559059885770887703858251422504701718131213599443250008152580976957095384958312844330409733447969032381882846941134479053834811989834000535369498739727345575435041345152
-1316519956621315150254386192229576167363854869132346764347393663585723504224333186047821137543590200745588463782778652646077503674558720099127809475553385257408392363733222046071336655829315290350292144912218085245507866377352789521216
-9944826985219819242626083839379693315084781293393712940676085979815072490866897470374331806480731078741849543627535863647038136076792861504995863560269648051186656383355584913352544142464240257415195576789513712135907504719357154352112
-75123503658312486955789055283053675159524688032359849586861716229045497674547924556790034265204110672265359827888792233235929141785738890995754250681761885138618466419187695502079689021904800661158223921196442393018617239309977227141568
-567496504025004022924900934421092623929376542914402583778652469660620777480696421390728521983374484860964485001406359702367265758237423551863282093623362470685599448290688828494204572364713852801884947041753641491925557202522653222467248
-4287056780128525519114728048457677938672047753713521949263919148907627874157197798279442077079714870241730706588024195571972000931603040010499113794298990216960039208007297638210243146108099739382386055871978338268017729811233617956503296
-32386491826120729822215897792530130970641169581352977716548889852827606154361673369366465799054507415082476528328558351165817447361799808597943267326805124789814885531302053185077458983728888979877389916202648696851830918026727494553931456
-244667983056353894558657921373344161358049068974325675777396167851111519173630145473004955803586104547698464355358364030099309343703980871013318346556050849278063278848824796982107079810591404745252443913007300703961740206157601512840198912
-1848412423331294225399501305375605692080051579608946944644670059411010650189211808814958304407641506913547745549797675626631821188874857627485376786793993979885268791732712885299994311877536829931755885140530922701104963853763706558534079424
-13964617885727679148897594790467661173014228941571026657384738031476944305015081687943504906220030392890550276356464736124363404464289299594571622547704559000974092286945079233836056448498926474006776610156970214887983183620978203918888651264
-105503681599424500409010931816699677547849296604014078694610018002899781089978470065616563807369279877271417794925718137265805638725610476661067579826560724817190142486169859652870115885101961678555342767599980561056883633728519827438593421424
-797103091745234846218240005462652280629971184622592005494645806357941588846946708118187979895250825961415686230858354405357290517663430944276167296648230033932441189989199030953573454310867372333672201977651421208705902961364504037382713131776
-6022400506656026780849750121402466272431015424676384393805013128136414764041583417264855641387866958446946774529683218401551277998082754970164859883853497653614496392012305828208269503762601969258299630751351532812287411454740515140192199199152
-45502260997281757744955855785575215836484210522320770631489810042401464046695152151316421789512306965894241172605507468139341107920948101158856669854600009840141077603523758347687584101539971576106677641290699686722879639355728360047091209978048
-343798886267618538716734907206445543969587172006393081994927765218966417807277353043280676327719158576965512726640307683279662156828932001465321487003810822680633424103409358031505380464954777636245193071360438713235099697724928874804757505751040
-2597670374780140916065952150715630300279277947758510483824841562361332662153270422590982573466478010288473423935791052805492444639763124400901026873722499133622630851834059367050340384024389531566070694497990929978216125290550709186426689011604032
-19627801106110738281649176298209709556694617056984697283827625870130621025824071057656740103036782949308166523788471655460026652533472402343798918514224243134289877006797616346001423945977571562648484840204713694905336888961066696530327858277263744
-148308905706930789250568780805085023549251598194139262789107965061860817223833349132892442801289155489469858445957769106430681584694916189952354068380877236462694567923137909706268925304875380271728276497002551359364095691038187555477860240681127360
-1120651900250554465682108571246510027343827061936152112775114246823853617831097694136471018740765940112041339990128184557976696964349443551958320596631447413167681718452350898103389382523266004214106039779376891758318462580422287668092775633963138268
-8468024342101321669471338225037994338681024587928879274473158630331619174914129127164293950194992930966064433398418728213229507453260258516467475675898487854799503081975517792200114024080651004448238292827742510984486723549690022677597627316436233792
-63988403358577770552288597264564086601587424596728513655102783442087215393358650365390335544955834860471625482036930056711153809043826494744792443617891305525821836325628021332895985796575086261797377835532170251190171195973920154936610056340583843820
-483535323694739619995795313138075682696044837845928062597482716762554507155463488197265469842261866495889217292589318321378240018577046479101495760363400716813470205684033893393585923170912613894224247318019390161400665846068737134766631402682484127856
-3653952029400658128018715719015281349456211542201691947747649589490322124564009960154866560146268696094251387085284132261658108442737984023467645521868283032822468140277439414375853944040520091829473561092765599135558067438918430313068351486795789958640
-27612461744125621249944004118087411434676862379273630250152776252329597235943674937736302906577470596355990984411736635210260797664840407856363552315677856986823331871764271702256397372186286226305735482747137817737080130520035066767643058900637495142864
-208667595235081259603162927814197886062517352817880935359362777082361162540678171442794874276427347959726201476775643414173157425320586819873019828620513709003475353731318578508944805817531913227995951997516190056377517741677601360943243534376031800173200
-1576930095019099264962774654711214432439363748303861819206747476099421246714513419142787283960294448306668362289532280343839068086168033627347831437735307136693956719307982683728594940774352957311081573998421937733375159193216452911058512059311111021676912
-11917286150729600398269264645038838135549080752483102923426244822664412074575943477729718015991233488583126254963267295440737098372418986174315832303382780495352591467859212215835848585354672618828501926372486439333208230450566027944590074257814242996436252
-90063690370168401556453861958611346272619919029029436672778862669514709145969792058043378204721340660926049047308423720704834367551630442541418992639032824266707289206848614258354881001524556394138445888565060618621769047010759356652766937550238700255668624
-680658862795861052374145758515890308828942890910756053571200565159049830981603075579207381304450475867678204000310627041997708624779373099979605484292750261648376402747179069781603513499739594625899441594160097154485161167339385913302119497441726318703653964
-5144185424410410925521945474450649757985452430448313870679355758892841015132384084925933461386755148758762430319818429758431024468222964607496284606084899638631053086159563607439434733567973164352468221457135389923222041038738997482501316381322184732529226080
-38878636129133930502176136962140130571466464886627990313122417030899867281207920411376559983095724426893342533942152067277078991008630680400557383443183515690272980348692081753131176645316518094260696039831961658347075065696307371875668048020808827246739491968
-293841191079475134566295523858855913993285020365372414908522635358520972770423869613467636788146088792623498861381303395770513443961134937485473945768236739288021827360855118523584462354235886989570937999759632142487899222146267116715497881998922474582586365984
-2220861776757662793686817919609054822480979535776042659567946021038882199581122231201911889717389212267213105519617451470567280051231553807590260453633902706692477946073011856212789285345476222460811188011536856483426746199433753211304109351368842768450465912128
-16785625718151825267966131429453408344062697508710498536179249395798423735842666165666546373708343790335558993751004967840543053559212652591649451091046075748329862645118940486967021357310998833037259334466585416000415011132937007790259520009469161424095509552608
-126870498202331463159212329679467642355440150125694303651127097974421423953309168370978934744323451993291092932491443848002234293362590356083415788769323098968301866603967898579111966954858241440982056695721539839055905012329934237485082181708212504931601377095936
-958938628353355491497470187323729763323039292689162162844345626047935979019702213294967962168603208339528609145929486625201399654721747236994019214344840533173126921125999198781239439364653131376781160937279899312065373282660785479201876041525828308236250722719904
-7248163698220194306548602103275003854452946418319675575835473073952172723469464069598536932162986329168385891887917349159894320492346113810100832784377289274049807443786374067801768215836124439642673516323619117155624186185287977794899599779579617122076731923687360
-54786321152088760689490040868088333801468263435508526639287857157141639917594849399190365144370813711550809037932911267656721711410552316340456678539831342631910440727439537083711978254995090476850170163296168317919051214433269450129848089704440617543666235009315424
-414117139314981421684893597358246231446493448860855371880881495157911026119072532305511398694633818295218839764354533255528047130275651252206578652513804928088120651849884848389526009705123289201204515255754323753609793090599384923646994707119330394279994615662477184
-3130265302391477103950762865468917066596689754192364492217372290621191204083159187690775080721141755999638122201106304789100990222282906753257714871840750925854618098037353333790097241819721907466256741265102596703959060736759057261768200366205336195107861564185461024
-23661698733562722720834486322291518847741134895199036016102088973960149840022229085356707664306298438867403440320119241588280696855963415393001802973066146029811575540828778468296839559509086624391420549514525132608343127078323526309719306044768939523826351499892730944
-178861752196816537992402665324960940795438763727895078816486852442306114084695132046957643000540955726454733566573881215870502599664583982703451928713839263747249716464473568963341981481829780173818748065203366841788374927606349300014893837050417919629665173698905151200
-1352059440781850015810445793845746194952301688977129289405300840084680125963450206626672270493716817170657194999200394504757159489783877722326631399400549623519189448475617566411107060487768714670782372506202217133378703451245302959597568251414602791182576105794745141248
-10220703493262145115381418170486664763567452759904489087056327350669201138353299012546531155100009644952684391051460301140871861173731124719549408548053340192000746514476245269522065260736038061199307278749706010897942061700416014195575125881982580464839341570969811663264
-77263157335884435232082525704393189251520896421976216709617648823729084943121224220480702524616167285122962051221643516121647243974786816124389917574004585315011329441446740146337274099700823153373278391850435319740187748065691126494482530898182798313705446144265509196480
-584077839298959217816623079511428993861135879777973138884202629322528758589554014462391806884123947031814684474640456336910607560001230355553073181831956467301741985741818301719482582203948879040896084592852681625216156151007802932522995114063289068449203757220082555097952
-4415456184167287751732004786403069876428829586397497961473753632894973498273808262785674547944196314180312159996017742589702904365112924510936216617595853646994835282114339725309098755291816370501474667459325017966511882088588898308026497180539474791141927310506252831566464
-33380048388462829057888658208929900454452583682378765470540508002413924032008106262999719386981257205573086317190133808315441524262374589056376373459843779237420273084493692799515324337908372935937731888665082308962509562060829180526949857041115984229186147071582326081571360
-252350886595929922608661328250868275173104525851669617613299322071385200032536290654643317623395540344413953556066208992275967654023214082912076842041158837092547796695375849382308391447498487714672298713957010870033285996841287379755003677366541965591514050618723475648174912
-1907783804600902861834836181838193319918523267573122146932553623623979450100688860011399030794926903366693733527889917341534958488969310456631043509576304434170936218593175886155455798469624027550868457781248263363316915501111744900323745252608642502031028849252523023470104544
-14423142351808980826001547411134960036682113490044967083209185600013753447918151152302594056968624800794977640399361669722457421243350264959974009717806591147192372225610489443726132060795318595721984573459538131695401858037946027299947014496867515905788774559736796179308614000
-109042799165216888001145690068947783635236987523554391640115236633470960775595151314569519729648005900908367246391449774856590797505046644583817544739551193653624166472258762073153510350986207764121471551297920465892979861724877329944551784839537625975985533386174663035876274848
-824404631087941091903854085177765030438957458489363674621195247919834411057147080807377836821719535947863492873011056295113572003777517334037425002891290157419184895503614883624809620890830111544114077524985964075240624185711434805618203118022741520961279113875820388584976526960
-6232899789752027979378892462814642755154823602502736101059300731833093951849428196588710744559416240239179982326491411700444871223283752432950377853934713410710399151562717509578639329993897134238482190247485103367708136043289993584184895166606349875219602486060994874633510975264
-47124430830175888818683494733078406958126941184029337466158636348355868657178978537276718033712643544500252409552237615423445081763572142263162133050662412420094313316138658787768895326305393975719022233202411686388425900967224160307975935695085983041251395798874608529427397617472
-356293832016223796795072990621058609871294654562584643075080251045739488543676809764941103032346780840180100020073052626733188183243790363472868084820731810939033380693068856420980298731408661512987485593515967535431813715538427650583507354300642297693047576512410858593230109359456
-2693870194622397642975617809066439991888462482572692008325858797356009241046866217182909032700085086825119294222884970176710119181355470570076611926864848677018867805235265986820156368765918689171433405445674125311946303761610852784626867044809174063037061401998365704457186971797632
-20368130236069581682620144411636395967088670385425235918673972062449513480858490598418678062187506168435384869562268502493814656849362191052218020678961512274640249089042002192629887652704763422853578264733719985249737681521338846359829251422482342914272567391198091671581824201446304
-154003914773616120370397914509179714566906378483615981442609034434228922304689623559434199827162451162662130292415827658531216445123252580311112703452957416050952467744399472566697374226889958694470392674325615821111760937968524809652653587148139843613100596341489551851221717527716464
-1164443498741853260668373908738919179073288223792665764019319680417802031129043980183135035149281374773685200063236062313177010142521424208196610848679931435555518034567761305314841549968597583051170056416406134037256761416152091851592415189676441858724636305010467496466886661883753696
-8804629909948884924237315868467002775820156898557151473792127744637449721790535061687477803803288857404273090535468069750516984750584766208588266675250333856806066147603969561820196708276778621588142903917912831933038150533762151271914295359870240163943134874188803359425460817985681392
-66574786132422720714676385141603801755544423762069283513701409993911547489588117225022720910480181707476816203585421077432200241771171873084204354703248851072738238790449381798349101631722493500480789610653620808913272056590660015310956340679429280791103008799282885278478630008282512352
-503401386101164254182960211069545093051842293159072425818940465507488308434457444034126523547949068195756105874827976970574200190539576447778966040400210899584313911573865857480235357793120120642173098540945245936568849718028555756270732269645074024535787107002943943134843731378408084096
-3806492260455188609862006899204431452661768762366970121329769563300256187268927702279057969342663661692939969994184973722408740011656148115665987264619487879655413315137734895850898001948391792751754302278771632503274816747810972317765185689400574848784331217427242052156290055370488315808
-28783352519614745087186745183700117052130489750769135639988640776379257584045948696537982128622365383796486913481459518866163117126671094634544134137838679496362438568424586953820651237019664492543981952684435135891547688296346140769324108779810301584229781101428241715783986841783631704128
-217652494310493142904715427391455359463576919410770090829364238600777013112024352005389284431585408575001190266522495034210318327186060078702385042236266017240210081433659954244526944444196955955073710022294197230701704317353693157257027469324269951816363771502146373559471734525675070658144
-1645855609098977566471073204226165771168897581758829743157230440506250000607543559962843931117301564524507494941687825197528373674271646635920508478573835685649381836132787362996866822211971388445204312753379529507944139662008302456434122176271354391865015123755999216258669502192278380819392
-12445879507121512517125514259016767632677003178174657304710893513682785235712210749502551882583998967536831376988220243415148122653625321907030582018814836647554295480895786886518552192928744552294414011472975740545345202786159304098173813127589987272006701699303485267035004766552893589902880
-94116375755422076932339846127038272262174704181239836408775940844931175365404118950574218263204560194709717303468361846897785251567689298065124194258023932139796360671206080527230371628294695544377401939900897020252230648157594261974702256279309131701274449167575192369046517289189928108274816
-711722190111974174125017657221875351357575013370486461467056883533639306064629538033840701934871103738887278768434729179860173584477676416337677155140631455049744955384754756306040765598587418385555433874301057791928488220097544973472029301429298202064210267422137026593662665241422795255621600
-5382220586689729021394429903331051514102148902718056597535291818340517461240206864893527146210388447447585265175070701577466125275969055212213636052648445138973606362605511408639086848856472500928709413625098205340454138191834174341409370080676627622767884488473187580330890447039440210926141568
-40702222243401964983682225396224729656932470153283156122767540589000864478502820144301151473219288006781830269325510538033066164248475804424465835921431359617108120877976079383737784761857470701568411548919042618883232561480600656060580978429226941947336951192121964476310978271015393511045618080
-307808322568676925102810050517891741007767588605086626105754046976191320773108049226223375989753132373711405929676580757595091692769919612664712207735192978694540542442926377531047685362018668874720842098970931214627019400510031223511118648694865876320545304292481315999756415548413644523219790912
-2327813437688175789947931250384469037612763912344188291883946904087607680127814377659110928816927455552171115897436471853831810040177951888669999876062460958656863710599127763341298677693311771311516392613127602221883353943033563088053933849487609854394173090316565813651323406431496816538919119456
-17604412125121848338886032288023804295649508200460384487841592373380522500322449786106134303644889048214580356810023553656643678842978665592480932480323795710215621957698343158347268354170396553085484927145775028668608844835152403591834228418818312000432675325501967597518713437287077129948324944064
-133137498944001027586171879690146278380232605782313876836809016325018782440644166455586817132950396333023667301762407416734919431166133882613180066572601146594740694284625165376809660452232150163524518920948091705231455487664185090550510258470097311387264259872013853511235271191138405251061181457440
-1006896290221951739045936561927801178454218579612425704487064196314868368197534029721903402770801263217557422240674837537187862314435340866173414717868203896017541328076259414610727663398917844253632375705884152151689311144924706844477696555308915061062687537674641991382758517209099586835532782264192
-7615081134647537522859481541891014105971036850287644838133525235859829483630156094276887525441274728344883903720172488940103473025740384303665608725585521295561971660834257610700236386940640581075683938789820623939033996032732011435382451222431536023656361825225427166933053379648798079750567015628768
-57593005815326106184348560096827442282655569294410634394401089456175048790082247389125699098904210639822935337166710014365222362238034365300483194965031400252562598208612726670652112850202684707516026965298071435465076209359086258933595656246991000221647496857112938302108042008903630328777023112319104
-435582417283708792838837985305357190363094629204109151659212468111570830007068816695558829543293620365184849806927887226242642856157208150984897602509244489872274056673125076265678218742837477719843972446278902830690981484431806632663967361219592040481065022061083045285729474865173532189156265239373728
-3294399705854252396948889685255871462532668640232499587264191584657768159652384397159076860127960653273780574048102645099348806463416390681453061460669901465811932168979223348410731201622895512791148589622838860636689611134439585059331767906435078174442446719182324735357854788329184415604965369457388096
-24916530219755161031507449670605263468832730590720514438701761485058336937188978542305593507359849318305209600862004497945878209694459889539233562946827170178836918431648039619539417751740678133229576929370137258612412297564782606664056733384754121269758434386677758514845942082991507963195013655610335840
-188453466712399621617497531764567696779045913830102498351330078227683845822459958044767391856189617804443909786386708304226084972407759056309585430448904671618709259876500070354759830399107739954619735296301532382544678096899230995409378741851813243683694157984884970354000762772639726945954056038776535280
-1425364576091740288332297850948835378276821678307065828752109579852479741936487422089105403129586033150828711200136948551541196648391831254549352589644879830733643390931162015330799125048182378465008376254134210689634386161072812541561944919299368054573487898215055139906438837574022493671787664059648238112
-10780850538178689663823884138978811923128346761171667208524771778690714011817157615908212254420638019347019902429646858864484101596822945370322195768170536212393782221228281858602664695488086155644460300374112477059112903980939175947578903359326635703387244037415931663678788625164615060841073017342455655664
-81542738608127546837137761157267693393115971793782014369980853929011160333188325298695317144579086387360659069991966642696820542940787296010579823959985066140687830090309229688378278488922018506202466127516027228070170070887321585328933941178917913691610152847164060978812413037326201368006914264998899856800
-616769282163244637830090198386706544238370493167721844670753138275265357804467394962974257134422478137060862781230429567780483015931195556549269459635473337247245285533378307096017277159052736250510310840946389498909891021082457953757618920063346926022212126205274392209690769733093594523286552526179235609920
-4665146904870951166637095353387612483034776568563466828667162269072122669673027073520490074141369677125543533532528670645561782097381012959111203091377904228303595996960592848792249124549542493932353011651500465692413456496730384848314245388821045457542569397316426695743952746522823560299592604000162601908448
-35286861222681842524507555071615690593768358239303032812648938937155935732088224698967119723139554134918596469571214977500519768144795402244220162195712501946378637983533524546937626395298335962391330152643974240674788512793022495226320549536088228238767058801861565829561316650351303821694833882776363051045760
-266910600920049172917371032499868593797795193784340315509534263212760699271160433372983801096049465451865272235944167406678163159477775068924397086587245067982744307609518016710310892737079755514061498709714183527882289598113750372761774054823649352612255746399029244884785481822379271333279649308790512516870176
-2018941227963057411887268332348714654855604666064684668958726169651114261740222484528485621740320251997883024702546156569850885557749593718185050038358776271659923226179294370538338855824743157319395093940676883469967426303109392392592438437130028187173111400870338889692544080203334625738094003918500817553293040
-15271671098578393543827318704724655059059494679748808083103142608806103875352315302527146609569251971777970722069227597521593893415778536482212053424804593360428850595267946391130096830229874913109906804268181566020729254308327316546950186799905442244840806805768394550938758901217518881542869703664942817664553568
-115519274263042421996547652034969600785458606001960301968177542967461829127002881512217239828327088130469026942637509358022433323673475447823751117922964330908093614344486079526226997997084392442338402432193139597296529649004754559142545942452649991862945298584770449049416308924789382930321317385835793030618442608
-873830738877842749450145194721396207907498888253699395394173260786715328625746880725221239481905150815217202602686422612855742035463659577224001500512328881398382961073868538063665996071209542058267566121327542741891652337842905463645449757894116665783406522975847046390665696447179421593496185665577172312619647072
-6610055911378517911664427817821325428883333355714500888782953920794691258529508985495216052347110886068292223008136316252009032412554950682324223967528157512890651216641652051409375511310972080990561025956224459378411470988080384333570982222521655043939637665022571753754275476749884032240120848831759990630403537024
-50002056901397863937841688854793948338264584887339336099903992222851679955677347374128112862796077987808202452887091334575368457091652745511114592363730790181861785762753724032888341387523112318915530568757058415456890296752637641429327113207661803414897886100909489086189422344803624650634444701076455754260406572320
-378247008479439406035398399001275254764856423693803392980552425882462460086202772851897021254842196058151458739241764010420059162877664209787101181904389510485303824884675513808293776805133260493733497390897632581299179944483030222526778230644143586338128171915607561802675599869978537683493941957947952106553463594816
-2861330354112137779597234794470594497680579781986315099829900607496491781791992774665407300034135905214977457267584338139475455346767411779627827142142037962335685463528901659705781062419073375087070023904451560188011779582785997721595725006580383539973423399205041141149091385865680575288127065164024055528681420038368
-21645386445612082813356154624097991324112732078638429323396852812171157840421798634631375080285531552579924184748096112910645141221502275807831289992468544844838139920145520473360766583837898475263750194956782911090118694601545674861016574085505131431445825786717736472756240105238633571717895544252170761480260300810496
-163744793978532807888137326136806110298194178514890126397657627648176750710245487238040488392350010216330722456395960598546418717119671767691234584348620221967544654980602315629281734800050578415460045564243369222933466733145924417953361416723978580648679393183995194221982792159094553645468986838326135412818421572266400
-1238723702467279865306908798996799463584301333441040252620300624404814574224789869814252047005238457472303947994404995329919650594724155173637249492219166692919892969576694223792829559465430633703663313588974525943108673170813390041873216747515506750353418362418731427319748933657114153699620603060448599065470924018879936
-9371004744639819615680133555749143292440170391564288594702388856159454852221822847309970731455580235585928917636698973310973246243724095194692729347371131463687876465555421619629889345851877959591990590045181785616952711315850600734675405447120711475733665625528493656538332257043485505355957881940704727578296803348892000
-70892877688768528101463397742815498896476111401783036302003568584417804738887415488429050070644626333155501345715967837549310455100578109182799257709527875906454183420694818909204662354609094851841999525495075721815424554251480367934375446579517234249252765135124341950599062048164842227003344247089831631867886723503653760
-536319719945456646841147449510726894369159691711236378418063056029401527722056909193582633429892980481911725200910017138872150053882807772042991282851365171101135824773601533914250821543795409663856455323181460821208799572331373963589668205992119846343147685226740922558754296934413227831617344425860850890206463514804667936
-4057416707158815898364742123243652821748902837772706568520683095468343561948343260708748250702162580750246070587517298831496030914364853855818303301368428242478558615427863700494826220358926448901591297962688292304619688511919766141609772740465319250367048616961939029552841299795422124347764844032383718130310881852657217088
-30695882413715089091054553115088845386987857676074757490105685018870459015977044491220063593128636212702548057707654578341779210403213905583500789399493904612530735847617413761340948368556165767272379746277508176394697303716681110161393359940509409484961061981579776278371751065582909092003544680531521520147049705892968620512
-232228367468213251293351550794305643892129201895523201544070758932622281080075292026335357085633588609291839629032579902298926053852289912742766136994136628543679610795679590694343321582982849643387945806608138004210000195887157398955351833113475837039548989016117424199221891239715629277759225446382156509287020664804439898112
-1756932304982616758240338791259602947175683436674335469997178276911892036522828859434856753477864554075184356573528932151045432422072927896701713889797208621145547642063972330782976774040047461572577140129415288262909216616818195490843039339349162739069675804421009702880178079433670700974766472349590339255588551996351644537504
-13292276774342717994465281793363734863794953609759604133021261416520300758890386206710201259732199232164007085839119020257513652157761209317218856619251473394446909337893116048353660233205204608926816014135063183010052098697812064860478358357229988789950795177810113734447876279944479459251856401796243132401529646042460504379584
-100565330878270194516147953637770054517447660383162077979232942692059150549655809343876959335763472081656342182535688361056588656690974299840509055343151211532460575539580480422321403438717165090045980935468169724820114273066952278335605829793203157966438810829303143888369423526801922852062634726978505685496121392402916425871968
-760854717748088402532579409528021018482244244886749434305860063313714339593733725903376354556073506785819764869174749762653638985231227098608847028088955553003876736461600130184728026249790287326675336033830649395542860654618812592756480121257180476336086130674592630458020291147038737188599402065059884628265123664972331787241088
-5756515849750717455654938399087504338400750657289538683322497040643270351599440566324425598496690051032928277134946580748017898540750626503417942110873372093962910478319582364814693423133112010668815019542715027696543797775785227498395031271733523350514407014272837526803073927837613731685691188545985856949581078666445221289940768
-43553410032026933106499379722286318806408543313119107528069516934481890210505956133996142635486545509325679213347764967552085579165667713349477130094189022574522773124699811761679625570223459184608889270615822133295139541744983894572721900355358865707180438311981296453657453660368796338532626173295139515315824350497664766252700992
-329525548698428087535798623679208448264990828780605474515588099204385112234078358602575271100497864631727195222827221224012913972904441548826785866445213954364997009011200382030213582061986024992732401540158103550086977442403540368985061325283672650372931710217237018264430444815882661556266186384407897684378721300307544205882860256
-2493219214425821724391848199051084918446705122922873240080550496783674836315056639551804615529076051813756921021870872602284581505764968451208341320052701857896885539666457412546441160327739509043199091223381806976727459484220827055332152701103240042743294344797429733670438009066258127798202023093783517393474375049939514277702699516
-18864107421148121422612337571738222414551012241103923669708230694338456122811749150400719010073340749687751768103478618320021135512512204520563899874594248825087031440995960364029160174740713006071411411308125511722778811729161902095376709192762152261363358497986150980795856337762096287115703167235069281380884992118626993740928970656
-142730391098371280492624723055066717438456757414591916339334035158039912639316021005343230860325112600855668690864748650946576991969154097971253761615076536811124606011416632330968775415554171226194755291506912376988295959349209022225073508747845789809522025756163590850763705949934490148839406824273989782279032652566871691457883088588
-1079943481338036705843132761131184274801913786670297695972915581934235047228415834687947954886709294587844166654960806985334055995615186965122589260137949323433888459411533332754539781829261450131543492487900920106529128051512323688049557746597608363564537242766914535924411258114950069161824949857009401259983149613245250983825835493264
-8171277373624971975765080511035508639832102843428768194465614866412019312255573530783118354128990077334967681800257789679377759650762597773899548636243898132454292740961039478495731670571207634162077923796033825084220998864789042553640610997136251750299521979571919741785057669921784716551597026618322372149460266366766769681340216363120
-61827716929463733276437586304958067380384958786244594713879733711492847781394352106856360673294960255833136464268608248521544330178429887405472715866600144566639487577011312738761079334523066372607357004325898693295245794828149230296187193310383470396195722107436091577798525238225095349095201387935422416568575875522477827754404340662576
-467822145363603527760047944772776796389513327193513030247814667112175868920940656451841971211699863707627437528287755328195629438107901727142801648034493414729541034635345944985215680791069409253155413200422139891216160625789463423587777678596920544380070304341990809938468332624737351359106982955445659347430096667528650188548369621436240
-3539831827179390253871678207927981135172537183695073022996233785874968462555764823185170902915581706121450388399841119839398705960309684772273853511485010398383178203562337506529918885402732612841579344901725234465786497771308665436130469155528622158782626762045276589065296389523120580087524179955160105354130097042122420179291802097640976
-26784821011820471198581748789467428372657247674748684485018809434504515494506853887343061622957388189856411787288297848479928135979783765001907323624774281038418183014125562982464266441913491463263373139800716437267895225158352342916080787063208291277442922746074791456817704756855946301866209966122476790321344386508423903825846227061934588
-202674500304870833173920254083774709916346308781816497656252332504255420750553073215526933809835956981726342617927248711938028737704254183119677730581232042186874855209514364057569133940434590138397472739137341840893432479672630169862253424579567738016508394064061349643783496369531169851021894258839959540126353809659532423086738092557834608
-1533605633758582019190784407262875113997931202374336015337447227263755705063521251415596015935960692321976312625564692674475739681715945287970621423260798498205457618094562397742785067038672921569851213430381293022413035803540897264741523594432509182696579053204866161012466604462089525734367733744290870435854192308829946801046336492964716268
-11604661586942951332117394748102183860787941549722485918502445611624287205182110042852467849496602213511959639062673653749629846865238340342452088110218490005933742706161607776991902208458492670121416806266931601246560082791541054087694734176709062666159690513971470886088609600447696432394417590255961887439169588347322852464910703422722196736
-87812318582876286424837121127461915564199210950402247187265072728535583317600706315320579126070190931977372632870475775335074679687479835690071102954098399563334048158114385493066098848887938010725144358108333117363381835260437417973099309549414159576815030549099441797121846474033878671657308525572713092604674497950276975572103635365662969600
-664480999080474839116742677237468958674368173229602441042704153916356253750746317151783133921143181799357578023139060173880438028259891110753381776640091929448452319438921318315909156977210876620387862463490957953947815460831461364413096194004279685606881891909633070877885908104329856654380435134215108470142194543160128608032701934438069155584
-5028214851166902022560074215330509695902005317307637660894359534833228508140452630808171405208337776273194461400760613465670839273350232461899282500386873182746939062621575118026956417830741886750334978651972012701461337861452574146300774273036138308779483136566897852433656333470574429326548941646299347739260815665835439436922624823640355345664
-38049521765963954161748978635945206521151392527111606759227690528475768244126312389354391210933254587471173257994233348530809738234901349107227766428000881294955056984130274661950653662356559849213075663126281946802450305168271527785254236357603947131143419539196160907189221002797388599042499516477030003737074147019386283985847067231063144520960
-287931165155319571312439954124205225433164949726428718894015155637751598135893512682280510297786820654404983100686302781952557877920166417305796427542482508541234450866088229573252104188427059579958028261414036192184662586624190780257584717566713955329019118615426424161790918775293317628879956461665330892430028243242032001745493831649390650967024
