1
0
-9
-36
-153
-756
-4095
-23616
-142281
-884880
-5637087
-36592092
-241148295
-1609086204
-10849120497
-73799205984
-505842946425
-3490251368256
-24222782731743
-168977064249756
-1184200905685887
-8333203622425452
-58858991144422281
-417135918214542816
-2965351382380524807
-21139516788063914160
-151089648134294639025
-1082448647788941148356
-7772038913057286799449
-55917576140196733418628
-403074531538853044511439
-2910651980171104546988544
-21052944444843655396154361
-152513248531501000465422912
-1106453538523602539665539327
-8038075657165995527710980732
-58469580006097227660304301007
-425829175506906711730717677804
-3104842434800380143926027392665
-22662921377444511276682132836672
-165592217399660077670452680697935
-1211125193501466070635140960768304
-8866297490754204799345472401128969
-64965124191617446488501588765600708
-476414420554574553885727435645147713
-3496546902742623407669181382480314852
-25681948227753845547215979823128009543
-188771344569149713228036679051410333344
-1388513025311620921058119032909761813847
-10220138659358040827558303504889012835200
-75273915511448401915973768159443080954897
-554755725624577046985133329842014003256484
-4090891819461715125278479009980068792830353
-30184437079782968742993778106570309369049876
-222837148032887828845945296792840438906430887
-1645972583005751073987259621230097121127324576
-12164090925400916494316197479757499148542611929
-89939566588296750226031986584995426054617593360
-665316714265620173569846977421639642629828190767
-4923856889623232563431784029257991674992790845116
-36456498465138907560536260856023684285594875090279
-270041537405388754432375244194028748225618057481404
-2001087772514067174395296017012613220758034366628273
-14834599082113620999064480591335780527754894458203392
-110015540949456542418854412814699855471426996775504505
-816197980237250134415025948378285993072840740929424256
-6057524703175543522466784985252779280172009823653968191
-44972626567371868573180046166402812744520865341386596092
-334002785598378012480914131083150244031621441070151034607
-2481397288506028184361678084220423970106749088818699181612
-18440924483323623843522326873809718176956683133880439088057
-137089824856903028697241598451713940130193639078360799405504
-1019436186467500058281237378558257991055614674041632334050719
-7583042116411724512424755498166218445803390076536804838671728
-56422451112800089625335084686983810744187185712468106391006073
-419935018238516568944016789716520469766642744951299062299507076
-3126299902827105904172611940539137693780671332608358541543116881
-23280615302830112044993656092010765260670630861072925425178041828
-173408561682717646530468493170305054213787163385936137855432260471
-1291980593553951430754406935519970120732701197970770384114068178848
-9628265023903305630514933635570319336940246829040115174310554913951
-71770173586700973749286442376576680279243825132419592664221148510016
-535107817063580894074993231968952864187411642126377522783035615552201
-3990593124658989733490150453012298894857700745731095731826436851706372
-29766657361665673468851827159286984045799660495282094687503554781704297
-222083781838917191297983440080686562326715463418263231840029313817247796
-1657278718024404107324298183123158246598994761246646610875563899320326351
-12369839049461359828393415765204368770403409450602391320878770479003246368
-92346461391140050120166403083690001004416076830204313859770906374926266689
-689544312836513111176469368205345900354043454548152641564718166469209654864
-5149770588742538913601678045832846626718029001826065351560117601975325886407
-38467635713660860407231197500344537157137941826715373203003056063607341054492
-287397648277178590029209748438975524992277577487330077748620682724243899982751
-2147579654517175535159600887638050689898359161526150851862887194683944673328604
-16050627507249439943206014680129830795055803204929323733289951114930437522550905
-119980254338259325400748288794390788876621729999690252314220070681722957602483456
-897017637435240558779256613984082804963129334717526814595984144809684377800239703
-6707552690751202193293467584122836972164229402434319936922426400003261799017380416
-50164631013530493008359066309797481303427371152342119661916338323514131313251756721
-375232224390290917055653700431101922102043835070705458976528094071335204947114139204
-2807179682387556481556473445238758373349981976032984050267134435467183938637987087137
-21004218046692740903821090013056039936442669031604030779827708436289389714571251705684
-157183780754391262807795813840981648627241543103109276937581416429679663609431313103991
-1176447558593849803900319898470155232541834065905935051027735634538771533067591792426688
-8806428327454409910121214414750398878598543311968292162363635268807982972912857602446401
-65930781435780853973930156394439052717595880998164406840385498507562082840185790888417360
-493669911721882354269097959825879961572057168573527373009153663705864179255780589417579879
-3696953388798025487207829801558764398552443028905162836858068902583459969841703935785086204
-27689114583249291931128245445818579608644597710667625849501292751377059268998419414874302831
-207410560798996786126039300352616088668437715595500500782729723500850728013345038018701048412
-1553847248587348811056522289713802992615110741421483335705765350706725355463205183424536299785
-11642343950538988363370998392231354424097951059183221424340981942591111088965736502116843431520
-87242114967972851502071381083801888483376453987875422608975623360255410972199461519008224398345
-653829696076477824642450250005964152961160781559373836706124704688514608038314462967271227372544
-4900663229983891807450282314933081403210402572392007469797843662616282843199094579910409972071183
-36736343461377917496232215139809954482639313783557841793641568992491837899418727493320220391287260
-275414599282012413291015041630003703529063944350569463691041292690403141948572063219533594954250063
-2065033437434900568198371949988405253910445885335783155114252970617184719507591863908421503738459372
-15485152134181856195210136916926556598441798309930888050990908745425071340101660366652202283962633977
-116131838693700162686626044176055866375519659654621126989378006135819114970245362139742432259679992928
-871031309182921726459358107082319927547152619739601427229956231612802558587570326776472151188683059047
-6533743609998703018374803700544530451262905201289319828221137136335997689593181103335186134560004260208
-49015733862831368391914940006625005659436364706911475727755118108654500583131689647967777328775489718545
-367750513131070017345330037392646095161266192999074361626052953703833255201957070009403467533794130251076
-2759400251229030076315739351585093155968189510182487308800414953707197118642874640303834239869344154385945
-20707088516250829646889836847995097486365732091982230358425932744783509885615511342243142758629805334523332
-155405226317278798980445580808228001947732933802514568454471809028603096108713858760502229987062817873416271
-1166416804253361452410542299675692187404009249846390592036049234996954800481053415338412505708598730104795136
-8755537784904683889299504115045317449372956506494461462637474462665891481677308934141681269157765201252075129
-65728263051246617452145889033343087420602262264380528304786918433528373508368309504930724437866470871742028032
-493470424722181935179983523388966387892615957166307671582927104581951684417925559083359950890650239911733272767
-3705178501150398472593306262843313116500787571345213616670852059824219440150622865652512670774509141392506979580
-27822463238522204448781593445521065747571865009999936785820782139917231547067486244699767843066993353406559659055
-208939172686792084920394113687926269375323292037712174679645818196541512684537891113279422372663543725400962999212
-1569211366687632063471677498993507396169679156369905621484830352897830563882891800590500894935682640901579641689337
-11786361118130424743363104044127631638367079936921453283022632998125460573927984930506852813277151144364278682856384
-88534842477221503487092959905348146553937289129989280879977791179287137818065241290299516377070407811841414086566719
-665096005160143583270393068912351263696548052974683345943257507455591594068554403727744423969004474027559949915439344
-4996772568340369301642097405230875518576716713063833164807765753850915175388160919847402614963524111951201567231492441
-37543040230854649168349390415762353705667141330577102113228653770737695998201166491487105261226051819555674718581834244
-282100209420011008921248500238614317308217165411580999271781760731375915963307035113748655850432358186117841900327662449
-2119878661942388259834481874954217749819081436266858732431382480935781350064979307711446363082334088658910057482461407460
-15931319422362713607192073815825462478250053943764035728202870304841682076384876260668089679879568633818862115688220306135
-119736115980538828356595991463693686258937661461348401973995383440405554183530759141632725775659265997657206825422653658784
-899975751913111951823105814698452478177280817685900615328437299029256620513084585011390106936929115378878216210694216142191
-6765006573727489965166686423352856942564910631506052138943581301394294752654482867173330070067376054501798977564032102575552
-50855387847992719398581879484304573223735072113068176887628760325530114617703014791852083013556649852692940051510841281140217
-382328454950395131760108440289530667331450874693935041699606763083441875439233693710801067487398213226300756779699691532162244
-2874529397304353873212084234841595108781995704701951243825619750291857290274911931316668428269118570604634036042368855164433881
-21613592350117957927145049587113373215548593584302311592522580710836371551825572528927678036804536745095766494479670747226964084
-162523745362451408006737527318833627724008647578994854763513796227307750246706472122292270155940161639435694325382021935618296671
-1222182205216280485364459006695432706413345965059277774486283702551094510308692821341337436351762512896216779832135840721171020576
-9191448746125961297242181891819003346590215411946672302744387040323476729118818116794337981877627652450030261145581390982706132177
-69129033051817292061583139115034314055390394902842942884495928699176635854339078114493992379792282053254108286924749296974412958160
-519954235189026035409513855418908007230904030714262931247089790318350116810747385784262224376224222117268436943434394067394691790391
-3911087365149070708925389852753861604294309296771470184273309249381296121323227294428081986939463719687104540951537866810186842707676
-29420992204890545524561640207460918052763315199238290554008923406409275079144843567396298519401632943993606030892726211883034611558223
-221331975896489832173075075305515278630564264877408873778013468366877974600830631856503064408619266286698755257670193796091969995814940
-1665166673831209033654103927212315449575977177223846792372102452448368262879926786591445521056957264714926293335685422437509503845939913
-12528458082775596022893017416701291245496636252987020383747857640475339338469587362712922417589675624575911543388425916475087839319802368
-94267843095597297794402763035583100623462332483628306519848159817174039748250179092890528080284757992463586725185383793455175798499146783
-709341260595555704245333368537269752444736060427625629508151937013041345379283170902173169428914502425748696722262601563650503263476815552
-5337922458118090212193211873063109217715774932160850706767179745514374972182903852338515805369355306951033367030804020612010288467915357481
-40171159840687201680052385458408906174097739960950151562041107420940851447961734698050746049983985090177071154397025436333612939724136635428
-302330000891832458025881443502697906022232806536427902384616825805480420311683911067072042293117217596059958486778005613221487456091781731929
-2275477685285766044656473333133031373770617683647472363699330984572922151384221034909240384662529849740802695234918091541427025110977073768756
-17127267497446600274482773354904367673190048840487367521224795166100663868973220227711688663860212545674385894793244859695273328647811291598335
-128922124312229499038754297421984966851844509233509188397773573740975930318109485705591806324783628140806024261372668289890878347125173156809408
-970488539878333286953975202306356070662786902253269658220764463927842490065360733044882280927309089190858585695187839916456832736107495837916953
-7305949642630611796459424607826735174991612949606964905077785167070609625841247781696769962164156870991699661674574508005608988820328253808373328
-55002947863506380172117217772969077647960407272606616388674983539730072610009747866426630054301360364459970709740273109686327499329969244026788303
-414112189728657713226149996150653034169630475484957579788455708149826815498176031942850920742662573074726400854954765075350069272945459217090384540
-3117974459202715676531567674074504520641940485637822974729543979431279795004628201314291389963044631005552513004891732034317819599491982152335739479
-23477363302739220867914597048153590046452620138652503770495706898195512430850578060407828553440439580463427737325803269075251584311980372132879568508
-176786076985490116208897505002999439004208600955517239034665668569603512941231163511346491447158089235792978047354989263096693098386537805759580434913
-1331277262469446576203104871884247135043758599014650016805938548522462364709292412783012775140972062400203112827469809223383520510946362372148249146464
-10025601535126476831551149269654832377564459016472681940054330509796727362338583212647100035459211647146479884690320937804316312426957149556997936107121
-75504631036179338200918197078740039552741468607215101736905408170959004775717436632494199084525572686537274242007611293223055543357543998595909149239680
-568666603900928188543829293611787426821589514632143661560541116285117762453423422515958064385955926406701746369978588203352990475827490936684653837411303
-4283143322827665372294856023690348541753481072473930316993130394988646673296831724991052876848640887489697913675199831235467053127054070935991723855063612
-32261756278008654720802409674184772233229239155230552494467999980944727015890886875865803074545677904728218424905937958821938228655081072178468033042548199
-243015342238084783150840610481549953770163613739838686213354664355570688056631166423294017170700057173077674433770400028430397950953942004699015196927689548
-1830625225675034821286065341179173911315659349259731321343290923314827172024717712237563430661672070667899563288745375984303577663977927055922654627740327457
-13790659473140225310763045275203783345756183149756178557103095863641690561321431652626428787604134199936977826051038070481250735044419442419427072520413959520
-103893948508839396032752190260326436246765087901846238733866392026189191994112105329689137135594518103279758975312782084666921468552705195692020636945840593951
-782735228818144639341300881578875446772641785871161774181181468340363708539555769407851537630978419456910724410611996418955301480492553452855855891593483912816
-5897374540152499741327342375483669672898286160226511942271507696102707031710068194559204610500556732522106997595629390486096413553929923615404805194369124933273
-44434626576119064993797013836160096184748733334166650324932329785608635340970146980743741809817307138840136333089374412825566238766857766332814064186228950198372
-334813645704870848064015572452417852567236581665399269341349655656366350740548406022349973408796084387254675874006455722523012968844396564218067843889441158502433
-2522919279584477355915215588702042895771326275692226795522592880268553789181224847045623047722313587765391609151703213923345529499945739790238205638820650890249060
-19011743873601750592528891757898008343833452345014797588784281943703780258215028077805031200129659726862105356272767738658557967176219813200497279915754460114189575
-143271152273685341374121986659115532324472320359934458417656605135294373720466245259135159118841312403558882221564976283728430204326829407398269494984878063935478528
-1079726005072443713402937335630378164219406375667243092244239872913858653747397666704466444552644635430561431283443953302399998606736572276791554162150245035401358295
-8137409843461540643502144697241273155347098068146315698799200830508610296887450523541250723467137211445570473614690287104810869501441691225239740274114364533687352192
-61330492798574039776023096215913613503533312683521394153846577983273788258532553573230520796463570795865980781568723008546441991082814070199671316470079606467600538353
-462257719532748301638743903698622556730414054984347864962057570611827538408181267030254027775100771343480944493638547590454312062507473940715868048472087030630765066180
-3484248847309010873339326683715293136325935926933309979353035232639142406299217346138283857765983072425049552226404005801942567147356806810924921576425417512461101165761
-26263418586875114643551914356027883737427592667991009585433106849819119004588356247375229579665146271311436592871824150709390269834159259568113021048638734766768654908564
-197974962806253282869671216443990855340692523749718070843434096810932430896619398441235930493265638706733678215472386724391490673747495243273770252126338360053624001892375
-1492402738845784987756016741787615226651095528920201552961672038532309441896632670996327180031064436050223321458961758093944452886301516447956974347803935460473068593416256
-11250670066578075351503524382389627826618292771952511455175968400809814820741070372316012913758830460742825584466679368848533704590830567692308185792457967558530680420982865
-84817830256066577730111370481128309968538359891783994754823712510429509237475533107476052554758782312203589767129235176487832122182072313199890321086793447555877999943452816
-639458231900971252678366605542352283111996437186714066115675214453136862077972821657302792882477187583642721401789218336525803115268593997176027705385714628196177517218883351
-4821179484176403902637841038948399762230231115614407850570942036234534342352775638658108447713419742243931479632668843957992585930243101182300602336896931291971059400413341372
-36350496872596647080069378379548227203669007159073269484399398306158811781009018932780745151534074496488860837809120956187732658137978762562897950048899130150875963278639055679
-274083682904105159304447100474365957718255547816474031214317115059651986634170306980907008406532529443070225683305794892010155759251925521079654519817954701697703267050363828060
-2066672377834276790362360878714717252678290915500720478319716837703591710408600291994835925658621375320338742587975275283857747816968105751276308872833114897041411128047822330489
-15583878746839217849314785311450909292421206528564758378563283925576915948285110193428308155424198765402448757032662361154586035174984168926610182514605713914333592302024895228512
-117515406756006572167899942369137417270029452266003320454123444740192170775531464924428329257060560972405503358256552350844047230818072860930284783541574503709574758241980639300849
-886194867609884798898941979273258322062197164802265678936359014353733563403781105684984569090890253306407479635471587978809181003847371865334196997944425357370780957659449365297600
-6683111117799429844881394443321938649165171515810223026707381791143039172573378075462299436765517221343151073264881051379034116490094220558074171883945631920134285490479306976193575
-50401448679569070132227575399562046860802365071382990587431224359229077702899958583796041272857620844731756366398341013379182525841862104629360240176257321393850689062232385227710908
-380121208606690446110275076904833564673639881061924378273192037843184129289172926919018497548696757566163232362536022247708387978299425277879468636374707870454171918296168122446827527
-2866921414860765760348227779599321186852679971364546119431024044683519936788325949046836904925745741031210426522194329346628387253637843916566212509297782805550115447110595344098059148
-21623398089183846583261057822164453384246002800967561550887703199056953320402849943255863073013707285454650844027541289028270241946744849244661905812052018025720348509880162713289683009
-163097172263977641798504425301912262931082712687172470178698208005568968427088298412579124398169505170414345188456487996426382826162329699122428224818394198989735085550129122053941543136
-1230220948482813296012874715796607340614645113476517408861549190922910998377713362339798133757993670192516458560510331260272446139037411435212195907019274805516533385304616247680863939183
-9279698624368236868880559845615806446639468937367048009361382316709935879281309423865566105119183793084208977605453177264554964246554147789190703348092507120691190246615683874996456242608
-70000084342250814692428817685403010068379609473407861818267149203421682305336348077215494744772096509113350515741378495973173112654385656307918980781210204104041005387692108400694742735625
-528052452582807593708359031790501616990945685295808614788412539672025326527536691985257094518726235338213540263892204272347265994098749791378718338358221051283141092598285776874024589369636
-3983540601495096556078995912933988995853206147146047198071824334884269993858365687669806240830426039355600914094105761854127246524031101339662472887291575343250220980575722311109086498707505
-30052111427586443413433733521483798699511739343386020947422491696565142220105319804648821436138957375617274771194465963555111651607609364954071719076826013097786253098195657423300300544305764
-226722263423694900675655179571849195310548312491247906070199115602092767480881494301517961900586475834379244319325893963860233264756813348192889869675530396877225054025268054618357223823181623
-1710514110678654056443286202964088876480074847235305993832907815036277935469349483309809867047792213443122701873959280203631154385668297265600075688466620157162327790407644255716721255852832512
-12905426112216044395865032740754781966898702672000719981712234008354939995644011631653421518394417595951354200797700215443934632197823719968529654290969074624604376752966025075483419228273798409
-97371332460488524919752106037078302893884188735605078643594287021539373951766537588133313506385240191751720328148036591705663564156520713514472325448476327922074000252104575070934053302466917056
-734687816618823418697955409088243234115490870181192525806276949271217064487954339489619540175486824924336663170816318280651893066060932351040476926496550199904004694200057584012505866089989074415
-5543542845707788504174614554192332374043336376766844547435156335700583161659751800209388034295068681717228050070090120314294114985908975507703597726799215066941071696537673714772725108572305619516
-41829696293484621258723527263333229190800594450067880097265984418561475329286962020774947878890086006635858455491467875916758451597626048751694049430262040529719342063254886718995308313252369953535
-315641889657823877029968735018705925818504512436469549462894043674592435339101415855949762940271194243054316954095414753488081849578023239248282417687900733464983913136893913773625335917457373763116
-2381864590717083386795831598549763387835774094838098790179794161953022298003819295376056217629049463421390090976174201472053221402001872649843294982344399783329906748328888442589322285588364498652521
-17974296555003003153718710101299124409465682258495249077211389829363903555708552605454112741035373166752275208106233063660322667760870861783166584719069778237663835460904106106886992653693252223226688
-135643513653189116076720732859630199891783369478237842117938554700450599198676378000990160435050527633372044028348606428561492544409040930129725895318250200987791050503189422107874985191289695880403615
-1023666160159382941052216897831245662148731729500854057990761398007620775183979026697878493380937620243174864908779334468281208239469684395705377973340694163510761220989384597805885157793554808267414192
-7725556008593946127879938514703561853843010856550014523609747164240609580219577140406444535557267743213427276035389360306730330116773069836528126928421705524933062474347926928726021063162390055622467513
-58305983227748243815836085222365128298447486447626363488154420221586989418211350360016410004952512617445659536125096428606891927585583283760629390062189363352508877954544686519921128566994391055073348484
-440056437503393729217396834208049867220856749279731073106084246759555770026161408810779598603622815516242459714653480569418194677982110602217033745585763705438803658981930235415031484118624463310461116209
-3321355864627232516984837918092946086770999514224508835993243341340367513923942658923801603754155768066610363707000913068316386719061297824593841487366546994578979512436171474792409673283480052933339147044
-25068833102686819742144733712241139543115509643960783612530583521062241327259679035534905701443184571124155810614425480192378840654138586959628743788361418072316972935080083299999782017785470355514450313815
-189218853377795836708371200426664396260561174907919144442775742819424989128249566761505932434108261494144085567668235330820519363931635763327956620749827581754794780604491766380407738047842671840837954449824
-1428256389339130784303613200439869609578760231907704791776998562589819754126974021191648887089511180327726899096488310451966208921682910952770359619765284133460218870809126521604850860647216606879314167598391
-10781007063881897599429729368721767700423642729715888239887596143971601409600541782942561055218019013474204963718648072556380427135721321997521270638105827612267803425251113391058338797541399341901825865204480
-81381141441421262117627550946441169121738063501745753004519627584509678939669294353289927305559906722460519011748299710992353756976664134275460919015045158342551458816624747408218498271818316098319782851305137
-614326742383016516053353049330661895865339909155679682915242705271370264187518043389056905912788302763447659260735052047963693796090605574482959900295615036731501133252039379349139377379871900081431357277221668
-4637524007034636664740958118490938688519190087881986186470428229029232190637335370754375216476177782438117598029470826575544028839042361088344125544390743176306195854529590289205175966951548842442335125964733169
-35009340929724258557291657454125413641115105912856858159139079881258725634123508888059279869501511419322390220998169758668645856738115559034913457334015945688276709327641469051899506309787997626931906351593752852
-264297237360572673838661460273467937033109705861383612594093204751376382397156069967575595491730902174205600631451968617144083438871361170643140832790025997532142326142830010148556627969468119697246467521614546887
-1995318125026759434259249363509467032269468182352814464624001995464145160651838516990643498883659483454105012964157961310139156708846342983232431265074536966033825866354808796912883716341052993976092991442635179424
-15064073266012168589170329969317324235644692225374141368045126461698153382236213026550837030795439036434994770614306820944655379747086225700594574552698314283097553680571512961129952728147034490336247455937433823769
-113732176867145906439313009842876133166956129633247098869876753072818672009598040767892645888407849903529067961067602588730613237411090820980448006540751435625554132619977972794964130429381489606603014173319444825488
-858686943343493088845640759744120886614840061938634922335329964383906205106388319904828004615715034149005602708021092249090221513400075157199130538814533047330783258960727103344684705806691838592211667863390899144815
-6483311035972564940055782937825697000987774306343671489615493996073748193209065999195583444741163719550056686602575283102041790767015641998013163081718209879432912986438322930973285722745109254782089920570990712693948
-48951867199983721188770779485937666577365613127259710765305697155880910885360073375665432312541388983694670083531290798620602648074126171035435701646924577232139685632420540250694986965585375975174838095599740345814759
-369617045056964836357850869042073019958226590016115819476574332847805909448982951596845949053397185526654769035603400103345339801644131890420959641314735368252071882314521242427333524303563963618244544320114205839678268
-2790904408447906030022728415338728006739034726364911091212435355644664950725308709126036899231778246788882842869716040447197493138152012948752218165935689540188874670072738674916026453573060561617672826863650356135529393
-21074054274534359049352093918890937757052342975314953233277668588500881029171276246041959250159514705329377499277668307277935815656906432407377137567499293658609840020325475620429687946292973037656841777255368019264706560
-159133387758937854272694598258616858657596635881206682692041828339923929862765324675837433041323753350351109394383855868533601509403685742478187411979095488977622247455092956804023706357763370020619325824781389374314664569
-1201668081453702381418111949535378523471796405156701281757429934256347897579696333589818402023653895333353864505333590334094361491523753360856392772035673539998890030110961599761622243748739692334870234678062175210575133184
-9074394749210618189666747885687305728399098975187687887270241132292099622262996086725013294506349898722243098733202512206625520913032277997583759526193327561814367195912334668281777939733451592058401680390114605651412639679
-68526832473271102551967281046060312801536297370746843060928067419589277121896768600349876299905046424222946818640656728788596514170566758998881436929626877586776785651815402729983301349916510501690289464609791630288351206140
-517503652845725687564966932370635429464285955882457040297320753687904878411709957201595595531072817909833309380890840512186486385690081991548851971163562271504078035912115483391814955403190598185867454919483902017247480720047
-3908191879373230524222295070998745228805965442521277800688917495513695520098159755607580847977565274638763667601972113921710544785829300043927648845066721769869131951316425789261982587532309367098054501142747049517355954494636
-29515351423001488164506085287268346908576405379759362557887658313338495869817880667362707923543722128120333102572269440218000483303574971858424262313694073628294769983036958513409895754918657194154716067572756451171226120609657
-222910018329829475129481112505393181516796344953731529600674150371589414343663693346212433802148242144252150039759589576472924737234353829548155386290997113597875075275056602634375984074276770521664698889502081073068585173264832
-1683529351766417296042702125521632059498746696219040293610736900838626879498216615711362997768653076943923848754131593560494959069861542847847042357045054566094794571378609521184414196755095724421263532453709461244723096582566527
-12715141617465325267707789627200303924076812953252862702620493176820008462615012659413655885815644094715794924027741618579058952286759914448679559173501300153883518069309387152484947962739863599596834875583098105968402562180263408
-96035332324275285750830582433073570480508311933516752673885743165736389442215122523228523151938817333802224450442176297703115361953456864055035475739308029451092954021991857609706662402329954047040978564551967723152953641604136217
-725354230374327460499111408617297612058548985130726169061820565135240302779578768761352000283141657706101996478034461505263648427593881769423990560797233318638864163375478172060745072652341831924860988708642175060393173274862808324
-5478711681816970696334897809286277901966456071699577233611817188640468235884474566426376524019469463611332207621359797094413219642585971088708320751547868080472642488589446362558487564599086599733007530929284325768761533164268754353
-41382418529888956502793239486209281590828186598061774515219657390506096225697669542423589025203332425163662113465672756951456697959945343454636178705220379482324815005586484371812284944475868839439759494958038711771487426242712313060
-312580835653487445331142818434117861952625620201364028774853188184354966196259547071925696604040429458435901030338604986209274048062925796443964945511359403733101487266580451454346254975104287694232971925106563695287658634430474051991
-2361118676653986360496358567913937594714815788017799904516111930440112158819002468449326344360159635909200230493274011483191325885549926026195932538805099137030519641130424628529748676353139697689033590991769037908341891486106411415200
-17835373486361818244905231228987280147093197835754795374355609709835518291691857523513138770541039215400102617838139052974935457196284669114495513840228077056124298357786826287159559243029983465446148709907594717908793715918241188595471
-134727253749382775131638945619048641797904897387450621210690827269945218076116750370627198593892024105097003946269795768889089774635990855045073706886508150872966081451052652814289819440930875558620854217222585128524313618261949352980672
-1017741534896099540085857107806712119570687400419032428533855636358761696206574857409855571418517924478199883081247125981680952915157040456126168018723789631440725273116478103947365643217964855179843220567821779171752357167947823420618841
-7688263658732370463616285542203182426289808496140175023850479714648539256428207544567795275646146080940879972869732313080993933871991551652726254232168188948714142807789075004585464932522445302549537741663800569035445788956579743015183428
-58080146445314837306254879986343642034913613768734866942969771396264742396374656540009287542357505900642985263446130248159861212210372802698002711157595150513453842584152290896778469812134608643373344225578252342291794736505990072725758137
-438768800614691054381325962371475505946536478756638777147251476395901104590765045970263859085846879423740561518802004744676398868584016905108194628093596778849010229769709560242983227868619957103134518235630510786268596663889445499478847220
-3314761716644617240327642620665322182785470971373753804128446254095261807904602190573210892723309047631277071200418236630606791229282314675165728991418891211131096860992627996912836657491972203340321495126908706893079611692111538218787509375
-25042481872137971817239782313977234223214715596057295622536896069976955420841353606576223413018576360279621527673787976217422114320670499191024761407654329105341263648160338330195693231908785587482409589610622463733374637833805908421103133984
-189195515883156815444168481696570876462101606173847646225072472020597017475971053086253167226313057484226411120058197738203240038976857185859893189437131903231090075832066286501904940734449913425156538248159030077287984824580284314544067309553
-1429396343973163114074048140648036724971965687559990654487224992704875997356303976057196329644171594511015018294472738934092232071771036011335129984079146259516127367810358997082322904484870966171623524164872737764598502752644545655622930257616
-10799478704642191436368029873719735740213005345193318363338202406364643742393027886648902758851131308545376211604829409013415469552363836678166980812462250964586886613878081424451429285829584739562408497274917720591464995171884252095830114554647
-81594550914557940308209894914367084561133682293808263838644879536686181142681660994818553478189068815776075333964135341639658122478897842198899568857717531869552129628620523281997958687443696564423751840214531947690455511365135338903809304250972
-616492362732938496666681552417836925759594991446313222863403571565415767303197860656119758532097491197853641654985572560322969904544078120798365487707672175513060229562596826973153419033550768334252526359467136654181562142697114315951374724125359
-4658030927871354617122885333269690571665328610087655885132182342142986540359681978578925406767517911329319431281127193289794887073299592792299326077602133046074661045703780456838579645697863562145308776212523105297521451286593717549380234755725980
-35195334758632594113342366897353529175789411345751578070115026493604340192193243122585368204950418295779388261769018527700446897166592875027386359077290743640183996695844331648986181230045996582449825553709133388206126739949279279216991087881760617
-265935209970699460496514523182934796684407078991066605870977606184132342314253985332058706745804818022934600329515607111196594205234021085385997795896836327052287462981753143780720637257351201900516229929531014714484467025793835844188082418544758272
-2009437657619573704264042031623272607765724448915290993731135824332435454037504610760415628257597992072389188550893556261654705922654625643477086236863653232615816440325833243029845740044653355128381996212414571149386996754719963289317434161929000687
-15183822901135284650283958119153019282849884857674112310766061230828661312299251161611679717732503792821999886047087179926417252988809350063086098622430511270813437812799696239937515810321016737074400514221707399447764410637144928716753294505004137920
-114734906400370382149408895143222619469603193306564806262599090626800483527549314296712220020558119505641511035446325268464471684325413489192171728859248642611850610477318343729293235947137982219632818063616868210402127252811920665611698376664202071257
-866997391416240052909654453729152341065702110982367714700505963686747503187294227711803839861669763306282192411263874878922287047315822660203656018305198133199965587135717836729829256203325673870150205827567130492570117018445633356814605332419691257060
-6551605689464354435533911846984563112912935396207745837419217580775366321140485575910373485092992662436093294198851734318725870080202768673564765721641419494324779471442643277331100122251315773541153812243309989099371781905195822930216424628877243841417
-49509141362044431249844047411899178781730072280727731308956141421132173925684274653399220491410212186558659698515970371523219792335923480159891722649907992408011798388778065078132707318756103301833396274915265076488660606285999657374092286179845428816372
-374137006766445964894715044735589654140843247079525069436969167446245843072954514075051020891648925394226568866908678274593331496543876662247022615733990846449750693265066441410034586519239899922367158187594094148023223940009741613923313739516208519094351
-2827375682206102167209694593107787102903235170681025865806875049052488772606938123877466621543715761234340031285982045164287873632831721618029647983325481164776806852450849142463076349069621622279299331839114730578096020152576562820719844118194730547475648
-21367017018540277523591304168194825270684812370771557927018822224169218742285853063432292943924060392761787664114371458574078820992432760332298208686643914734240562426762485430094364013112636172340016230059673083374782056459199661543643489512194137785699721
-161477400384226409450602583893496691963967610115304306742886777226467224467270899490389346642257879033627446137707458566222835512548877918109852470920048090325804037021110653198057326194532050155168281792205463399600105319677583439892513558662279070487790672
-1220357367949403669529217936596754925531533414944808898211840038255075495788854056789172903552845913894959393351626783947271369381292179649674706403963344550759035510819778880242212270188999529360312623761450331199177109939988259496189328650716845175180116959
-9222946329523960873994022164010300410425914891634756840237016370325335148145571951441559164454369965103095209686637516713533229040573430626983756449839423283988272657147829300768679005209267202342695113463995913501506378010795809902818127626809946703384601820
-69704314606807412117223298168344021013742448885284705345808362083247174925692366351062933126843604376117132175904827365350538540828073280881571835929996543987091570841865294353828820028505962618436557762175379320266613286828121190390088476387408493826940418919
-526813527347705672907026740029456416976276937147661475021490928208140574606135247883940639814758668150604078333833353243759500302415997489204363085737809375415663122110336858322147232097881288872610244160668913884152150453314853212349755377368093912939238326716
-3981634618204880304488416226151295718396617584302961231066959128543212965928496215692721059042956584303519504408844744530450059379129767648900605682956869348196138598807168269285919636713498596588563061793916676691710428140968573155079822010394266170249561942609
-30093525579533023367003868364877363387255331635501142683755478129425328093996288713301312927452844018826002602369800201612050917441488018417479176454192151637281294781917492918376196640601196128358771347880140629554354240066777270505642717430447246554078272887392
-227453104985584095898121430097811636586734172855166948423807647294341005910237867333564360968469127463243880231233751758653711327467789262223424144999236808009076759459224385367124426722272143491654038771133439971388420766421333966070973717243592744325105884659969
-1719165771805963771717010951885952673013596203667102825521692387783231348391217677492192092574549575080185902278711915111598530773246667065212293598957153555341249539597621848392094365918649336386408089890338936680530581905414465001670333443081434513503779177214592
-12994233954980267447954814609557246647581927599101878844715793173793163758631939149137967268082102621699157458794707433039630240870998082539457220807036350879609208192947042126865840495094937433292530141021816084348830169121450215246653270093404576712658506515410391
-98217890322780923723948844155340115343062987591333434677153569503100927145937212578080098846204976325989504551768008840786471553821596342519199324325758484724022589351998888229107505212629330972571422135304392335520632445084768601632503684692381482248392338060975612
-742399155667708763133999820183770604827266060942983037285734045173786842969100332781968520134484339306565611413030952340194249624557824461471043698954804486795370150277762661406446946356237925445032073323176788556541975210935811442883975856456865678224817444510620503
-5611658579666720538123507942046314329708477199168666632829851190219803449292213973939603559434720130426215139734096452451352087734923745755670359708368683389005713101498374806186353976764386196595012881445732349217507052638317352494835943303742000855102387589801048844
-42418164235016185819415956266794397510142775092564225152690313306589784811283168396781938416860522050910821218448438764001397355378176761963076816100484239106393993977677147535039287278618082357330624159088027545213036959953705090164701063366001538277835909713299922481
-320641190550927650823228751351367006167244906197583328306820954364643961598037632545497048858806617748768358073311112090781056543449385693590700085608890730203177796794229968726833539464490442366012398106228155852521570596494608406606809508946586742595408424473797013856
-2423781831221933232751277229911471088150904682587767879624213607740076321086552042884029417909947406501059263769978371077576169744957979102548408592091936243183454084316300784626234346280326862882622936470395780944389225773783958447835877373265733124832590087605747448271
-18322066943833491046099098470704443889666146392990464519482908251863361382090954202451176291521236822523780106363210721083808944711885234534957626245823570362184952059412563287788037511162977817148605643010743597874573559871349006480104481917306215812121320514265329492592
-138503927665458076952583194706169109654627307653570390668060610337410226044035609096390265827583642043344536731066402194124633911795503506774965875180628473718914158019272598359167084823823789913668290379888718356446475963375309715006007333253399152536109375734879787799401
-1047023318024140502338832360398840021015878412954459537076095436782166913715822671010474074751163490429379046351987121900940871481720538097562657908102842727525196354825197236531293693890856615502060712964005578840791407355007390621406981785435394490725506487665345482751908
-7915114784602890433851591769536533145363604651875334593041834484348784625581534026320730092340823426196678539604854074173366709719747199531386403810710925699710478737285796091325351917702670373734750396926171091139305999506838253529339221342949335328451050327801748398463985
-59836287182816544405205180211684510406330766813999958414580667796100613498580010325664252048664063841610545353558348389561242241563313396794383314183459700878750524125306143678241930889987096066709844249836901846587775578233336159812729966348231474850991925480878871124462500
-452354144868918082001440233939804438745133966927917402211514296229198939338336668588096209334848791589957011354941192572867098131767634229705154915141630863329516144461839844790291823586706778362634734726211397334542079742800825888626956615788719285372170291501809912700885175
-3419786431362798877744094072486409214581394078956869543510728376994274228928339581787218544071715694556304016737024785168252368225802565780387582125667916347562375836635025600952873984701254335417234957902273443280454612818228584931179494613068540361827356417678253253745947392
-25853886005080595302401392601751837367442941556060371604264100759639242527574503779610118577612406938632531827175377323610565635802282738990194923399456322168765187098760177497377758691539195484972111038737931913506930194020677672373778949909376571100683078093905541414271798687
-195460528207635849330143006654787390087083957796833045931741776878391085717905958302509512460757755589611345475836638751329659937245961958719671749203194362716703879234251286283233146430365669807552962920558579781334786686211800255548785488594776757389746297770930248277051989632
-1477742147974247766891129386719897222553413323067386364699309472731412588555641704786785895156154330988511407840944038555426584786866463705793464548450870493838402230975067432550369253401291722062661168183321453569702092742698327138909237824884120405894532670066432712184235215849
-11172350888429020115074664141619234817199273227264480590216500079689538022345885571339238167332739196574836467741329098994645365330185144999959333868023461810554026203235965379982019441868688307844659251411794745309896022587985294951676379396874094640264271799395672013774502865316
-84468882564976314837510577757059664889496858591972027338750595103460152903065468008500487900418754100831864862871830467015198378273502111078468409334274561529491919549420381174721879051888914471898391827389568382586541300260684818165998052206773465790701711256308807403133412713401
-638638604514990714358563138254424100663026209696777635492194977015906520994886900990495350694371690719392766442698865921044070504387398615606969572519972953949591977973743855733645590661318643024890624953430291255052702473912689840408464401993448810999947605523153621900296498476276
-4828583918595424161165657567652683302846626475839670950159867549008900540323354065934357556087694384775178912192189792204619024778977046983847263825972717244542442867627700818508786520184262572020667013699286298228878354099107208018871101031100583786272780991029217612356939344969055
-36508211680185865982491709504680148158636032888847489207121493562296335209124459931439631335038917123339528067905951811928137159197424033228432552284404094858874631329488769809917816808893583088515404634484013669917857440944283121044508075408727972227244169075572686242985746143137856
-276037101536240141210126400612061652081857033462261708936855129599155300082913966925296589615003601334679008594327453230747136219205117015441993003366988958944490319126657869366368974537161167805752495697235808339255833944043890313060610114267828899089569628353452196500228185393253385
-2087134524321019756456786279434069153416488286899716093028288708426799911359846058445130605440833706644636123298050663918279701629651977530085257651009776618806730715981541375943670494409437646379139093031240600760219342191412928438570771016499977096088148920210943344370453934405848848
-15781179997367130337792581986186146832440770776175920310816947732127378161018112633113648402012387104631212236274834685821895344394722671627086662848590286458539856322216741526183175852763066534119026027225542156748626195966236760072258711740750856707387586831349257248982752409529563423
-119325844277220597737769738941427579430411267029840193407982761452814695395981649995506436758655194505077521414938843119582751804918725799153507779190028340518204155997549855141142844990111760848203631197515280823882557869323718811769408976544013307175808245774916341673094731669922629596
-902267954931110504902949641319695684659776904598181571142333160853328595937832796974655795442529355336094434907236017806399895126596819058879888332433010837318823673868419066125086664262658770956561230910012158951186590487754479159027366033571912819033720039442247711417762303058943100295
-6822483426010010216651573293013573113637962035081281349905417820598917447204375805611504468741732073794205618654333228922887197478048432465104932068376277364011550781475300441706508198838239926678487023498348352082797315102127139715713999160751604119740421478823349305067318032394484777596
-51588790804963220624950057739738600059609186917137961598054701535958265254985671935142011328920583492621204226394165821872016062717918788426522262248032374100921828868594887667427184317140385100384221928839754489571437589606228864276707663174130148656211932731727874040158946670313927703921
-390098315928659466092682127630268224217374345423518474045660675336102740808703206305512492993036371348766945705291652817465457148881007672136612905328864297222708809889925289360340010265292810357422203610669900704152523755010589323535223548500842358667890776093622151753998120012350568947552
-2949841186211448175088455301409106491067891185275497890982664587051575552042594649945978918438785961882232368793106221248702419188276540332435470604459264282921718017875518953267633559399571035270343448769812520796592905391932334840651098096284108004867135550303472640900630502803058020145737
-22306374666516249240587669506440777439792140529144836262820559059738919333777173771817628538930502413011053443948022675392448858755089571274181581440605838367904341761049408404561930657521998601806852300651888376910706354795357520954169145322767458695643909946531660828753113375099022348662976
-168680590795917369341934241291702821869529449335382814876867492246620305650447255262196756257965632354747218922167405538738622329055961207731127092939445059919247660061765540330175601913312975012549454971057610587443631590709690781993100599487396023368344630758032513585028238729881116234456591
-1275577833705577629250883173300150564516204345413231219366067994817257474092840218510852373052620327209569428587157009857672391457906065536684776578633443401508853090376216833754167287155697790033518775764221488240717669968839787127045677310827974623069669489328866728321018366397384992705204828
-9646161070808885646850636294050903705138491320024543398933144440715869008103912268127958190906658821241990076120692292540965156611048210112442263469158125722391596686067231777324514242806320251375425289456829028347289346352461592000247012283781851018036123104857833856966627684181067508912871023
-72947047243160652740816149939095434191798780891080346562416572635991486678897565042977933750344896158399282070027720307686159358578632925419524033521723093288790430394244201427944805244021180069818098399304948160142346077037230258495141318148423635353999847739216059381121824528860218072057542316
-551653723156417844947469002824637519703441151865205140384587932464409606803594468640235897920537827587641170862331783582273521473539684545178172973050466728513378091022170171662928827662407965845107320203166449734981330361622239877938324337274964954424278275767683717107781140423468665805863665561
-4171872103253019083375535072307761304661987812921796810593222328046770696808746305901642409371996790471510073536043345470421085400043658855292404028610101056139772252840315008450129579980376726128703935320946309422858425765279042495305657397703723145164174982994449742405600475492346464555818690528
-31550117511816534437835201535401786037165246511928208770982083695962286497212487734201128622016345649799536109439199502940010664110402869555117459611805541604229120355268260770289380691321128796787732423084030286930362552895266948718728025935121762872741693974561701230827686096350570433542736168791
-238603333710039636465406820070107356657481556268598563786361144205246990133994643123878728690029993831526784286180306686192773350482747741539307014943151155216467838627096258518760516809780943429316190457154392514840096436106838634023443954531672724012412670993059764226686351500124510992736599526192
-1804502682376066126706183811253048720156340412125922507102562458173889163484699680022598098838051593727352349839001083164954201173348002287653578269204830658704682749660986503213439663154405148269262736874157185366819926776525034358256740120330908059541153897353489974068615192264833541180314812894817
-13647214686100462266245455316395549322791496740034747760579691607944764088805537573168638860393687658980108819754723921299054856248305716922311531482347825116023879438437835997368119718843662281938538918537557235308163130128870864441106647067153476663060661223124186706215264694226700298064167890927236
-103213368117370574518695076474442177565110775884202429691460701527217103614160999378947077658870390829463528715414383613907676388670336180084250250639430141281997608391776706602657015899500640230165478675223276451605694776824749841550878323683873983565645448460056446413968294712380533627403602017270729
-780608509653050327085994887407254349823246361088324303949734244684872188387245520145415470742041848008278835056103511373604906478544329689017658083508857029888761545626283835927205998393035274180824360757588529638364075279943922566419506386226448214702536862741095025850294344407547295897585003082344132
-5903859115465768414193874814892905893351941689493596296920768331746741348576841262054462127180450444336943501195823342717488398590537978605515603808423467516686312294757990165192288215540713231190109995322029630553919114892277532880437700802003846602395603089084068327434621379603291129125001012386423903
-44652320324071184264976138462243142958874466045718349327904594745303085674401563092057777387773577899769852725038646466118960762254931735140930766813517128073110783971539678865374929183689954642732901523408064109147784310392881025841754106709030890004889373760474567348214684319102088661024179903859223296
-337720473671567247819535304078042678814592777063908829916550471253992284843555752477461985025265804233786298558293281621076662915876415369662592260779381078839925602793361101665488998543971945605987119585245030485535257817101800961205958212590946034376155772357966377238312584576239662739358269917705660785
-2554324267820131944369953487887563029011201407949060842186930920233140987251357257525713164020602239036291997899446551896499642058045160078457396749456556701622137221292591546703086863029995576479491131479347508331637419582969368771113843727306210397401204783754713316561598169017195245933342574218466768320
-19319679653613841044573425869404850755895178204262474925588925204791402311660110154829999673929215628819897131111917314947698154779825617465326560701211492300479833587420081762407481081883563053328001119980067171068030915136667481751696057251709456311467648403307591989793823090808747205070552873416965090119
-146126517544148616138963543223233676842235443907821450608685443628781796067720573108923504305447232072989876800613941036411729655813008984434100049945341371546236959278939719367281891393897171331608337878047715259834584108359049592201915419797367768781445027133958598281609400803878683355961344304570385637788
-1105257168649309921344241864606939068753600013878450185731819995545229551419378410499215658210344294229678691485599390607210966828681970965423514006784604242833135390583321250588675348807249875886316287576686536878853566985634637871781673621109073958664082705210449936007430304743507042563354385517417789455959
-8359933248674188052002034707455161377763577151459000919654986809631852960080132326091402699731234031548698054466283064957361655740321799034067924156267901474401257832999468484522958587655486248477940782681716422406521592664832043461269265310395993582981186143062437864953387932208810077292498364721951814385164
-63233528050110836787455918725928427282522885393711288861392539763807382303761866387447846927135027551062452346705726817069275601163744066516004639149736109537997709973736983682234445580510862161088269052261979096714919217634279260404300554008335670541082254769118983691026910664939282611627445741626126878579537
-478296411978722949931329458250468850698408369708745113424628786689388357906657299437459423756129760400578983413941886339957402820452873071184096230224343625904618207129572288646246096826961137497869987883604273968033319981564568303485598882252691725738580724816730569101852266944891653790011095173904709938706240
-3617861271427657082187278646963134845467393916651936813927677196852431888151344959032566632340249525258504215379269045134809685402647525293037136768165231336569914786976847000283089225728084175350093934976043820449237771184198874589689256625362400903932033101626569371196988337177977639499542739492005248917756343
-27366026632655740092603271653760178022035461366409696869407911251143020922857262449763349112626703362994057658125731582067391135222317343389493743445111518182499763240127562148266949892687613620005776819693323544416948552439538500664058077657468663056914148007558185735871369263844772875234731139073936007256266544
-207002982080705299468202467670921417822714687163342060447399911823609443116654719416641305869421128754948071143470305623264128233733332326176997185782842085074298748608677837256003006685173472282711179504049828683209881298665578847739623827140355931441260648387123970772582914447888112453691136569193556216069488993
-1565836642353842084733407846387757162385560476509393775719083503622541713194303346182258276454539369728469316002549650299211068939226623971434751392792431087238312215440573678305422627013884057014574649691469455117747464973072844257189230424370794797135166454663113998656326787060588579549806463266263759190423759652
-11844623687573228188861076619270109989200016436635576531515745109231211642384318435319234056097417590243844670708402755342039332379637694392055617906929008847781906496469635307823514143771382659948881070261100549052069301750230863294616922926086952345633466049100898009371951673436342951702957993957021180117770313241
-89598558252935989283549050205865675269419032030589236937974713643819736945632227565115300715479637366774374170456053553865992565769938814275481885160791088289352868334122415795578240188082292091022319059032353848440425923473161051383685263182246628533966495818071192218791817446759406744405317580499911393230250034372
-677775220089051520117769793745589258499111543953248369539075054256681542040306436264654326164265540243554766790455295842452055683742887395459324474862281759266383996362762105877724150209397386972285190145005897177200431471711062426789818475522048711424432535151588701684754919906333355987003287031156600467535988412847
-5127140709935202287592893477991293509716790238681612365156515926695321772763773969889460429173069204638958428563926598486078284372928727364951394270860667258045946286196570069516879904493638223403995869065975077872627875685364041906350935597422642613262400291190266077731492308858251862421422854273962872915880002774688
-38785522282427182242843884812020783464279875094686598032182916138483127478451625498247552454021754627790766412160776633344964797209965377575663367682323334233090322372231085166850070640934926706407561375741879200182511768449346457879786527652829682852094988951017399438962242985837279177350987468955619707292363862888559
-293405927193802952741405350359011449170478026180869799390442031381424974978331113544605468605697185667102815884629779247510428322328941694304229653425092061883964185766803808039171451339625732425479307704272456510045502036035157423906060910270264589958544576292345629467427524401852338797951621765459071952053876329386496
-2219590856255729225151022704754839915456365987126181408448084099753299937037024362171924577133180599787677452741538903270779526396166661071700714357677972362209842710376813845892802938925041845456164350766446739308690573059430815815678064362932857944609631937239972838757832073837522162090657052979754784068087728020241337
-16791200610881605470291154908358517155925616363611027174616169081702757278518289731480765017257644050912261227852842425025760448122701941315795894863262041493594176273596135691883584298625502650272113020016484527161454398600935130064343874023199873804647689541586813899685943810214020271880934650660833101517181404942749764
-127026791035578955096410036093117153291336939560412285807124794523158448382475996920751647011584277503021254803217342227062704119483726728782368883484279131936613949125431441235465804332619902041811637637366775804633519270190972260620663113480827164042655450853310853844836228750482449672768596928642550438728592896124388985
-960978412052437654447359124037577211980907027116621813724167961262268969233993406841588559312180446656662935535780083248140451083047759757113961909229148489912707568425499541863267776646009175635674132351795030649132336443488070463831619855129270000266163674039457183922340605036029000856670310481184790751454901135768081076
-7270037290543808490864838076894936380682943086030128728645069125772527576776290962594483752776913354357239849910340243161908666567097248940851129493624029462121805990878917895554987973968092635275780499539178574838168628181178916565499933079774109454733646416922716543886566296454553107405004118159897017652586364676611417343
-55000206840414175473268431283284988888651488171745233235882682985488367561835993415618158726668404227403190637423847424413646403529684104877087650421352907750130684333311412859835603698528772003763432971272392524194050136701968210351316445761522387172159285059717489106489612169547864354028654282547610976311970272966973461664
-416098987787842042636004414987763569172151684403958228079687586973136836047534174481896545390773201796723228975655912711728304337514699158705047062725744094002602843432866154758175696261058756976600212030112975382658262458643076509107206830604021143012161875767937943533607097641237689966999431044437891882183706838424263398945
-3147992024759449409415208767405531843652769661613046234169241887169015293774001075563006576523878360455521572439381366803042585331357221922095654360144373805307092798640967155196975497514858684427603325049569820624188511783518608382441312484331134449770963113143445587696714278175915663174346667218346559353609167395951002211600
-23816349261725468769359968889388668726745004256692238886795033243798258732542536197354297251896941526948848017745972913801776951674277709832810380437596673685243069126639495607280948610254259685346709095634202294328961976434444091688864368781863007494533173747510563980260843606242421950675842577439813814840686085586120783020455
-180186121089748707330397818833077308526834341803288158451702957930907298518621223446733169680292802146038576061918342625652369958704549337464207200388410485243991562116622854527427127541076384276811327658720802030007350902517082631051537266337049893430596188649112604543165684812602568315680394123584615518342630580874400726566300
-1363239107665657428641367187029677830409136702609884055650931654790406333343849770346404545760965958693918258481387009941549561777568399008193626244145732507137462860470041625025858836335352794436600568162920081777825575904317219810551614397544364048183140546188652171012624701897508377652649710959335208726449432732778115917190495
-10314003320803550038022611733656912832019985879126916157548219648682262439004714512338783478894662589161917379647303663346549277632657014464163962954513152493817098075306809667267910717831426950695788039114913117034743508124208589591983744386732534083108702689290322557884862042722978841159103240656919532208442846174149942434918172
-78034563262452680809256457215762915342043455846801037156030685321319100968409401601140267268876574185841915178689813247957140574070561338985784234282373584484941630614925213416550713445494272204287346462376895139705636059220314166578537512861076814700173330036896592456240741828880755210755001237457043090261649737823682927312540921
-590406628004757654379919881035587817578276044318946051840273265407048464815016508190930511402343372650014111123040756643734063985530289564342566917882505560579504416115405900309984569073467248965284079672013173749042952006385732321302475655028906127780361439976606836888306001498729943042061829873685185721937381192501684773815523328
-4467040645344490890289307627999288792837794828262721604665666013173065188615867703803662559841110501237469188727669043373703807098920332132383880268000653120014012993373080187721725683502517459008550188370332788628783366287310183268619859287153341453772635147937696996044324502174436151381022299856386703884112461637881360960117871575
-33798157096666424742477199425166728827039967162651396563476992328858730890891547433100972719606684115808546205477633555285360742729269358875410909660290309643846346811895883943767637612474933831689929652764118391950533773281812234638800174826341081569792453260930464327594132284353300163581728370669380356626537645082154203020500221184
-255723446918003006958114168515681847039796368569618326681262907691435936856565535438009446115180214688890589085056521715178895522983808169993340053870101344565247943505824193234032359925152659972011368798744152314005036007408506171434816519427132394645796643982615481636119888373641747623881140082288871343052446080906720134117050154097
-1934873023103820317140047338294072798713583095441952274906618187495350609667388337558640442074701809763936713715864254700074010947189290738298686724937485495467466854389125297871904807083384257361380697924271348350809000447839904838841667190905652461814726490757681893614471417182994922795017161635453451690329123534033703248781921866692
-14639921804153687064840727520081876689803039399062609102599373458622194395860038679780884677742936799793732775290259996017346847943464336956529560282874825842346160497759195838264093889188061729719661173460673264851563723643141865536818293570002949097781198969604910728373789579906405976432761670183012585900644110263081427824315917681921
-110771845102289617991571045472103278050008518187598157479167583966599878834424627107352484305969799361825051544355868281272517256804340109768216783439807348354277792043421045476844604615929180106643376563455458785228756065173192771037360758192381940574256748397249496921698628302178128829170338225698073326418095468434831397407206872485396
-838155009773113332305798231122179186441765590668390358588879793929036184784471877144093524802631039109836728989066976058704446188906663063809146452848453706272324611434945693057532509829663105373711510701489810766460230013634336904139143236760163707601317487941228219596620633386371121610520725582480749639428803142538302715386961804623959
-6341961500775047461222440269883838534824826946963179834254810402392476159886949755190742204375877299796041268829716631204699928189080123076257437499326646111469231698049964950206471678074008735152669597022509978483677807711750947569955636325540693732230300465970188453405713390667926844059802293192208140866602926870189425370976266749115456
-47987390704534441374118580563305029906443320766750470981419881699982996975196737136609531649147772344450778320917088570101204802076252572208716418719674915076215198495071894711192583188279445754605463117881334402132542656787399924471414352389463202119180934384757718710827986984201556265295692885271262807623361352443235847372652002440505713
-363107255907307348985998457877043239975555649837307670618638455574728325657661083558261098640240777601795310262097106973870603915822839990579314452209530977211247777618015355015196682154151391603709933894142106136920919301327699113426126763005917523191503451744855246951046295459197098926225790872358838577008386929795929052399236627024408592
-2747558537425823558915061021644493137027065417989025969528771453088680921178191397286308647952377659384477847726617697350812410922763823773738360069295603237457461501465834552649853237278701563325427364152946187602557710095383250753557494764131030251695063618643635718555637857571052105273121906403089293879591784025318482917383160669545891703
-20790416704326429320591223778361904194588685845658413944828871873163758492711145070537649228943792454370152342837206059128413213089880168990651514294694527735299991117998624068247864556795215081163020612568676977093335628983928093264821159190673550249025829380491977725548302159305532970802240733563909703745784692552648715767432358936024081212
-157319887187739871283262087140748771223482992968605675678498817136361014982885523846877058551953944303802303387711549784708615479816716997951194948095851227251460500611286155905980793247251149800624536623958303126931330198360789968084670690588932326980203302632341684650351419828777108807381501336872730947533568259791233740575273687354468707295
-1190441969280511179861165753190833012886923641289801409694244663966319802327754731737018415052956838530200357684069825172928065465763865616318294993143939298070038508376527187435294595217107593610302272203521796366208408874958296384137769206043220563691452965695636671716798741436230027367699883548650748177957356099566023495265459967310275063900
-9008178492303209738854902957930979721758066227132135297905383040129862315984857066675904022587760390221206810857280443607177662481750777152235981020032728806134555192486114463736854899098919584525968004806000798339729147490641462277494760845132686303031131198413929191641142023405233421954978011052196223803425286912205306228958172415621756538457
-68166322564878708645774439137027883635210564820419660614480966395071428604705188030883287651316630497565397834525722741283555667603820276377005394748925599054106171412411999515486611472104073122990192939712262126548328811052725396886223099337598586594179945031610236618994471088683276065408717828791389776313305836516613091053199667575280042009440
-515830308344369457481000753435868107284029216781889661115757118112537576483658889109633900888245489985910856649409841028233900517260211311498819517567211971513249867046210019322141651674512160034588698333047885583804502240064869239891605762968645968060414993324949843102782151200811545927500329066762842000326379183180510674498022255756578765012353
