1
4
8
36
140
752
3668
20840
112932
661760
3800144
22762928
135412244
825068672
5023358904
31027630816
192002964372
1199136680624
7509951861264
47330450989616
299173927788192
1899743411604736
12097041760630512
77301356977180448
495214017174063988
3181390877752569968
20484027840199083472
132196438028778965424
854835642288037530056
5538556247799777532544
35947328771582708929088
233705917787305896387488
1521740613430001004970260
9923196522264239298434896
64797023113495915916553792
423665740622529643037217296
2773447773831761961764241312
18176882397431374131348601280
119259347547876851834595589680
783278444712568060115910227104
5149518988703741124161023684032
33886263049035931909805576084672
223186055989433878091758496979520
1471224871037703107604230381472896
9706048429551925722061735516489648
64082829238270623618128437695262976
423410705505179157012066592066053600
2799556519780599943371392111328208640
18522981612555449961207186734448935476
122635083735128940978031293049199610128
812436303707229466073558583800328202432
5385474550985665037556868787861062812816
35719764940895253502719986061842132631712
237046563766369584931323227886522322528192
1573947359672494506356962658880564985473456
10456100042381571035327424668847194227797152
69496704400247762135940530135686404323299560
462132004216623541504484621914046037299184160
3074454200777160541715402089063896368529882336
20462718085031667365259652459809573275874250976
136252798718060647684232150691994584253270126240
907628637042086108668034443254249219916078686464
6048472709845643846286020117033480548506185972896
40322964175976052638677742398449039882428735892800
268919960390670663669775695359914861896882216983124
1794123829371783545198751856929207711832205889003728
11973902919253983998267653340509029280635522850859296
79940777335472220536244838472589364727354910967068368
533882759274966934973251976390485742600748624449649424
3566679565028892831774306598808066679652410704680234944
23835206198058068489906224369070090518308581557729647184
159333274978176939457898580720027648429392361319426682656
1065425510497668559677099260032661618879958218759369430016
7126317728409765372014636719735796320118452351726857518912
47679241898924331263283654767629565781737538305331676680448
319089340440615721166668117360407094742065576837304702393088
2136047476547988607623632976845719050452322550565798237293552
14302835204770014080609732141161964900630447448643007289931264
95795055265436504931892935196791604447639678432525884473111392
641757540336934552280598181014953815611058861150021459911060736
4300343129984077545636894658808297607606111658735355041466738304
28822848128841063566331434312151198646911201824156903840699489920
193227901629111644073680702952217631489881983834115796532900333248
1295685325927353541594401217088394996610766355477212230398361048448
8690078210272831270397958723786672026921885925986852005262011332416
58296172041704377208969002814964796298370367619962712643881149545728
391152800478196512420065595389949843835244902507509841294090929633408
2625069593106775484650284450991695681958306773747803682993788714128384
17620619013338951959989662942831498574601453936847703131894472897723312
118300211608272307893799414605976176141839850460534065974025170021975360
794386812695647419931079619180642177522011959565350148280779182666108608
5335300195427408766564922641944816290334116219634203286124891855229269824
35839692093038112810272727407913425060220243671842408825632595248922589856
240794496386342783788845812201943307223586485362815204825961475011077534208
1618095226054904219185222475773106374412961120407237981431446056730124260480
10875149575621600972934436959379499663554737277018646219978481351170136634752
73103555841092545086069971338455999683404651625277977452457874610578145051444
491487381859867704812438169734855298720743307297957002575153125489555470991440
3304877776290641444895776388063805928412090472976766944126211780636091349293024
22226249698465153710809341901336936460824404940887602194321651455885413007193552
149500749682229826928191655151612408308706418097067173597242386798177049943339152
1005739775713504050240586967842659581084950237120717085620107662028869307702737600
6766929857771975737961470739588294826503733965268083373306494795263395799598093776
45536565541265264457589565666193350718269458269017640717633957604144659325067802656
306471581963575117507426278537471820340977128084131204776926859052942555420899284736
2062910162517396032289267707518980550841499718731548165414210990038164040726376016192
13887671904675558034573959501861984877362967683955752756232111608138829466758251829504
93505358467211506281075091943386301482792384264115934342090299119664885540094074126080
629651719137166788723105332750842298744404626177715227217994594902138376798795686150512
4240529437243570452829324357240294116178025759162966624290087880928211340495348285060096
28562390185406279697288145543239401032146234249586558947234454026857053169882604104057184
192407855164220608991012414234403609284472255436582923344825687918781493049270451523484416
1296295072630086897603227771950475972786939447860006092924995867216987900879322140058999720
8734475371421109237417331975948608664850264116361288956515394616663071873051035908546624672
58860066395820528045560108185511557233080061424516033735534522151514239717871954407268128704
396693194148311735419478634519265089465990632439811751015953739608980025151063219944148979872
2673855685216497175261842435281579005757307083366463982849109775422636408395203942945054513280
18024762258398078822350131996296687324385830509596660428471231622464547541153134767497000269440
121520254821065735867125578604984069278218924504017210309641922412787340205101787647735226741472
819359588771735650954896196347672649314365296767165839380734615550424603948740828967678330574656
5525179225109778985001844590435337710686593245400624939327453813660574199366124454034927123827936
37261762897047634352886967282882772510174965047924232578369404783641458103893081026864899510512128
251318743865129014316716989044475563917693663817439837874166531193448028701649742869712398345387776
1695235708361617026024135149144242533920341879572404174752364169785638983502036279607448258410803584
11436110007616757427690866776082419666809066557154749348986846477722098118528039682804864755310428064
77155854826240355354263521949101443444901345844617705066692439381886566228262471523101346651072598016
520596334917931764747177455848135855462971858256791587910037532332478813610652493341006320429432524224
3512969045725166010209188273198658184355862303884116148926928762898131126322751159649229310774331041536
23707616575322623195542560107094031074148685384354840987547975654795072289775396581754874808782005827028
160007814572439894284385894778864339858593309179430656355721378774483658303961103159336990143181513816656
1080024496819316435326190870560342424293677120716474857322010738300104590429228743687985065833368924124704
7290621187206376785293745496653110375434411115137844540810624737463613244748812363009292360324351255903440
49219068438607407691170998875013418348955446559972571509211577144807216921500420215893546361422657552560752
332307086430164038629746364183086114402818761772859913034851412869326087261567254333215869241759826735145152
2243792092199623067606983036782628982489961352680138679351382229369975309457490327281768235613125284064663184
15151717831739993002159730195844818885549031467547811989631779319285728582617680178563771566574625173124299296
102323844800222702965344948070097744844628985473821339071342665171341509374648793110231091372899703669458342128
691077922726277681476857431362598265841872532688367495273215648756973936128135650600196517454916376675658855808
4667796013537314988453540364971060937930701048381398716993168239414498391317595950479605348543156826066092234176
31530502964930474762856143284454228789996990535156917397531224063801102557714428889111733380986814715169687888704
213001969253482581295372050891952121604990838325958904161794507611484683252831998788293180990013476626066542480848
1439029011494762081807921641582100185434185900759186098979109428689463919212588245896143699925947768905733299023360
9722729926250208262501761263582344663140683840739467589982909758953006385968625474417421366322648303325565147546720
65696037754473303799874754178074422601085794998559992588443205450602531084463221758917931478973433991649747541126784
443937635765808261426894527035002803946697515649574770696674583288483503529263689789726877754208095974163098840961216
3000102856946879583413987116509168668741785199681254322836633719512659372082245950198810996677447552660637066778517888
20275953428315552720645470212213151141538608725093071107198913080314332367810900769004361339954786024074626099582398784
137043033643248495348754529520370630887073933763101302991741201285377382139665353179943824292500373056150151108644796288
926323681415789275525139344407665838026890258828899719823709530010337831149402399090758572974170607717867693833963899392
6261786973607100798036597250964430329528268294123107598414165197984671106339638661971695014771702067810372454091137499392
42331448754450040548471266051604442574926735587983903913320643064973298076027508793685606616526699225234051440001603284992
286191616137361286901069624062671992108160299076503943405961447612996378384729032651995515242849601125062826277158504582144
1934992260362038494884628522966040263984450376927193408573532775981167797234314969157852511170079297149196335933858274418416
13083674561729013976331551652827340445865994907625581271884745924767779121986500377660636732861525664326758316084364321248832
88472447699946401180111429301390958157209430626378210582101788866535156870436562778420318107494564476398574194598158631935168
598292834144299943228881072498941845054999902845143826561120926509082591422984213420707726825883976521454399578413500117431360
4046193571571778609419851321854678285044520925030544865553894468736748794047011894439588402461836681836928065059208992081019168
27365680998950319496101667790326027809161429658211582518522575447978037145312709033543053445873331569752597104549746841985934848
185093971780778558131743881856807170596237515513428023820397982807664885371746086316043631233940888715184649389044959570810125440
1252000108252155535236175459197167679147377308823890166742487362999485510826027121633414940665525973917166762869919184669285228416
8469196481298189966738597129792938062345395022000836845844446200372997350765730002048747438224499430505873443939455346958269004672
57293516651323718048391197113319809322613404805110576637175133401366259088279412171811377133134591342481265620613566969783957980672
387609012067367525428881833919239782664641893913541684031806255857079863274133821393218864609695288180241975770086607751190476711808
2622449041185127003110317550846882927826203872997224351186167519278156208173665415034779745144817266141035233804067569300299030635776
17743723121810163830936098538975736898791264962815247866606573784740126660549853064663273317348659066968776053895708545621789910572992
120062297773405721780705510848474969192848231494721822595394219340843531617125292865124532884029272551158765314209148101082138871605248
812442177607412786598336604370315094380155150922804422451173024322776732656900382801398670219722851727768583362500994390045950764105344
5497964070432171268928534012048836604119663107110012448290542413966586953470893008755247412440493756319552293985522653257661772392136192
37207858611420969059294561413997483640051174135898575572526222326011521323098585669164625307189343191466962835263732431583502111409434688
251820174795274765583125118635074375734494903285433327227248713096823885633469187824921543046797286045357203455571930915554845649594683648
1704390715819280441390501550113276897056406262590470247143804831725194206586132561155279449647440204605563834271648976536619792548671489536
11536400515558456144613004435488226544539335451634318269291000669810293269512491272458250797521460318313344570958180123407634900572812087552
78089700064319765356197754886773306494752986390741186620948242470912709827442399906796642000295344276938469527398735602434488424419093703040
528614644173409143955562348989298123207737383775855056703039370220449203614091193529628148194585766883583521234961337109593493081058445198336
3578544136548231211520130463433465424899157880518703599899788686565584982434999640156516049987898638492396117697781026995097195490099805966848
24226745048466501172614828485504400182465771858277507439358051358932981656462641949289461981467560084547795130529752132335352388665568392692224
164023100932279879994883654624654316155097142856972679072163306819168378970192841117802845465657856889660409452226475155974707705249211659867056
1110544548858610540783176577322660033336368381059458115430144457622667574419351871770946522568542802924165252721530238206882668583460986353932224
7519478672258030800564760833732134898668425941952479321495947153407855563952270498491356217198566441245913920178659103960980524831619546288740864
50916674016535107495021166554591083821834938868170354830996370738625058790361599985428936705344174460317352979259802651831722505662022038222248384
344788395885399020972980893219633331761218177500766274038365964762874192639839524155054045162592617510390477374418858392968966682774075348906055040
2334884213256777322747280814851918249826627609862801749555044686286914942705031755370230601515068339269789885083248758243523069716706687436217814272
15812404998666014506186341685343567966784467754232739238871934277271846624637986424837015624137439038664853944084031632189361541344531936417857575744
107090307249230536848948805673671026242123615106970823916518935900222725987594087394642589736462629956055570790217438417235958377060323490549043161472
725306952719171383175667912346559108576209567954038118928583416321733181212827217951694461474710469461047792448018883199000593631389647532277829367328
4912615188146158228648879123766760664119100005544300187239391038310460293424985190103688541075482262807304254916311825855257011423316491142667901397120
33275353303623149340917519485368243901910447809477843755044498642699177828608398447139275504765213903153712114833672586946444910910673711198285352674176
225398708285706507439409580776304064496104617769091475269948653237710460672016761293730739997671592059346554599650573934826180202556820794972424897392000
1526858490808865267412829561227481774106966803536961731158299373211764200101260805318680119560550444643670979187449992033192342721462023799281880906676736
10343429884565469709930935462598316217823729755756665045827130724552019798153855560705395195576447474089614144884008040141788449738006071931323516787102720
70072657342060036808455400702067227514159520401958799814062257290483042524044743210754828225029726869683757111412322939821324362098949171306959690880393088
474734326175671507413149797455417987065609575830980071378849065906561471676982550409934255224013304572195727746363834688460660561101154724612649570116946176
3216403523767682117035416309209928362701898869112753723877865551376573741806154600816933645109191700130168267744533415753183860958356352177505534891234619956
21792551692485599121885748224722067128900015844203155442379755165029255701880317208712588338252881454982730836380089401231430742323273492130069731986007672272
147660086744092206376479283182645612227170278610741490399856278342028872518413634404147390534479214406017893283596244880444087378202289171396304971772494561568
1000542297004703613719646854444900112178763033433239500377462832683244977538911879215039738803899696167491218669524797147285910229293372488972985274773942362704
6779925293888563302573976202635044384187869823785513319774134633853837294191448044448694229950817996893175685421353888612273324423023930413446782693992141554864
45944265428888625991670435652970783271061560626835597512185763969122911599474949468689637421149155631362582168866182257016302410685001671965453698766734468030656
311354030783729937336708758377337095043247839680029839355102733233988440711293856894297179777160460115884302401280230199486449823509678169147092794751280994501264
2110057450925873136655839913614999070679812108482921825810348328996699474220110655417252323209055171136008277973111398954548037198065764986640524136251579604502304
14300476501044949557344313648740280035201431838151264099826829853760688407771627643151805837835701445927590959726267876115167317264191991028107381096792388717759088
96922144396853217578808819379475504637904694323472849342640409351936408378870146647353630743988506119248133892278045345920266927372889014211306080730468702336900992
656918716178225095250294291474070821852127240755436546376470009616839511604127391379266317765883063494465867791795889413135453620298812896177097100326396195432173760
4452625949593462936459716327755904599664753876721185022604077870284746718428346219483729014046344971355633487113988235684872055067946240946190746501575495178645245760
30181206040616763041939216906968506121738672554568383871897080059760476868890584572244940651170283129830447035895681112775870662905001536096774447894943513416560290128
204584446046797069305765917066552887120885379199500661651606905637728402783307928386423545172060635814258766424175367610114663307354565264682980824700021818678062253568
1386832873828017708890177918465651746221504075238449484078090779711598522648281367012384923063927527508188133991046399401296960024696307517662204773380288723604179648352
9401366552995035470489807579430025086405699196407905828268761719003878086294491730729179246567470163487691432712011165844982631788005079817994754409846959377031243038336
63734273406370777662858644740269896643889632660236565012914832578928113495558898674116927539838841781409722391304459395174389564629381825182449154843079556882272660564416
432085946888414434310743822372073455297621998511063085382988622640580500677228179271476392375813523739544200696516520784714354325315467150444570314640059268053704225671552
2929423423630020224605633910413972241691316527519904189682662555629757851892999811333746696136302031905130611597889713273265899005106576111069318304010614290281669930606400
19861357204852558950598556435417252839045211122183448396660796705764382589768849860240178456947049508135507820279061248977033988934139855562100846768894170033001814398076800
134663630620201870650887749755004477418641693355003127953660741552561794437645020104351116499266154455522885674832000820930610060055737648522887160512761168043805089640713728
913074476636044029755214283970269020656870507830856838717254788288237403240970940451787244840272824940386008513874431799069027277386474317774628953146416463225372778219522304
6191222873577591179102679736854485656263692869492348348667337007390679208920840272191079103145829405014001344491449036584646649747454102777386104539002149477906859714804947968
41981784094177545407445099535120312224437797306353392318411521345924758423753873702227436060464669625692787018146804437928056277312750029475679062042293391666111275190589998080
284681620297233285217135150150105669143966769666104206662091136894756653184827742726553682474643826235305024433430474993443727357976263410050864448507027773578258181063835092080
1930509409189537066405764557021815043412949760110960483574114249774613321533138518940948016473466123076245878796373992713592582494154766117982518508324513320015800882993300413504
13091766282741929515283814568679680518052594894282016308684712341510542879576758855554545400165164304633223855895537005138533508331136064049621924627605901034156373743531040174272
88784727304762589414919785454976862518398320539201440266854572264158690096841726987839584769009293394900020332226217454606186575360308563894760582672026227538127445158414405982784
602132214007375002137986868439816855779329144045046321099968841286073231153734034317205166612035900936017002026439536196598074794283944191075243805561707124792697715161610984617248
4083747792236553945513070210784928226076347282546366250716669778196994134549823785824740750750099561613031586145975668953102577758966702433033968899660944878993057786565292647089664
27697418566167571562138123250140991704545824233260716160147235282909968821802677088476059097370775703206899897696173783606161699611595231873301214700622854495298645171060673791769216
187859381065139506105970309407356525863632674746601835872770691892553501640694277069184000070762379741997992307702992311628209749516092534149392179764799845267128140346970033010463616
1274205787808765597838639489107486537722647907245003555771279285703884343627165784695464056465646707261768488964072456161122469967336125936669726481641122481299079224439725474019925160
8642894990445118540517284320162474527719955052147405541898936205354113143229142244336691224137735729356623303764156241455007005573401449652242070699363510580072730049092675195006199200
58626202135984429578093828841721448966523289740631523331855315199075136434413317342417502003433857014670476200675608744002063159681627304912372052622413348801516484088258606482490908736
397683006830513934011990095089478728269800596671901468800299476362557264456167491748236690309542789681745588848649981442282749421455209980126810583327990481279893915512703765869616794016
2697708016962650780095889734757485443730713440518492526584230628560768031692644665458971209520337227311549956828603153473423258208748839757919702722845454996773505609059631501925949293920
18300602029045024404277198743759523984522455718645847449892028831010492973895861245194990962508904023438777933104887713727108166236326828252337839897731124068628115129235492926246915252608
124150429805804547932166171869578837690213061280545340851385635463370756465829489651880082256636351741476485470329589522984260350113655697638206393824139526572744580732969965653073847751200
842254590450559267238388651366496584532864594701586187348031949562999807173628969070729715421391407461209700989555307793880384539199691778304929880169672132899475527924717249416095689146432
5714138309958811882614530677346096053873626557370342212111322130054488144041591947641582662381363476798243921639694962292983974185949453908087363836250426697263092605951706854705674938288704
38767715273759329143748948522482146151498948880587920635144065346190041642072402591272552419652557945145218122233240061631800555523771249082774104616029373692663915632334934842709263759956864
263027804501752556082906827845234912828000057804724764984116864021666174824116431708524765054071619553430506647391339455827704206701517849143328883910589539979391497503487943073636873826993664
1784616911579050008099523130777462670837385415112219579807333939467935271349332412878139753078211019738527492983094358971388106099159213025106001028833054715237333279874409501232098353816185600
12108773037299928868564988156843348430955748586545826485747392643094337227121494451090470802156854297399569765498430475119739471664020120641181607955975958383051186771678627062143742666980034400
82161236135430946232782324224314396345814587214386645209996287450130376696172619225194932226453382151506858573521673822207031026399253771082498562191242645349124586415613137740953448527582278656
557500656130073742463918420926623672467592621792320437756963406844693751789061973761086216444994048363864527236046365036278268031950673429757341865712174084425958265409674100732720600744583729856
3782990896976712739898170912454771574616556307839862957878552364703080542938173655001166489059808826536622567919798749906847413764831582062336120930812687017768467220745689837103135905504648177664
25670634836622442402795943925519730510297224477296330915256896010959221961635745486139025859334170799569250340595611521241340194533136224032874882261715529817083128710846819209983667878076453097056
174200431380512123028073755181188638148960621010947068794182730666222023250842355628078904618181252691780180034601274467433793418459082862106668886190901332333680056677470125281316835984076720350336
1182151273044265297588145644754297997861647975594964782447025171739853101150556482044421891848442810287752796699182415074105614210715919322620109976521990351505984348268611014061229535987872410899328
8022468136227048234055624332539239064513588494770120813550210814215960661173648046906085273313174404964932195363826406700597204158990439691524409140722204235508766007118040038065482418978489722673792
54444495091115773359409927793883858485121646492638083581536115757652180908332076560453192638801876350841051883884761263697341360364220449534199043022636228967389864683806666526481612396882774075675264
369496973362204618551762281723431097230934900390665608969289673898494245739439333932026733228368697136197149577999101389334263406714103343623865200406695044461817666521504430154142785763883083858695168
2507717692431447656005252148551630004369334689345277749188160467498801729051758387169246427295303729428575734721836303695420976945585248196745571089934371029838469023014740347496699510163751346572062080
17019906211377447564692253620568319573109147114072953343032636357022156023363704422617391332501149201210241519307204346504249082964553016468718402474157338205403845103678711025731294602949751061623571200
115517120350340421552248661157847821603235078584634304460506782144767614861503337968332034726632835904198814520895643274838012104198072428910503121285561738491828072398366468657371033211216923467065563808
784054285225605943409829042395237871338829054966831618912396521866990887723844446377146993419028734914462155360603795568645782533877395884808747828021892665891286963817858580429832272318806364206200968064
5321773832099979534449370042586835022788854616497547409974085870579019890040869310505429975965775496628592134516911645050644996545669781529254598554136361774650161073473695494330120088908935821176555995776
36122442884101081872141861901720867647511027809280105186757132738371236719939837822503684484827808515973320579362070656605218791038924218051482746583008710321616377002102641043283430311348450404169227985280
245193045510582423796106680359207655188881629833297345722945914037644830577562942699823494440623439695293750818799581241300162944968137046717138657256256889485458994266345384598018855659326711899068358200896
1664368304439946670328404721971474345895457973528078609128470897942691810925483734460973818123772050815794057508907972555800750329627556232607349665082749387101152740618558232237100350204747260445170062830592
11297982513497190412515098491361698995779928345983126296906103291046671895408288249537272135559439412354084725247139351001255751110474191374928926675275659426739207888230002661140689756613203662657177048003072
76694187822646016166263740836508892112430163972064681962993383420368361513875199144422317888842355230688549624234071298954929897367657620261765745202750672444556967294004237665632495208556038450120022704864512
520635792034233817302094679165481645665502915770259734503866984328817299472215127308221678818646447049492136317284792627521773727868250056013180684567008240921258976344686777459861999868508804809931778995759572
3534398591628356820455349134569087672390584677043872998189160408985143385691420753861572913120272385534850902002944106870871456345955768023911359688774087531581607213977590417695135634706283984903035228739960656
23994233922688874925571502932524437476856593812375940602525965134618082932374443296870364654930859550746121355891355247480447654309842426995297877480119311597417196282781246765812458193809301185963268705712249760
162895105038854892210630078156937831333977820583919271561115937493160923726815566318555652760762539444410058266922373838475650443947920636503720528624581101901672527473102982990520668204565914074074739805002161104
1105907712167465333240854113125423925227461645915285442301365876736842470903158899296720538054728211793716119255537193690174907208017073507385156329504786544959365841828293302452351814434792371993070549851584749936
7508261187399444288222737176149098191997549675651982910411828791921725289424858170543146964863758518105621527849667840079508222984759449467786950888338067410753168591839319415048962787778452339519355599978312058560
50976429820016685382655775235195913099173841881940227853012844258170036448890627983439234716175545736803014524998970017659512918179324729776042691608144570501424292115597178276841345749149024251139312438272183017104
346105855003618929981244506692502303663418882740526287069055505437272848956338429239952938790768237130618397839517140789556419114064565356383292159735425109929320965207481207434535352629295624173369744514831588247072
2349946043093910587899083727434305912134572968987563867917954260907816740114864904662686974728387536930766901918170148389865781701659597526577181426947816798052738100613992557289222704923718215306319549321294559302224
15955711602976019537500147113208340954187503297900237343875263350902976005511908389386008442646795335089756380029308339018688669224745367772532410949795305216962359988722997580490920969764664519310869071883822036616704
108338729386440899070724483799650678906565128548012070440495234236611713590862275812478984750460276588507471638405607035804508527126015412346826337868648973311631013572718847466491513759193343773931584496346882466305600
735631810181018097294023404102788831538540377926605259223920282453059974246405442101702859908924719777720073284361896279758548472583008254987029198416245234359383260229528397366736059617966895978394038789648042273769408
4995125428047607880794001036247606825715831880040685269185307892458410493634920652337243277530723661099487948234059450548022027165256394005718691835255134798530578486388978913059435538398429156031155762726760549812851600
33918868892364479886274310734413321115607799699198982186828927087160700344170108949440872077783924029740095402922420702876819303573537700975668755739424749214728850063840466011645422593056544921566716197041483278735307264
230327250601983209073621553584832060259536076924728616384633786973613419673424083410747266872029308975438617637556460442563391052687077145493161375771337229870398164363839089005801965117425848554975435456764100992196137056
1564077318600000512930160174762848987443241121135392628079571917288897257161644439316393507269686482980618942688174842702531699224190616221849107077342377151591475761519558298553423562035668165659679684479687733833297794432
10621356341801073497999441196411605964248402611061257643540343829965145251526883440369431546270787593498233269785239882236609007596631249681573077778521732841038599165395980620774736323750191647068481054974626709385562858928
72129104828588487738977866813451269322977785712140781580817424755333247084646177989357250109798644651971804364964422893399849462266514457888804116664153756834687497462550796094847659629291223371413372522513905419103940253760
489835032733748864352968466754393451537890145437851075489026660732292931015619780663878388370047065712736871006328094675956401303983657716068732729784764057521592576011147241234604456557487920819888563981790170018459707547456
3326578804331048976523656640569954887558794183860391500159064510946851351504717129035929406102903790498328802895260972052841079709926042545569818052118757275766337903986854313646050191061468889286178415006527475710267902880320
22591985481696498742006881068454963085113620400180199249968249782064145272242949282087127130433804337751942658826462964900425446825821180010550825893655824273757166292418732078473947706672032238348190211914272944588289356082304
153433267157808002027119664359290288554553130234082436407200720126051032904546177375114981779604108691848746345052083972425586797614678294728623995798618444588212851191668743664397080715905383460113310508146610257270128566874624
1042061023563361597590549137518312934286350146882332646771974369999065239343064740423126854075413130818983312130947321769018744262104363242991247710730783713862377443335751905700419988329988299074044963135796109070879040691267648
7077423720921565438466683112772519882934699420101099650180237442501650240745880748761771508475295856883932986260180406391977258849375375258253521115723224231232367515078133947446181744569352448349383814771348434631200363213057920
48069057618788549802893606310255808235950180933624109436596982777592627356105292166710865957907010518813736774421911780020923236233155644219557476465251376673010375627727157662278085765234161171672899363675288896565023029465776720
326485820664931028662825255253299605483023611060796233726408862152834828333607833549499075979380495691976647099063230697407701022303533671754826888512563993993591246058233376420751277705284320369586407254977317609234925224833612224
2217539109513024185436434869528730361235776002149295408758081735267431106811902235437091158869760715322190859489706114426293112746149145926291611098352000365743350037792240079629733851663783293608019118382407545648057514837530262336
15062131675385890382628156485342074424656107349386790799614310947916617911119965214643438184217963829332134506932756539121358759911469824619643468340872623213413033159910368176736882275911744617442485195972215374333757726827255824576
102308030122637912269275136320871170806490522344712515886389810148889548977893984446775230865603280352400858706869602873295648433672103943995953317814996960859725991133823883866482712595867217202081048755055323905310444528242265104544
694930029640817625861133699942218440018461793611482495104887898321558833349098971147855899147793905723931913198535921524898587914586470361159173734309181829926581641183282003002107155349366862789403160135372105417178059116013849098752
4720417942152843096152930684970149418732639519942051903547898909700277249766878220211553250979972179957691353781653172185297594223325278329716245506622736873838582771389450792296730336660773529250622221469850405033295411253679760083456
32064744740886444341252085432856488638397138844307148807222363680826816034870873198515648434835229129382470740373397805829307757369395265631144539542966832390244453577480340038974724518253125311366075520202495662816416242504961581433472
217812614075458255385027135523482048005373776328381529732241309910318128794230649665998703353405056054531118154244921841391264376685253215372823741980680016034247322296388509835363601710605535107249319855883866766897939741955512810764480
1479606118158491415474134437831842241797098936712532633556660881595288558539368207605662739821052591251031725505544941442351172062273587671294119349147819769940288759292350112075180826509810559470282395867130257327448363250028341930014976
10051178977910563695514188925835264234400100558491233824400176705588455985362087582853025303337368845223189772817075706991830529444572890492984261872201209158743861481521957725276850252103333167446490951968028166865191751797185458895938944
68280334084941239939694322809585691198492060347224758920003051588724710846629781635045762903897304304495482053096810192789000097267130268664829222790926470645817885472107423805519348532873998496221419895677911610249713560391983121648665088
463854696661963831603519996680766328502530780089286993918684972259120635102904473185725633084836023651475594244050201672692464609674020678237007893446702213375590512217546718472694744649254094912735078338221847345163311781432168332696140096
3151199628549004163340200011574742007099218428956078295685143478757553003109217524002911669818398463308405070054660986733025503675392608397932435362349919641626351577711390600385342582631278745435687804154279873484638273592514337358221373440
21408067244142983878332903440857055618484286749935414113349374229715980484981134185902047727940319250696623178772873066212051036862556729801851248631771005401398138374071671494486822823622643983234593106143951822925488884067235830224319897216
145440894762486895957130293961271844869988117409218430354909960705223049069858852907524381721976447938787796642670063193277241655507813736250374508841610313862379808960732963759590063198606399497869874197732667722238505541466562366374133691392
988105002480022132718117152098327063027503875635754529001942837496043161172210766273039015409909568345113706845292699430177238402795603580068908817651661887374668590245102239519007686069259442251454333636559919534245279164247576303243447261952
6713161429911828650291845512622008095181164558190447909406793200513791147579441522480933394628575691447530889818868165373182975632325025380447489581111179952387268071150967766712060681877070585812469873716726412961059798184743348489304076689920
45609831291718248306648698149868233189068187119879850041265347358190216104360139885654867329267766133360529252636093970991683761701858024820494470167111488632388651822551850386342194167677280068787176966797031841655534064418958412520628642424064
309882587687111305026577972047566406438287061695258712099290099719244678983621836037824517571017404919510563690834561332643254505456505928843203230393676499777416279549567659476264563721053577149601613853648825834410509790265625480754019525002752
2105441437076082500151092593555927311790934794187648959774385610185711455813465916658275940295063832066876154194252622556858378345628597847545702352616220269064661427770951518984548128251321209702608652348766722669028455517650745487548425510359040
14305281017941181252803413887837104740774639954565377139649152447750871049495808474210271885438144962610833875781103120697830121439024463266192443973166783244805424290907747794016376448270076150804376796149131177495902385205577970222356461576430592
97197883649325005568104154380102887751556752157854217345989630165823595292890599723667732575750991056931912473089618203857643743996163692869094988349906660562272811612237265858971944433513216037877298307832471845961538451363042238944172052280090624
660426306643387775400465695318861513672420536566316293561883296557012026148948346449162551487029813773317699439870197409863096306695902877850118367425549128318941493490194751481491772129811365896425404115678828477024666557395026611444025258692644864
4487443694294056135003257611615655828752082762401480622610214647647523063518351822679194521741037173527615335626983578078863534777562286879742445813091466427623317931464217359879645131703680237474644661840197847747245089634041951121855044838595173104
30491634622215482464727685644188202061453818796685965144541281107182897296660747240770611887282157194364933612963122761429095959900504608666255637218364972802973768692143941415134014915956773486130296107490531113483519907342981970469432425119802087616
207190291771882465327552966233156960239953706999039134686704886345975649530723463154247200265704519267529285208968366348146830013832700083487688470930370493307973580986138912513852000379464653063640570387305208811280658977409639693349878509014988094464
1407878094166301743649194288310607839508038917288899691470795673849986491650694590877870620872652426465075150953222198262949082306082912927023652407002105367136348765521827376198700129744373822720694423366983517603409071547877463786184165954271609896640
9566820172224655290716419945343865356591679183623011120287754871395425780582873175199290401876484186181371509190359510717052632785884942184198424037312216167714284746144618706784187830094728042935656896945488694007939745028470832381497503667223483653248
65009531195236141310879135279864988774075235682774239037148010527655025539605262353769457165727067483544772489380714355347610211835862988028000142814982473767103898808877684214811017769089001237266168289305751354796683917845433739406412238792270366034176
441767007276445903671891713931804547273857730715713490199181223165818957329022930631874819565906884302753117157793355393066049099180099375611755863137456614526408347132064029908441303259995272008019760045153512046247402485277673036461951250383062811997248
3002038781486656054799147485169873097831569539263379003209221993238652589891308381735393925907483900538504107579743100019917937518205295251700441645766496364130619456800789662743761823602303077390838451559044686458983278541234446563592871152256139617631104
20400746127254249681390231784403227910084908415281893319681210486248679957584568715382732211343881487948181158333143842282607439366572757614977435488761185492940474437850758799825367214143258030346137904181284182960220449240085091856726879419339393477696160
138638066921587634881903353889259396620508367520994826371623477155743679319315808258227995495158888439952383390216535925980503533610927730544746209567417358143109893798538147647170908977834825216969851770860010603143829117200564560100135400028119427319171712
942162000424957770636229304906998943228387522453832676040504817467297958237554870717086911402581253900598878610151795936121631641449835236666368887051200924204743564128531167695927082490618577647928950090013524358836686202087686860336974217936716441218835840
6402878766911683866993427644263529124211374800513448509152998380760965253156004626757290256743930486956518053722536544465595685917047812335881587674694726664215503166406384273126063438603903064892562316471236175057114522635190872278532961563763719727638764416
43514253414712920588528610195197424895621541206369001145009991441756788532456593769506733855793709565442416590464526305034774076752671918120286635491881176249355886934760754357280969630824081573793094193098953897908900207602316757992317922255011365258030604288
295729273131951947680383799121400168940976795041055611235294707890570402607939491389003108673579488777225570092736335038726125275876590339103290292896694783671977674021022197260807766683643681751268420066176821031380699996879465401608721374551774600273567470592
2009849672836913375804724718055242571464710389122450165246180775073259906006630956312666100819642665522359466418048591942263521652402622123251022638089109868276146912933950047322704651856544486682046340794231169258449346022373305628002126148603271964023983282560
13659640667017920831012742622565699111986030091499032302645969998605161435425084080339120993404674300318429877320142413542601979323214952019496475592733493264252645409158041813216834136887257504229959323785049909420039387626760015191566369323797121094860696726784
92837058951164612480923539553501565469682167271814266400324251489592445769255512620077351350135806549833475552780938176773867827977968386210182509029968455996284157773360779148971916500055123175720848944405901717298804580041375203816355192439592821882665548344960
630971628927310197302324025539132588163995164603111369379693239992078700252915855778784831871986197507548170734813287617494625117899835419183490405905433669188866539231624522258326108246008629612258782059593901716000425797201752053269061649203951519226612488640512
4288492059771667995767672452134965236829562043650766369770583904473991720038973281633801102461106994117190725580546883178660833992771743897767870562017249475956587094180914874407465231409107647887502153088543869804586466706326576037194814595621883327401011625761280
29147792513271609906901611100909389867419085701383434112330836940088053510582385006767023825243853278614652662885802667252566148243172126139097927246427673021895419877123798241791111084057548105277528393951736518228751750847382474301609795736414364096768800619916800
198112998117538827661813972796869677576042450278405790715526025015773056678529573787946741706733828504591098407923273413585081617753561321577019765724305339547717297724510107810273158214481973270420072303996313433611887136647022465843220458965490785668024927294967680
1346562373125793345446001081222817073388891954626850892770036036879239908232330175799293023516380234129876130337103578324756637942036487084845676176755962943433278940027717070781876799747734490805506315234636641673354916661325818136479979725222447327398024110629680128
9152635027849750914412238029579376116724926368117087560448836741378230300421850407994497375303613126615979610995032115454558744810512001485492814753861986619875413319334621566353693021509905589356252651934015728443198307191162112035696830372899605931354840379431809792
62211681822764944551089075819069143575687396558872013725199902683460109445746099744357560252724757099341623815869633508232057638123815540353473201630853561875642339198298120406785657686687338287885576672117937285869957573730164535311068833144905283998143534936334086144
422867034214684884229312254920082431181150699305121416228655899777213866942568341059795756456211008281178469738263754225464214204437906413771408814410031187441714232107612198549917313346738572722669744439454107832182122065262832671115314013692385708473315823998369044928
2874364037724330868030903488804529912377608772710806978241854325644481213492879707995071941330697009439014072199932031830473529110140587651424091395687258297518687854957359446007500761359456045540983211169108549270488358622776275464695645163337573852169282503325810456832
19538252946555905866946709393723232859097039001531371857761017500946179034034255879038134593603716915958050547628733480104582571219864278192799480578288219602141649448688745862691469905932073060332995312437074218274387413027942528754902097690011206001902493523938570126080
132811494861885620189187451875242806217792227514120943871131192108280298715461333947026117250517839155756124091904355523353455448098143787369574680676753636121063048811978945623160846695789267643253300067939132197172139757267346465297986815495875781285828599998384387643648
902799990856802823706968329236035495487494950405339650307787659043483898271690816308635205301230410931403446975812384538021966037508475382700611341436562116790401571835416778914092570090157981710710646027586318970858576809510004927431155881191162223309961790333195993539968
6136960602490717613987417984014851724852703175033803471149765588727014786593427620129442052827677300202168681277296293829686594971963356540686795709783555214313992420666245345745373006613745156391194244700614438910118776405883917263647146269037000039990101531053160068427776
41717761529962780948177080389631537587684146652890208043411510540241215881722911637989263491982293020850678699529383714368423776957121926493952903439683401262966795835957934711746517324981414303033656205608035723912049337824241613680641691786381460827253810341420564607561728
283592340480292475033471191976092952226862964329144939562004130698371445259699945845871093062808473292799475217134197408221251441853639603644750572743123913921621141674849531999878620016766590940039764679752772545746671978199827669266010589129693014259686192202177374142039552
1927852483763368185037550373228144354586248229120332432491001459649831449990290600736925349629038272733330039417780463830577527226766768724590835531534745097588789511886931831977575950926925443673632425981459646383798333424405472005715973721931393563209432380309818629054769216
13105659192927282489809600471303688476423128333860288216460396063984527617262309269013909306105814024103415170091197281084072779310842238144243426502254859151886012780943009082211825875932462622508624278522017855348948304096554009997236691404072022710736135476918337920682204416
89094249763782673239110043244586821051622762507111615681749773857318252775099391682448455664973299515915581179499162495019522406039498959584564555743483351484776574073870487652970905642721287000841542003601982825740016446868900881255788747511958101130964468061026718235049260544
605684110331139770342600857360701205621102857624315716043257519981054814498649845871925443460290435678979926191228799829283619871094712287627675301727029088245770343475865669931304547699634027548069522844471373844906383077699365562654097894599112058983491246396818303278629536000
4117639794488142997396472955768839755694527237159491699332374199327944298715180882856291018241836754017449562145819065089519454937230563729661011762273916983910181675479978706911053952987372016779275817905957630792910036617164516417682161576976987690145503835406659978937398436608
27993432749219833574145741092060696430814209195839905334131051852114223493648122462350752184787724692301928489641185665386375929484020463589967835569057935078797864750029952066425420173537963238780864280805886383789403751326137541412581832453062378917647112093825474386577277467648
190313485789836078090732169863321136367926466420835945859546596025339729822604008446815691608993426291365044073353357397526812412538618299448221716929278804445372298279758943624794467677213297776652558369621734758852862184328382531415332136514412889501214776459590649660907966401792
1293863726561025593137946542182172061581521635458521491049372818293492066096980119824798907769147341895455619812265039023757266763895866088505524210340638298774697238256932750049171025280189411976219829494827750594659058544441191708058492881745320193865201092244067343399177832561152
8796563592606412088279342931980836316214748577556546102388638861388547830547360157215327417318303862613007963888019798985494401712990135136607645445490083532710836105876764884037222849357394251252345921249548859398693433806589981806777405772696544100466350174830279840826316901584768
59805766234894572951280064493798514748989464180733956377275994449909939711213243038341532745000466664945820337194025263088256226787775000412759847212489715072070661294806450578807186729229064253403909016082317315274371911489526047215887809677389694085553688052144438746252732471256576
406610456263072213576303185530373689609610298657485975098211223724132215202325142312955923339781322212620500937846337906034538876489471510405601168430411732057251393784603138668823056737926894908756245370382334573708522338450765920038964077553645781877366802789303053798786505340812800
2764518280532487200685469412848979705613001588853391180250310508479369754629536741270659342410635881015074097337338591975314224145054775037720876320380114944678301729643821256966480330057059352541300262722791146434661893733311858358663215398164905862238404802725790669534379296700105216
18796015653368798062819986888519201803991967283682162719871595978892278500937271186978225902077991449313332130170590627168401589035860100880245435065847551042994121561052406362347724369637884136837513102811917610807380891567118379411706410097204861280184440116849960910958325627537411072
127796072616415813659976769627101883759007302710307135744055556792908911154131045223219798281406394977832763929379774925455401221615988031605385552273945529237342157781700579927105058880628377771907933703467539946305673073558998974921333056734433520350071898309497999811913071190548553728
868909536112333588207528747886320658010395294545086467857442563686291669125396213023799360380568428491424820301704887393424350499747665314292541560928197939740538367356435890587262703205145022417469793131261573152940347642506495861909131478671139015472459655772775859911629066103182678528
5907951696229442030470438362407049788463294708974728720684336930459850962309226265491107864132044644703028136125686956544846680758146357423905814845411753186858068827176135253033714474519828540530056364523163919154821022984996990471085123751120849788554756199015225993295506386877739793408
40170255502933439426677354582674008168003454431190112809303401027691570479117868551564356799271716789644791751274048176081642305474991880717340671727492539440280684950450539065830169340493209327159824265473594123503143352419814558731994738715786054216523500131004445572481050436826718640048
273135096411058839115464031357566886895501586022893467599464187524469584577381362254167773346077035199497048598868331637887843810757991620699952700088173195049634772560737767674458806690098473056933825897905521437260201597222718849999251798147620120269973144395316560056805478913261437188288
1857187058432828704118044939541070969647388338452503262168663226692135632963219995074384495155793595024651304465499094038012892097101797736379797817346929979230702071291026468504870882070704457845366279982074491242079561012114268978902942298977269370096172073143827013655263202482222473462400
12628128306663563229020496874255929221523751594996159941456337551701823543503042785947302115313236425267537736953771448871278105117693734293148289583574003148573991230547931175593785594035501574105079577486487527823909141791822303262938614752166499447146118509961406845471794667298881134601920
85867237383712231083591071907655096876323428408054522355184613064499362175980285767633382234198052657701451406505392013253500846753195597702473776809584457883570768919968695784723195136141901853838251874690711463804527080691806549058412905066918635760354110134259903691971258757353567011770560
583876685135847839331624498087180948121824175529815734061109288718334856574504480380476593678315029080892450231013777404009111297575893628225700623657033103146279362022152818316251582902558341022359963157044681431093912482867673817356044537659150409586901258272218594231437133837572077340794112
3970268578907546058690805116542953790052884706304031866454879067656948054982441082663603070406728854610736280436547345085114776803064015071832965335704063903677785328000405609776809596760620149009974204044247397898519121864175053523505425046487346367805171062782817593291231878383821570376231104
26997510638608606877481567461895729059877962303173667163822764894340863399775775771749952968090488717652159161869756058922377633635536420118711568016927678262076124818700055858164475110793297277853990996989715906657206684927428240536818673712586170917253644133211335112929579587800622327320324992
183583061599114738753999926591159620785649220580800528658131304281595838249968114179208057732260164428175009929961825162466946900709931926493653704329843023254466105828585127679345791386488641618309638108033231941473506859450899820413143410701828712119876978146245764118122582519841418129958720512
1248379190065173398004009863083048694601184799863246004380328602859978405183887503194271289216300413163942958111887320545659061000856322673470888146219520500349408634596180299331996760469142569547119529936023572957535967063471492218230573764171896178728173731007668704706127129624410368317613271808
8489173897472427444962772655302484333072924700380759270526517922434612394563827567765911953931856653954997144311161461321027320096286942476039262093053089478180726006521769604071300337089162658663802170523350199034349411585281904564659810535717101043876501811423052538344012703926573379807615352832
57728371868938528898711139152824614342278854096694636303248774794866785014372205246689040075476913021105148563427026452014458016247500156571662366293025701062748610860953889812040414157596395010090925386691654256168940364533462400746116338093709970522226721548808594325286261054975964003692613331968
392570924311465498734839174746358037845789229085885175420479472686599106108220648674736831139235097735954630662565280034199869095538577287456236308184288385884651601150505755160320011503582766910543571998120540729099765928233918042698099943950016226847618510902675985032452783102465433103696655045696
2669634874731232553747369883908529519510455069752384422439257519226268934787156979791029698821641520691474035360408567386375354567032130387358820736818697666247921710529296920740449561935434394526480189677778769260292556035129934404740979772526895841954432303959287675380475695309124244721585528111104
18154759158615633122452093485524424048013365904461467825445318661079300439095748736985308967356322067889987508839908572766267822580427395983382174391657416755751726875127962673558256753743914859520217660767420416547986220098171992532694715582162936350350807921371245161370143533485072267116213629693568
123462190589161907743089541105703957181776634341571838237339540877513282804201353821278519513119313740775390122805724693046805907231069469244783391534966949736608019838088034735772140228080292553375309067172371474910006459402711173558619311229418508044916315948711678612399239472281697906962691856978944
839619081569253070690343420411851261302552136653361350931628679858154240074888641877921102731639737547635808472973158053006709449361960311415889431029377109143621029607019222074313674517343202688544172923901594791808791064150865188038604764042116313646370506711331786903808754819399233837560825350906656
5709991089578106511783733002742138207967990900019845593410170600079355278014856169188222990502167731498259122296305528549874755640119948954602491939963963538036823089202376325550977162529296744059962404059191328204040896938574789943435338589173848911486299358662645980716836148817345691493244750939646080
38832320547742690352371531119320083695776554188732348734801247479997562511888866229129816312709349803653726225122509513175831753288165713866767641376885363211411578986751619545634366386690688420654244487091087028507165143989422271522898944581224171857849651897941912756636275668213657132088972444243091712
264092467570537845676467838167284174865133570021531846496931943638552803738186546925161624448816933198743512337435961415400019413472711322459097893081644027885654150761189065411900821648098099535592368308714978991934899443304491413696179584221960261766952103363848113092226369503824786114001187469170462848
1796070651744566942749147552394799715385138043353222927757610693196676970287842724594317473298420627708675366774255862227607921879272319240233110207777903329753755324967442978149922448551724811569502976613125141354184637134023038330072945795166660947228842115409403037299481423835153272819751160660389424128
12215057748050585311776034495868952815961449907758387403506654439352141976497686015285181447887725035422324276995764546548267749830822426313194346211008775368792913782960142227745632792278507358375759739323612987699846014805944714848007080671183838771346779182698997472272766305402070734144684295894295906816
83075375586799941819892484397713640328922471492160270911470740711788638078097915499936413370882550608130625859480648549967077111062309102174587257983519558443713029443014598925931557588704999618415427685385130155359863531339784350614726768748895785835141585447183284549677472709095397164361488153861801416064
565006908670293318179743520561653187482311876236121897734187239806112522891807262060077461857871125937006754597817910686245057607615476112021660975739746153823451187754917621502925204223591471218933638423821167956147543759662833426746163179037140176649279786848489436959784076233657978098835475282051238043904
3842729674573439735724681932051112461376455419146205640066212402956256311462038904909644373956180564684382167788605339286225900153124402018558613637982995682721830011826413682308919860274042503178697049291511613982571393395173032949277088944288135050165888160607895053940989146741264041733275744623169204471552
26135482155489335929896543647626476464847784715724769926250002723348679862776904230325538246855772665491440577194105158033141490038548215548716113090829480008792519480997910809524404243949806940087035803737316693713815972872976037248331833199691740629364322868538968906923254609864461378999683488168004247806464
177756618900448263164294663583858306262531556907463122619164823137837427367553525446578835381501908039546937684381672075721924946207595179705140855562512274494968272398484937467079959377222305195323953592004186845949581049975472954474608371048473909601852296327033706845311565631105181356503867046714093425670656
1208998058219629462303624257467891226086732836558480599803011458212901664519299607928517096210219288236229598516085955048429220763307069354440728369628379917738749934890541929100731039318176889991340258314276340196439219042542312574264948081560029557746549939544874454542965363810019266335181738913394020908804096
8222993738438055482088170760002943574260373243344676412374441513673983402743715519021829416102478570108269640478411128925874433168598470580534146239341856960658001787628871239274856074305874132306203773441750271406190188931725478724867870468428157005791879168687193839901961640119500525446501029421233025986068864
55929228138872252021853248123580696168017755252251364227868790653564485684974212465585983729522040237186074445680488156272456051216051516931447529730974828985149659465665278047818308644662641942765316574442543662029213508684779815299175225195998635508938344498716147938346132240996412265634240102443042144570576896
380410222103156805320552227870691334259539980540083627523150066359755969868592374427696292240481132638493041339412994987255548603449883134797852246735407490222448739040412870474353769198956538903253618084642566026109048489222267343118079355151771175466129082298414403216264828194867472056508255858715502120164765440
2587438250217824191889010201974515808097463980833688348100124311813298474048845824662474839105372887223263260790944351061203285836403185317230473055140881654594070951775208878004712001548271714805841767043502203917673717254226818185663606768160592543603756992832217059395767772562694817178919818758511417538306283520
17599172549692652776051475696699591632174887663233186344266473584553943687325061434069861415982259614447063710195041958050272169814748491514980105339043115530058948028798874115915720611433212632952541307706044831465413251516011564243392223234327601568291111004893577753749739042660127267146398167913293431764388991028
119706827495335165880207211458784588222815106801290401631118344596277832491534167250027767233921871241067680634100600508241159942459125041583587969622847245959480727503812009240908309792202050326153876857824913468219649967894773118483739039414179854676692427322728029921850822228453284835220109399730400478415910511312
814235412500038821355536647099788940092369816685404966751104661667302574039357613354251179250471814733918647398514388808640422292024166936386833075198505133495448030107605754014758956155220582559339215953024183592067425087684206773920934773306263947177400554204167804122390289939517304912930951891830188539176364216992
5538414085476296122334634478618224277196665704493712190945817304700925354940706229330638835232270930462690798375239450129238236301808077121497314516922879708004991021848005637893280160414112474265021321468708524299136557289136053240515379078905777200755115133626208751033972631458375230206410283194571147979145251139920
37672566480246865428624361019347938724547305768188706059619846722857569499839448948466795208549410321176937985480871572389657154993449319021427113399997659671421192718613772104643524653812793334066644384206402333923088949709557071195066185845355773098891543844469662263416361135044788886244379613182479777740294941490160
256253212601898692861389300996634267649336156130847912793474397358865651833112701256927241525929532077883471989930557006244648085795172029219578895492112139439039543749182364062071869801908635054173234182429556607070930760539993034177021270373697348902273796943678202195426283956582273312924611437447123218826240208025792
1743081659782167769992353463659101041184025711113241717771939697862084381953892909973155995101643810543240918298103539425757348112167334427311385807732692509323531434416536701595761164841212501332394336847593828016230708759963091430226577392087615300705549882165329775264476364208436541365347772969587637291293495469608464
11856880142798325038104819331067138776469448072549747562571007571775878765634119365045061556845140597441758162233618303909630451883445955654564220860951847700135775618688305837196729684728341846496811178597077679598833229430787978469927952997005302400259583587428649934835483837523752059342833210525946439168298618233769248
80654273943630366298439259826105655084691985448849263148237927358630063307840628584256536481036430837065582456479016918727334273231431584840883567234400159866204025821223975553502806754197465077749878221452576997958928832206710253553511445766629317256064422739687345894627590088325824203954398689949199873781044221942586768
548641405594310234720233900499542211652398851909429539816167423413225030283798311192012512613894795629437903974376820425460813328156751151064485554753275834530136482359850520351894150013897596674291408881920354488453390826357162503678701864955205584817349633406295189862403377925844219203700064517407328287878539615124570880
3732106183090842435363994464694692805882239630977524709729639881369693893919982024885512036993628699153061835122806702197488423473566716090232314533060830731929396622471574090065083440103323627934324052580976879892269174738120731151434928633761681253393558699155805554773879781356870810376094354400846472756816062619847075136
25387714033695222749636511620722782736078538651450379662743451814350206385479421123529931863229114773068623694623518910381056992049832796973927044096934530244538713903283538759160835859264911231026183590093956027460105208035580055803011074180151479668193019421769026044810677199881205938845367377947833147747656009985736281792
172702004437236438048313379884970651344179816813516956007594246503940085100963845726435876976600127748074141359325244001197824016835878619915973775655630139728512627836595417462612472852044389975372966739776684580295544202170509289921420351902730001618353467226011632806533871081098739145202121371444299088315665377839377110672
1174830767095854916705120349046366624832786566685127342093775027366708009651417870986742309844723750370746053992625724426255172294606159306201122206921070350100501445005955587188426847920577482947226419394430741619912192918108244714245578229127019270824996244957689968944613335210653626095527953325028422356746568907629099823616
7992034997439581537797000178504569812635919568437312106777206203111658091193630003246187104943067323283794663136558029180464974032187721338680232442571240053713237329233899822576220269368010901405811820659057889172824788070455349964824597008838995033603666184570289720332889716326634638701832172562335004183433941848916412530016
54368024621432948806992567749866909637029449755506088794201642674096276340541760640298732162866131865343545105913087301172159792586524637581531523690958244259996470582662071022068846704142145004795049936725103765321313250786911997250216655543320020146381870281686054303744442910173523677686888190572031241019960127218778826753920
369856981975552493643295326709458785251455173783270916519515663550660758815301063352544797295445743413278986464565008991747158195495129474627269877924245971424879340346151721400572855832892666511324888005062879999333221215516516615434667195963584508841124954858335090720028798754616863591589951128498336438542723274025299388735792
