2 6 1 200 0.16666666666666666666666666666666666666666666666666666666666666666666666666666666666666666666666666666666666666666666666666666666666666666666666666666666666666666666666666666666666666666666666666666667
5 8 1 200 0.25
8 8 1 200 0.52874945559576683377595806385986587134115392973305253672438329472112948349205358577384313907949287937238827809838462530336337851614699368853958451792024202962470833597519279512867916704729439538479533
10 12 1 200 -0.73729299618559624017642619780229369796091914327652918522286888511299610621863821562828027527993210398859285567776353358507741850528831988852195340394277321969004110969951616971144068094156797675467948
11 12 1 200 0.12526470521265166336270849283974136587241863308930387483668462518078286292518402410688449017225794878095688837917339963198231161003697310726125780927124508798352546610666580111126845519389008161622416
12 12 1 200 0.13228429854942907893250848012701106807702516708139017282276721663164647749392466154018784425165491911880357836395339000738214350548780976726153403945586420579298030978317317550908167031462249007097761
13 12 1 200 -0.014890966019670472367614636361837663006907888264838385006812910904640822085696061658674793197656767769986036215656173888748105304133829616750632491424681575811636050328042361574983258126988709787489935
14 6 2 200 0.20034281719326571423328969358524166512749771539008314696537859255697303429771884836440931226822254302436652629921011990308199933311221386896273280620131669357565696382489334445319859592037374904066026
19 6 1 35 1.7337005501361698273543113749845
20 12 1 35 1.153790337839220955648442804886
21 12 1 35 0.53415589936778617565196397040267
22 6 1 200 0.029557672451839803966378806667756583150960345279975485888436586852960606054028729208175441529183365139825534340788375822310109431280010391681256327327104682789559366078497856725829147026463329121638922
24 6 1 200 0.08876648328794339088189620833849370269526252469830039056611044265749813239919978154159277484506032367399892025941570233009281882824874805301622426341728343079206667265805934872618724828196498630079711
25 6 1 200 0.39065120644824314843359371481204617818256716827264271011105003148344349232580910904643478541610493051052117512825451788443293527622015399963039220999478746537848360654904296608047668219316978738364292
27 6 1 35 -0.48831400806030393554199214351506
30 8 2 200 0.26294994756616124993119272283062968547984075144948413039205940273102710751575598847828722235204208771948106576771328237279512412470978070301358680813922816031804976502017251459482315714549054561586659
33 6 1 200 0.41123351671205660911810379166150629730473747530169960943388955734250186760080021845840722515493967632600107974058429766990718117175125194698377573658271656920793332734194065127381275171803501369920289
35 6 1 200 0.076423830819879753467013841971617126465645113252412502370288930866813545323301034284135269443695462902917122393228246068132802590515760888396078502215272176060200364287612843662857798479781938733746115
36 8 1 200 0.19858317294948803918001996290859155998736313166310002880665455305833943712569893087107556464893630373003239639723861935727633786943118931771120367604919805919008030561919296132460747167770086516805039
37 8 1 200 0.45798279708860950752730175746619205538707468714083606713324905981088150988812738473967825646305755312428721130959809978951794940166292952971579736874057920349766601438665973025951936373908204393295451
40 9 2 200 0.2946746039166932855810193056236706025826487287058863115941958049163718890111077290054532121563184535403161440160801344092817766080867266671775933159885737920865305855557480124706076733190665248734275
42 6 2 200 -0.35059993008821499990825696377417291397312100193264550718941253697470281002100798463771629646938945029264142102361770983039349883294637427068478241085230421375739968669356335279309754286065406082115546
