./03_fmix 1 2 0 1 4 3 5 1 30 400 100 3000 200 400 24 > out/MIX_1_2_0_1_4_3_5_rp1-30.txt 2>logs/MIX_1_2_0_1_4_3_5_rp1-30.log
./03_fmix 1 2 0 1 4 3 5 -30 -1 400 100 3000 200 400 24 > out/MIX_1_2_0_1_4_3_5_rn1-30.txt 2>logs/MIX_1_2_0_1_4_3_5_rn1-30.log
./03_fmix 1 2 0 1 6 5 7 1 30 400 100 3000 200 400 24 > out/MIX_1_2_0_1_6_5_7_rp1-30.txt 2>logs/MIX_1_2_0_1_6_5_7_rp1-30.log
./03_fmix 1 2 0 1 6 5 7 -30 -1 400 100 3000 200 400 24 > out/MIX_1_2_0_1_6_5_7_rn1-30.txt 2>logs/MIX_1_2_0_1_6_5_7_rn1-30.log
./03_fmix 1 2 0 1 3 2 4 1 30 400 100 3000 200 400 24 > out/MIX_1_2_0_1_3_2_4_rp1-30.txt 2>logs/MIX_1_2_0_1_3_2_4_rp1-30.log
./03_fmix 1 2 0 1 3 2 4 -30 -1 400 100 3000 200 400 24 > out/MIX_1_2_0_1_3_2_4_rn1-30.txt 2>logs/MIX_1_2_0_1_3_2_4_rn1-30.log
./03_fmix 1 2 0 1 2 1 3 1 30 400 100 3000 200 400 24 > out/MIX_1_2_0_1_2_1_3_rp1-30.txt 2>logs/MIX_1_2_0_1_2_1_3_rp1-30.log
./03_fmix 1 2 0 1 2 1 3 -30 -1 400 100 3000 200 400 24 > out/MIX_1_2_0_1_2_1_3_rn1-30.txt 2>logs/MIX_1_2_0_1_2_1_3_rn1-30.log
./03_fmix -1 2 0 1 1 0 0 1 30 400 100 3000 200 400 24 > out/MIX_m1_2_0_1_1_0_0_rp1-30.txt 2>logs/MIX_m1_2_0_1_1_0_0_rp1-30.log
./03_fmix -1 2 0 1 1 0 0 -30 -1 400 100 3000 200 400 24 > out/MIX_m1_2_0_1_1_0_0_rn1-30.txt 2>logs/MIX_m1_2_0_1_1_0_0_rn1-30.log
./03_fmix -1 2 0 1 4 -1 1 1 30 400 100 3000 200 400 24 > out/MIX_m1_2_0_1_4_m1_1_rp1-30.txt 2>logs/MIX_m1_2_0_1_4_m1_1_rp1-30.log
./03_fmix -1 2 0 1 4 -1 1 -30 -1 400 100 3000 200 400 24 > out/MIX_m1_2_0_1_4_m1_1_rn1-30.txt 2>logs/MIX_m1_2_0_1_4_m1_1_rn1-30.log
./03_fmix -1 2 0 1 3 -1 1 1 30 400 100 3000 200 400 24 > out/MIX_m1_2_0_1_3_m1_1_rp1-30.txt 2>logs/MIX_m1_2_0_1_3_m1_1_rp1-30.log
./03_fmix -1 2 0 1 3 -1 1 -30 -1 400 100 3000 200 400 24 > out/MIX_m1_2_0_1_3_m1_1_rn1-30.txt 2>logs/MIX_m1_2_0_1_3_m1_1_rn1-30.log
./03_fmix -1 2 0 1 6 -1 1 1 30 400 100 3000 200 400 24 > out/MIX_m1_2_0_1_6_m1_1_rp1-30.txt 2>logs/MIX_m1_2_0_1_6_m1_1_rp1-30.log
./03_fmix -1 2 0 1 6 -1 1 -30 -1 400 100 3000 200 400 24 > out/MIX_m1_2_0_1_6_m1_1_rn1-30.txt 2>logs/MIX_m1_2_0_1_6_m1_1_rn1-30.log
./03_fmix 0 1 1 2 4 3 3 1 30 400 100 3000 200 400 24 > out/MIX_0_1_1_2_4_3_3_rp1-30.txt 2>logs/MIX_0_1_1_2_4_3_3_rp1-30.log
./03_fmix 0 1 1 2 4 3 3 -30 -1 400 100 3000 200 400 24 > out/MIX_0_1_1_2_4_3_3_rn1-30.txt 2>logs/MIX_0_1_1_2_4_3_3_rn1-30.log
./03_fmix 0 1 1 2 12 7 11 1 30 400 100 3000 200 400 24 > out/MIX_0_1_1_2_12_7_11_rp1-30.txt 2>logs/MIX_0_1_1_2_12_7_11_rp1-30.log
./03_fmix 0 1 1 2 12 7 11 -30 -1 400 100 3000 200 400 24 > out/MIX_0_1_1_2_12_7_11_rn1-30.txt 2>logs/MIX_0_1_1_2_12_7_11_rn1-30.log
./03_fmix 0 1 1 2 12 5 13 1 30 400 100 3000 200 400 24 > out/MIX_0_1_1_2_12_5_13_rp1-30.txt 2>logs/MIX_0_1_1_2_12_5_13_rp1-30.log
./03_fmix 0 1 1 2 12 5 13 -30 -1 400 100 3000 200 400 24 > out/MIX_0_1_1_2_12_5_13_rn1-30.txt 2>logs/MIX_0_1_1_2_12_5_13_rn1-30.log
./03_fmix 0 1 1 2 2 0 3 1 30 400 100 3000 200 400 24 > out/MIX_0_1_1_2_2_0_3_rp1-30.txt 2>logs/MIX_0_1_1_2_2_0_3_rp1-30.log
./03_fmix 0 1 1 2 2 0 3 -30 -1 400 100 3000 200 400 24 > out/MIX_0_1_1_2_2_0_3_rn1-30.txt 2>logs/MIX_0_1_1_2_2_0_3_rn1-30.log
./03_fmix 0 1 -1 2 4 1 1 1 30 400 100 3000 200 400 24 > out/MIX_0_1_m1_2_4_1_1_rp1-30.txt 2>logs/MIX_0_1_m1_2_4_1_1_rp1-30.log
./03_fmix 0 1 -1 2 4 1 1 -30 -1 400 100 3000 200 400 24 > out/MIX_0_1_m1_2_4_1_1_rn1-30.txt 2>logs/MIX_0_1_m1_2_4_1_1_rn1-30.log
./03_fmix 0 1 -1 2 2 0 1 1 30 400 100 3000 200 400 24 > out/MIX_0_1_m1_2_2_0_1_rp1-30.txt 2>logs/MIX_0_1_m1_2_2_0_1_rp1-30.log
./03_fmix 0 1 -1 2 2 0 1 -30 -1 400 100 3000 200 400 24 > out/MIX_0_1_m1_2_2_0_1_rn1-30.txt 2>logs/MIX_0_1_m1_2_2_0_1_rn1-30.log
./03_fmix 0 1 -1 2 12 1 5 1 30 400 100 3000 200 400 24 > out/MIX_0_1_m1_2_12_1_5_rp1-30.txt 2>logs/MIX_0_1_m1_2_12_1_5_rp1-30.log
./03_fmix 0 1 -1 2 12 1 5 -30 -1 400 100 3000 200 400 24 > out/MIX_0_1_m1_2_12_1_5_rn1-30.txt 2>logs/MIX_0_1_m1_2_12_1_5_rn1-30.log
./03_fmix 0 1 -1 2 12 -1 7 1 30 400 100 3000 200 400 24 > out/MIX_0_1_m1_2_12_m1_7_rp1-30.txt 2>logs/MIX_0_1_m1_2_12_m1_7_rp1-30.log
./03_fmix 0 1 -1 2 12 -1 7 -30 -1 400 100 3000 200 400 24 > out/MIX_0_1_m1_2_12_m1_7_rn1-30.txt 2>logs/MIX_0_1_m1_2_12_m1_7_rn1-30.log
./03_fmix 1 2 -1 2 4 3 3 1 30 400 100 3000 200 400 24 > out/MIX_1_2_m1_2_4_3_3_rp1-30.txt 2>logs/MIX_1_2_m1_2_4_3_3_rp1-30.log
./03_fmix 1 2 -1 2 4 3 3 -30 -1 400 100 3000 200 400 24 > out/MIX_1_2_m1_2_4_3_3_rn1-30.txt 2>logs/MIX_1_2_m1_2_4_3_3_rn1-30.log
./03_fmix -1 2 1 2 4 1 1 1 30 400 100 3000 200 400 24 > out/MIX_m1_2_1_2_4_1_1_rp1-30.txt 2>logs/MIX_m1_2_1_2_4_1_1_rp1-30.log
./03_fmix -1 2 1 2 4 1 1 -30 -1 400 100 3000 200 400 24 > out/MIX_m1_2_1_2_4_1_1_rn1-30.txt 2>logs/MIX_m1_2_1_2_4_1_1_rn1-30.log
./03_fmix 0 1 1 1 4 3 5 1 30 400 100 3000 200 400 24 > out/MIX_0_1_1_1_4_3_5_rp1-30.txt 2>logs/MIX_0_1_1_1_4_3_5_rp1-30.log
./03_fmix 0 1 1 1 4 3 5 -30 -1 400 100 3000 200 400 24 > out/MIX_0_1_1_1_4_3_5_rn1-30.txt 2>logs/MIX_0_1_1_1_4_3_5_rn1-30.log
./03_fmix 0 1 -1 1 4 -1 1 1 30 400 100 3000 200 400 24 > out/MIX_0_1_m1_1_4_m1_1_rp1-30.txt 2>logs/MIX_0_1_m1_1_4_m1_1_rp1-30.log
./03_fmix 0 1 -1 1 4 -1 1 -30 -1 400 100 3000 200 400 24 > out/MIX_0_1_m1_1_4_m1_1_rn1-30.txt 2>logs/MIX_0_1_m1_1_4_m1_1_rn1-30.log
./03_fmix 1 2 0 1 4 3 5 31 70 400 100 3000 200 400 24 > out/MIX_1_2_0_1_4_3_5_rp31-70.txt 2>logs/MIX_1_2_0_1_4_3_5_rp31-70.log
./03_fmix 1 2 0 1 4 3 5 -70 -31 400 100 3000 200 400 24 > out/MIX_1_2_0_1_4_3_5_rn31-70.txt 2>logs/MIX_1_2_0_1_4_3_5_rn31-70.log
./03_fmix 1 2 0 1 6 5 7 31 70 400 100 3000 200 400 24 > out/MIX_1_2_0_1_6_5_7_rp31-70.txt 2>logs/MIX_1_2_0_1_6_5_7_rp31-70.log
./03_fmix 1 2 0 1 6 5 7 -70 -31 400 100 3000 200 400 24 > out/MIX_1_2_0_1_6_5_7_rn31-70.txt 2>logs/MIX_1_2_0_1_6_5_7_rn31-70.log
./03_fmix 1 2 0 1 3 2 4 31 70 400 100 3000 200 400 24 > out/MIX_1_2_0_1_3_2_4_rp31-70.txt 2>logs/MIX_1_2_0_1_3_2_4_rp31-70.log
./03_fmix 1 2 0 1 3 2 4 -70 -31 400 100 3000 200 400 24 > out/MIX_1_2_0_1_3_2_4_rn31-70.txt 2>logs/MIX_1_2_0_1_3_2_4_rn31-70.log
./03_fmix 1 2 0 1 2 1 3 31 70 400 100 3000 200 400 24 > out/MIX_1_2_0_1_2_1_3_rp31-70.txt 2>logs/MIX_1_2_0_1_2_1_3_rp31-70.log
./03_fmix 1 2 0 1 2 1 3 -70 -31 400 100 3000 200 400 24 > out/MIX_1_2_0_1_2_1_3_rn31-70.txt 2>logs/MIX_1_2_0_1_2_1_3_rn31-70.log
./03_fmix -1 2 0 1 1 0 0 31 70 400 100 3000 200 400 24 > out/MIX_m1_2_0_1_1_0_0_rp31-70.txt 2>logs/MIX_m1_2_0_1_1_0_0_rp31-70.log
./03_fmix -1 2 0 1 1 0 0 -70 -31 400 100 3000 200 400 24 > out/MIX_m1_2_0_1_1_0_0_rn31-70.txt 2>logs/MIX_m1_2_0_1_1_0_0_rn31-70.log
./03_fmix -1 2 0 1 4 -1 1 31 70 400 100 3000 200 400 24 > out/MIX_m1_2_0_1_4_m1_1_rp31-70.txt 2>logs/MIX_m1_2_0_1_4_m1_1_rp31-70.log
./03_fmix -1 2 0 1 4 -1 1 -70 -31 400 100 3000 200 400 24 > out/MIX_m1_2_0_1_4_m1_1_rn31-70.txt 2>logs/MIX_m1_2_0_1_4_m1_1_rn31-70.log
./03_fmix -1 2 0 1 3 -1 1 31 70 400 100 3000 200 400 24 > out/MIX_m1_2_0_1_3_m1_1_rp31-70.txt 2>logs/MIX_m1_2_0_1_3_m1_1_rp31-70.log
./03_fmix -1 2 0 1 3 -1 1 -70 -31 400 100 3000 200 400 24 > out/MIX_m1_2_0_1_3_m1_1_rn31-70.txt 2>logs/MIX_m1_2_0_1_3_m1_1_rn31-70.log
./03_fmix -1 2 0 1 6 -1 1 31 70 400 100 3000 200 400 24 > out/MIX_m1_2_0_1_6_m1_1_rp31-70.txt 2>logs/MIX_m1_2_0_1_6_m1_1_rp31-70.log
./03_fmix -1 2 0 1 6 -1 1 -70 -31 400 100 3000 200 400 24 > out/MIX_m1_2_0_1_6_m1_1_rn31-70.txt 2>logs/MIX_m1_2_0_1_6_m1_1_rn31-70.log
./03_fmix 0 1 1 2 4 3 3 31 70 400 100 3000 200 400 24 > out/MIX_0_1_1_2_4_3_3_rp31-70.txt 2>logs/MIX_0_1_1_2_4_3_3_rp31-70.log
./03_fmix 0 1 1 2 4 3 3 -70 -31 400 100 3000 200 400 24 > out/MIX_0_1_1_2_4_3_3_rn31-70.txt 2>logs/MIX_0_1_1_2_4_3_3_rn31-70.log
./03_fmix 0 1 1 2 12 7 11 31 70 400 100 3000 200 400 24 > out/MIX_0_1_1_2_12_7_11_rp31-70.txt 2>logs/MIX_0_1_1_2_12_7_11_rp31-70.log
./03_fmix 0 1 1 2 12 7 11 -70 -31 400 100 3000 200 400 24 > out/MIX_0_1_1_2_12_7_11_rn31-70.txt 2>logs/MIX_0_1_1_2_12_7_11_rn31-70.log
./03_fmix 0 1 1 2 12 5 13 31 70 400 100 3000 200 400 24 > out/MIX_0_1_1_2_12_5_13_rp31-70.txt 2>logs/MIX_0_1_1_2_12_5_13_rp31-70.log
./03_fmix 0 1 1 2 12 5 13 -70 -31 400 100 3000 200 400 24 > out/MIX_0_1_1_2_12_5_13_rn31-70.txt 2>logs/MIX_0_1_1_2_12_5_13_rn31-70.log
./03_fmix 0 1 1 2 2 0 3 31 70 400 100 3000 200 400 24 > out/MIX_0_1_1_2_2_0_3_rp31-70.txt 2>logs/MIX_0_1_1_2_2_0_3_rp31-70.log
./03_fmix 0 1 1 2 2 0 3 -70 -31 400 100 3000 200 400 24 > out/MIX_0_1_1_2_2_0_3_rn31-70.txt 2>logs/MIX_0_1_1_2_2_0_3_rn31-70.log
./03_fmix 0 1 -1 2 4 1 1 31 70 400 100 3000 200 400 24 > out/MIX_0_1_m1_2_4_1_1_rp31-70.txt 2>logs/MIX_0_1_m1_2_4_1_1_rp31-70.log
./03_fmix 0 1 -1 2 4 1 1 -70 -31 400 100 3000 200 400 24 > out/MIX_0_1_m1_2_4_1_1_rn31-70.txt 2>logs/MIX_0_1_m1_2_4_1_1_rn31-70.log
./03_fmix 0 1 -1 2 2 0 1 31 70 400 100 3000 200 400 24 > out/MIX_0_1_m1_2_2_0_1_rp31-70.txt 2>logs/MIX_0_1_m1_2_2_0_1_rp31-70.log
./03_fmix 0 1 -1 2 2 0 1 -70 -31 400 100 3000 200 400 24 > out/MIX_0_1_m1_2_2_0_1_rn31-70.txt 2>logs/MIX_0_1_m1_2_2_0_1_rn31-70.log
./03_fmix 0 1 -1 2 12 1 5 31 70 400 100 3000 200 400 24 > out/MIX_0_1_m1_2_12_1_5_rp31-70.txt 2>logs/MIX_0_1_m1_2_12_1_5_rp31-70.log
./03_fmix 0 1 -1 2 12 1 5 -70 -31 400 100 3000 200 400 24 > out/MIX_0_1_m1_2_12_1_5_rn31-70.txt 2>logs/MIX_0_1_m1_2_12_1_5_rn31-70.log
./03_fmix 0 1 -1 2 12 -1 7 31 70 400 100 3000 200 400 24 > out/MIX_0_1_m1_2_12_m1_7_rp31-70.txt 2>logs/MIX_0_1_m1_2_12_m1_7_rp31-70.log
./03_fmix 0 1 -1 2 12 -1 7 -70 -31 400 100 3000 200 400 24 > out/MIX_0_1_m1_2_12_m1_7_rn31-70.txt 2>logs/MIX_0_1_m1_2_12_m1_7_rn31-70.log
./03_fmix 1 2 -1 2 4 3 3 31 70 400 100 3000 200 400 24 > out/MIX_1_2_m1_2_4_3_3_rp31-70.txt 2>logs/MIX_1_2_m1_2_4_3_3_rp31-70.log
./03_fmix 1 2 -1 2 4 3 3 -70 -31 400 100 3000 200 400 24 > out/MIX_1_2_m1_2_4_3_3_rn31-70.txt 2>logs/MIX_1_2_m1_2_4_3_3_rn31-70.log
./03_fmix -1 2 1 2 4 1 1 31 70 400 100 3000 200 400 24 > out/MIX_m1_2_1_2_4_1_1_rp31-70.txt 2>logs/MIX_m1_2_1_2_4_1_1_rp31-70.log
./03_fmix -1 2 1 2 4 1 1 -70 -31 400 100 3000 200 400 24 > out/MIX_m1_2_1_2_4_1_1_rn31-70.txt 2>logs/MIX_m1_2_1_2_4_1_1_rn31-70.log
./03_fmix 0 1 1 1 4 3 5 31 70 400 100 3000 200 400 24 > out/MIX_0_1_1_1_4_3_5_rp31-70.txt 2>logs/MIX_0_1_1_1_4_3_5_rp31-70.log
./03_fmix 0 1 1 1 4 3 5 -70 -31 400 100 3000 200 400 24 > out/MIX_0_1_1_1_4_3_5_rn31-70.txt 2>logs/MIX_0_1_1_1_4_3_5_rn31-70.log
./03_fmix 0 1 -1 1 4 -1 1 31 70 400 100 3000 200 400 24 > out/MIX_0_1_m1_1_4_m1_1_rp31-70.txt 2>logs/MIX_0_1_m1_1_4_m1_1_rp31-70.log
./03_fmix 0 1 -1 1 4 -1 1 -70 -31 400 100 3000 200 400 24 > out/MIX_0_1_m1_1_4_m1_1_rn31-70.txt 2>logs/MIX_0_1_m1_1_4_m1_1_rn31-70.log
./03_fmix 1 2 0 1 4 3 5 71 120 400 100 3000 200 400 24 > out/MIX_1_2_0_1_4_3_5_rp71-120.txt 2>logs/MIX_1_2_0_1_4_3_5_rp71-120.log
./03_fmix 1 2 0 1 4 3 5 -120 -71 400 100 3000 200 400 24 > out/MIX_1_2_0_1_4_3_5_rn71-120.txt 2>logs/MIX_1_2_0_1_4_3_5_rn71-120.log
./03_fmix 1 2 0 1 6 5 7 71 120 400 100 3000 200 400 24 > out/MIX_1_2_0_1_6_5_7_rp71-120.txt 2>logs/MIX_1_2_0_1_6_5_7_rp71-120.log
./03_fmix 1 2 0 1 6 5 7 -120 -71 400 100 3000 200 400 24 > out/MIX_1_2_0_1_6_5_7_rn71-120.txt 2>logs/MIX_1_2_0_1_6_5_7_rn71-120.log
./03_fmix 1 2 0 1 3 2 4 71 120 400 100 3000 200 400 24 > out/MIX_1_2_0_1_3_2_4_rp71-120.txt 2>logs/MIX_1_2_0_1_3_2_4_rp71-120.log
./03_fmix 1 2 0 1 3 2 4 -120 -71 400 100 3000 200 400 24 > out/MIX_1_2_0_1_3_2_4_rn71-120.txt 2>logs/MIX_1_2_0_1_3_2_4_rn71-120.log
./03_fmix 1 2 0 1 2 1 3 71 120 400 100 3000 200 400 24 > out/MIX_1_2_0_1_2_1_3_rp71-120.txt 2>logs/MIX_1_2_0_1_2_1_3_rp71-120.log
./03_fmix 1 2 0 1 2 1 3 -120 -71 400 100 3000 200 400 24 > out/MIX_1_2_0_1_2_1_3_rn71-120.txt 2>logs/MIX_1_2_0_1_2_1_3_rn71-120.log
./03_fmix -1 2 0 1 1 0 0 71 120 400 100 3000 200 400 24 > out/MIX_m1_2_0_1_1_0_0_rp71-120.txt 2>logs/MIX_m1_2_0_1_1_0_0_rp71-120.log
./03_fmix -1 2 0 1 1 0 0 -120 -71 400 100 3000 200 400 24 > out/MIX_m1_2_0_1_1_0_0_rn71-120.txt 2>logs/MIX_m1_2_0_1_1_0_0_rn71-120.log
./03_fmix -1 2 0 1 4 -1 1 71 120 400 100 3000 200 400 24 > out/MIX_m1_2_0_1_4_m1_1_rp71-120.txt 2>logs/MIX_m1_2_0_1_4_m1_1_rp71-120.log
./03_fmix -1 2 0 1 4 -1 1 -120 -71 400 100 3000 200 400 24 > out/MIX_m1_2_0_1_4_m1_1_rn71-120.txt 2>logs/MIX_m1_2_0_1_4_m1_1_rn71-120.log
./03_fmix -1 2 0 1 3 -1 1 71 120 400 100 3000 200 400 24 > out/MIX_m1_2_0_1_3_m1_1_rp71-120.txt 2>logs/MIX_m1_2_0_1_3_m1_1_rp71-120.log
./03_fmix -1 2 0 1 3 -1 1 -120 -71 400 100 3000 200 400 24 > out/MIX_m1_2_0_1_3_m1_1_rn71-120.txt 2>logs/MIX_m1_2_0_1_3_m1_1_rn71-120.log
./03_fmix -1 2 0 1 6 -1 1 71 120 400 100 3000 200 400 24 > out/MIX_m1_2_0_1_6_m1_1_rp71-120.txt 2>logs/MIX_m1_2_0_1_6_m1_1_rp71-120.log
./03_fmix -1 2 0 1 6 -1 1 -120 -71 400 100 3000 200 400 24 > out/MIX_m1_2_0_1_6_m1_1_rn71-120.txt 2>logs/MIX_m1_2_0_1_6_m1_1_rn71-120.log
./03_fmix 0 1 1 2 4 3 3 71 120 400 100 3000 200 400 24 > out/MIX_0_1_1_2_4_3_3_rp71-120.txt 2>logs/MIX_0_1_1_2_4_3_3_rp71-120.log
./03_fmix 0 1 1 2 4 3 3 -120 -71 400 100 3000 200 400 24 > out/MIX_0_1_1_2_4_3_3_rn71-120.txt 2>logs/MIX_0_1_1_2_4_3_3_rn71-120.log
./03_fmix 0 1 1 2 12 7 11 71 120 400 100 3000 200 400 24 > out/MIX_0_1_1_2_12_7_11_rp71-120.txt 2>logs/MIX_0_1_1_2_12_7_11_rp71-120.log
./03_fmix 0 1 1 2 12 7 11 -120 -71 400 100 3000 200 400 24 > out/MIX_0_1_1_2_12_7_11_rn71-120.txt 2>logs/MIX_0_1_1_2_12_7_11_rn71-120.log
./03_fmix 0 1 1 2 12 5 13 71 120 400 100 3000 200 400 24 > out/MIX_0_1_1_2_12_5_13_rp71-120.txt 2>logs/MIX_0_1_1_2_12_5_13_rp71-120.log
./03_fmix 0 1 1 2 12 5 13 -120 -71 400 100 3000 200 400 24 > out/MIX_0_1_1_2_12_5_13_rn71-120.txt 2>logs/MIX_0_1_1_2_12_5_13_rn71-120.log
./03_fmix 0 1 1 2 2 0 3 71 120 400 100 3000 200 400 24 > out/MIX_0_1_1_2_2_0_3_rp71-120.txt 2>logs/MIX_0_1_1_2_2_0_3_rp71-120.log
./03_fmix 0 1 1 2 2 0 3 -120 -71 400 100 3000 200 400 24 > out/MIX_0_1_1_2_2_0_3_rn71-120.txt 2>logs/MIX_0_1_1_2_2_0_3_rn71-120.log
./03_fmix 0 1 -1 2 4 1 1 71 120 400 100 3000 200 400 24 > out/MIX_0_1_m1_2_4_1_1_rp71-120.txt 2>logs/MIX_0_1_m1_2_4_1_1_rp71-120.log
./03_fmix 0 1 -1 2 4 1 1 -120 -71 400 100 3000 200 400 24 > out/MIX_0_1_m1_2_4_1_1_rn71-120.txt 2>logs/MIX_0_1_m1_2_4_1_1_rn71-120.log
./03_fmix 0 1 -1 2 2 0 1 71 120 400 100 3000 200 400 24 > out/MIX_0_1_m1_2_2_0_1_rp71-120.txt 2>logs/MIX_0_1_m1_2_2_0_1_rp71-120.log
./03_fmix 0 1 -1 2 2 0 1 -120 -71 400 100 3000 200 400 24 > out/MIX_0_1_m1_2_2_0_1_rn71-120.txt 2>logs/MIX_0_1_m1_2_2_0_1_rn71-120.log
./03_fmix 0 1 -1 2 12 1 5 71 120 400 100 3000 200 400 24 > out/MIX_0_1_m1_2_12_1_5_rp71-120.txt 2>logs/MIX_0_1_m1_2_12_1_5_rp71-120.log
./03_fmix 0 1 -1 2 12 1 5 -120 -71 400 100 3000 200 400 24 > out/MIX_0_1_m1_2_12_1_5_rn71-120.txt 2>logs/MIX_0_1_m1_2_12_1_5_rn71-120.log
./03_fmix 0 1 -1 2 12 -1 7 71 120 400 100 3000 200 400 24 > out/MIX_0_1_m1_2_12_m1_7_rp71-120.txt 2>logs/MIX_0_1_m1_2_12_m1_7_rp71-120.log
./03_fmix 0 1 -1 2 12 -1 7 -120 -71 400 100 3000 200 400 24 > out/MIX_0_1_m1_2_12_m1_7_rn71-120.txt 2>logs/MIX_0_1_m1_2_12_m1_7_rn71-120.log
./03_fmix 1 2 -1 2 4 3 3 71 120 400 100 3000 200 400 24 > out/MIX_1_2_m1_2_4_3_3_rp71-120.txt 2>logs/MIX_1_2_m1_2_4_3_3_rp71-120.log
./03_fmix 1 2 -1 2 4 3 3 -120 -71 400 100 3000 200 400 24 > out/MIX_1_2_m1_2_4_3_3_rn71-120.txt 2>logs/MIX_1_2_m1_2_4_3_3_rn71-120.log
./03_fmix -1 2 1 2 4 1 1 71 120 400 100 3000 200 400 24 > out/MIX_m1_2_1_2_4_1_1_rp71-120.txt 2>logs/MIX_m1_2_1_2_4_1_1_rp71-120.log
./03_fmix -1 2 1 2 4 1 1 -120 -71 400 100 3000 200 400 24 > out/MIX_m1_2_1_2_4_1_1_rn71-120.txt 2>logs/MIX_m1_2_1_2_4_1_1_rn71-120.log
./03_fmix 0 1 1 1 4 3 5 71 120 400 100 3000 200 400 24 > out/MIX_0_1_1_1_4_3_5_rp71-120.txt 2>logs/MIX_0_1_1_1_4_3_5_rp71-120.log
./03_fmix 0 1 1 1 4 3 5 -120 -71 400 100 3000 200 400 24 > out/MIX_0_1_1_1_4_3_5_rn71-120.txt 2>logs/MIX_0_1_1_1_4_3_5_rn71-120.log
./03_fmix 0 1 -1 1 4 -1 1 71 120 400 100 3000 200 400 24 > out/MIX_0_1_m1_1_4_m1_1_rp71-120.txt 2>logs/MIX_0_1_m1_1_4_m1_1_rp71-120.log
./03_fmix 0 1 -1 1 4 -1 1 -120 -71 400 100 3000 200 400 24 > out/MIX_0_1_m1_1_4_m1_1_rn71-120.txt 2>logs/MIX_0_1_m1_1_4_m1_1_rn71-120.log
./03_fmix 1 2 0 1 4 3 5 121 180 400 100 3000 200 400 24 > out/MIX_1_2_0_1_4_3_5_rp121-180.txt 2>logs/MIX_1_2_0_1_4_3_5_rp121-180.log
./03_fmix 1 2 0 1 4 3 5 -180 -121 400 100 3000 200 400 24 > out/MIX_1_2_0_1_4_3_5_rn121-180.txt 2>logs/MIX_1_2_0_1_4_3_5_rn121-180.log
./03_fmix 1 2 0 1 6 5 7 121 180 400 100 3000 200 400 24 > out/MIX_1_2_0_1_6_5_7_rp121-180.txt 2>logs/MIX_1_2_0_1_6_5_7_rp121-180.log
./03_fmix 1 2 0 1 6 5 7 -180 -121 400 100 3000 200 400 24 > out/MIX_1_2_0_1_6_5_7_rn121-180.txt 2>logs/MIX_1_2_0_1_6_5_7_rn121-180.log
./03_fmix 1 2 0 1 3 2 4 121 180 400 100 3000 200 400 24 > out/MIX_1_2_0_1_3_2_4_rp121-180.txt 2>logs/MIX_1_2_0_1_3_2_4_rp121-180.log
./03_fmix 1 2 0 1 3 2 4 -180 -121 400 100 3000 200 400 24 > out/MIX_1_2_0_1_3_2_4_rn121-180.txt 2>logs/MIX_1_2_0_1_3_2_4_rn121-180.log
./03_fmix 1 2 0 1 2 1 3 121 180 400 100 3000 200 400 24 > out/MIX_1_2_0_1_2_1_3_rp121-180.txt 2>logs/MIX_1_2_0_1_2_1_3_rp121-180.log
./03_fmix 1 2 0 1 2 1 3 -180 -121 400 100 3000 200 400 24 > out/MIX_1_2_0_1_2_1_3_rn121-180.txt 2>logs/MIX_1_2_0_1_2_1_3_rn121-180.log
./03_fmix -1 2 0 1 1 0 0 121 180 400 100 3000 200 400 24 > out/MIX_m1_2_0_1_1_0_0_rp121-180.txt 2>logs/MIX_m1_2_0_1_1_0_0_rp121-180.log
./03_fmix -1 2 0 1 1 0 0 -180 -121 400 100 3000 200 400 24 > out/MIX_m1_2_0_1_1_0_0_rn121-180.txt 2>logs/MIX_m1_2_0_1_1_0_0_rn121-180.log
./03_fmix -1 2 0 1 4 -1 1 121 180 400 100 3000 200 400 24 > out/MIX_m1_2_0_1_4_m1_1_rp121-180.txt 2>logs/MIX_m1_2_0_1_4_m1_1_rp121-180.log
./03_fmix -1 2 0 1 4 -1 1 -180 -121 400 100 3000 200 400 24 > out/MIX_m1_2_0_1_4_m1_1_rn121-180.txt 2>logs/MIX_m1_2_0_1_4_m1_1_rn121-180.log
./03_fmix -1 2 0 1 3 -1 1 121 180 400 100 3000 200 400 24 > out/MIX_m1_2_0_1_3_m1_1_rp121-180.txt 2>logs/MIX_m1_2_0_1_3_m1_1_rp121-180.log
./03_fmix -1 2 0 1 3 -1 1 -180 -121 400 100 3000 200 400 24 > out/MIX_m1_2_0_1_3_m1_1_rn121-180.txt 2>logs/MIX_m1_2_0_1_3_m1_1_rn121-180.log
./03_fmix -1 2 0 1 6 -1 1 121 180 400 100 3000 200 400 24 > out/MIX_m1_2_0_1_6_m1_1_rp121-180.txt 2>logs/MIX_m1_2_0_1_6_m1_1_rp121-180.log
./03_fmix -1 2 0 1 6 -1 1 -180 -121 400 100 3000 200 400 24 > out/MIX_m1_2_0_1_6_m1_1_rn121-180.txt 2>logs/MIX_m1_2_0_1_6_m1_1_rn121-180.log
./03_fmix 0 1 1 2 4 3 3 121 180 400 100 3000 200 400 24 > out/MIX_0_1_1_2_4_3_3_rp121-180.txt 2>logs/MIX_0_1_1_2_4_3_3_rp121-180.log
./03_fmix 0 1 1 2 4 3 3 -180 -121 400 100 3000 200 400 24 > out/MIX_0_1_1_2_4_3_3_rn121-180.txt 2>logs/MIX_0_1_1_2_4_3_3_rn121-180.log
./03_fmix 0 1 1 2 12 7 11 121 180 400 100 3000 200 400 24 > out/MIX_0_1_1_2_12_7_11_rp121-180.txt 2>logs/MIX_0_1_1_2_12_7_11_rp121-180.log
./03_fmix 0 1 1 2 12 7 11 -180 -121 400 100 3000 200 400 24 > out/MIX_0_1_1_2_12_7_11_rn121-180.txt 2>logs/MIX_0_1_1_2_12_7_11_rn121-180.log
./03_fmix 0 1 1 2 12 5 13 121 180 400 100 3000 200 400 24 > out/MIX_0_1_1_2_12_5_13_rp121-180.txt 2>logs/MIX_0_1_1_2_12_5_13_rp121-180.log
./03_fmix 0 1 1 2 12 5 13 -180 -121 400 100 3000 200 400 24 > out/MIX_0_1_1_2_12_5_13_rn121-180.txt 2>logs/MIX_0_1_1_2_12_5_13_rn121-180.log
./03_fmix 0 1 1 2 2 0 3 121 180 400 100 3000 200 400 24 > out/MIX_0_1_1_2_2_0_3_rp121-180.txt 2>logs/MIX_0_1_1_2_2_0_3_rp121-180.log
./03_fmix 0 1 1 2 2 0 3 -180 -121 400 100 3000 200 400 24 > out/MIX_0_1_1_2_2_0_3_rn121-180.txt 2>logs/MIX_0_1_1_2_2_0_3_rn121-180.log
./03_fmix 0 1 -1 2 4 1 1 121 180 400 100 3000 200 400 24 > out/MIX_0_1_m1_2_4_1_1_rp121-180.txt 2>logs/MIX_0_1_m1_2_4_1_1_rp121-180.log
./03_fmix 0 1 -1 2 4 1 1 -180 -121 400 100 3000 200 400 24 > out/MIX_0_1_m1_2_4_1_1_rn121-180.txt 2>logs/MIX_0_1_m1_2_4_1_1_rn121-180.log
./03_fmix 0 1 -1 2 2 0 1 121 180 400 100 3000 200 400 24 > out/MIX_0_1_m1_2_2_0_1_rp121-180.txt 2>logs/MIX_0_1_m1_2_2_0_1_rp121-180.log
./03_fmix 0 1 -1 2 2 0 1 -180 -121 400 100 3000 200 400 24 > out/MIX_0_1_m1_2_2_0_1_rn121-180.txt 2>logs/MIX_0_1_m1_2_2_0_1_rn121-180.log
./03_fmix 0 1 -1 2 12 1 5 121 180 400 100 3000 200 400 24 > out/MIX_0_1_m1_2_12_1_5_rp121-180.txt 2>logs/MIX_0_1_m1_2_12_1_5_rp121-180.log
./03_fmix 0 1 -1 2 12 1 5 -180 -121 400 100 3000 200 400 24 > out/MIX_0_1_m1_2_12_1_5_rn121-180.txt 2>logs/MIX_0_1_m1_2_12_1_5_rn121-180.log
./03_fmix 0 1 -1 2 12 -1 7 121 180 400 100 3000 200 400 24 > out/MIX_0_1_m1_2_12_m1_7_rp121-180.txt 2>logs/MIX_0_1_m1_2_12_m1_7_rp121-180.log
./03_fmix 0 1 -1 2 12 -1 7 -180 -121 400 100 3000 200 400 24 > out/MIX_0_1_m1_2_12_m1_7_rn121-180.txt 2>logs/MIX_0_1_m1_2_12_m1_7_rn121-180.log
./03_fmix 1 2 -1 2 4 3 3 121 180 400 100 3000 200 400 24 > out/MIX_1_2_m1_2_4_3_3_rp121-180.txt 2>logs/MIX_1_2_m1_2_4_3_3_rp121-180.log
./03_fmix 1 2 -1 2 4 3 3 -180 -121 400 100 3000 200 400 24 > out/MIX_1_2_m1_2_4_3_3_rn121-180.txt 2>logs/MIX_1_2_m1_2_4_3_3_rn121-180.log
./03_fmix -1 2 1 2 4 1 1 121 180 400 100 3000 200 400 24 > out/MIX_m1_2_1_2_4_1_1_rp121-180.txt 2>logs/MIX_m1_2_1_2_4_1_1_rp121-180.log
./03_fmix -1 2 1 2 4 1 1 -180 -121 400 100 3000 200 400 24 > out/MIX_m1_2_1_2_4_1_1_rn121-180.txt 2>logs/MIX_m1_2_1_2_4_1_1_rn121-180.log
./03_fmix 0 1 1 1 4 3 5 121 180 400 100 3000 200 400 24 > out/MIX_0_1_1_1_4_3_5_rp121-180.txt 2>logs/MIX_0_1_1_1_4_3_5_rp121-180.log
./03_fmix 0 1 1 1 4 3 5 -180 -121 400 100 3000 200 400 24 > out/MIX_0_1_1_1_4_3_5_rn121-180.txt 2>logs/MIX_0_1_1_1_4_3_5_rn121-180.log
./03_fmix 0 1 -1 1 4 -1 1 121 180 400 100 3000 200 400 24 > out/MIX_0_1_m1_1_4_m1_1_rp121-180.txt 2>logs/MIX_0_1_m1_1_4_m1_1_rp121-180.log
./03_fmix 0 1 -1 1 4 -1 1 -180 -121 400 100 3000 200 400 24 > out/MIX_0_1_m1_1_4_m1_1_rn121-180.txt 2>logs/MIX_0_1_m1_1_4_m1_1_rn121-180.log
./03_fmix 1 2 0 1 4 3 5 181 250 400 100 3000 200 400 24 > out/MIX_1_2_0_1_4_3_5_rp181-250.txt 2>logs/MIX_1_2_0_1_4_3_5_rp181-250.log
./03_fmix 1 2 0 1 4 3 5 -250 -181 400 100 3000 200 400 24 > out/MIX_1_2_0_1_4_3_5_rn181-250.txt 2>logs/MIX_1_2_0_1_4_3_5_rn181-250.log
./03_fmix 1 2 0 1 6 5 7 181 250 400 100 3000 200 400 24 > out/MIX_1_2_0_1_6_5_7_rp181-250.txt 2>logs/MIX_1_2_0_1_6_5_7_rp181-250.log
./03_fmix 1 2 0 1 6 5 7 -250 -181 400 100 3000 200 400 24 > out/MIX_1_2_0_1_6_5_7_rn181-250.txt 2>logs/MIX_1_2_0_1_6_5_7_rn181-250.log
./03_fmix 1 2 0 1 3 2 4 181 250 400 100 3000 200 400 24 > out/MIX_1_2_0_1_3_2_4_rp181-250.txt 2>logs/MIX_1_2_0_1_3_2_4_rp181-250.log
./03_fmix 1 2 0 1 3 2 4 -250 -181 400 100 3000 200 400 24 > out/MIX_1_2_0_1_3_2_4_rn181-250.txt 2>logs/MIX_1_2_0_1_3_2_4_rn181-250.log
./03_fmix 1 2 0 1 2 1 3 181 250 400 100 3000 200 400 24 > out/MIX_1_2_0_1_2_1_3_rp181-250.txt 2>logs/MIX_1_2_0_1_2_1_3_rp181-250.log
./03_fmix 1 2 0 1 2 1 3 -250 -181 400 100 3000 200 400 24 > out/MIX_1_2_0_1_2_1_3_rn181-250.txt 2>logs/MIX_1_2_0_1_2_1_3_rn181-250.log
./03_fmix -1 2 0 1 1 0 0 181 250 400 100 3000 200 400 24 > out/MIX_m1_2_0_1_1_0_0_rp181-250.txt 2>logs/MIX_m1_2_0_1_1_0_0_rp181-250.log
./03_fmix -1 2 0 1 1 0 0 -250 -181 400 100 3000 200 400 24 > out/MIX_m1_2_0_1_1_0_0_rn181-250.txt 2>logs/MIX_m1_2_0_1_1_0_0_rn181-250.log
./03_fmix -1 2 0 1 4 -1 1 181 250 400 100 3000 200 400 24 > out/MIX_m1_2_0_1_4_m1_1_rp181-250.txt 2>logs/MIX_m1_2_0_1_4_m1_1_rp181-250.log
./03_fmix -1 2 0 1 4 -1 1 -250 -181 400 100 3000 200 400 24 > out/MIX_m1_2_0_1_4_m1_1_rn181-250.txt 2>logs/MIX_m1_2_0_1_4_m1_1_rn181-250.log
./03_fmix -1 2 0 1 3 -1 1 181 250 400 100 3000 200 400 24 > out/MIX_m1_2_0_1_3_m1_1_rp181-250.txt 2>logs/MIX_m1_2_0_1_3_m1_1_rp181-250.log
./03_fmix -1 2 0 1 3 -1 1 -250 -181 400 100 3000 200 400 24 > out/MIX_m1_2_0_1_3_m1_1_rn181-250.txt 2>logs/MIX_m1_2_0_1_3_m1_1_rn181-250.log
./03_fmix -1 2 0 1 6 -1 1 181 250 400 100 3000 200 400 24 > out/MIX_m1_2_0_1_6_m1_1_rp181-250.txt 2>logs/MIX_m1_2_0_1_6_m1_1_rp181-250.log
./03_fmix -1 2 0 1 6 -1 1 -250 -181 400 100 3000 200 400 24 > out/MIX_m1_2_0_1_6_m1_1_rn181-250.txt 2>logs/MIX_m1_2_0_1_6_m1_1_rn181-250.log
./03_fmix 0 1 1 2 4 3 3 181 250 400 100 3000 200 400 24 > out/MIX_0_1_1_2_4_3_3_rp181-250.txt 2>logs/MIX_0_1_1_2_4_3_3_rp181-250.log
./03_fmix 0 1 1 2 4 3 3 -250 -181 400 100 3000 200 400 24 > out/MIX_0_1_1_2_4_3_3_rn181-250.txt 2>logs/MIX_0_1_1_2_4_3_3_rn181-250.log
./03_fmix 0 1 1 2 12 7 11 181 250 400 100 3000 200 400 24 > out/MIX_0_1_1_2_12_7_11_rp181-250.txt 2>logs/MIX_0_1_1_2_12_7_11_rp181-250.log
./03_fmix 0 1 1 2 12 7 11 -250 -181 400 100 3000 200 400 24 > out/MIX_0_1_1_2_12_7_11_rn181-250.txt 2>logs/MIX_0_1_1_2_12_7_11_rn181-250.log
./03_fmix 0 1 1 2 12 5 13 181 250 400 100 3000 200 400 24 > out/MIX_0_1_1_2_12_5_13_rp181-250.txt 2>logs/MIX_0_1_1_2_12_5_13_rp181-250.log
./03_fmix 0 1 1 2 12 5 13 -250 -181 400 100 3000 200 400 24 > out/MIX_0_1_1_2_12_5_13_rn181-250.txt 2>logs/MIX_0_1_1_2_12_5_13_rn181-250.log
./03_fmix 0 1 1 2 2 0 3 181 250 400 100 3000 200 400 24 > out/MIX_0_1_1_2_2_0_3_rp181-250.txt 2>logs/MIX_0_1_1_2_2_0_3_rp181-250.log
./03_fmix 0 1 1 2 2 0 3 -250 -181 400 100 3000 200 400 24 > out/MIX_0_1_1_2_2_0_3_rn181-250.txt 2>logs/MIX_0_1_1_2_2_0_3_rn181-250.log
./03_fmix 0 1 -1 2 4 1 1 181 250 400 100 3000 200 400 24 > out/MIX_0_1_m1_2_4_1_1_rp181-250.txt 2>logs/MIX_0_1_m1_2_4_1_1_rp181-250.log
./03_fmix 0 1 -1 2 4 1 1 -250 -181 400 100 3000 200 400 24 > out/MIX_0_1_m1_2_4_1_1_rn181-250.txt 2>logs/MIX_0_1_m1_2_4_1_1_rn181-250.log
./03_fmix 0 1 -1 2 2 0 1 181 250 400 100 3000 200 400 24 > out/MIX_0_1_m1_2_2_0_1_rp181-250.txt 2>logs/MIX_0_1_m1_2_2_0_1_rp181-250.log
./03_fmix 0 1 -1 2 2 0 1 -250 -181 400 100 3000 200 400 24 > out/MIX_0_1_m1_2_2_0_1_rn181-250.txt 2>logs/MIX_0_1_m1_2_2_0_1_rn181-250.log
./03_fmix 0 1 -1 2 12 1 5 181 250 400 100 3000 200 400 24 > out/MIX_0_1_m1_2_12_1_5_rp181-250.txt 2>logs/MIX_0_1_m1_2_12_1_5_rp181-250.log
./03_fmix 0 1 -1 2 12 1 5 -250 -181 400 100 3000 200 400 24 > out/MIX_0_1_m1_2_12_1_5_rn181-250.txt 2>logs/MIX_0_1_m1_2_12_1_5_rn181-250.log
./03_fmix 0 1 -1 2 12 -1 7 181 250 400 100 3000 200 400 24 > out/MIX_0_1_m1_2_12_m1_7_rp181-250.txt 2>logs/MIX_0_1_m1_2_12_m1_7_rp181-250.log
./03_fmix 0 1 -1 2 12 -1 7 -250 -181 400 100 3000 200 400 24 > out/MIX_0_1_m1_2_12_m1_7_rn181-250.txt 2>logs/MIX_0_1_m1_2_12_m1_7_rn181-250.log
./03_fmix 1 2 -1 2 4 3 3 181 250 400 100 3000 200 400 24 > out/MIX_1_2_m1_2_4_3_3_rp181-250.txt 2>logs/MIX_1_2_m1_2_4_3_3_rp181-250.log
./03_fmix 1 2 -1 2 4 3 3 -250 -181 400 100 3000 200 400 24 > out/MIX_1_2_m1_2_4_3_3_rn181-250.txt 2>logs/MIX_1_2_m1_2_4_3_3_rn181-250.log
./03_fmix -1 2 1 2 4 1 1 181 250 400 100 3000 200 400 24 > out/MIX_m1_2_1_2_4_1_1_rp181-250.txt 2>logs/MIX_m1_2_1_2_4_1_1_rp181-250.log
./03_fmix -1 2 1 2 4 1 1 -250 -181 400 100 3000 200 400 24 > out/MIX_m1_2_1_2_4_1_1_rn181-250.txt 2>logs/MIX_m1_2_1_2_4_1_1_rn181-250.log
./03_fmix 0 1 1 1 4 3 5 181 250 400 100 3000 200 400 24 > out/MIX_0_1_1_1_4_3_5_rp181-250.txt 2>logs/MIX_0_1_1_1_4_3_5_rp181-250.log
./03_fmix 0 1 1 1 4 3 5 -250 -181 400 100 3000 200 400 24 > out/MIX_0_1_1_1_4_3_5_rn181-250.txt 2>logs/MIX_0_1_1_1_4_3_5_rn181-250.log
./03_fmix 0 1 -1 1 4 -1 1 181 250 400 100 3000 200 400 24 > out/MIX_0_1_m1_1_4_m1_1_rp181-250.txt 2>logs/MIX_0_1_m1_1_4_m1_1_rp181-250.log
./03_fmix 0 1 -1 1 4 -1 1 -250 -181 400 100 3000 200 400 24 > out/MIX_0_1_m1_1_4_m1_1_rn181-250.txt 2>logs/MIX_0_1_m1_1_4_m1_1_rn181-250.log
./03_fmix 1 2 0 1 4 3 5 251 330 400 100 3000 200 400 24 > out/MIX_1_2_0_1_4_3_5_rp251-330.txt 2>logs/MIX_1_2_0_1_4_3_5_rp251-330.log
./03_fmix 1 2 0 1 4 3 5 -330 -251 400 100 3000 200 400 24 > out/MIX_1_2_0_1_4_3_5_rn251-330.txt 2>logs/MIX_1_2_0_1_4_3_5_rn251-330.log
./03_fmix 1 2 0 1 6 5 7 251 330 400 100 3000 200 400 24 > out/MIX_1_2_0_1_6_5_7_rp251-330.txt 2>logs/MIX_1_2_0_1_6_5_7_rp251-330.log
./03_fmix 1 2 0 1 6 5 7 -330 -251 400 100 3000 200 400 24 > out/MIX_1_2_0_1_6_5_7_rn251-330.txt 2>logs/MIX_1_2_0_1_6_5_7_rn251-330.log
./03_fmix 1 2 0 1 3 2 4 251 330 400 100 3000 200 400 24 > out/MIX_1_2_0_1_3_2_4_rp251-330.txt 2>logs/MIX_1_2_0_1_3_2_4_rp251-330.log
./03_fmix 1 2 0 1 3 2 4 -330 -251 400 100 3000 200 400 24 > out/MIX_1_2_0_1_3_2_4_rn251-330.txt 2>logs/MIX_1_2_0_1_3_2_4_rn251-330.log
./03_fmix 1 2 0 1 2 1 3 251 330 400 100 3000 200 400 24 > out/MIX_1_2_0_1_2_1_3_rp251-330.txt 2>logs/MIX_1_2_0_1_2_1_3_rp251-330.log
./03_fmix 1 2 0 1 2 1 3 -330 -251 400 100 3000 200 400 24 > out/MIX_1_2_0_1_2_1_3_rn251-330.txt 2>logs/MIX_1_2_0_1_2_1_3_rn251-330.log
./03_fmix -1 2 0 1 1 0 0 251 330 400 100 3000 200 400 24 > out/MIX_m1_2_0_1_1_0_0_rp251-330.txt 2>logs/MIX_m1_2_0_1_1_0_0_rp251-330.log
./03_fmix -1 2 0 1 1 0 0 -330 -251 400 100 3000 200 400 24 > out/MIX_m1_2_0_1_1_0_0_rn251-330.txt 2>logs/MIX_m1_2_0_1_1_0_0_rn251-330.log
./03_fmix -1 2 0 1 4 -1 1 251 330 400 100 3000 200 400 24 > out/MIX_m1_2_0_1_4_m1_1_rp251-330.txt 2>logs/MIX_m1_2_0_1_4_m1_1_rp251-330.log
./03_fmix -1 2 0 1 4 -1 1 -330 -251 400 100 3000 200 400 24 > out/MIX_m1_2_0_1_4_m1_1_rn251-330.txt 2>logs/MIX_m1_2_0_1_4_m1_1_rn251-330.log
./03_fmix -1 2 0 1 3 -1 1 251 330 400 100 3000 200 400 24 > out/MIX_m1_2_0_1_3_m1_1_rp251-330.txt 2>logs/MIX_m1_2_0_1_3_m1_1_rp251-330.log
./03_fmix -1 2 0 1 3 -1 1 -330 -251 400 100 3000 200 400 24 > out/MIX_m1_2_0_1_3_m1_1_rn251-330.txt 2>logs/MIX_m1_2_0_1_3_m1_1_rn251-330.log
./03_fmix -1 2 0 1 6 -1 1 251 330 400 100 3000 200 400 24 > out/MIX_m1_2_0_1_6_m1_1_rp251-330.txt 2>logs/MIX_m1_2_0_1_6_m1_1_rp251-330.log
./03_fmix -1 2 0 1 6 -1 1 -330 -251 400 100 3000 200 400 24 > out/MIX_m1_2_0_1_6_m1_1_rn251-330.txt 2>logs/MIX_m1_2_0_1_6_m1_1_rn251-330.log
./03_fmix 0 1 1 2 4 3 3 251 330 400 100 3000 200 400 24 > out/MIX_0_1_1_2_4_3_3_rp251-330.txt 2>logs/MIX_0_1_1_2_4_3_3_rp251-330.log
./03_fmix 0 1 1 2 4 3 3 -330 -251 400 100 3000 200 400 24 > out/MIX_0_1_1_2_4_3_3_rn251-330.txt 2>logs/MIX_0_1_1_2_4_3_3_rn251-330.log
./03_fmix 0 1 1 2 12 7 11 251 330 400 100 3000 200 400 24 > out/MIX_0_1_1_2_12_7_11_rp251-330.txt 2>logs/MIX_0_1_1_2_12_7_11_rp251-330.log
./03_fmix 0 1 1 2 12 7 11 -330 -251 400 100 3000 200 400 24 > out/MIX_0_1_1_2_12_7_11_rn251-330.txt 2>logs/MIX_0_1_1_2_12_7_11_rn251-330.log
./03_fmix 0 1 1 2 12 5 13 251 330 400 100 3000 200 400 24 > out/MIX_0_1_1_2_12_5_13_rp251-330.txt 2>logs/MIX_0_1_1_2_12_5_13_rp251-330.log
./03_fmix 0 1 1 2 12 5 13 -330 -251 400 100 3000 200 400 24 > out/MIX_0_1_1_2_12_5_13_rn251-330.txt 2>logs/MIX_0_1_1_2_12_5_13_rn251-330.log
./03_fmix 0 1 1 2 2 0 3 251 330 400 100 3000 200 400 24 > out/MIX_0_1_1_2_2_0_3_rp251-330.txt 2>logs/MIX_0_1_1_2_2_0_3_rp251-330.log
./03_fmix 0 1 1 2 2 0 3 -330 -251 400 100 3000 200 400 24 > out/MIX_0_1_1_2_2_0_3_rn251-330.txt 2>logs/MIX_0_1_1_2_2_0_3_rn251-330.log
./03_fmix 0 1 -1 2 4 1 1 251 330 400 100 3000 200 400 24 > out/MIX_0_1_m1_2_4_1_1_rp251-330.txt 2>logs/MIX_0_1_m1_2_4_1_1_rp251-330.log
./03_fmix 0 1 -1 2 4 1 1 -330 -251 400 100 3000 200 400 24 > out/MIX_0_1_m1_2_4_1_1_rn251-330.txt 2>logs/MIX_0_1_m1_2_4_1_1_rn251-330.log
./03_fmix 0 1 -1 2 2 0 1 251 330 400 100 3000 200 400 24 > out/MIX_0_1_m1_2_2_0_1_rp251-330.txt 2>logs/MIX_0_1_m1_2_2_0_1_rp251-330.log
./03_fmix 0 1 -1 2 2 0 1 -330 -251 400 100 3000 200 400 24 > out/MIX_0_1_m1_2_2_0_1_rn251-330.txt 2>logs/MIX_0_1_m1_2_2_0_1_rn251-330.log
./03_fmix 0 1 -1 2 12 1 5 251 330 400 100 3000 200 400 24 > out/MIX_0_1_m1_2_12_1_5_rp251-330.txt 2>logs/MIX_0_1_m1_2_12_1_5_rp251-330.log
./03_fmix 0 1 -1 2 12 1 5 -330 -251 400 100 3000 200 400 24 > out/MIX_0_1_m1_2_12_1_5_rn251-330.txt 2>logs/MIX_0_1_m1_2_12_1_5_rn251-330.log
./03_fmix 0 1 -1 2 12 -1 7 251 330 400 100 3000 200 400 24 > out/MIX_0_1_m1_2_12_m1_7_rp251-330.txt 2>logs/MIX_0_1_m1_2_12_m1_7_rp251-330.log
./03_fmix 0 1 -1 2 12 -1 7 -330 -251 400 100 3000 200 400 24 > out/MIX_0_1_m1_2_12_m1_7_rn251-330.txt 2>logs/MIX_0_1_m1_2_12_m1_7_rn251-330.log
./03_fmix 1 2 -1 2 4 3 3 251 330 400 100 3000 200 400 24 > out/MIX_1_2_m1_2_4_3_3_rp251-330.txt 2>logs/MIX_1_2_m1_2_4_3_3_rp251-330.log
./03_fmix 1 2 -1 2 4 3 3 -330 -251 400 100 3000 200 400 24 > out/MIX_1_2_m1_2_4_3_3_rn251-330.txt 2>logs/MIX_1_2_m1_2_4_3_3_rn251-330.log
./03_fmix -1 2 1 2 4 1 1 251 330 400 100 3000 200 400 24 > out/MIX_m1_2_1_2_4_1_1_rp251-330.txt 2>logs/MIX_m1_2_1_2_4_1_1_rp251-330.log
./03_fmix -1 2 1 2 4 1 1 -330 -251 400 100 3000 200 400 24 > out/MIX_m1_2_1_2_4_1_1_rn251-330.txt 2>logs/MIX_m1_2_1_2_4_1_1_rn251-330.log
./03_fmix 0 1 1 1 4 3 5 251 330 400 100 3000 200 400 24 > out/MIX_0_1_1_1_4_3_5_rp251-330.txt 2>logs/MIX_0_1_1_1_4_3_5_rp251-330.log
./03_fmix 0 1 1 1 4 3 5 -330 -251 400 100 3000 200 400 24 > out/MIX_0_1_1_1_4_3_5_rn251-330.txt 2>logs/MIX_0_1_1_1_4_3_5_rn251-330.log
./03_fmix 0 1 -1 1 4 -1 1 251 330 400 100 3000 200 400 24 > out/MIX_0_1_m1_1_4_m1_1_rp251-330.txt 2>logs/MIX_0_1_m1_1_4_m1_1_rp251-330.log
./03_fmix 0 1 -1 1 4 -1 1 -330 -251 400 100 3000 200 400 24 > out/MIX_0_1_m1_1_4_m1_1_rn251-330.txt 2>logs/MIX_0_1_m1_1_4_m1_1_rn251-330.log
./03_fmix 1 2 0 1 4 3 5 331 400 400 100 3000 200 400 24 > out/MIX_1_2_0_1_4_3_5_rp331-400.txt 2>logs/MIX_1_2_0_1_4_3_5_rp331-400.log
./03_fmix 1 2 0 1 4 3 5 -400 -331 400 100 3000 200 400 24 > out/MIX_1_2_0_1_4_3_5_rn331-400.txt 2>logs/MIX_1_2_0_1_4_3_5_rn331-400.log
./03_fmix 1 2 0 1 6 5 7 331 400 400 100 3000 200 400 24 > out/MIX_1_2_0_1_6_5_7_rp331-400.txt 2>logs/MIX_1_2_0_1_6_5_7_rp331-400.log
./03_fmix 1 2 0 1 6 5 7 -400 -331 400 100 3000 200 400 24 > out/MIX_1_2_0_1_6_5_7_rn331-400.txt 2>logs/MIX_1_2_0_1_6_5_7_rn331-400.log
./03_fmix 1 2 0 1 3 2 4 331 400 400 100 3000 200 400 24 > out/MIX_1_2_0_1_3_2_4_rp331-400.txt 2>logs/MIX_1_2_0_1_3_2_4_rp331-400.log
./03_fmix 1 2 0 1 3 2 4 -400 -331 400 100 3000 200 400 24 > out/MIX_1_2_0_1_3_2_4_rn331-400.txt 2>logs/MIX_1_2_0_1_3_2_4_rn331-400.log
./03_fmix 1 2 0 1 2 1 3 331 400 400 100 3000 200 400 24 > out/MIX_1_2_0_1_2_1_3_rp331-400.txt 2>logs/MIX_1_2_0_1_2_1_3_rp331-400.log
./03_fmix 1 2 0 1 2 1 3 -400 -331 400 100 3000 200 400 24 > out/MIX_1_2_0_1_2_1_3_rn331-400.txt 2>logs/MIX_1_2_0_1_2_1_3_rn331-400.log
./03_fmix -1 2 0 1 1 0 0 331 400 400 100 3000 200 400 24 > out/MIX_m1_2_0_1_1_0_0_rp331-400.txt 2>logs/MIX_m1_2_0_1_1_0_0_rp331-400.log
./03_fmix -1 2 0 1 1 0 0 -400 -331 400 100 3000 200 400 24 > out/MIX_m1_2_0_1_1_0_0_rn331-400.txt 2>logs/MIX_m1_2_0_1_1_0_0_rn331-400.log
./03_fmix -1 2 0 1 4 -1 1 331 400 400 100 3000 200 400 24 > out/MIX_m1_2_0_1_4_m1_1_rp331-400.txt 2>logs/MIX_m1_2_0_1_4_m1_1_rp331-400.log
./03_fmix -1 2 0 1 4 -1 1 -400 -331 400 100 3000 200 400 24 > out/MIX_m1_2_0_1_4_m1_1_rn331-400.txt 2>logs/MIX_m1_2_0_1_4_m1_1_rn331-400.log
./03_fmix -1 2 0 1 3 -1 1 331 400 400 100 3000 200 400 24 > out/MIX_m1_2_0_1_3_m1_1_rp331-400.txt 2>logs/MIX_m1_2_0_1_3_m1_1_rp331-400.log
./03_fmix -1 2 0 1 3 -1 1 -400 -331 400 100 3000 200 400 24 > out/MIX_m1_2_0_1_3_m1_1_rn331-400.txt 2>logs/MIX_m1_2_0_1_3_m1_1_rn331-400.log
./03_fmix -1 2 0 1 6 -1 1 331 400 400 100 3000 200 400 24 > out/MIX_m1_2_0_1_6_m1_1_rp331-400.txt 2>logs/MIX_m1_2_0_1_6_m1_1_rp331-400.log
./03_fmix -1 2 0 1 6 -1 1 -400 -331 400 100 3000 200 400 24 > out/MIX_m1_2_0_1_6_m1_1_rn331-400.txt 2>logs/MIX_m1_2_0_1_6_m1_1_rn331-400.log
./03_fmix 0 1 1 2 4 3 3 331 400 400 100 3000 200 400 24 > out/MIX_0_1_1_2_4_3_3_rp331-400.txt 2>logs/MIX_0_1_1_2_4_3_3_rp331-400.log
./03_fmix 0 1 1 2 4 3 3 -400 -331 400 100 3000 200 400 24 > out/MIX_0_1_1_2_4_3_3_rn331-400.txt 2>logs/MIX_0_1_1_2_4_3_3_rn331-400.log
./03_fmix 0 1 1 2 12 7 11 331 400 400 100 3000 200 400 24 > out/MIX_0_1_1_2_12_7_11_rp331-400.txt 2>logs/MIX_0_1_1_2_12_7_11_rp331-400.log
./03_fmix 0 1 1 2 12 7 11 -400 -331 400 100 3000 200 400 24 > out/MIX_0_1_1_2_12_7_11_rn331-400.txt 2>logs/MIX_0_1_1_2_12_7_11_rn331-400.log
./03_fmix 0 1 1 2 12 5 13 331 400 400 100 3000 200 400 24 > out/MIX_0_1_1_2_12_5_13_rp331-400.txt 2>logs/MIX_0_1_1_2_12_5_13_rp331-400.log
./03_fmix 0 1 1 2 12 5 13 -400 -331 400 100 3000 200 400 24 > out/MIX_0_1_1_2_12_5_13_rn331-400.txt 2>logs/MIX_0_1_1_2_12_5_13_rn331-400.log
./03_fmix 0 1 1 2 2 0 3 331 400 400 100 3000 200 400 24 > out/MIX_0_1_1_2_2_0_3_rp331-400.txt 2>logs/MIX_0_1_1_2_2_0_3_rp331-400.log
./03_fmix 0 1 1 2 2 0 3 -400 -331 400 100 3000 200 400 24 > out/MIX_0_1_1_2_2_0_3_rn331-400.txt 2>logs/MIX_0_1_1_2_2_0_3_rn331-400.log
./03_fmix 0 1 -1 2 4 1 1 331 400 400 100 3000 200 400 24 > out/MIX_0_1_m1_2_4_1_1_rp331-400.txt 2>logs/MIX_0_1_m1_2_4_1_1_rp331-400.log
./03_fmix 0 1 -1 2 4 1 1 -400 -331 400 100 3000 200 400 24 > out/MIX_0_1_m1_2_4_1_1_rn331-400.txt 2>logs/MIX_0_1_m1_2_4_1_1_rn331-400.log
./03_fmix 0 1 -1 2 2 0 1 331 400 400 100 3000 200 400 24 > out/MIX_0_1_m1_2_2_0_1_rp331-400.txt 2>logs/MIX_0_1_m1_2_2_0_1_rp331-400.log
./03_fmix 0 1 -1 2 2 0 1 -400 -331 400 100 3000 200 400 24 > out/MIX_0_1_m1_2_2_0_1_rn331-400.txt 2>logs/MIX_0_1_m1_2_2_0_1_rn331-400.log
./03_fmix 0 1 -1 2 12 1 5 331 400 400 100 3000 200 400 24 > out/MIX_0_1_m1_2_12_1_5_rp331-400.txt 2>logs/MIX_0_1_m1_2_12_1_5_rp331-400.log
./03_fmix 0 1 -1 2 12 1 5 -400 -331 400 100 3000 200 400 24 > out/MIX_0_1_m1_2_12_1_5_rn331-400.txt 2>logs/MIX_0_1_m1_2_12_1_5_rn331-400.log
./03_fmix 0 1 -1 2 12 -1 7 331 400 400 100 3000 200 400 24 > out/MIX_0_1_m1_2_12_m1_7_rp331-400.txt 2>logs/MIX_0_1_m1_2_12_m1_7_rp331-400.log
./03_fmix 0 1 -1 2 12 -1 7 -400 -331 400 100 3000 200 400 24 > out/MIX_0_1_m1_2_12_m1_7_rn331-400.txt 2>logs/MIX_0_1_m1_2_12_m1_7_rn331-400.log
./03_fmix 1 2 -1 2 4 3 3 331 400 400 100 3000 200 400 24 > out/MIX_1_2_m1_2_4_3_3_rp331-400.txt 2>logs/MIX_1_2_m1_2_4_3_3_rp331-400.log
./03_fmix 1 2 -1 2 4 3 3 -400 -331 400 100 3000 200 400 24 > out/MIX_1_2_m1_2_4_3_3_rn331-400.txt 2>logs/MIX_1_2_m1_2_4_3_3_rn331-400.log
./03_fmix -1 2 1 2 4 1 1 331 400 400 100 3000 200 400 24 > out/MIX_m1_2_1_2_4_1_1_rp331-400.txt 2>logs/MIX_m1_2_1_2_4_1_1_rp331-400.log
./03_fmix -1 2 1 2 4 1 1 -400 -331 400 100 3000 200 400 24 > out/MIX_m1_2_1_2_4_1_1_rn331-400.txt 2>logs/MIX_m1_2_1_2_4_1_1_rn331-400.log
./03_fmix 0 1 1 1 4 3 5 331 400 400 100 3000 200 400 24 > out/MIX_0_1_1_1_4_3_5_rp331-400.txt 2>logs/MIX_0_1_1_1_4_3_5_rp331-400.log
./03_fmix 0 1 1 1 4 3 5 -400 -331 400 100 3000 200 400 24 > out/MIX_0_1_1_1_4_3_5_rn331-400.txt 2>logs/MIX_0_1_1_1_4_3_5_rn331-400.log
./03_fmix 0 1 -1 1 4 -1 1 331 400 400 100 3000 200 400 24 > out/MIX_0_1_m1_1_4_m1_1_rp331-400.txt 2>logs/MIX_0_1_m1_1_4_m1_1_rp331-400.log
./03_fmix 0 1 -1 1 4 -1 1 -400 -331 400 100 3000 200 400 24 > out/MIX_0_1_m1_1_4_m1_1_rn331-400.txt 2>logs/MIX_0_1_m1_1_4_m1_1_rn331-400.log
