./02_fscan -1 1 1 -1 -1 1 30 250 -1 500 -1 24 > out/DW_m1_1_1_m1_m1_a1-30.txt 2>logs/DW_m1_1_1_m1_m1_a1-30.log
./02_fscan -1 1 3 -4 -2 1 30 250 -1 500 -1 24 > out/DW_m1_1_3_m4_m2_a1-30.txt 2>logs/DW_m1_1_3_m4_m2_a1-30.log
./02_fscan -1 1 4 -5 -3 1 30 250 -1 500 -1 24 > out/DW_m1_1_4_m5_m3_a1-30.txt 2>logs/DW_m1_1_4_m5_m3_a1-30.log
./02_fscan -1 1 6 -7 -5 1 30 250 -1 500 -1 24 > out/DW_m1_1_6_m7_m5_a1-30.txt 2>logs/DW_m1_1_6_m7_m5_a1-30.log
./02_fscan -1 2 4 -1 -1 1 30 250 -1 500 -1 24 > out/DW_m1_2_4_m1_m1_a1-30.txt 2>logs/DW_m1_2_4_m1_m1_a1-30.log
./02_fscan -1 3 1 0 0 1 30 250 -1 500 -1 24 > out/DW_m1_3_1_0_0_a1-30.txt 2>logs/DW_m1_3_1_0_0_a1-30.log
./02_fscan -2 3 2 -1 -1 1 30 250 -1 500 -1 24 > out/DW_m2_3_2_m1_m1_a1-30.txt 2>logs/DW_m2_3_2_m1_m1_a1-30.log
./02_fscan 0 1 1 0 1 1 30 250 -1 500 -1 24 > out/DW_0_1_1_0_1_a1-30.txt 2>logs/DW_0_1_1_0_1_a1-30.log
./02_fscan 0 1 2 -1 3 1 30 250 -1 500 -1 24 > out/DW_0_1_2_m1_3_a1-30.txt 2>logs/DW_0_1_2_m1_3_a1-30.log
./02_fscan 0 1 2 1 1 1 30 250 -1 500 -1 24 > out/DW_0_1_2_1_1_a1-30.txt 2>logs/DW_0_1_2_1_1_a1-30.log
./02_fscan 0 1 3 -1 4 1 30 250 -1 500 -1 24 > out/DW_0_1_3_m1_4_a1-30.txt 2>logs/DW_0_1_3_m1_4_a1-30.log
./02_fscan 0 1 3 1 2 1 30 250 -1 500 -1 24 > out/DW_0_1_3_1_2_a1-30.txt 2>logs/DW_0_1_3_1_2_a1-30.log
./02_fscan 0 1 4 -1 5 1 30 250 -1 500 -1 24 > out/DW_0_1_4_m1_5_a1-30.txt 2>logs/DW_0_1_4_m1_5_a1-30.log
./02_fscan 0 1 4 1 3 1 30 250 -1 500 -1 24 > out/DW_0_1_4_1_3_a1-30.txt 2>logs/DW_0_1_4_1_3_a1-30.log
./02_fscan 0 1 6 -1 7 1 30 250 -1 500 -1 24 > out/DW_0_1_6_m1_7_a1-30.txt 2>logs/DW_0_1_6_m1_7_a1-30.log
./02_fscan 0 1 6 1 5 1 30 250 -1 500 -1 24 > out/DW_0_1_6_1_5_a1-30.txt 2>logs/DW_0_1_6_1_5_a1-30.log
./02_fscan 1 1 1 1 3 1 30 250 -1 500 -1 24 > out/DW_1_1_1_1_3_a1-30.txt 2>logs/DW_1_1_1_1_3_a1-30.log
./02_fscan 1 1 1 2 2 1 30 250 -1 500 -1 24 > out/DW_1_1_1_2_2_a1-30.txt 2>logs/DW_1_1_1_2_2_a1-30.log
./02_fscan 1 1 2 3 5 1 30 250 -1 500 -1 24 > out/DW_1_1_2_3_5_a1-30.txt 2>logs/DW_1_1_2_3_5_a1-30.log
./02_fscan 1 1 3 5 7 1 30 250 -1 500 -1 24 > out/DW_1_1_3_5_7_a1-30.txt 2>logs/DW_1_1_3_5_7_a1-30.log
./02_fscan 1 1 4 7 9 1 30 250 -1 500 -1 24 > out/DW_1_1_4_7_9_a1-30.txt 2>logs/DW_1_1_4_7_9_a1-30.log
./02_fscan 1 1 6 11 13 1 30 250 -1 500 -1 24 > out/DW_1_1_6_11_13_a1-30.txt 2>logs/DW_1_1_6_11_13_a1-30.log
./02_fscan 1 2 4 5 5 1 30 250 -1 500 -1 24 > out/DW_1_2_4_5_5_a1-30.txt 2>logs/DW_1_2_4_5_5_a1-30.log
./02_fscan 1 3 1 1 1 1 30 250 -1 500 -1 24 > out/DW_1_3_1_1_1_a1-30.txt 2>logs/DW_1_3_1_1_1_a1-30.log
./02_fscan 1 3 2 1 3 1 30 250 -1 500 -1 24 > out/DW_1_3_2_1_3_a1-30.txt 2>logs/DW_1_3_2_1_3_a1-30.log
./02_fscan 2 3 1 1 2 1 30 250 -1 500 -1 24 > out/DW_2_3_1_1_2_a1-30.txt 2>logs/DW_2_3_1_1_2_a1-30.log
./02_fscan 2 3 2 3 3 1 30 250 -1 500 -1 24 > out/DW_2_3_2_3_3_a1-30.txt 2>logs/DW_2_3_2_3_3_a1-30.log
./02_fscan -1 1 1 -1 -1 31 70 250 -1 500 -1 24 > out/DW_m1_1_1_m1_m1_a31-70.txt 2>logs/DW_m1_1_1_m1_m1_a31-70.log
./02_fscan -1 1 3 -4 -2 31 70 250 -1 500 -1 24 > out/DW_m1_1_3_m4_m2_a31-70.txt 2>logs/DW_m1_1_3_m4_m2_a31-70.log
./02_fscan -1 1 4 -5 -3 31 70 250 -1 500 -1 24 > out/DW_m1_1_4_m5_m3_a31-70.txt 2>logs/DW_m1_1_4_m5_m3_a31-70.log
./02_fscan -1 1 6 -7 -5 31 70 250 -1 500 -1 24 > out/DW_m1_1_6_m7_m5_a31-70.txt 2>logs/DW_m1_1_6_m7_m5_a31-70.log
./02_fscan -1 2 4 -1 -1 31 70 250 -1 500 -1 24 > out/DW_m1_2_4_m1_m1_a31-70.txt 2>logs/DW_m1_2_4_m1_m1_a31-70.log
./02_fscan -1 3 1 0 0 31 70 250 -1 500 -1 24 > out/DW_m1_3_1_0_0_a31-70.txt 2>logs/DW_m1_3_1_0_0_a31-70.log
./02_fscan -2 3 2 -1 -1 31 70 250 -1 500 -1 24 > out/DW_m2_3_2_m1_m1_a31-70.txt 2>logs/DW_m2_3_2_m1_m1_a31-70.log
./02_fscan 0 1 1 0 1 31 70 250 -1 500 -1 24 > out/DW_0_1_1_0_1_a31-70.txt 2>logs/DW_0_1_1_0_1_a31-70.log
./02_fscan 0 1 2 -1 3 31 70 250 -1 500 -1 24 > out/DW_0_1_2_m1_3_a31-70.txt 2>logs/DW_0_1_2_m1_3_a31-70.log
./02_fscan 0 1 2 1 1 31 70 250 -1 500 -1 24 > out/DW_0_1_2_1_1_a31-70.txt 2>logs/DW_0_1_2_1_1_a31-70.log
./02_fscan 0 1 3 -1 4 31 70 250 -1 500 -1 24 > out/DW_0_1_3_m1_4_a31-70.txt 2>logs/DW_0_1_3_m1_4_a31-70.log
./02_fscan 0 1 3 1 2 31 70 250 -1 500 -1 24 > out/DW_0_1_3_1_2_a31-70.txt 2>logs/DW_0_1_3_1_2_a31-70.log
./02_fscan 0 1 4 -1 5 31 70 250 -1 500 -1 24 > out/DW_0_1_4_m1_5_a31-70.txt 2>logs/DW_0_1_4_m1_5_a31-70.log
./02_fscan 0 1 4 1 3 31 70 250 -1 500 -1 24 > out/DW_0_1_4_1_3_a31-70.txt 2>logs/DW_0_1_4_1_3_a31-70.log
./02_fscan 0 1 6 -1 7 31 70 250 -1 500 -1 24 > out/DW_0_1_6_m1_7_a31-70.txt 2>logs/DW_0_1_6_m1_7_a31-70.log
./02_fscan 0 1 6 1 5 31 70 250 -1 500 -1 24 > out/DW_0_1_6_1_5_a31-70.txt 2>logs/DW_0_1_6_1_5_a31-70.log
./02_fscan 1 1 1 1 3 31 70 250 -1 500 -1 24 > out/DW_1_1_1_1_3_a31-70.txt 2>logs/DW_1_1_1_1_3_a31-70.log
./02_fscan 1 1 1 2 2 31 70 250 -1 500 -1 24 > out/DW_1_1_1_2_2_a31-70.txt 2>logs/DW_1_1_1_2_2_a31-70.log
./02_fscan 1 1 2 3 5 31 70 250 -1 500 -1 24 > out/DW_1_1_2_3_5_a31-70.txt 2>logs/DW_1_1_2_3_5_a31-70.log
./02_fscan 1 1 3 5 7 31 70 250 -1 500 -1 24 > out/DW_1_1_3_5_7_a31-70.txt 2>logs/DW_1_1_3_5_7_a31-70.log
./02_fscan 1 1 4 7 9 31 70 250 -1 500 -1 24 > out/DW_1_1_4_7_9_a31-70.txt 2>logs/DW_1_1_4_7_9_a31-70.log
./02_fscan 1 1 6 11 13 31 70 250 -1 500 -1 24 > out/DW_1_1_6_11_13_a31-70.txt 2>logs/DW_1_1_6_11_13_a31-70.log
./02_fscan 1 2 4 5 5 31 70 250 -1 500 -1 24 > out/DW_1_2_4_5_5_a31-70.txt 2>logs/DW_1_2_4_5_5_a31-70.log
./02_fscan 1 3 1 1 1 31 70 250 -1 500 -1 24 > out/DW_1_3_1_1_1_a31-70.txt 2>logs/DW_1_3_1_1_1_a31-70.log
./02_fscan 1 3 2 1 3 31 70 250 -1 500 -1 24 > out/DW_1_3_2_1_3_a31-70.txt 2>logs/DW_1_3_2_1_3_a31-70.log
./02_fscan 2 3 1 1 2 31 70 250 -1 500 -1 24 > out/DW_2_3_1_1_2_a31-70.txt 2>logs/DW_2_3_1_1_2_a31-70.log
./02_fscan 2 3 2 3 3 31 70 250 -1 500 -1 24 > out/DW_2_3_2_3_3_a31-70.txt 2>logs/DW_2_3_2_3_3_a31-70.log
./02_fscan -1 1 1 -1 -1 71 120 250 -1 500 -1 24 > out/DW_m1_1_1_m1_m1_a71-120.txt 2>logs/DW_m1_1_1_m1_m1_a71-120.log
./02_fscan -1 1 3 -4 -2 71 120 250 -1 500 -1 24 > out/DW_m1_1_3_m4_m2_a71-120.txt 2>logs/DW_m1_1_3_m4_m2_a71-120.log
./02_fscan -1 1 4 -5 -3 71 120 250 -1 500 -1 24 > out/DW_m1_1_4_m5_m3_a71-120.txt 2>logs/DW_m1_1_4_m5_m3_a71-120.log
./02_fscan -1 1 6 -7 -5 71 120 250 -1 500 -1 24 > out/DW_m1_1_6_m7_m5_a71-120.txt 2>logs/DW_m1_1_6_m7_m5_a71-120.log
./02_fscan -1 2 4 -1 -1 71 120 250 -1 500 -1 24 > out/DW_m1_2_4_m1_m1_a71-120.txt 2>logs/DW_m1_2_4_m1_m1_a71-120.log
./02_fscan -1 3 1 0 0 71 120 250 -1 500 -1 24 > out/DW_m1_3_1_0_0_a71-120.txt 2>logs/DW_m1_3_1_0_0_a71-120.log
./02_fscan -2 3 2 -1 -1 71 120 250 -1 500 -1 24 > out/DW_m2_3_2_m1_m1_a71-120.txt 2>logs/DW_m2_3_2_m1_m1_a71-120.log
./02_fscan 0 1 1 0 1 71 120 250 -1 500 -1 24 > out/DW_0_1_1_0_1_a71-120.txt 2>logs/DW_0_1_1_0_1_a71-120.log
./02_fscan 0 1 2 -1 3 71 120 250 -1 500 -1 24 > out/DW_0_1_2_m1_3_a71-120.txt 2>logs/DW_0_1_2_m1_3_a71-120.log
./02_fscan 0 1 2 1 1 71 120 250 -1 500 -1 24 > out/DW_0_1_2_1_1_a71-120.txt 2>logs/DW_0_1_2_1_1_a71-120.log
./02_fscan 0 1 3 -1 4 71 120 250 -1 500 -1 24 > out/DW_0_1_3_m1_4_a71-120.txt 2>logs/DW_0_1_3_m1_4_a71-120.log
./02_fscan 0 1 3 1 2 71 120 250 -1 500 -1 24 > out/DW_0_1_3_1_2_a71-120.txt 2>logs/DW_0_1_3_1_2_a71-120.log
./02_fscan 0 1 4 -1 5 71 120 250 -1 500 -1 24 > out/DW_0_1_4_m1_5_a71-120.txt 2>logs/DW_0_1_4_m1_5_a71-120.log
./02_fscan 0 1 4 1 3 71 120 250 -1 500 -1 24 > out/DW_0_1_4_1_3_a71-120.txt 2>logs/DW_0_1_4_1_3_a71-120.log
./02_fscan 0 1 6 -1 7 71 120 250 -1 500 -1 24 > out/DW_0_1_6_m1_7_a71-120.txt 2>logs/DW_0_1_6_m1_7_a71-120.log
./02_fscan 0 1 6 1 5 71 120 250 -1 500 -1 24 > out/DW_0_1_6_1_5_a71-120.txt 2>logs/DW_0_1_6_1_5_a71-120.log
./02_fscan 1 1 1 1 3 71 120 250 -1 500 -1 24 > out/DW_1_1_1_1_3_a71-120.txt 2>logs/DW_1_1_1_1_3_a71-120.log
./02_fscan 1 1 1 2 2 71 120 250 -1 500 -1 24 > out/DW_1_1_1_2_2_a71-120.txt 2>logs/DW_1_1_1_2_2_a71-120.log
./02_fscan 1 1 2 3 5 71 120 250 -1 500 -1 24 > out/DW_1_1_2_3_5_a71-120.txt 2>logs/DW_1_1_2_3_5_a71-120.log
./02_fscan 1 1 3 5 7 71 120 250 -1 500 -1 24 > out/DW_1_1_3_5_7_a71-120.txt 2>logs/DW_1_1_3_5_7_a71-120.log
./02_fscan 1 1 4 7 9 71 120 250 -1 500 -1 24 > out/DW_1_1_4_7_9_a71-120.txt 2>logs/DW_1_1_4_7_9_a71-120.log
./02_fscan 1 1 6 11 13 71 120 250 -1 500 -1 24 > out/DW_1_1_6_11_13_a71-120.txt 2>logs/DW_1_1_6_11_13_a71-120.log
./02_fscan 1 2 4 5 5 71 120 250 -1 500 -1 24 > out/DW_1_2_4_5_5_a71-120.txt 2>logs/DW_1_2_4_5_5_a71-120.log
./02_fscan 1 3 1 1 1 71 120 250 -1 500 -1 24 > out/DW_1_3_1_1_1_a71-120.txt 2>logs/DW_1_3_1_1_1_a71-120.log
./02_fscan 1 3 2 1 3 71 120 250 -1 500 -1 24 > out/DW_1_3_2_1_3_a71-120.txt 2>logs/DW_1_3_2_1_3_a71-120.log
./02_fscan 2 3 1 1 2 71 120 250 -1 500 -1 24 > out/DW_2_3_1_1_2_a71-120.txt 2>logs/DW_2_3_1_1_2_a71-120.log
./02_fscan 2 3 2 3 3 71 120 250 -1 500 -1 24 > out/DW_2_3_2_3_3_a71-120.txt 2>logs/DW_2_3_2_3_3_a71-120.log
./02_fscan -1 1 1 -1 -1 121 180 250 -1 500 -1 24 > out/DW_m1_1_1_m1_m1_a121-180.txt 2>logs/DW_m1_1_1_m1_m1_a121-180.log
./02_fscan -1 1 3 -4 -2 121 180 250 -1 500 -1 24 > out/DW_m1_1_3_m4_m2_a121-180.txt 2>logs/DW_m1_1_3_m4_m2_a121-180.log
./02_fscan -1 1 4 -5 -3 121 180 250 -1 500 -1 24 > out/DW_m1_1_4_m5_m3_a121-180.txt 2>logs/DW_m1_1_4_m5_m3_a121-180.log
./02_fscan -1 1 6 -7 -5 121 180 250 -1 500 -1 24 > out/DW_m1_1_6_m7_m5_a121-180.txt 2>logs/DW_m1_1_6_m7_m5_a121-180.log
./02_fscan -1 2 4 -1 -1 121 180 250 -1 500 -1 24 > out/DW_m1_2_4_m1_m1_a121-180.txt 2>logs/DW_m1_2_4_m1_m1_a121-180.log
./02_fscan -1 3 1 0 0 121 180 250 -1 500 -1 24 > out/DW_m1_3_1_0_0_a121-180.txt 2>logs/DW_m1_3_1_0_0_a121-180.log
./02_fscan -2 3 2 -1 -1 121 180 250 -1 500 -1 24 > out/DW_m2_3_2_m1_m1_a121-180.txt 2>logs/DW_m2_3_2_m1_m1_a121-180.log
./02_fscan 0 1 1 0 1 121 180 250 -1 500 -1 24 > out/DW_0_1_1_0_1_a121-180.txt 2>logs/DW_0_1_1_0_1_a121-180.log
./02_fscan 0 1 2 -1 3 121 180 250 -1 500 -1 24 > out/DW_0_1_2_m1_3_a121-180.txt 2>logs/DW_0_1_2_m1_3_a121-180.log
./02_fscan 0 1 2 1 1 121 180 250 -1 500 -1 24 > out/DW_0_1_2_1_1_a121-180.txt 2>logs/DW_0_1_2_1_1_a121-180.log
./02_fscan 0 1 3 -1 4 121 180 250 -1 500 -1 24 > out/DW_0_1_3_m1_4_a121-180.txt 2>logs/DW_0_1_3_m1_4_a121-180.log
./02_fscan 0 1 3 1 2 121 180 250 -1 500 -1 24 > out/DW_0_1_3_1_2_a121-180.txt 2>logs/DW_0_1_3_1_2_a121-180.log
./02_fscan 0 1 4 -1 5 121 180 250 -1 500 -1 24 > out/DW_0_1_4_m1_5_a121-180.txt 2>logs/DW_0_1_4_m1_5_a121-180.log
./02_fscan 0 1 4 1 3 121 180 250 -1 500 -1 24 > out/DW_0_1_4_1_3_a121-180.txt 2>logs/DW_0_1_4_1_3_a121-180.log
./02_fscan 0 1 6 -1 7 121 180 250 -1 500 -1 24 > out/DW_0_1_6_m1_7_a121-180.txt 2>logs/DW_0_1_6_m1_7_a121-180.log
./02_fscan 0 1 6 1 5 121 180 250 -1 500 -1 24 > out/DW_0_1_6_1_5_a121-180.txt 2>logs/DW_0_1_6_1_5_a121-180.log
./02_fscan 1 1 1 1 3 121 180 250 -1 500 -1 24 > out/DW_1_1_1_1_3_a121-180.txt 2>logs/DW_1_1_1_1_3_a121-180.log
./02_fscan 1 1 1 2 2 121 180 250 -1 500 -1 24 > out/DW_1_1_1_2_2_a121-180.txt 2>logs/DW_1_1_1_2_2_a121-180.log
./02_fscan 1 1 2 3 5 121 180 250 -1 500 -1 24 > out/DW_1_1_2_3_5_a121-180.txt 2>logs/DW_1_1_2_3_5_a121-180.log
./02_fscan 1 1 3 5 7 121 180 250 -1 500 -1 24 > out/DW_1_1_3_5_7_a121-180.txt 2>logs/DW_1_1_3_5_7_a121-180.log
./02_fscan 1 1 4 7 9 121 180 250 -1 500 -1 24 > out/DW_1_1_4_7_9_a121-180.txt 2>logs/DW_1_1_4_7_9_a121-180.log
./02_fscan 1 1 6 11 13 121 180 250 -1 500 -1 24 > out/DW_1_1_6_11_13_a121-180.txt 2>logs/DW_1_1_6_11_13_a121-180.log
./02_fscan 1 2 4 5 5 121 180 250 -1 500 -1 24 > out/DW_1_2_4_5_5_a121-180.txt 2>logs/DW_1_2_4_5_5_a121-180.log
./02_fscan 1 3 1 1 1 121 180 250 -1 500 -1 24 > out/DW_1_3_1_1_1_a121-180.txt 2>logs/DW_1_3_1_1_1_a121-180.log
./02_fscan 1 3 2 1 3 121 180 250 -1 500 -1 24 > out/DW_1_3_2_1_3_a121-180.txt 2>logs/DW_1_3_2_1_3_a121-180.log
./02_fscan 2 3 1 1 2 121 180 250 -1 500 -1 24 > out/DW_2_3_1_1_2_a121-180.txt 2>logs/DW_2_3_1_1_2_a121-180.log
./02_fscan 2 3 2 3 3 121 180 250 -1 500 -1 24 > out/DW_2_3_2_3_3_a121-180.txt 2>logs/DW_2_3_2_3_3_a121-180.log
./02_fscan -1 1 1 -1 -1 181 250 250 -1 500 -1 24 > out/DW_m1_1_1_m1_m1_a181-250.txt 2>logs/DW_m1_1_1_m1_m1_a181-250.log
./02_fscan -1 1 3 -4 -2 181 250 250 -1 500 -1 24 > out/DW_m1_1_3_m4_m2_a181-250.txt 2>logs/DW_m1_1_3_m4_m2_a181-250.log
./02_fscan -1 1 4 -5 -3 181 250 250 -1 500 -1 24 > out/DW_m1_1_4_m5_m3_a181-250.txt 2>logs/DW_m1_1_4_m5_m3_a181-250.log
./02_fscan -1 1 6 -7 -5 181 250 250 -1 500 -1 24 > out/DW_m1_1_6_m7_m5_a181-250.txt 2>logs/DW_m1_1_6_m7_m5_a181-250.log
./02_fscan -1 2 4 -1 -1 181 250 250 -1 500 -1 24 > out/DW_m1_2_4_m1_m1_a181-250.txt 2>logs/DW_m1_2_4_m1_m1_a181-250.log
./02_fscan -1 3 1 0 0 181 250 250 -1 500 -1 24 > out/DW_m1_3_1_0_0_a181-250.txt 2>logs/DW_m1_3_1_0_0_a181-250.log
./02_fscan -2 3 2 -1 -1 181 250 250 -1 500 -1 24 > out/DW_m2_3_2_m1_m1_a181-250.txt 2>logs/DW_m2_3_2_m1_m1_a181-250.log
./02_fscan 0 1 1 0 1 181 250 250 -1 500 -1 24 > out/DW_0_1_1_0_1_a181-250.txt 2>logs/DW_0_1_1_0_1_a181-250.log
./02_fscan 0 1 2 -1 3 181 250 250 -1 500 -1 24 > out/DW_0_1_2_m1_3_a181-250.txt 2>logs/DW_0_1_2_m1_3_a181-250.log
./02_fscan 0 1 2 1 1 181 250 250 -1 500 -1 24 > out/DW_0_1_2_1_1_a181-250.txt 2>logs/DW_0_1_2_1_1_a181-250.log
./02_fscan 0 1 3 -1 4 181 250 250 -1 500 -1 24 > out/DW_0_1_3_m1_4_a181-250.txt 2>logs/DW_0_1_3_m1_4_a181-250.log
./02_fscan 0 1 3 1 2 181 250 250 -1 500 -1 24 > out/DW_0_1_3_1_2_a181-250.txt 2>logs/DW_0_1_3_1_2_a181-250.log
./02_fscan 0 1 4 -1 5 181 250 250 -1 500 -1 24 > out/DW_0_1_4_m1_5_a181-250.txt 2>logs/DW_0_1_4_m1_5_a181-250.log
./02_fscan 0 1 4 1 3 181 250 250 -1 500 -1 24 > out/DW_0_1_4_1_3_a181-250.txt 2>logs/DW_0_1_4_1_3_a181-250.log
./02_fscan 0 1 6 -1 7 181 250 250 -1 500 -1 24 > out/DW_0_1_6_m1_7_a181-250.txt 2>logs/DW_0_1_6_m1_7_a181-250.log
./02_fscan 0 1 6 1 5 181 250 250 -1 500 -1 24 > out/DW_0_1_6_1_5_a181-250.txt 2>logs/DW_0_1_6_1_5_a181-250.log
./02_fscan 1 1 1 1 3 181 250 250 -1 500 -1 24 > out/DW_1_1_1_1_3_a181-250.txt 2>logs/DW_1_1_1_1_3_a181-250.log
./02_fscan 1 1 1 2 2 181 250 250 -1 500 -1 24 > out/DW_1_1_1_2_2_a181-250.txt 2>logs/DW_1_1_1_2_2_a181-250.log
./02_fscan 1 1 2 3 5 181 250 250 -1 500 -1 24 > out/DW_1_1_2_3_5_a181-250.txt 2>logs/DW_1_1_2_3_5_a181-250.log
./02_fscan 1 1 3 5 7 181 250 250 -1 500 -1 24 > out/DW_1_1_3_5_7_a181-250.txt 2>logs/DW_1_1_3_5_7_a181-250.log
./02_fscan 1 1 4 7 9 181 250 250 -1 500 -1 24 > out/DW_1_1_4_7_9_a181-250.txt 2>logs/DW_1_1_4_7_9_a181-250.log
./02_fscan 1 1 6 11 13 181 250 250 -1 500 -1 24 > out/DW_1_1_6_11_13_a181-250.txt 2>logs/DW_1_1_6_11_13_a181-250.log
./02_fscan 1 2 4 5 5 181 250 250 -1 500 -1 24 > out/DW_1_2_4_5_5_a181-250.txt 2>logs/DW_1_2_4_5_5_a181-250.log
./02_fscan 1 3 1 1 1 181 250 250 -1 500 -1 24 > out/DW_1_3_1_1_1_a181-250.txt 2>logs/DW_1_3_1_1_1_a181-250.log
./02_fscan 1 3 2 1 3 181 250 250 -1 500 -1 24 > out/DW_1_3_2_1_3_a181-250.txt 2>logs/DW_1_3_2_1_3_a181-250.log
./02_fscan 2 3 1 1 2 181 250 250 -1 500 -1 24 > out/DW_2_3_1_1_2_a181-250.txt 2>logs/DW_2_3_1_1_2_a181-250.log
./02_fscan 2 3 2 3 3 181 250 250 -1 500 -1 24 > out/DW_2_3_2_3_3_a181-250.txt 2>logs/DW_2_3_2_3_3_a181-250.log
./02_fscan -1 1 1 -1 -1 251 330 250 -1 500 -1 24 > out/DW_m1_1_1_m1_m1_a251-330.txt 2>logs/DW_m1_1_1_m1_m1_a251-330.log
./02_fscan -1 1 3 -4 -2 251 330 250 -1 500 -1 24 > out/DW_m1_1_3_m4_m2_a251-330.txt 2>logs/DW_m1_1_3_m4_m2_a251-330.log
./02_fscan -1 1 4 -5 -3 251 330 250 -1 500 -1 24 > out/DW_m1_1_4_m5_m3_a251-330.txt 2>logs/DW_m1_1_4_m5_m3_a251-330.log
./02_fscan -1 1 6 -7 -5 251 330 250 -1 500 -1 24 > out/DW_m1_1_6_m7_m5_a251-330.txt 2>logs/DW_m1_1_6_m7_m5_a251-330.log
./02_fscan -1 2 4 -1 -1 251 330 250 -1 500 -1 24 > out/DW_m1_2_4_m1_m1_a251-330.txt 2>logs/DW_m1_2_4_m1_m1_a251-330.log
./02_fscan -1 3 1 0 0 251 330 250 -1 500 -1 24 > out/DW_m1_3_1_0_0_a251-330.txt 2>logs/DW_m1_3_1_0_0_a251-330.log
./02_fscan -2 3 2 -1 -1 251 330 250 -1 500 -1 24 > out/DW_m2_3_2_m1_m1_a251-330.txt 2>logs/DW_m2_3_2_m1_m1_a251-330.log
./02_fscan 0 1 1 0 1 251 330 250 -1 500 -1 24 > out/DW_0_1_1_0_1_a251-330.txt 2>logs/DW_0_1_1_0_1_a251-330.log
./02_fscan 0 1 2 -1 3 251 330 250 -1 500 -1 24 > out/DW_0_1_2_m1_3_a251-330.txt 2>logs/DW_0_1_2_m1_3_a251-330.log
./02_fscan 0 1 2 1 1 251 330 250 -1 500 -1 24 > out/DW_0_1_2_1_1_a251-330.txt 2>logs/DW_0_1_2_1_1_a251-330.log
./02_fscan 0 1 3 -1 4 251 330 250 -1 500 -1 24 > out/DW_0_1_3_m1_4_a251-330.txt 2>logs/DW_0_1_3_m1_4_a251-330.log
./02_fscan 0 1 3 1 2 251 330 250 -1 500 -1 24 > out/DW_0_1_3_1_2_a251-330.txt 2>logs/DW_0_1_3_1_2_a251-330.log
./02_fscan 0 1 4 -1 5 251 330 250 -1 500 -1 24 > out/DW_0_1_4_m1_5_a251-330.txt 2>logs/DW_0_1_4_m1_5_a251-330.log
./02_fscan 0 1 4 1 3 251 330 250 -1 500 -1 24 > out/DW_0_1_4_1_3_a251-330.txt 2>logs/DW_0_1_4_1_3_a251-330.log
./02_fscan 0 1 6 -1 7 251 330 250 -1 500 -1 24 > out/DW_0_1_6_m1_7_a251-330.txt 2>logs/DW_0_1_6_m1_7_a251-330.log
./02_fscan 0 1 6 1 5 251 330 250 -1 500 -1 24 > out/DW_0_1_6_1_5_a251-330.txt 2>logs/DW_0_1_6_1_5_a251-330.log
./02_fscan 1 1 1 1 3 251 330 250 -1 500 -1 24 > out/DW_1_1_1_1_3_a251-330.txt 2>logs/DW_1_1_1_1_3_a251-330.log
./02_fscan 1 1 1 2 2 251 330 250 -1 500 -1 24 > out/DW_1_1_1_2_2_a251-330.txt 2>logs/DW_1_1_1_2_2_a251-330.log
./02_fscan 1 1 2 3 5 251 330 250 -1 500 -1 24 > out/DW_1_1_2_3_5_a251-330.txt 2>logs/DW_1_1_2_3_5_a251-330.log
./02_fscan 1 1 3 5 7 251 330 250 -1 500 -1 24 > out/DW_1_1_3_5_7_a251-330.txt 2>logs/DW_1_1_3_5_7_a251-330.log
./02_fscan 1 1 4 7 9 251 330 250 -1 500 -1 24 > out/DW_1_1_4_7_9_a251-330.txt 2>logs/DW_1_1_4_7_9_a251-330.log
./02_fscan 1 1 6 11 13 251 330 250 -1 500 -1 24 > out/DW_1_1_6_11_13_a251-330.txt 2>logs/DW_1_1_6_11_13_a251-330.log
./02_fscan 1 2 4 5 5 251 330 250 -1 500 -1 24 > out/DW_1_2_4_5_5_a251-330.txt 2>logs/DW_1_2_4_5_5_a251-330.log
./02_fscan 1 3 1 1 1 251 330 250 -1 500 -1 24 > out/DW_1_3_1_1_1_a251-330.txt 2>logs/DW_1_3_1_1_1_a251-330.log
./02_fscan 1 3 2 1 3 251 330 250 -1 500 -1 24 > out/DW_1_3_2_1_3_a251-330.txt 2>logs/DW_1_3_2_1_3_a251-330.log
./02_fscan 2 3 1 1 2 251 330 250 -1 500 -1 24 > out/DW_2_3_1_1_2_a251-330.txt 2>logs/DW_2_3_1_1_2_a251-330.log
./02_fscan 2 3 2 3 3 251 330 250 -1 500 -1 24 > out/DW_2_3_2_3_3_a251-330.txt 2>logs/DW_2_3_2_3_3_a251-330.log
./02_fscan -1 1 1 -1 -1 331 400 250 -1 500 -1 24 > out/DW_m1_1_1_m1_m1_a331-400.txt 2>logs/DW_m1_1_1_m1_m1_a331-400.log
./02_fscan -1 1 3 -4 -2 331 400 250 -1 500 -1 24 > out/DW_m1_1_3_m4_m2_a331-400.txt 2>logs/DW_m1_1_3_m4_m2_a331-400.log
./02_fscan -1 1 4 -5 -3 331 400 250 -1 500 -1 24 > out/DW_m1_1_4_m5_m3_a331-400.txt 2>logs/DW_m1_1_4_m5_m3_a331-400.log
./02_fscan -1 1 6 -7 -5 331 400 250 -1 500 -1 24 > out/DW_m1_1_6_m7_m5_a331-400.txt 2>logs/DW_m1_1_6_m7_m5_a331-400.log
./02_fscan -1 2 4 -1 -1 331 400 250 -1 500 -1 24 > out/DW_m1_2_4_m1_m1_a331-400.txt 2>logs/DW_m1_2_4_m1_m1_a331-400.log
./02_fscan -1 3 1 0 0 331 400 250 -1 500 -1 24 > out/DW_m1_3_1_0_0_a331-400.txt 2>logs/DW_m1_3_1_0_0_a331-400.log
./02_fscan -2 3 2 -1 -1 331 400 250 -1 500 -1 24 > out/DW_m2_3_2_m1_m1_a331-400.txt 2>logs/DW_m2_3_2_m1_m1_a331-400.log
./02_fscan 0 1 1 0 1 331 400 250 -1 500 -1 24 > out/DW_0_1_1_0_1_a331-400.txt 2>logs/DW_0_1_1_0_1_a331-400.log
./02_fscan 0 1 2 -1 3 331 400 250 -1 500 -1 24 > out/DW_0_1_2_m1_3_a331-400.txt 2>logs/DW_0_1_2_m1_3_a331-400.log
./02_fscan 0 1 2 1 1 331 400 250 -1 500 -1 24 > out/DW_0_1_2_1_1_a331-400.txt 2>logs/DW_0_1_2_1_1_a331-400.log
./02_fscan 0 1 3 -1 4 331 400 250 -1 500 -1 24 > out/DW_0_1_3_m1_4_a331-400.txt 2>logs/DW_0_1_3_m1_4_a331-400.log
./02_fscan 0 1 3 1 2 331 400 250 -1 500 -1 24 > out/DW_0_1_3_1_2_a331-400.txt 2>logs/DW_0_1_3_1_2_a331-400.log
./02_fscan 0 1 4 -1 5 331 400 250 -1 500 -1 24 > out/DW_0_1_4_m1_5_a331-400.txt 2>logs/DW_0_1_4_m1_5_a331-400.log
./02_fscan 0 1 4 1 3 331 400 250 -1 500 -1 24 > out/DW_0_1_4_1_3_a331-400.txt 2>logs/DW_0_1_4_1_3_a331-400.log
./02_fscan 0 1 6 -1 7 331 400 250 -1 500 -1 24 > out/DW_0_1_6_m1_7_a331-400.txt 2>logs/DW_0_1_6_m1_7_a331-400.log
./02_fscan 0 1 6 1 5 331 400 250 -1 500 -1 24 > out/DW_0_1_6_1_5_a331-400.txt 2>logs/DW_0_1_6_1_5_a331-400.log
./02_fscan 1 1 1 1 3 331 400 250 -1 500 -1 24 > out/DW_1_1_1_1_3_a331-400.txt 2>logs/DW_1_1_1_1_3_a331-400.log
./02_fscan 1 1 1 2 2 331 400 250 -1 500 -1 24 > out/DW_1_1_1_2_2_a331-400.txt 2>logs/DW_1_1_1_2_2_a331-400.log
./02_fscan 1 1 2 3 5 331 400 250 -1 500 -1 24 > out/DW_1_1_2_3_5_a331-400.txt 2>logs/DW_1_1_2_3_5_a331-400.log
./02_fscan 1 1 3 5 7 331 400 250 -1 500 -1 24 > out/DW_1_1_3_5_7_a331-400.txt 2>logs/DW_1_1_3_5_7_a331-400.log
./02_fscan 1 1 4 7 9 331 400 250 -1 500 -1 24 > out/DW_1_1_4_7_9_a331-400.txt 2>logs/DW_1_1_4_7_9_a331-400.log
./02_fscan 1 1 6 11 13 331 400 250 -1 500 -1 24 > out/DW_1_1_6_11_13_a331-400.txt 2>logs/DW_1_1_6_11_13_a331-400.log
./02_fscan 1 2 4 5 5 331 400 250 -1 500 -1 24 > out/DW_1_2_4_5_5_a331-400.txt 2>logs/DW_1_2_4_5_5_a331-400.log
./02_fscan 1 3 1 1 1 331 400 250 -1 500 -1 24 > out/DW_1_3_1_1_1_a331-400.txt 2>logs/DW_1_3_1_1_1_a331-400.log
./02_fscan 1 3 2 1 3 331 400 250 -1 500 -1 24 > out/DW_1_3_2_1_3_a331-400.txt 2>logs/DW_1_3_2_1_3_a331-400.log
./02_fscan 2 3 1 1 2 331 400 250 -1 500 -1 24 > out/DW_2_3_1_1_2_a331-400.txt 2>logs/DW_2_3_1_1_2_a331-400.log
./02_fscan 2 3 2 3 3 331 400 250 -1 500 -1 24 > out/DW_2_3_2_3_3_a331-400.txt 2>logs/DW_2_3_2_3_3_a331-400.log
