./02_fscan 0 1 2 1 1 1 30 200 1600 320 120 24 > out/DG_0_1_2_1_1_a1-30.txt 2>logs/DG_0_1_2_1_1_a1-30.log
./02_fscan 0 1 3 1 2 1 30 200 1600 320 120 24 > out/DG_0_1_3_1_2_a1-30.txt 2>logs/DG_0_1_3_1_2_a1-30.log
./02_fscan 0 1 4 1 3 1 30 200 1600 320 120 24 > out/DG_0_1_4_1_3_a1-30.txt 2>logs/DG_0_1_4_1_3_a1-30.log
./02_fscan 0 1 6 1 5 1 30 200 1600 320 120 24 > out/DG_0_1_6_1_5_a1-30.txt 2>logs/DG_0_1_6_1_5_a1-30.log
./02_fscan 0 1 3 -1 4 1 30 200 1600 320 120 24 > out/DG_0_1_3_m1_4_a1-30.txt 2>logs/DG_0_1_3_m1_4_a1-30.log
./02_fscan 0 1 4 -1 5 1 30 200 1600 320 120 24 > out/DG_0_1_4_m1_5_a1-30.txt 2>logs/DG_0_1_4_m1_5_a1-30.log
./02_fscan 0 1 6 -1 7 1 30 200 1600 320 120 24 > out/DG_0_1_6_m1_7_a1-30.txt 2>logs/DG_0_1_6_m1_7_a1-30.log
./02_fscan 1 2 4 5 5 1 30 200 1600 320 120 24 > out/DG_1_2_4_5_5_a1-30.txt 2>logs/DG_1_2_4_5_5_a1-30.log
./02_fscan -1 2 4 -1 -1 1 30 200 1600 320 120 24 > out/DG_m1_2_4_m1_m1_a1-30.txt 2>logs/DG_m1_2_4_m1_m1_a1-30.log
./02_fscan 1 3 1 1 1 1 30 200 1600 320 120 24 > out/DG_1_3_1_1_1_a1-30.txt 2>logs/DG_1_3_1_1_1_a1-30.log
./02_fscan -1 3 1 0 0 1 30 200 1600 320 120 24 > out/DG_m1_3_1_0_0_a1-30.txt 2>logs/DG_m1_3_1_0_0_a1-30.log
./02_fscan 1 3 2 1 3 1 30 200 1600 320 120 24 > out/DG_1_3_2_1_3_a1-30.txt 2>logs/DG_1_3_2_1_3_a1-30.log
./02_fscan 2 3 2 3 3 1 30 200 1600 320 120 24 > out/DG_2_3_2_3_3_a1-30.txt 2>logs/DG_2_3_2_3_3_a1-30.log
./02_fscan -2 3 2 -1 -1 1 30 200 1600 320 120 24 > out/DG_m2_3_2_m1_m1_a1-30.txt 2>logs/DG_m2_3_2_m1_m1_a1-30.log
./02_fscan 2 3 1 1 2 1 30 200 1600 320 120 24 > out/DG_2_3_1_1_2_a1-30.txt 2>logs/DG_2_3_1_1_2_a1-30.log
./02_fscan 0 1 2 1 1 31 70 200 1600 320 120 24 > out/DG_0_1_2_1_1_a31-70.txt 2>logs/DG_0_1_2_1_1_a31-70.log
./02_fscan 0 1 3 1 2 31 70 200 1600 320 120 24 > out/DG_0_1_3_1_2_a31-70.txt 2>logs/DG_0_1_3_1_2_a31-70.log
./02_fscan 0 1 4 1 3 31 70 200 1600 320 120 24 > out/DG_0_1_4_1_3_a31-70.txt 2>logs/DG_0_1_4_1_3_a31-70.log
./02_fscan 0 1 6 1 5 31 70 200 1600 320 120 24 > out/DG_0_1_6_1_5_a31-70.txt 2>logs/DG_0_1_6_1_5_a31-70.log
./02_fscan 0 1 3 -1 4 31 70 200 1600 320 120 24 > out/DG_0_1_3_m1_4_a31-70.txt 2>logs/DG_0_1_3_m1_4_a31-70.log
./02_fscan 0 1 4 -1 5 31 70 200 1600 320 120 24 > out/DG_0_1_4_m1_5_a31-70.txt 2>logs/DG_0_1_4_m1_5_a31-70.log
./02_fscan 0 1 6 -1 7 31 70 200 1600 320 120 24 > out/DG_0_1_6_m1_7_a31-70.txt 2>logs/DG_0_1_6_m1_7_a31-70.log
./02_fscan 1 2 4 5 5 31 70 200 1600 320 120 24 > out/DG_1_2_4_5_5_a31-70.txt 2>logs/DG_1_2_4_5_5_a31-70.log
./02_fscan -1 2 4 -1 -1 31 70 200 1600 320 120 24 > out/DG_m1_2_4_m1_m1_a31-70.txt 2>logs/DG_m1_2_4_m1_m1_a31-70.log
./02_fscan 1 3 1 1 1 31 70 200 1600 320 120 24 > out/DG_1_3_1_1_1_a31-70.txt 2>logs/DG_1_3_1_1_1_a31-70.log
./02_fscan -1 3 1 0 0 31 70 200 1600 320 120 24 > out/DG_m1_3_1_0_0_a31-70.txt 2>logs/DG_m1_3_1_0_0_a31-70.log
./02_fscan 1 3 2 1 3 31 70 200 1600 320 120 24 > out/DG_1_3_2_1_3_a31-70.txt 2>logs/DG_1_3_2_1_3_a31-70.log
./02_fscan 2 3 2 3 3 31 70 200 1600 320 120 24 > out/DG_2_3_2_3_3_a31-70.txt 2>logs/DG_2_3_2_3_3_a31-70.log
./02_fscan -2 3 2 -1 -1 31 70 200 1600 320 120 24 > out/DG_m2_3_2_m1_m1_a31-70.txt 2>logs/DG_m2_3_2_m1_m1_a31-70.log
./02_fscan 2 3 1 1 2 31 70 200 1600 320 120 24 > out/DG_2_3_1_1_2_a31-70.txt 2>logs/DG_2_3_1_1_2_a31-70.log
./02_fscan 0 1 2 1 1 71 120 200 1600 320 120 24 > out/DG_0_1_2_1_1_a71-120.txt 2>logs/DG_0_1_2_1_1_a71-120.log
./02_fscan 0 1 3 1 2 71 120 200 1600 320 120 24 > out/DG_0_1_3_1_2_a71-120.txt 2>logs/DG_0_1_3_1_2_a71-120.log
./02_fscan 0 1 4 1 3 71 120 200 1600 320 120 24 > out/DG_0_1_4_1_3_a71-120.txt 2>logs/DG_0_1_4_1_3_a71-120.log
./02_fscan 0 1 6 1 5 71 120 200 1600 320 120 24 > out/DG_0_1_6_1_5_a71-120.txt 2>logs/DG_0_1_6_1_5_a71-120.log
./02_fscan 0 1 3 -1 4 71 120 200 1600 320 120 24 > out/DG_0_1_3_m1_4_a71-120.txt 2>logs/DG_0_1_3_m1_4_a71-120.log
./02_fscan 0 1 4 -1 5 71 120 200 1600 320 120 24 > out/DG_0_1_4_m1_5_a71-120.txt 2>logs/DG_0_1_4_m1_5_a71-120.log
./02_fscan 0 1 6 -1 7 71 120 200 1600 320 120 24 > out/DG_0_1_6_m1_7_a71-120.txt 2>logs/DG_0_1_6_m1_7_a71-120.log
./02_fscan 1 2 4 5 5 71 120 200 1600 320 120 24 > out/DG_1_2_4_5_5_a71-120.txt 2>logs/DG_1_2_4_5_5_a71-120.log
./02_fscan -1 2 4 -1 -1 71 120 200 1600 320 120 24 > out/DG_m1_2_4_m1_m1_a71-120.txt 2>logs/DG_m1_2_4_m1_m1_a71-120.log
./02_fscan 1 3 1 1 1 71 120 200 1600 320 120 24 > out/DG_1_3_1_1_1_a71-120.txt 2>logs/DG_1_3_1_1_1_a71-120.log
./02_fscan -1 3 1 0 0 71 120 200 1600 320 120 24 > out/DG_m1_3_1_0_0_a71-120.txt 2>logs/DG_m1_3_1_0_0_a71-120.log
./02_fscan 1 3 2 1 3 71 120 200 1600 320 120 24 > out/DG_1_3_2_1_3_a71-120.txt 2>logs/DG_1_3_2_1_3_a71-120.log
./02_fscan 2 3 2 3 3 71 120 200 1600 320 120 24 > out/DG_2_3_2_3_3_a71-120.txt 2>logs/DG_2_3_2_3_3_a71-120.log
./02_fscan -2 3 2 -1 -1 71 120 200 1600 320 120 24 > out/DG_m2_3_2_m1_m1_a71-120.txt 2>logs/DG_m2_3_2_m1_m1_a71-120.log
./02_fscan 2 3 1 1 2 71 120 200 1600 320 120 24 > out/DG_2_3_1_1_2_a71-120.txt 2>logs/DG_2_3_1_1_2_a71-120.log
./02_fscan 0 1 2 1 1 121 180 200 1600 320 120 24 > out/DG_0_1_2_1_1_a121-180.txt 2>logs/DG_0_1_2_1_1_a121-180.log
./02_fscan 0 1 3 1 2 121 180 200 1600 320 120 24 > out/DG_0_1_3_1_2_a121-180.txt 2>logs/DG_0_1_3_1_2_a121-180.log
./02_fscan 0 1 4 1 3 121 180 200 1600 320 120 24 > out/DG_0_1_4_1_3_a121-180.txt 2>logs/DG_0_1_4_1_3_a121-180.log
./02_fscan 0 1 6 1 5 121 180 200 1600 320 120 24 > out/DG_0_1_6_1_5_a121-180.txt 2>logs/DG_0_1_6_1_5_a121-180.log
./02_fscan 0 1 3 -1 4 121 180 200 1600 320 120 24 > out/DG_0_1_3_m1_4_a121-180.txt 2>logs/DG_0_1_3_m1_4_a121-180.log
./02_fscan 0 1 4 -1 5 121 180 200 1600 320 120 24 > out/DG_0_1_4_m1_5_a121-180.txt 2>logs/DG_0_1_4_m1_5_a121-180.log
./02_fscan 0 1 6 -1 7 121 180 200 1600 320 120 24 > out/DG_0_1_6_m1_7_a121-180.txt 2>logs/DG_0_1_6_m1_7_a121-180.log
./02_fscan 1 2 4 5 5 121 180 200 1600 320 120 24 > out/DG_1_2_4_5_5_a121-180.txt 2>logs/DG_1_2_4_5_5_a121-180.log
./02_fscan -1 2 4 -1 -1 121 180 200 1600 320 120 24 > out/DG_m1_2_4_m1_m1_a121-180.txt 2>logs/DG_m1_2_4_m1_m1_a121-180.log
./02_fscan 1 3 1 1 1 121 180 200 1600 320 120 24 > out/DG_1_3_1_1_1_a121-180.txt 2>logs/DG_1_3_1_1_1_a121-180.log
./02_fscan -1 3 1 0 0 121 180 200 1600 320 120 24 > out/DG_m1_3_1_0_0_a121-180.txt 2>logs/DG_m1_3_1_0_0_a121-180.log
./02_fscan 1 3 2 1 3 121 180 200 1600 320 120 24 > out/DG_1_3_2_1_3_a121-180.txt 2>logs/DG_1_3_2_1_3_a121-180.log
./02_fscan 2 3 2 3 3 121 180 200 1600 320 120 24 > out/DG_2_3_2_3_3_a121-180.txt 2>logs/DG_2_3_2_3_3_a121-180.log
./02_fscan -2 3 2 -1 -1 121 180 200 1600 320 120 24 > out/DG_m2_3_2_m1_m1_a121-180.txt 2>logs/DG_m2_3_2_m1_m1_a121-180.log
./02_fscan 2 3 1 1 2 121 180 200 1600 320 120 24 > out/DG_2_3_1_1_2_a121-180.txt 2>logs/DG_2_3_1_1_2_a121-180.log
./02_fscan 0 1 2 1 1 181 250 200 1600 320 120 24 > out/DG_0_1_2_1_1_a181-250.txt 2>logs/DG_0_1_2_1_1_a181-250.log
./02_fscan 0 1 3 1 2 181 250 200 1600 320 120 24 > out/DG_0_1_3_1_2_a181-250.txt 2>logs/DG_0_1_3_1_2_a181-250.log
./02_fscan 0 1 4 1 3 181 250 200 1600 320 120 24 > out/DG_0_1_4_1_3_a181-250.txt 2>logs/DG_0_1_4_1_3_a181-250.log
./02_fscan 0 1 6 1 5 181 250 200 1600 320 120 24 > out/DG_0_1_6_1_5_a181-250.txt 2>logs/DG_0_1_6_1_5_a181-250.log
./02_fscan 0 1 3 -1 4 181 250 200 1600 320 120 24 > out/DG_0_1_3_m1_4_a181-250.txt 2>logs/DG_0_1_3_m1_4_a181-250.log
./02_fscan 0 1 4 -1 5 181 250 200 1600 320 120 24 > out/DG_0_1_4_m1_5_a181-250.txt 2>logs/DG_0_1_4_m1_5_a181-250.log
./02_fscan 0 1 6 -1 7 181 250 200 1600 320 120 24 > out/DG_0_1_6_m1_7_a181-250.txt 2>logs/DG_0_1_6_m1_7_a181-250.log
./02_fscan 1 2 4 5 5 181 250 200 1600 320 120 24 > out/DG_1_2_4_5_5_a181-250.txt 2>logs/DG_1_2_4_5_5_a181-250.log
./02_fscan -1 2 4 -1 -1 181 250 200 1600 320 120 24 > out/DG_m1_2_4_m1_m1_a181-250.txt 2>logs/DG_m1_2_4_m1_m1_a181-250.log
./02_fscan 1 3 1 1 1 181 250 200 1600 320 120 24 > out/DG_1_3_1_1_1_a181-250.txt 2>logs/DG_1_3_1_1_1_a181-250.log
./02_fscan -1 3 1 0 0 181 250 200 1600 320 120 24 > out/DG_m1_3_1_0_0_a181-250.txt 2>logs/DG_m1_3_1_0_0_a181-250.log
./02_fscan 1 3 2 1 3 181 250 200 1600 320 120 24 > out/DG_1_3_2_1_3_a181-250.txt 2>logs/DG_1_3_2_1_3_a181-250.log
./02_fscan 2 3 2 3 3 181 250 200 1600 320 120 24 > out/DG_2_3_2_3_3_a181-250.txt 2>logs/DG_2_3_2_3_3_a181-250.log
./02_fscan -2 3 2 -1 -1 181 250 200 1600 320 120 24 > out/DG_m2_3_2_m1_m1_a181-250.txt 2>logs/DG_m2_3_2_m1_m1_a181-250.log
./02_fscan 2 3 1 1 2 181 250 200 1600 320 120 24 > out/DG_2_3_1_1_2_a181-250.txt 2>logs/DG_2_3_1_1_2_a181-250.log
./02_fscan 0 1 2 1 1 251 330 200 1600 320 120 24 > out/DG_0_1_2_1_1_a251-330.txt 2>logs/DG_0_1_2_1_1_a251-330.log
./02_fscan 0 1 3 1 2 251 330 200 1600 320 120 24 > out/DG_0_1_3_1_2_a251-330.txt 2>logs/DG_0_1_3_1_2_a251-330.log
./02_fscan 0 1 4 1 3 251 330 200 1600 320 120 24 > out/DG_0_1_4_1_3_a251-330.txt 2>logs/DG_0_1_4_1_3_a251-330.log
./02_fscan 0 1 6 1 5 251 330 200 1600 320 120 24 > out/DG_0_1_6_1_5_a251-330.txt 2>logs/DG_0_1_6_1_5_a251-330.log
./02_fscan 0 1 3 -1 4 251 330 200 1600 320 120 24 > out/DG_0_1_3_m1_4_a251-330.txt 2>logs/DG_0_1_3_m1_4_a251-330.log
./02_fscan 0 1 4 -1 5 251 330 200 1600 320 120 24 > out/DG_0_1_4_m1_5_a251-330.txt 2>logs/DG_0_1_4_m1_5_a251-330.log
./02_fscan 0 1 6 -1 7 251 330 200 1600 320 120 24 > out/DG_0_1_6_m1_7_a251-330.txt 2>logs/DG_0_1_6_m1_7_a251-330.log
./02_fscan 1 2 4 5 5 251 330 200 1600 320 120 24 > out/DG_1_2_4_5_5_a251-330.txt 2>logs/DG_1_2_4_5_5_a251-330.log
./02_fscan -1 2 4 -1 -1 251 330 200 1600 320 120 24 > out/DG_m1_2_4_m1_m1_a251-330.txt 2>logs/DG_m1_2_4_m1_m1_a251-330.log
./02_fscan 1 3 1 1 1 251 330 200 1600 320 120 24 > out/DG_1_3_1_1_1_a251-330.txt 2>logs/DG_1_3_1_1_1_a251-330.log
./02_fscan -1 3 1 0 0 251 330 200 1600 320 120 24 > out/DG_m1_3_1_0_0_a251-330.txt 2>logs/DG_m1_3_1_0_0_a251-330.log
./02_fscan 1 3 2 1 3 251 330 200 1600 320 120 24 > out/DG_1_3_2_1_3_a251-330.txt 2>logs/DG_1_3_2_1_3_a251-330.log
./02_fscan 2 3 2 3 3 251 330 200 1600 320 120 24 > out/DG_2_3_2_3_3_a251-330.txt 2>logs/DG_2_3_2_3_3_a251-330.log
./02_fscan -2 3 2 -1 -1 251 330 200 1600 320 120 24 > out/DG_m2_3_2_m1_m1_a251-330.txt 2>logs/DG_m2_3_2_m1_m1_a251-330.log
./02_fscan 2 3 1 1 2 251 330 200 1600 320 120 24 > out/DG_2_3_1_1_2_a251-330.txt 2>logs/DG_2_3_1_1_2_a251-330.log
./02_fscan 0 1 2 1 1 331 420 200 1600 320 120 24 > out/DG_0_1_2_1_1_a331-420.txt 2>logs/DG_0_1_2_1_1_a331-420.log
./02_fscan 0 1 3 1 2 331 420 200 1600 320 120 24 > out/DG_0_1_3_1_2_a331-420.txt 2>logs/DG_0_1_3_1_2_a331-420.log
./02_fscan 0 1 4 1 3 331 420 200 1600 320 120 24 > out/DG_0_1_4_1_3_a331-420.txt 2>logs/DG_0_1_4_1_3_a331-420.log
./02_fscan 0 1 6 1 5 331 420 200 1600 320 120 24 > out/DG_0_1_6_1_5_a331-420.txt 2>logs/DG_0_1_6_1_5_a331-420.log
./02_fscan 0 1 3 -1 4 331 420 200 1600 320 120 24 > out/DG_0_1_3_m1_4_a331-420.txt 2>logs/DG_0_1_3_m1_4_a331-420.log
./02_fscan 0 1 4 -1 5 331 420 200 1600 320 120 24 > out/DG_0_1_4_m1_5_a331-420.txt 2>logs/DG_0_1_4_m1_5_a331-420.log
./02_fscan 0 1 6 -1 7 331 420 200 1600 320 120 24 > out/DG_0_1_6_m1_7_a331-420.txt 2>logs/DG_0_1_6_m1_7_a331-420.log
./02_fscan 1 2 4 5 5 331 420 200 1600 320 120 24 > out/DG_1_2_4_5_5_a331-420.txt 2>logs/DG_1_2_4_5_5_a331-420.log
./02_fscan -1 2 4 -1 -1 331 420 200 1600 320 120 24 > out/DG_m1_2_4_m1_m1_a331-420.txt 2>logs/DG_m1_2_4_m1_m1_a331-420.log
./02_fscan 1 3 1 1 1 331 420 200 1600 320 120 24 > out/DG_1_3_1_1_1_a331-420.txt 2>logs/DG_1_3_1_1_1_a331-420.log
./02_fscan -1 3 1 0 0 331 420 200 1600 320 120 24 > out/DG_m1_3_1_0_0_a331-420.txt 2>logs/DG_m1_3_1_0_0_a331-420.log
./02_fscan 1 3 2 1 3 331 420 200 1600 320 120 24 > out/DG_1_3_2_1_3_a331-420.txt 2>logs/DG_1_3_2_1_3_a331-420.log
./02_fscan 2 3 2 3 3 331 420 200 1600 320 120 24 > out/DG_2_3_2_3_3_a331-420.txt 2>logs/DG_2_3_2_3_3_a331-420.log
./02_fscan -2 3 2 -1 -1 331 420 200 1600 320 120 24 > out/DG_m2_3_2_m1_m1_a331-420.txt 2>logs/DG_m2_3_2_m1_m1_a331-420.log
./02_fscan 2 3 1 1 2 331 420 200 1600 320 120 24 > out/DG_2_3_1_1_2_a331-420.txt 2>logs/DG_2_3_1_1_2_a331-420.log
./02_fscan 0 1 2 1 1 421 520 200 1600 320 120 24 > out/DG_0_1_2_1_1_a421-520.txt 2>logs/DG_0_1_2_1_1_a421-520.log
./02_fscan 0 1 3 1 2 421 520 200 1600 320 120 24 > out/DG_0_1_3_1_2_a421-520.txt 2>logs/DG_0_1_3_1_2_a421-520.log
./02_fscan 0 1 4 1 3 421 520 200 1600 320 120 24 > out/DG_0_1_4_1_3_a421-520.txt 2>logs/DG_0_1_4_1_3_a421-520.log
./02_fscan 0 1 6 1 5 421 520 200 1600 320 120 24 > out/DG_0_1_6_1_5_a421-520.txt 2>logs/DG_0_1_6_1_5_a421-520.log
./02_fscan 0 1 3 -1 4 421 520 200 1600 320 120 24 > out/DG_0_1_3_m1_4_a421-520.txt 2>logs/DG_0_1_3_m1_4_a421-520.log
./02_fscan 0 1 4 -1 5 421 520 200 1600 320 120 24 > out/DG_0_1_4_m1_5_a421-520.txt 2>logs/DG_0_1_4_m1_5_a421-520.log
./02_fscan 0 1 6 -1 7 421 520 200 1600 320 120 24 > out/DG_0_1_6_m1_7_a421-520.txt 2>logs/DG_0_1_6_m1_7_a421-520.log
./02_fscan 1 2 4 5 5 421 520 200 1600 320 120 24 > out/DG_1_2_4_5_5_a421-520.txt 2>logs/DG_1_2_4_5_5_a421-520.log
./02_fscan -1 2 4 -1 -1 421 520 200 1600 320 120 24 > out/DG_m1_2_4_m1_m1_a421-520.txt 2>logs/DG_m1_2_4_m1_m1_a421-520.log
./02_fscan 1 3 1 1 1 421 520 200 1600 320 120 24 > out/DG_1_3_1_1_1_a421-520.txt 2>logs/DG_1_3_1_1_1_a421-520.log
./02_fscan -1 3 1 0 0 421 520 200 1600 320 120 24 > out/DG_m1_3_1_0_0_a421-520.txt 2>logs/DG_m1_3_1_0_0_a421-520.log
./02_fscan 1 3 2 1 3 421 520 200 1600 320 120 24 > out/DG_1_3_2_1_3_a421-520.txt 2>logs/DG_1_3_2_1_3_a421-520.log
./02_fscan 2 3 2 3 3 421 520 200 1600 320 120 24 > out/DG_2_3_2_3_3_a421-520.txt 2>logs/DG_2_3_2_3_3_a421-520.log
./02_fscan -2 3 2 -1 -1 421 520 200 1600 320 120 24 > out/DG_m2_3_2_m1_m1_a421-520.txt 2>logs/DG_m2_3_2_m1_m1_a421-520.log
./02_fscan 2 3 1 1 2 421 520 200 1600 320 120 24 > out/DG_2_3_1_1_2_a421-520.txt 2>logs/DG_2_3_1_1_2_a421-520.log
./02_fscan 0 1 2 1 1 521 640 200 1600 320 120 24 > out/DG_0_1_2_1_1_a521-640.txt 2>logs/DG_0_1_2_1_1_a521-640.log
./02_fscan 0 1 3 1 2 521 640 200 1600 320 120 24 > out/DG_0_1_3_1_2_a521-640.txt 2>logs/DG_0_1_3_1_2_a521-640.log
./02_fscan 0 1 4 1 3 521 640 200 1600 320 120 24 > out/DG_0_1_4_1_3_a521-640.txt 2>logs/DG_0_1_4_1_3_a521-640.log
./02_fscan 0 1 6 1 5 521 640 200 1600 320 120 24 > out/DG_0_1_6_1_5_a521-640.txt 2>logs/DG_0_1_6_1_5_a521-640.log
./02_fscan 0 1 3 -1 4 521 640 200 1600 320 120 24 > out/DG_0_1_3_m1_4_a521-640.txt 2>logs/DG_0_1_3_m1_4_a521-640.log
./02_fscan 0 1 4 -1 5 521 640 200 1600 320 120 24 > out/DG_0_1_4_m1_5_a521-640.txt 2>logs/DG_0_1_4_m1_5_a521-640.log
./02_fscan 0 1 6 -1 7 521 640 200 1600 320 120 24 > out/DG_0_1_6_m1_7_a521-640.txt 2>logs/DG_0_1_6_m1_7_a521-640.log
./02_fscan 1 2 4 5 5 521 640 200 1600 320 120 24 > out/DG_1_2_4_5_5_a521-640.txt 2>logs/DG_1_2_4_5_5_a521-640.log
./02_fscan -1 2 4 -1 -1 521 640 200 1600 320 120 24 > out/DG_m1_2_4_m1_m1_a521-640.txt 2>logs/DG_m1_2_4_m1_m1_a521-640.log
./02_fscan 1 3 1 1 1 521 640 200 1600 320 120 24 > out/DG_1_3_1_1_1_a521-640.txt 2>logs/DG_1_3_1_1_1_a521-640.log
./02_fscan -1 3 1 0 0 521 640 200 1600 320 120 24 > out/DG_m1_3_1_0_0_a521-640.txt 2>logs/DG_m1_3_1_0_0_a521-640.log
./02_fscan 1 3 2 1 3 521 640 200 1600 320 120 24 > out/DG_1_3_2_1_3_a521-640.txt 2>logs/DG_1_3_2_1_3_a521-640.log
./02_fscan 2 3 2 3 3 521 640 200 1600 320 120 24 > out/DG_2_3_2_3_3_a521-640.txt 2>logs/DG_2_3_2_3_3_a521-640.log
./02_fscan -2 3 2 -1 -1 521 640 200 1600 320 120 24 > out/DG_m2_3_2_m1_m1_a521-640.txt 2>logs/DG_m2_3_2_m1_m1_a521-640.log
./02_fscan 2 3 1 1 2 521 640 200 1600 320 120 24 > out/DG_2_3_1_1_2_a521-640.txt 2>logs/DG_2_3_1_1_2_a521-640.log
./02_fscan 0 1 2 1 1 641 800 200 1600 320 120 24 > out/DG_0_1_2_1_1_a641-800.txt 2>logs/DG_0_1_2_1_1_a641-800.log
./02_fscan 0 1 3 1 2 641 800 200 1600 320 120 24 > out/DG_0_1_3_1_2_a641-800.txt 2>logs/DG_0_1_3_1_2_a641-800.log
./02_fscan 0 1 4 1 3 641 800 200 1600 320 120 24 > out/DG_0_1_4_1_3_a641-800.txt 2>logs/DG_0_1_4_1_3_a641-800.log
./02_fscan 0 1 6 1 5 641 800 200 1600 320 120 24 > out/DG_0_1_6_1_5_a641-800.txt 2>logs/DG_0_1_6_1_5_a641-800.log
./02_fscan 0 1 3 -1 4 641 800 200 1600 320 120 24 > out/DG_0_1_3_m1_4_a641-800.txt 2>logs/DG_0_1_3_m1_4_a641-800.log
./02_fscan 0 1 4 -1 5 641 800 200 1600 320 120 24 > out/DG_0_1_4_m1_5_a641-800.txt 2>logs/DG_0_1_4_m1_5_a641-800.log
./02_fscan 0 1 6 -1 7 641 800 200 1600 320 120 24 > out/DG_0_1_6_m1_7_a641-800.txt 2>logs/DG_0_1_6_m1_7_a641-800.log
./02_fscan 1 2 4 5 5 641 800 200 1600 320 120 24 > out/DG_1_2_4_5_5_a641-800.txt 2>logs/DG_1_2_4_5_5_a641-800.log
./02_fscan -1 2 4 -1 -1 641 800 200 1600 320 120 24 > out/DG_m1_2_4_m1_m1_a641-800.txt 2>logs/DG_m1_2_4_m1_m1_a641-800.log
./02_fscan 1 3 1 1 1 641 800 200 1600 320 120 24 > out/DG_1_3_1_1_1_a641-800.txt 2>logs/DG_1_3_1_1_1_a641-800.log
./02_fscan -1 3 1 0 0 641 800 200 1600 320 120 24 > out/DG_m1_3_1_0_0_a641-800.txt 2>logs/DG_m1_3_1_0_0_a641-800.log
./02_fscan 1 3 2 1 3 641 800 200 1600 320 120 24 > out/DG_1_3_2_1_3_a641-800.txt 2>logs/DG_1_3_2_1_3_a641-800.log
./02_fscan 2 3 2 3 3 641 800 200 1600 320 120 24 > out/DG_2_3_2_3_3_a641-800.txt 2>logs/DG_2_3_2_3_3_a641-800.log
./02_fscan -2 3 2 -1 -1 641 800 200 1600 320 120 24 > out/DG_m2_3_2_m1_m1_a641-800.txt 2>logs/DG_m2_3_2_m1_m1_a641-800.log
./02_fscan 2 3 1 1 2 641 800 200 1600 320 120 24 > out/DG_2_3_1_1_2_a641-800.txt 2>logs/DG_2_3_1_1_2_a641-800.log
