./02_fscan -1 1 1 -1 -1 121 180 250 -1 500 -1 24 > out/DW_m1_1_1_m1_m1_a121-180.txt 2>logs/DW_m1_1_1_m1_m1_a121-180.log
./02_fscan -1 1 3 -4 -2 121 180 250 -1 500 -1 24 > out/DW_m1_1_3_m4_m2_a121-180.txt 2>logs/DW_m1_1_3_m4_m2_a121-180.log
./02_fscan -1 1 4 -5 -3 121 180 250 -1 500 -1 24 > out/DW_m1_1_4_m5_m3_a121-180.txt 2>logs/DW_m1_1_4_m5_m3_a121-180.log
./02_fscan -1 1 6 -7 -5 121 180 250 -1 500 -1 24 > out/DW_m1_1_6_m7_m5_a121-180.txt 2>logs/DW_m1_1_6_m7_m5_a121-180.log
./02_fscan -1 2 4 -1 -1 121 180 250 -1 500 -1 24 > out/DW_m1_2_4_m1_m1_a121-180.txt 2>logs/DW_m1_2_4_m1_m1_a121-180.log
./02_fscan -1 3 1 0 0 121 180 250 -1 500 -1 24 > out/DW_m1_3_1_0_0_a121-180.txt 2>logs/DW_m1_3_1_0_0_a121-180.log
./02_fscan -2 3 2 -1 -1 121 180 250 -1 500 -1 24 > out/DW_m2_3_2_m1_m1_a121-180.txt 2>logs/DW_m2_3_2_m1_m1_a121-180.log
./02_fscan 0 1 1 0 1 121 180 250 -1 500 -1 24 > out/DW_0_1_1_0_1_a121-180.txt 2>logs/DW_0_1_1_0_1_a121-180.log
./02_fscan 0 1 2 -1 3 121 180 250 -1 500 -1 24 > out/DW_0_1_2_m1_3_a121-180.txt 2>logs/DW_0_1_2_m1_3_a121-180.log
./02_fscan 0 1 2 1 1 121 180 250 -1 500 -1 24 > out/DW_0_1_2_1_1_a121-180.txt 2>logs/DW_0_1_2_1_1_a121-180.log
./02_fscan 0 1 3 -1 4 121 180 250 -1 500 -1 24 > out/DW_0_1_3_m1_4_a121-180.txt 2>logs/DW_0_1_3_m1_4_a121-180.log
./02_fscan 0 1 3 1 2 121 180 250 -1 500 -1 24 > out/DW_0_1_3_1_2_a121-180.txt 2>logs/DW_0_1_3_1_2_a121-180.log
./02_fscan 0 1 4 -1 5 121 180 250 -1 500 -1 24 > out/DW_0_1_4_m1_5_a121-180.txt 2>logs/DW_0_1_4_m1_5_a121-180.log
./02_fscan 0 1 4 1 3 121 180 250 -1 500 -1 24 > out/DW_0_1_4_1_3_a121-180.txt 2>logs/DW_0_1_4_1_3_a121-180.log
./02_fscan 0 1 6 -1 7 121 180 250 -1 500 -1 24 > out/DW_0_1_6_m1_7_a121-180.txt 2>logs/DW_0_1_6_m1_7_a121-180.log
./02_fscan 0 1 6 1 5 121 180 250 -1 500 -1 24 > out/DW_0_1_6_1_5_a121-180.txt 2>logs/DW_0_1_6_1_5_a121-180.log
./02_fscan 1 1 1 1 3 121 180 250 -1 500 -1 24 > out/DW_1_1_1_1_3_a121-180.txt 2>logs/DW_1_1_1_1_3_a121-180.log
./02_fscan 1 1 1 2 2 121 180 250 -1 500 -1 24 > out/DW_1_1_1_2_2_a121-180.txt 2>logs/DW_1_1_1_2_2_a121-180.log
./02_fscan 1 1 2 3 5 121 180 250 -1 500 -1 24 > out/DW_1_1_2_3_5_a121-180.txt 2>logs/DW_1_1_2_3_5_a121-180.log
./02_fscan 1 1 3 5 7 121 180 250 -1 500 -1 24 > out/DW_1_1_3_5_7_a121-180.txt 2>logs/DW_1_1_3_5_7_a121-180.log
./02_fscan 1 1 4 7 9 121 180 250 -1 500 -1 24 > out/DW_1_1_4_7_9_a121-180.txt 2>logs/DW_1_1_4_7_9_a121-180.log
./02_fscan 1 1 6 11 13 121 180 250 -1 500 -1 24 > out/DW_1_1_6_11_13_a121-180.txt 2>logs/DW_1_1_6_11_13_a121-180.log
./02_fscan 1 2 4 5 5 121 180 250 -1 500 -1 24 > out/DW_1_2_4_5_5_a121-180.txt 2>logs/DW_1_2_4_5_5_a121-180.log
./02_fscan 1 3 1 1 1 121 180 250 -1 500 -1 24 > out/DW_1_3_1_1_1_a121-180.txt 2>logs/DW_1_3_1_1_1_a121-180.log
./02_fscan 1 3 2 1 3 121 180 250 -1 500 -1 24 > out/DW_1_3_2_1_3_a121-180.txt 2>logs/DW_1_3_2_1_3_a121-180.log
./02_fscan 2 3 1 1 2 121 180 250 -1 500 -1 24 > out/DW_2_3_1_1_2_a121-180.txt 2>logs/DW_2_3_1_1_2_a121-180.log
./02_fscan 2 3 2 3 3 121 180 250 -1 500 -1 24 > out/DW_2_3_2_3_3_a121-180.txt 2>logs/DW_2_3_2_3_3_a121-180.log
./02_fscan -1 1 1 -1 -1 181 250 250 -1 500 -1 24 > out/DW_m1_1_1_m1_m1_a181-250.txt 2>logs/DW_m1_1_1_m1_m1_a181-250.log
./02_fscan -1 1 3 -4 -2 181 250 250 -1 500 -1 24 > out/DW_m1_1_3_m4_m2_a181-250.txt 2>logs/DW_m1_1_3_m4_m2_a181-250.log
./02_fscan -1 1 4 -5 -3 181 250 250 -1 500 -1 24 > out/DW_m1_1_4_m5_m3_a181-250.txt 2>logs/DW_m1_1_4_m5_m3_a181-250.log
./02_fscan -1 1 6 -7 -5 181 250 250 -1 500 -1 24 > out/DW_m1_1_6_m7_m5_a181-250.txt 2>logs/DW_m1_1_6_m7_m5_a181-250.log
./02_fscan -1 2 4 -1 -1 181 250 250 -1 500 -1 24 > out/DW_m1_2_4_m1_m1_a181-250.txt 2>logs/DW_m1_2_4_m1_m1_a181-250.log
./02_fscan -1 3 1 0 0 181 250 250 -1 500 -1 24 > out/DW_m1_3_1_0_0_a181-250.txt 2>logs/DW_m1_3_1_0_0_a181-250.log
./02_fscan -2 3 2 -1 -1 181 250 250 -1 500 -1 24 > out/DW_m2_3_2_m1_m1_a181-250.txt 2>logs/DW_m2_3_2_m1_m1_a181-250.log
./02_fscan 0 1 1 0 1 181 250 250 -1 500 -1 24 > out/DW_0_1_1_0_1_a181-250.txt 2>logs/DW_0_1_1_0_1_a181-250.log
./02_fscan 0 1 2 -1 3 181 250 250 -1 500 -1 24 > out/DW_0_1_2_m1_3_a181-250.txt 2>logs/DW_0_1_2_m1_3_a181-250.log
./02_fscan 0 1 2 1 1 181 250 250 -1 500 -1 24 > out/DW_0_1_2_1_1_a181-250.txt 2>logs/DW_0_1_2_1_1_a181-250.log
./02_fscan 0 1 3 -1 4 181 250 250 -1 500 -1 24 > out/DW_0_1_3_m1_4_a181-250.txt 2>logs/DW_0_1_3_m1_4_a181-250.log
./02_fscan 0 1 3 1 2 181 250 250 -1 500 -1 24 > out/DW_0_1_3_1_2_a181-250.txt 2>logs/DW_0_1_3_1_2_a181-250.log
./02_fscan 0 1 4 -1 5 181 250 250 -1 500 -1 24 > out/DW_0_1_4_m1_5_a181-250.txt 2>logs/DW_0_1_4_m1_5_a181-250.log
./02_fscan 0 1 4 1 3 181 250 250 -1 500 -1 24 > out/DW_0_1_4_1_3_a181-250.txt 2>logs/DW_0_1_4_1_3_a181-250.log
./02_fscan 0 1 6 -1 7 181 250 250 -1 500 -1 24 > out/DW_0_1_6_m1_7_a181-250.txt 2>logs/DW_0_1_6_m1_7_a181-250.log
./02_fscan 0 1 6 1 5 181 250 250 -1 500 -1 24 > out/DW_0_1_6_1_5_a181-250.txt 2>logs/DW_0_1_6_1_5_a181-250.log
./02_fscan 1 1 1 1 3 181 250 250 -1 500 -1 24 > out/DW_1_1_1_1_3_a181-250.txt 2>logs/DW_1_1_1_1_3_a181-250.log
./02_fscan 1 1 1 2 2 181 250 250 -1 500 -1 24 > out/DW_1_1_1_2_2_a181-250.txt 2>logs/DW_1_1_1_2_2_a181-250.log
./02_fscan 1 1 2 3 5 181 250 250 -1 500 -1 24 > out/DW_1_1_2_3_5_a181-250.txt 2>logs/DW_1_1_2_3_5_a181-250.log
./02_fscan 1 1 3 5 7 181 250 250 -1 500 -1 24 > out/DW_1_1_3_5_7_a181-250.txt 2>logs/DW_1_1_3_5_7_a181-250.log
./02_fscan 1 1 4 7 9 181 250 250 -1 500 -1 24 > out/DW_1_1_4_7_9_a181-250.txt 2>logs/DW_1_1_4_7_9_a181-250.log
./02_fscan 1 1 6 11 13 181 250 250 -1 500 -1 24 > out/DW_1_1_6_11_13_a181-250.txt 2>logs/DW_1_1_6_11_13_a181-250.log
./02_fscan 1 2 4 5 5 181 250 250 -1 500 -1 24 > out/DW_1_2_4_5_5_a181-250.txt 2>logs/DW_1_2_4_5_5_a181-250.log
./02_fscan 1 3 1 1 1 181 250 250 -1 500 -1 24 > out/DW_1_3_1_1_1_a181-250.txt 2>logs/DW_1_3_1_1_1_a181-250.log
./02_fscan 1 3 2 1 3 181 250 250 -1 500 -1 24 > out/DW_1_3_2_1_3_a181-250.txt 2>logs/DW_1_3_2_1_3_a181-250.log
./02_fscan 2 3 1 1 2 181 250 250 -1 500 -1 24 > out/DW_2_3_1_1_2_a181-250.txt 2>logs/DW_2_3_1_1_2_a181-250.log
./02_fscan 2 3 2 3 3 181 250 250 -1 500 -1 24 > out/DW_2_3_2_3_3_a181-250.txt 2>logs/DW_2_3_2_3_3_a181-250.log
