# n beta(n)  row s10
1 1
2 -4
3 -9
4 32
5 0
6 -108
7 147
8 256
9 -891
10 0
11 3267
12 -3744
13 -7267
14 22148
15 0
16 -79872
17 92769
18 175932
19 -533197
20 0
21 1889685
22 -2200748
23 -4133077
24 12577536
25 0
26 -44413876
27 51586227
28 96888288
29 -294534179
30 0
31 1038747783
32 -1205321728
33 -2263058523
34 6873833788
35 0
36 -24218193888
37 28091109253
38 52718367860
39 -160068903813
40 0
41 563583048697
42 -653528041236
43 -1226128096657
44 3722015830368
45 0
46 -13098948185084
47 15186413749755
48 28487039293440
49 -86459807881419
50 0
51 304183872577431
52 -352608442780256
53 -661342864829979
54 2006958940441812
55 0
56 -7059270394622208
57 8182203197123637
58 15344776478854156
59 -46561944212316885
60 0
61 163748083009125629
62 -189780450701937340
63 -355883886870549345
64 1079809323251662848
65 0
66 -3796934484608040996
67 4400285717750735535
68 8251093780795182624
69 -25033712129768249667
70 0
71 88016590706495847535
72 -101997719698602680064
73 -191249448904959230119
74 580221594658107319148
75 0
76 -2039837465554958449568
77 2363762388325968416633
78 4431967703090705500164
79 -13445408169091541727009
80 0
81 47265575731808498868825
82 -54769493014472904950180
83 -102687492013502890119577
84 311516836615731444064416
85 0
86 -1095032678986885973197324
87 1268845734580050939084603
88 2378899251961572962814720
89 -7216536797768889202971463
90 0
91 25366066880255513066570279
92 -29391705422717860782377504
93 -55103889807074166432155199
94 167157398646328628445841252
95 0
96 -587532571118094702507540480
97 680761599252543963745279825
98 1276274932772025151627811996
99 -3871502674557713322849985329
100 0
101 13607257251710576820146608037
102 -15766176664374184149734671020
103 -29557553762025057973371143285
104 89659628041523691741397593344
105 0
106 -315119155482354830710415130452
107 365110481466105416145494766887
108 684479244482466397135989411168
109 -2076265006312737929506243912115
110 0
111 7297082578201767578152062664275
112 -8454604475950645463823857895424
113 -15849806487236787830957013923439
114 48077435588657664805894088813628
115 0
116 -168965423342180017095523281596512
117 195765926974448374423730257720209
118 366997519297223060512571479831252
119 -1113207013016765980185190331734861
120 0
121 3912224536614403166722592105476673
122 -4532719534273110129177605839134964
123 -8497296769310234952434772569775297
124 25774461932017646065537991928398304
125 0
126 -90579468876264251906126679538714044
127 104944853444007983458057270897822955
128 196734023223174512541681466217594880
129 -596739477818770541637616978125726375
130 0
131 2097095118024979707515231444026665227
132 -2429664016328536707298252421606748384
133 -4554716417623007738904185764504771255
134 13815401315130258001358102276265771476
135 0
136 -48550175894642174645347277753414717184
137 56249151206011644440284466422416342473
138 105445544110197466822278308872408652652
139 -319836184535318802239879738444881557893
140 0
141 1123956447320853374400116177563230190317
142 -1302183020618130385215694385248282578908
143 -2441078371069035023071535503038558331241
144 7404207423228739603338749409285315348480
145 0
146 -26019299581020156097317263167291448426404
147 30145034939838141947792695319365623878499
148 56509723132794585236473513191341087724704
149 -171402745553677673194414695218160174831563
150 0
151 602324345733549051261220879516843389810911
152 -697828147121531809108481498122998561070336
153 -1308138683383183587862136785093030678190235
154 3967768655763304157027785157809819762456108
155 0
156 -13942961346508624969639753594194072096604704
157 16153668469388685069953895905913870674389117
158 30281304813090304274312311768439548414727492
159 -91847066243899201585443529304436124684118541
160 0
161 322753064894333815911165490026374322412597617
162 -373925230828016269992809367168328992290264196
163 -700949089596102006361124747549072160271285721
164 2126059908048370351054489541206370957700027680
165 0
166 -7470975510748295297757859753312993352712903596
167 8655459274672168597638825157748287283241825731
168 16225207548247113993176018696998753353488762112
169 -49212763026078223247024874477842140026176334375
170 0
171 172932483407805847166200302295500411427934087295
172 -200349346200313230438459300202500957106785024416
173 -375566325939781389299274427720976739272335226995
174 1139128535405839107899159460124841750165819661636
175 0
176 -4002845503974548333761259440454324339277483173888
177 4637445818625069982459415237289365781378968210301
178 8693131647595545828162423815305515936248153506204
179 -26367020469372778956507619869759770171209922588445
180 0
181 92651967589484426817269635417902616037955046717525
182 -107340458268519400071914891888115947099212618965964
183 -201214674979881655294135173070567135823905953812709
184 610299858941632991214194662031211292800556423483136
185 0
186 -2144541991453516529773163912074800694050711144498132
187 2484518462583866401406272079321340896267100259481059
188 4657333399500233811347832943082669255552880118443744
189 -14126021340011043976077674074333356911892357081182391
190 0
191 49637399159618727931823284196103038844580883282250295
192 -57506330297609367622197421884903145693450555694383104
193 -107797759295333346767643485559532664362812517180507823
194 326957465615465571266749430074801274571667375697822204
195 0
196 -1148890015205220111831197191350051419761074420097136352
197 1331018626090319881816760251267321819277125026105274421
198 2495038595578748770138563929847999110167125429573436692
199 -7567594679140742513247328326647940588585274788672461785
200 0
201 26591524903926196274002379036200632915025579229697645465
202 -30806902404576976381454895369575918659251375444028486676
203 -57748444830638398555159684066968991239918820192017822233
204 175153986610157102263397866811203156134079000578696186720
205 0
206 -615465510668675876466764985692162546396057858012237889724
207 713029809767945404385842312995575697108274500084564543255
208 1336592855178683529705576288988120747396615717451345766400
209 -4053947017939823913682681695290435091702062995925931745319
210 0
211 14244925987894058529132488181468217994847525970924046294011
212 -16503018892819513325006266497014296819246425893205466938720
213 -30935282767541838256736790280839592361654371332330223260519
214 93827961053104214762260148748453299784766095669268714131508
215 0
216 -329695447284089927940156659264853010608772963137801337656576
217 381957846740219578521695045070473641175843755160179154818309
218 715987476655264279567706667399844705939747507933571937480524
219 -2171615442123117263068628000912590580771007979451796511557921
220 0
221 7630662291629179749730714441058813468377417323100256000255101
222 -8840239972744547314439217245587656491288505207068971493739420
223 -16571178202582775873733244249695075836555485681863745195698461
224 50260897009556653911038613301155967616691727078395304203763712
225 0
226 -176607148527514362053635362001578904757280392816640882037924292
227 204601812929731227120254083199902106893276640808285479564667919
228 383528990587962227713252055188456196013184632540049237179056160
229 -1163253692171164758413983768267304290280117308169106138623297019
230 0
231 4087439110586763079554917676768815466826271957566883981866826367
232 -4735348138246830569581541118804166665143363952134346183784301312
233 -8876465288281437922358357683217698515632513404648551498339576871
234 26922521631890462024921044940830407889774031815790720157915659916
235 0
236 -94600074724292319971725906768776239908766801441750399537043908256
237 109595204553288259618184286841904115404877311766729100703396877609
238 205437233977756464048264979064266966256305792305286018585613664580
239 -623095052952882901007922397182080431874763993284330002538807129697
240 0
241 2189419619067210693597573089077781744625227342413062660998372019713
242 -2536463201377384790397461954186813572902792403372151671597311319396
243 -4754618418042189995070870520662882150951688661224838831761585774689
244 14420831874778179103179047306909835427160231929405996922416967673760
245 0
246 -50671532197073788405503293154147738287777627361304057092511722346572
247 58703381216564879155120677805730699776040107885443236575414488907079
248 110039787796434110896619009364485159815963685901100007184893368323840
249 -333752033569409543401139959309467843454737383491716987988140260028255
250 0
251 1172726455787629347210555299629036299094640514677685750812091176191859
252 -1358611700482278466067876115701185938655944093031259394584451108387360
253 -2546721949247622172434674163440229387500189962363896828015170928731583
254 7724231231847549139482672363220357036128835767934085349418796114203172
255 0
256 -27141084755376458289145960977731067104799680158498312339450651280932864
257 31443103351709622002288648534477164564556081712003505518750852985372001
258 58940140017607912548059070345409543898681659788762522668094297255999420
259 -178765818717048227960490962489307672688642001560706787596553786868615329
260 0
261 628138769998398963614205948825980861525993482684671395842845179280069585
262 -727701717818369513699133479593205578559726873290586523107885972949339788
263 -1364076613357597499290815035162540387386496612393045836686236843744941349
264 4137249286609317022964212278081370134840166479845074983509015172825012480
265 0
266 -14537242524974926574782282769390293191600587193797782319974971938504242420
267 16841449099168504454743295287196938063235059239877667408784705069394824063
268 31569263146427858882300447792596826631611620129244503201844204156346532704
269 -95749607233377527801880844876763166215038317780962551981177919292736190067
270 0
271 336439220743638103015107481041769137860695582589491265438310549322838710151
272 -389765756898943271466199026641198599183296372093310315483794706868433434624
273 -730614547043326580310462020433090421366250341496493538791310341806778673311
274 2215952876227764353886202148403357956880661321822349699643037045114824067804
275 0
276 -7786269803652409574942429952118684194202233255630077620716945607894043201376
277 9020407810016873424462975328899701398253611688320970994956652700273257427125
278 16908709811097535634522745386350795261891021045127324019705412606803808898708
279 -51284053506637536898165477092283036457741934887950976644319952121243895861853
280 0
281 180198271108980121519142796504100376128550825940244355145825159200132876077769
282 -208759872362667949568028415910787267824467000063260146112121768510335657924468
283 -391319061700313729816056947739451700612161884476344695460950705442288897085825
284 1186868389243575925975378107384304173636608536841037995797292299965685259352800
285 0
286 -4170328056506338501739537907283994982371982331125450595333346008057008480574268
287 4831325724208280999822301595101496960091513594012001814118095929625339881608443
288 9056283263491151498053882656442987314819996208305355038059112893488520637726720
289 -27467634485910157574671020860845883102986331404678500265967438753097591244765423
290 0
291 96513558734528828912795154190024019483930338637365019359047026438850129006436647
292 -111810898967475761552546270606212449873026270541440149949639959809615344613935840
293 -209588540377852129497718121037946357156578347882254731655348519218394865195092315
294 635679947563164558709137227865224304864634413615302812745358991085720144627498868
295 0
296 -2233598065943986351840124371752689538265052166507828695061507984113407221580716800
297 2587620363870706407501760780754057642373187984302068762249187115497746907804114777
298 4850468434772846081626885471022897950796160957837703252265374437397432092913169068
299 -14711413166285119726501210233487290419503102034727464003484046401275016041913022625
300 0
301 51691647770627222858666915143640140127009681044587892630683578062077324716944477565
302 -59884668670385002635873228112130882496962399469632582649734150960189610851425169692
303 -112253144452886810137794264535106481037823154865863079860119050388171790183989874381
304 340462253875080701379763577915613314701685598571118218046014947576409067759281985536
305 0
306 -1196284429354013705685200029959517682051738354756807295130774782738622569574496763780
307 1385892283702712734331765164751515422680736779974410649845411852485064104643824984927
308 2597838181388619543036332858420721136244218172174636332521283919816330613659763069088
309 -7879203309017689338135196630790089610879357317621514061826013316372730654656007123875
310 0
311 27685177213887350118472809924354711523992728356990744954294223343358140981782654407151
312 -32073185666098123961860522806971091551172501010760430581916169950705882201578699927808
313 -60120762946347936627875366410231400223841371901377648240348240998511209270609147174951
314 182345253500647320306442880598093002752380154721357769807153408580910772088973513293196
315 0
316 -640706319214064724911769123984371335432094259059790713342464342401512100920651160326688
317 742255753989524671262873509601023061055568040501990593093411055234600057374104196358221
318 1391347894041619649170978502692466177172198347882047965248627780203805405257115379205668
319 -4219932400367602711801380094757958321638708334956004268675806530664915751197049390505641
320 0
321 14827557032422188447917824286711958099327055673287401726544486398973524430810150342962273
322 -17177658090032202189366292403397204643896334819616300857133302217939404667361962342081924
323 -32199260945664248321090791053101735554371884285677210581747251088511491957661951787021741
324 97659714895774650270496702528610105177856130444253260733663681499261749725270462327963680
325 0
326 -343146162161333513805951804935687767056181809915143520995173397960106527622025189109875564
327 397533097098009070669771039278424345587494633443701583717285639458396356506532466560777547
328 745169445201449546976303921185669761592191153545008876530358900377141259495065590016321792
329 -2260082987915813580231024065102063103699041605382936586253858449344377792292147096781810847
330 0
331 7941228338259334651081793966481574482510797013317045710796067442062129584553343111600410195
332 -9199868810481161972899544755043375994422610352418407652732102191564675109722908057473213600
333 -17244999545729521301173662904758837257522733573996900893638621209692185800512794113258030567
334 52303691622972563486395367692778151231602475416942407728830992461025374805605379783687268740
335 0
336 -183778736455115753298500999374939413869938953723679877393095197588985531545943229140396283904
337 212906551234282571002692618485933878284227079806454637589437510425059627668428796815930443825
338 399089583700920413747790956971716096928507277994401554060986545401131281540606582409381162716
339 -1210429124039019403078380802546269442491906383901005409876046680867451033248450001860682987545
340 0
341 4253064029671895594415453742234794365023240016854114167522078146395750820805047639514483962837
342 -4927146848513968779375355613994982275038689185768017866116082922011784599041089508528003185100
343 -9235846296137696405810862038200014829489244317403455916582910613386819329477069882317889853089
344 28012088712085958996726635952198778442120016024755435729115843469351690270547803824546496844544
345 0
346 -98425516595504244532970912583337732116844252325739851853747975675589525685392984353927548556980
347 114025272033125173374546161047436334332258349017630956682597970082544723009704655566235519632983
348 213738195287260247848455802693752140631317735707408105839465977178109889767772670360348441205728
349 -648262300915868568373798687178029624180035418983507058591756244831606417450997647040430824793411
350 0
351 2277784558394183172099263428984694414113803782354827177940153745647737767682905373231494958905543
352 -2638796472347310539376546378219183190880365013616618979717700815880812162834742483739651693953024
353 -4946371754691985536644222742310166683271554518205826507218722156913925672057443192121713282294975
354 15002209325401606039478701716428154851173594127966729700379317962308892238180840234863036452639836
355 0
356 -52712884412894652324542784872124194742239829897984932361750565834611651187646614835983557722864864
357 61067462537602881011970160496785253945234992391679272554574823045800432532302152891208170912390005
358 114469708747031779415622528200541991391123929677879445397817844667748794961495037757700621216098164
359 -347183351207055399481414240558172400805133160727007779012338583272755065670723608922406014545039225
360 0
361 1219888526320787412048822619267907753107661431819942887105108547354851418419400302502971331240646985
362 -1413230786204562847859270677084313992489862028811774436713853516433836818288940637109046368178073172
363 -2649071276401173183332388884229554622883195532029693881490932875522807748389903591697773742556092105
364 8034554644689113065726478658361795745716093898052607646733265871695523684994250732092234430581225568
365 0
366 -28230773156210862714475845032544670042133211174215301046039744629518227411558887744967689901788826044
367 32705106759995891661419852184388175897807666339719003474443061433505482311557043271927348109056553963
368 61305012040174466645644560203024302739623110950251115852967758397403958532366901427678990948484495360
369 -185936223256190340394951499760094468760780539384657972450462291819412309507074409935903215391152983715
370 0
371 653318097100074201882264214921852194930938019628457568877314562800961850624075916797165680980298142591
372 -756863128850355991510607223842345062809501934512727929587992207269388839899999731009138872669852629856
373 -1418723042013259798327450581145920849664625335102092135421208199690424086899951495206182652758381496747
374 4302942169703553382070755017501911845961096301215301928661215097832384942518393811987331344159650109716
375 0
376 -15119099433200992482933392669046146285477331400711561655003813131706636306376849899637143160506292070656
377 17515335101189578167076576280828621245619258071239486812831108473642284497329002459837825645142684466569
378 32832094735539039958714355592773165258336908683383379323002462549086004653313579979525954201211219783852
379 -99578676176768455229122197278745895332735963340045626327485581639676842189574818633648820213799500002885
380 0
381 349885950260586784512548482137470807592149561879853192684037620943394144030294210936359608939045246538365
382 -405339477390805376319885778681618574633840349963011975108011809096201070791615452571159913577144099543996
383 -759799350690823534993340109363221759164049570587870566840299357723334947014044110439890917900923089844541
384 2304446067161735034561713629051107014544562251199324910112496508451456695200693274110550212124576729530368
385 0
386 -8097043176814885195436733049464032746705188485194632288947729601747638807351798795178497933760828256340356
387 9380343277275980991816242914325212442853644292065988725786018015392642633610511389971838001297774469948779
388 17583228697382019131899511127292983803013195412731536631038118848988795241116443604584505763210459326634016
389 -53329330828047281970216014899613313480053933656407885712588888018207433062180952920215935818898021321933179
390 0
391 187381107653732602516481206857019307200165987983493011986524034620435922926482714447723434278424012566980171
392 -217079074035851879938264552860699137109407332598322191150575155833110470675733382630166930213315315261331200
393 -406909412680260515790876805918708633328746405686403066553177066629535671470557944942431844913353206107024355
394 1234141990967504584260496655174511109248814949303429754784026145204594436678206217923327142691207718339971436
395 0
396 -4336352382186328216860615154040840743526956275050475385667784670328007975742651391186614395411732837686910624
397 5023618043163219846418865164174537608727925002839091213110871705265212039521817194909179057116860141313302941
398 9416646654730587503755531237322712315439036204188472471088648795444344608963409000478952518017913002469408612
399 -28560351989320696931898607073412114218195530085091388043944923787338097172437939868904116115693865426293100113
400 0
401 100351246566648192879692270496513011704314920746187027773081416770624318453570744506124493746837577711214434065
402 -116255820882081519387995950110989210124190403291472076982590053051656432384194821140128071806483236994049214884
403 -217918580493354000429314173088853671988461520810255139717450226989879268042951222902173661315237537077250194997
404 660939084431670394076023645556190678561840644206984421050304413643562094509096847517185188988584436918412046496
405 0
406 -2322311310419430217436572212271448534177257397768005142264819995610585989360445610933947911361599385391336736652
407 2690371583978179005320266045312120286355345125657559381961273721960369412338383501132831014480298045334029775439
408 5043031917243938519578554920216682886781551556531045830255865588920328579357124286663370337701192082874392066816
409 -15295327700709650603687499951131416103683354110864757291376019157788013725698129948119162776800882045447816233079
410 0
411 53742465143750724391763010758834314343502117960682111923467012029857685865103726791883107249900911303483591543791
412 -62260028012984599957857190829111422515949530924856669170142683195594863197439528171015985060655984914102272150560
413 -116704784340016230997101696941754380253669140033858446028236021773098669097393282296723558209562119283618487605839
414 353961176210368313769315440801943082238706179643202720781616722465173453145865992305456043621373447174151583273412
415 0
416 -1243695974953415555724653826775980341376589260266076261773668837638481728908285566964876690120838973210175275319296
417 1440807163635135522299575145487182120393899273161027867635721281570900245451102591105231690483486810772657081267117
418 2700754513155605038002960994623438332619841068378715976155337382983968394076015537004915306770983297125480421211004
419 -8191283990313539893476152506485143944730057601515776271187243069831244067296296220380375752294932326807539682060173
420 0
421 28781298998728188586447512141121349020033207038987593980986146870234472528995362785473478580360246767865974472641221
422 -33342789224264614015011169712168083408077007279886645521001301604763338785299732796284959711872634141051689851222476
423 -62500153590922239914712877105801623313865560738966685109276741636888673471202903381236976969794772671184445892592217
424 189560508065880167083390699870601312952778934520757689737972684589636723303654885103217055260107106746959154533537024
425 0
426 -666048857728514676943504870877227217990705951268524150532134747788892312784528585872038411345731892673190307816228404
427 771609440344495212504766081491668884735535322653290896572991017587939704809422805001886321360685105715348268191949127
428 1446360655485805511509185007052734678906511787212056419522169243305202420287510438409203466466347973634320259684505696
429 -4386754082705110174718444087365612608877281280442869215360813617485771633616276009485703002345590863738928317283705807
430 0
431 15413502414412068658333483423091034140919997647274844469495360016872681487156555763348062050202745475240291832491817607
432 -17856350060081956068598295603726092096790256310906644541599718755175248957347608596734799456448678748434839285189076992
433 -33471229909809070560945439631142666244762918377605167902310314670203715199172395261209416740108195919687534306550032799
434 101516882771011493992707495490447663211660487773643930711055089776169719585502649276208724888339952272297071667753293372
435 0
436 -356694282169594194957264997947365106088849508431088117836578459467357758229105912533534000710113692483444520684990917216
437 413225790518697272993257631493254372524591043381695722673353178251732777901973877782314166354750264919142531909868084113
438 774580062741461267520382056829972193177865203489751901001658620539072297173102441447305411614725809447247927068323018164
439 -2349269460795259346407030329253317123199012885176100320110024119512419188888907920794493541585019690229033397048689976233
440 0
441 8254495614631798266331557160404368451028629058645968650084247928930753907820525193369906936933665302771666370425754909513
442 -9562726404619619851653781021677949721839823301185192292152053994371452301466188170159858870560798110807317787130291780468
443 -17925056946750321113061473192583769051086414788025022474966359344490453553947923332804674020741121170305380703281606284113
444 54365950062673510882641562471944449847026334472067719732811209195123274922900743053519776205499247721384090973920620057312
445 0
446 -191022502141975560442109117965520379340101951464206116900765169133253529626335748629195519961178710398862410786063279693596
447 221297057557648399993165990870607584781994901345540343168543707278343775069624462135217820235382216603110015360331150284835
448 414814925229835882810599031983997906408168755094501945278990373728015125392756884928604886481163367799098979682673488691200
449 -1258116139297930843292533006588366770553540843679259379786887758985208478729935291436536623808051774238582907192705460938927
450 0
451 4420568514092930751061202723221508185163948157172746289311656046926585115411674749632871463434477659896371135169079455953067
452 -5121169605668100010240554499674703266957994924120205419225095001962488585189345898158697228817967707241074965338789549728224
453 -9599482421866006278015721407910267061682012378647762028904466787549918185127785741772256096062144739685772672190494782735703
454 29114819459603254547584770561512132186151790234055409117031773547158435519514728349331827355036577555648393700288709181737812
455 0
456 -102298989514738837448581447667045382315178157548063111300761052836478529792740592125811639022880753759035760718808178321874688
457 118511993320248564000505875675073002797913137852016448824808384182861024529699114706409670026769124689796530962333122640878345
458 222147222414691026799518640204286912458363918044339101819699021235241762610101483427267918377256449065809876042147707109519852
459 -673762907041536903936540401459051892304155011243371522526464317508731104973841917093123605254858058295160834631776228598627373
460 0
461 2367359400088050706984724562339904000230828487410780645303036000228091484800023941894068967628869940571372370569373775614348429
462 -2742553336268429143512024847554005953203275403459281445526186689050424997661595879255307981092959610216786513483176501364911196
463 -5140834178572668446561662998171508486959690653283274581418645888253296589739700067771864872762690285565535304771706381761817997
464 15591924929271549211383881102542225926129592127994327712816842578848703720933788845344684032597595532098022278222105881095415808
465 0
466 -54784372547642675353386786820329068358983026203712625857731216343593552878601170549858641267689320843406910424400732140193909284
467 63466932666702424510102460603678432110197501677153323403473737101758532463118032341491235361029041453651333796243473255546934287
468 118966847583687159480343348693368756041024194527448102216609034321859035948023354387306098987813956455045176452201897284411958688
469 -360821181720799296712018420752727661986887931532926293392284899868633255210614901586284244055559055228020851022457672993944797251
470 0
471 1267794447570605897437181306500344009064336240978493514098651234564624734706162034748326312656692826385814362723467905212010276251
472 -1468721984383202760934367131097351477653013806732025968708740284736133355180831932926389834754568862031919440547970124886640571648
473 -2753074557001755696039453455235850470809549220162939537046620414195505052758077129641612879158459350893079696263616017662067253491
474 8349951966532514762016920668853153360782126292235156385256190111748648658701376743454297023197546123736756568822035260263526767148
475 0
476 -29338686491272362750831351140814383283518825801700198732286360835258785230598881798359144297647393470634125351822021478954024077344
477 33988449352005415528044803650186834934049070219621673722398826575273798541137751797075084483686725037288853633811537378260558548217
478 63710301997912077649204949203737548149229972158725055267385942345507116627169455201651961645722176225749575418639591363094028865476
479 -193230467078583729408753574733529218035768609678197896883542337367086598785719593612771317013859468510047079657238187319497644960337
480 0
481 678941202416624738535258404831197659322244688337648189550498963766651806245718478582773139908208314866062446245214256348201250700177
482 -786543573431531152194664879137555743355174307829128277304171777104873790868049469570344776342155634705208396453604834074322465801412
483 -1474351501913769350766394036792347227310421664296769792683550452978576659912020826999996073265592629600148293379124844400533043701241
484 4471640840957264038206360816182651441591689910937360067428595041299879388238520817374561896306315581765385936958546602810452725882656
485 0
486 -15711706288306057246862105646383444426281769464431864221118343572620412035367469510158950914570137766337197793069334846214234263146220
487 18201782159205709219269183631245815567059372818837988128895419943083286398058844918078509368825715476617480961574710090425763208431715
488 34118670608876066627603102094401181010137400272454254169107089685335427343433725825345839642494420892366761839966219676725092344741120
489 -103480356941560555345084314843594283305164421919046807878942474756492121763717794089840589447113403833031279975977127319401622239118879
490 0
491 363591930520747097617316060614618294295792315913042348455376044881929470407361019021959588165713269198902868766618764897036701309237347
492 -421215881171165589717680726560399610005572118179883175190748705167268758726720672834527906524050156576959075219990865054565234961786784
493 -789555870158213005379630060697773271317292125979460058277953042631734949123991214006923586644691875506696746353477851111652684155412291
494 2394686275038085432486298092914782694162848150220731045484887823798367855456129541976772163345060548687433178154815652355963331622080356
495 0
496 -8414044929102449144223062007340493283539612099465081624459437599999891926434311164368910507708665232315873960098498331251319806920509440
497 9747545479785980867891871664616560765742155335057688606723542601756930364343062976331539215244641656559056268675945609870345655146464573
498 18271463832143937815821218928325090413813085460528025329482129185287592484699419932307677191925361085259291919244771612856464650535000028
499 -55416493731057441972486551164756903412007184311375653024238104763371479387704995141180154493009920585516890156537423316511711372830184429
500 0
501 194713082796452544369435952433757241508776426698576937061157278992083108501268152540627255847896028934898628591864426195656614647759994853
502 -225572171502055909416576283886710432856590730410690775373689518874888248029040613002301596413552912752962595215908533944034435273782334828
503 -422827803611823330504424988037732693461505010487843581045501293738762440109768673414341547812268264069944622335534286540738544008867448837
504 1282416754536335790904860270009294416838618727625158294443519915012460723480164737442638088577140611942219651467477550751898046501984775936
505 0
506 -4505937491694317418060215734087443678862901968619524730173353235436875219652533370101526769652321102291676484763458390203033004844724312404
507 5220060013902666871311612562315638999333213289317246455477746747700436735258317741809087542878309437109271405910610029810029672241503058527
508 9784833925352494980769090187253824341882785155872472206140619607613536176025447538260927455821219686383913832286600949511736649584840288480
509 -29676935409947098052593431242673502606857097083881424885665807059274001346076963027189637601514608004837960361332764411731396410328214314339
510 0
511 104273733721072175081718123036358076267699050094303320848940363067589522247332728214371663219620868705494042265003632639761241460369893788443
512 -120799519055821314367259578860594960168295939947557586268511606959857419087364400394254026440061807642584211303960548441193864262885385961472
513 -226434770210470630771525530560425163040662538469612011503085771520840632465726815958235088358767969141457255868494994182303776751790496941911
514 686765794497650129107552787691235945639974809384695162329865780321121010484357665855785046929939505717828544796157286593475760939508897468412
515 0
516 -2413039472611043489565487353894077605163490158023244927987545383358554703075846258696393988612314008849253524624439507686068667227618013026784
517 2795468839827769150523990052622884303684377420892982549755632993519802811398583599915539574484389052527650494149248404065710881677803256539569
518 5240014821430427631842070140193494437385782998170630823171066649065827477361777959890200280021321672191534409025483658248580570919664352036116
519 -15892711706050691705900501037332694271174024365460176929033783745505756020561788295892777125895780285396125779878751803094237718756812247601653
520 0
521 55841062748639778232104595393190327101476844504183988309722573108919096762293996248633194367614203611378585509767678821555640552613770857790729
522 -64690998557615329528325225607987039244402650822351732778338053391921732226118151992369819955512847402386037264071333612095599945689399559600564
523 -121261145135018275601207127472791350575967971037239239840712786846531535040074960746359324455240817219692011475604059530183774237067280268794577
524 367779151120502850644750055800563275170046429482880676624179433063911418607866225608528521594153060668663534685461305534851885719113267866576992
525 0
526 -1292238507256224399078974955547057532494383795435063379968213143000514388542817342930910905832172660072573428126792682697469883074196166447173308
527 1497037950285916936523349076052302298693391531131702233798886207023764790488593527460779984677204310653769607070691343389662359543647291077374759
528 2806147998198024789813034123168867807108264406616909525616633159330850439586751088797357312904522353401466789654001789871939783439631813369759744
529 -8510909361458173651954110200641407384693552818004696416631305598528054780726990193947927102583708803377382110284531673376130602292910232439339379
530 0
531 29904148669390105082714354795087532827266815461624046580887529852634767002527191817253024739644962520074450935140694660503951944261501547389653335
532 -34643481325342316047353218884150902335233097874300850569026971263365098607572552837249537275176282276337530965074488294065415927832952398670811744
533 -64938050042792008979450085649959406467641628424313571720481502858798299154079481557188905061424951802432329726498060602273667835620591219581354315
534 196953902417297011020123532977431630194297266916349838360811225002360447083297261123133802622505897103904532825683860319714407976187041908367577972
535 0
536 -692022119082428848554298730112393689763481275518427287771765369999299800568569726789996982200481273858358857214214677480206234082364757667710518528
537 801696550772672452951613851805287861888235486431695440612716192918979300917391148213486582339798208266835418058468376044496822714587588743538850821
538 1502753283047110318207046929641546118102928201129949886892016662394970234313343296066010467764988109760681359473605467831098585182396123951621322188
539 -4557776104201120257417390419397565885718175443613248944894310328141486528026475505498450610976274988894604014041944611547758244884602898994800167969
540 0
541 16014311926684721296622380497001078182365321450179706002092555546379572021994837281540155187085902771976976134746433652494782797045619018261279642909
542 -18552322201634310954442139850484940407733024424268768813085635260588741309674082986428595067019443618471450426339921375961519560037523807205674918908
543 -34775701902739983618455669489866433280933259594484056513514435329474066042054440778205016773767576669192634948193856404482226752687508622261860935421
544 105472966803259923527411442059952763068358120938332562880245378829005375256550120998965272389250993193621028870428626018315911084800033155499363155968
545 0
546 -370592283024744981533727073092222790891017226822164325463026523111491961123382011356628256483722892814005892342449441359269214193098200524227976670596
547 429325142963655007760014442696604084445376505572280152347956705605889966308291148241580247088796618233127670720651954504744908701960037679722141249903
548 804755413062660919074749474417814893094892396688741430540390267500235319624162844064167255515142640248659997064204792905000452170874535639172929284384
549 -2440782730076515868904855577010756512076129119251004932333522891796489473305414428251546324922183144795955831787581391779637421976516018876644809361551
550 0
551 8575989616176695198476834225438238360016955054691390138955609547593707214952085351501085167869748687587567804831398855139707821843475624271678897153543
552 -9935143771123244562533145131119073012174038916358581461704747236617857178431705005446426703642010746138170446178500932459268937500632820575107782064896
553 -18623088100477513622298004342054147185799116534765917864434016154511041373427320089889444980023931699554732478065018949172053919965293831796921580028147
554 56482885029319604918738168558241736789148217429363344510296499647683941394259182447488502988193182017696827635625388283806774775298802854744286097434284
555 0
556 -198459509611601331597270813280484921159530566584856066756244174380450309084473076507321958375542669458907765553235813803941986969660160960554085760853152
557 229912075878999073428815053428176660902260603798340110693346701534356391809410961542204491342550840174398642359201607053963930245696280495382609410795213
558 430962303389003398631665047742069930977115226398758761320850659653651641030433494436957644774969837462331688665127901630303807541867218234801377892891652
559 -1307086764512892918636969000371427197713780395526170750947302938518288386753582137296304949796041117984232983324668276929265149116657175564597398292925421
560 0
561 4592608014093830965090638801993991861193520362911397745389510739624736748761241319448153049127730998850403356588270977299962062008197904925601404218774661
562 -5320460317885570036833555673104658720065880323552325531219351101006521515252142942271775751414982983322227041674855093065288139427415588241130512246604388
563 -9973019538978355843461398767652118904476427651158925005306394452379776630905275595489464549566660647989953301081119616416418737094255285023025536949542649
564 30247658690754069058770303169652329646280747308442843817653685780451872250021751428941591870119306093669179227897297463770228445597098069191639825932829600
565 0
566 -106278801477128563117480953654547281742303460139015978103597898945665496935374172077223987410877187354909491445942264681105808465132951698091062140981018060
567 123122220267569204027473696492522218454075338316291413326698571814153842224376940227115004548714784416554907925577583261637606365208286556167176912359401115
568 230788339021503811105097646497650427299541218377260495131305641324150141740832173552940851360897496428535031808377820454962364472525992920237064763402917632
569 -699969178430394552790304134678761286695847008561538473676873181393550420056367032556812760576306353656061247191885445089892176656809316333151305951861159447
570 0
571 2459425805599447447965422032783417648165502982941391877117253169342214092521136831382168932708021468820147317302747268646927272039569800215478420906902933091
572 -2849203559768648432421040515251242891115148030388221326797077089685289667863667452211347573170116548167490234004181853009566426357285632263506727062919201312
573 -5340732963662570012972951484969626307587648990942639826304340510196095184839275231126657347099822180511154149513461790587786076871040022441162589548956189807
574 16198167375778367183894149415796255019838167483128463837610208617725662780036526266433633948002064341634623839936768167954050378371148375712436919506125920292
575 0
576 -56914197493775030639778240398941661596923840176730516921928120319161242601655651888584703566239016024191613630805859860874433543275735171751409895208477655040
577 65934137971231414520035362628383110397743590744657679536674919230185453548736244280653255837944756175973278900726843458216768241064021466462396491058653521985
578 123591237727565793135580839326459892271450916943518548081431953671800089427443870729982140144836998163552410121161449696148406491121564453947115733655494455292
579 -374845812566250003430396378929225992812050255447685446035448196090875252264214275906733391657614324647062482627244765837387665303673748306659016372917613497049
580 0
581 1317065355019659255849085605761694667906288837326592353915541399471290987142842610399487903549425225700719340169743447089688472085356378080177562812484810944997
582 -1525797876608669598331654755579519126472424945972257336841884053142951204781796950670593921734406431788940136065389788335928315949216951175602524058471316072044
583 -2860054570335133625410499852534020487004844001756969540557963121587893726123312936479875015368965922124970545791328998964591728796811649447404065929488707173521
584 8674396435791326321440332920160907860590293994604222354321107605527008208810768122965153171111199626401951736794372451315780254198040525681405353622233393080576
585 0
586 -30478518875431570507448654838467411772265902362644325600460453156797804169209140468380966037513306819375523856107807114191237183836727908948119426978880670459796
587 35308844374132139385138347391912748947361708728208033111300679985876792137323104999776697726454281896217203763594214276779096690700749236470340978365207538658455
588 66185184297609235344819790173091186268540858694380728316894454623667179053111479264783901532414411534294447254763174271494497619559030475538141923617207123354720
589 -200736198229685930899194134938436314415934782775672503540550702592827441357713113006065550399056851882676955718693351471893628963239095005792036463819467026379803
590 0
591 705310287311526261638013530248272731160757993324247388697009483272475173072847811332194932242840283333952379440701587575882404697500654234776025259063444089748771
592 -817089876455675636329478387539192543860337815511979314245125313050590541125697046416763491581857498475290914726287915276426042769922722630716069188683174330308608
593 -1531606055410714719849783393253399870711430821837555362426198037007550967417833460004881781634231809839718350358894475203605990777033479824169444990710169477768047
594 4645280604867201054378463059164087672030532639124579682488988500077781597646863140741236005759369764488955317989202167517089382304228207934832569297424756698611612
595 0
596 -16321738298901948157868919961094904048920012322134471446435667969581495964232725287506458558406500664029771632375664543106648603005426849044161329996374199681885536
597 18908452567970228484757532864777829121110500156174109768186442594372476018841161131712592351832309933583965084158137417661211732457710004039237418486545204806433441
598 35443222452044370068715046656110002211864748464986507028534301652569717791062963280366876613130417222946489415242355922741771530098966536380825698601257695893005236
599 -107497421299236702601411977378822733267008392232096552498863502173518985045906105683887088228912498374319239286427961655616268004554466132774098110190348157372838105
600 0
