# n gamma(n)=beta(n)/n^2
1 1
2 -1
3 -1
4 2
5 0
6 -3
7 3
8 4
9 -11
10 0
11 27
12 -26
13 -43
14 113
15 0
16 -312
17 321
18 543
19 -1477
20 0
21 4285
22 -4547
23 -7813
24 21836
25 0
26 -65701
27 70763
28 123582
29 -350219
30 0
31 1080903
32 -1177072
33 -2078107
34 5946223
35 0
36 -18686878
37 20519437
38 36508565
39 -105239253
40 0
41 335266537
42 -370480749
43 -663130393
44 1922528838
45 0
46 -6190429199
47 6874791195
48 12364166360
49 -36009915819
50 0
51 116948816831
52 -130402530614
53 -235437118131
54 688257524157
55 0
56 -2251042855428
57 2518375868613
58 4561467443179
59 -13376025341085
60 0
61 44006472187349
62 -49370564698735
63 -89665882305505
64 263625323059488
65 0
66 -871656217770441
67 980237406493815
68 1784406094462626
69 -5258078582181947
70 0
71 17460144952687135
72 -19675486052971196
73 -35888431019883511
74 105957194057360723
75 0
76 -353157455947880618
77 398678088771456977
78 728462804584271121
79 -2154367596393453249
80 0
81 7204020078007696825
82 -8145373738023929945
83 -14906008421179110193
84 44149211538510692186
85 0
86 -148057420090168465819
87 167637169319599806987
88 307192568693384938380
89 -911063855292120843703
90 0
91 3063164699946324485759
92 -3472554988506363513986
93 -6371128431850406570951
94 18917768067714874201657
95 0
96 -63751364053612706435280
97 72352173371510677409425
98 132889934690964717995399
99 -395010986078738222921129
100 0
101 1333914052711555418110637
102 -1515395680927930041304755
103 -2786082926008583087319365
104 8289536616265134221652884
105 0
106 -28045492655958956097402557
107 31890163461097512109834463
108 58683062798565363266117062
109 -174755071653289952824361915
110 0
111 592247591770291987513356275
112 -673995892534330792715549896
113 -1241272338259596509590180431
114 3699402553759438658502161343
115 0
116 -12556883423170334207455654102
117 14300966248407361708213182681
118 26357190412038427212910907773
119 -78610762871037778418557328701
120 0
121 267210199891701602808728372753
122 -304536383651781115908197113621
123 -561656207899414036118366882793
124 1676278741676485826322710193054
125 0
126 -5705433917628133780935164999919
127 6506593926716348407096364988395
128 12007691847117584993999112928320
129 -35859592441486121124789194046375
130 0
131 122201218928091586009861397589107
132 -139443527107927956112158655969166
133 -257488632349087440720458237577295
134 769403058316454555655942430177421
135 0
136 -2624901378386795774510557837014204
137 2996917854228336322674861016698617
138 5536943084971511595372732034888083
139 -16553811114089270857609841025044333
140 0
141 56534200861166610049802131560949157
142 -64579598324644434894648600736375847
143 -119373972862684484477066629323612809
144 357070188234410667599283825679268680
145 0
146 -1220646443095334776567707973695414169
147 1395022210182708221009426411188191211
148 2579881443242996038918622771701108826
149 -7720496624191598270096603541199052963
150 0
151 26416575840250386003299016688603280111
152 -30203780606021979272354635479700422484
153 -55881869511007885337354726177668019915
154 167303451499549003079262319017111644563
155 0
156 -572935624034706811704460617775890536514
157 655347822199224514988595720147424669333
158 1212998910955387929591103660007993447153
159 -3633047199236549249849433539196872144461
160 0
161 12451412557167308973849986112664415817777
162 -14248027390185043057186761437598269787009
163 -26382215724946441580831975142047956651409
164 79047438580025667424691015065674113537330
165 0
166 -271119738378149778551236019498947356391091
167 310353876964830886644871639633844429102579
168 574872716420320081957767102359649707819188
169 -1723075628517146572144703423474042926584375
170 0
171 5914041360001567906918378382938354072293495
172 -6772219652525460736832723776450140518752874
173 -12548575827451013709087320916869148293372155
174 37624802992662145194185475628380292976807361
175 0
176 -129224092974384953956652228836981028514898088
177 148024061368861756917214569162417114538573469
178 274369765420892116783310939758411688431011031
179 -822915029785986047767161445328166105028242645
180 0
181 2828117810490657391937658661759488905648638525
182 -3240564493072074630839116407683732251515898411
183 -6008381109614549711670553706308553131592640981
184 18026342714485851583595069176252696502851973756
185 0
186 -61988148671913415706242453233749586485452397517
187 71049171053901066699255685873812259323031835611
188 131771542539051431964345658190433150055253511726
189 -395454252120910500156145518723813916516680862271
190 0
191 1360637020904545597210144573780955534239217216695
192 -1559959046701643001904226939152103561562786341536
193 -2893977269063151944150003639279783735477798522927
194 8687359592291039729693629239951144504508113925439
195 0
196 -29906549750240007075989098067212917007524844338222
197 34296648357090362591583402078572542948211111497469
198 63642449637249994136786142481583489189040032383773
199 -191096050078047082478910338795685477351210191375785
200 0
201 658189770152377324175203065176620205317333215259465
202 -754997118041784540276808532731494918617081056857869
203 -1401355161024009283291506323059744018052338571477537
204 4208813595976477851388837630026988565313317007369670
205 0
206 -14503381814230273269553327026396515844944336365638559
207 16640523927464944441780258885751725760420884970117495
208 30893880713264689573446197508046429997148107374522600
209 -92808017626423935204841503062897715063804926533868999
210 0
211 319959704137239921141315068876894454186732687291930691
212 -367190701602427761770342348189175347526842868752346630
213 -681859480428086099687821866932037125827202965291944351
214 2048824374467294409168052859386262987701242372025257973
215 0
216 -7066517645835260801186485323749421523679118722946702196
217 8111402806180202988419695577958199179762656993356816981
218 15065808363253604064634851178348722875594384057183148251
219 -45278777384189597028181814409887003623173161098638404361
220 0
221 156234767749005543492776856351401762215708468768048483861
222 -179373426928507168948121443989685425113393904858959733255
223 -333229668856859697032581476597057568753755066095512582109
224 1001691984406023874183645832692043359707663565816232944112
225 0
226 -3457732565735655925554768619343310062598488386260491856017
227 3970614856289297815215783019268802167580908630252585525911
228 7377827612110692284419283917906590412688223925439543651490
229 -22182141686298216250910237567310011065390006067182283683059
230 0
231 76599747204639401052358795314345973029483554610424916734447
232 -87978376528069830736874649204893108374393652499523375887788
233 -163503937966833758631736773254576406189697975734468336096439
234 491681671997415114780499761502491195298671046383788446159611
235 0
236 -1698507518031677678320272672521837114133273510516920416852986
237 1951168875238801823393407161279426648237948187910219172557761
238 3626813678019851423774185775444300654196486694182720474994945
239 -10908335865143868297262344797571478648391379585167101460737857
240 0
241 37695969750300626600739882045381135735011920290853509082115873
242 -43310962389477918011021479990895662401864497018170747756254889
243 -80519880405124388136477679904196212483728575610507186095642361
244 242220368764750388053934548960458133350581697282417309231674410
245 0
246 -837324545526369694056171808350646742808143753078591729336237067
247 962208546551572377110273530228830168926553588576164772007646231
248 1789148474837963561664591073173861209286610397715595850430758460
249 -5383010492885752542719310322566859299926410598082562990728218255
250 0
251 18614410180594424647395363559769468724220893552129105106460074859
252 -21394112189504259039869553346264580792642102749925349498999293090
253 -39786935419200771335822683738852808003564966838474227499494929287
254 119725823545284102230185882001679537419071792546563416042823425417
255 0
256 -414140087209723789812407851833054612805170900855992314749918385024
257 476057220422862147834011847786903125930083448833494913151612484449
258 885465717469020980530903646797210863209567630983151893938079100655
259 -2664924773289727761370447108559915217254393964918632512880752923609
260 0
261 9220927026884499106211094212151625218743023189393452765561943883385
262 -10601097223622887851802538890408565622046018199559852617969319575627
263 -19720924306518780079093452777437007725809200832642453074155139495221
264 59361359139826059213788628875134442935608449263158215442909423393380
265 0
266 -205455968751412269981093939303950098812829826358157362202145004501445
267 236241904068909711943543818642384351908920860720134486509625679549367
268 439536410481564085574466025180953812536361385181060692830310260586246
269 -1323221172086863473443993931492975030956431196099591658229957011273147
270 0
271 4581081694743237469739076007159068338675883805905301744778945675070311
272 -5268243902721443440016747224280906671487029250828696954527934511089336
273 -9803090703529184348514833426358738495971371432549659042672118796800959
274 29516128672648574163330520384721588215683591584825372950650501426751879
275 0
276 -102214211873193782489792453687758404145691992958806942090907183468468326
277 117561910229728960685829025908062159004465217692410574814693957959484125
278 218786680439645148213378518016029129727899966941764453440626942275293837
279 -658830866852141376628839263271065845219639198981911545898947240159349133
280 0
281 2282117388444676758388860279177066857417596356938797066220351302543443929
282 -2625117855775211880288069210688437048242882652573564535387075203842055957
283 -4886052537805612878373521304292121272736104639542817309005615071261832425
284 14715190305043343656707227080245786719358864025503843431329253867854657550
285 0
286 -50984498710283369623692331009878172311261948397543285678191427552166468783
287 58654660420889910036813626426222206899337294297757673567945415503713045947
288 109185513882754044874299318292377837032455587002138250362402499198115844880
289 -328870996347148113344799761267775566659718291264214991031805638738731471663
290 0
291 1139730975478901157435495024740189883018981101278504261393311680764872037487
292 -1311349443698111296122000734263140948970565192126104216898573369881958911310
293 -2441362629475615668181552738388872988113761929460503111921496106167746452435
294 7354342491128286347229594472965249489386764931455676023246783644381046608213
295 0
296 -25493038553962590757853866551231390822053645070624414434138832908525922452300
297 29335105985451670549510376274008974621333287808523719373864198840228853153353
298 54619931926184024161376576179258794094817361355768920907452079156315392244867
299 -164555353589838141927956177598542414732532097344855918876567895227961835347625
300 0
301 570541691268608766555191610949549564872459255908741544030237834704664680488565
302 -656601340625246728607004387002005202589386424604541277243697107146502465368023
303 -1222681267118548400895274586751914093801513521178349397772757032406101691380909
304 3684018501937767284666763092057796428125926231075984873247218529003733853004696
305 0
306 -12775902744179735418911530073470862510698218150677167917582711593175942688437105
307 14704583430091701071966441710272951677797502148292402570270367351219260731082823
308 27384868668711202806505448414790870469769545582883246885238698766827570138933242
309 -82521164514591273008611102007625492096640769552282800366837520725303784571338875
310 0
311 286237499755868426902873315250614773668517988409866988082156133035826149251792831
312 -329482923098476782974405436462145499991499229647029406865509635423918086390313732
313 -613671293433105743938137231269395423285338953152299689088877512259094297896366679
314 1849418368905912210499846652988894100697595792135155278177141147520292629406603851
315 0
316 -6416302667982542109755739504730525310768449157384540872280727671862603157753676898
317 7386437858765881551840236340306133617167730204320777329791430457409269247122612389
318 13758829694648349048405704903805883639612736322554961880944462048611659005351008457
319 -41469053963380889651255196929648473596355267095999491638995357068669880909160183081
320 0
321 143899583975526134722273893757940607130434057057747903519419322395682538317855517153
322 -165673180915398732585223297745044603255047401909805764217558178869829526902530403361
323 -308631933073874457927237786742916500247983631451247597329095947325398421892876877829
324 930305163997243658269477809486074009086420995696666483135799435101944727606981236930
325 0
326 -3228820826539703355470207807366552815839717433053027221528599100080041849731126398339
327 3717729494318744874353739764501906363918998900613506006016007252086864709354173952443
328 6926396538532212475612581063965550282497315154158693453769695311358020332903271769188
329 -20880100774344412747766780287525642812788514568259130886206321535687750411509013190767
330 0
331 72482254983610359991984318931751028947442949711275414707752461569921136029730863277995
332 -83465205495002558180609892174511685244797960085084987414103119026388763878310604382650
333 -155515872139973498734533298205943215806100998061096239425358883294936249767901181481103
334 468855925481126640309758038050648564233232416158184299623785295824746089906462940439665
335 0
336 -1627858705845342202544828863511013799159748385449261952532376679324205742860183081246424
337 1874688966481016571447248971866740732807606651519821761127046204730689075966406297633425
338 3493308915137078654001881560272015133648220282854255401255090380248689485142384566448839
339 -10532706155002300737710086081275567063390558591562946805858343391264007737910825713844145
340 0
341 36575743497836238030421597184705965420173889258383692671391526959655926770539018752113277
342 -42125327865958489615397520724282533728657443194213756934749862539001612453755766804555275
343 -78503398211099936300443370009094975983554848042936666835951947006662354371707960818348561
344 236716541982878912560223735399191948706395484254626113178710142892709659533428574774764204
345 0
346 -822158413207125568286368677397655552447828630473285541228807976173523386058613588442042405
347 946982966664661058347350788125774106024120697104294169726498601288481118601638212809968687
348 1764914414777878912739924384774674169567625641658476233976301172365156310012655819463836382
349 -5322306885131226905967920519355585128037006420173127138461558154954445509076260843838973611
350 0
351 18488360958061892128304668216854525646007774144323724466036426211213689561634283595356327943
352 -21297104793608846682726517127931165990447160814958508036203034735608310973291762039479368656
353 -39695140436822264335996779865901874529701341943245082676361435826576938038644425299309947775
354 119715034994746130098939494688851821404877223402971126595002377687676691230017238300480676471
355 0
356 -415926685495002622179513199660113896148212267216772916627876576778592122109318700574292684974
357 479152151351543605771486323916117458318503812440107592484639526758157635856712511602352085245
358 893150250827313281542574577888814264466807603366619685698151155299060539320675367167852292501
359 -2693828812680343879093227400145656852485107663092370318451428707666413712422495239192790361225
360 0
361 9360644303840420285670173028659293230620248707575470469879056693509498994171317765386785945785
362 -10784399027842273189610136115230868963782103940751002996809113858199053892501302135992844908413
363 -20103903622256928286109698671383668563039831311079949620099817677320217565511642280792703462545
364 60639978902677160561273386806860552361702194013801229069053147805937716497058407288463307802358
365 0
366 -210746611993571491493295149396403819479032004346317455328912065376080410071657019804769401159999
367 242819434103719618242171611522753720777551740229113019433235538414462074197277010534842103728267
368 452689420192687165093665526073844390504069522021584917392543111984610988690091131761570998851640
369 -1365561528309797522014023837663460673473171755382657093077035948762217591726517945196518940013315
370 0
371 4746536984619947558374788143953125848627502122394181740014345745824004843208607295770632885406951
372 -5469296514411752742445710659052672728129711054115561983957626656762261821453345263969381378409734
373 -10197177022858353027244144507226536880626076052455578171489827424120234364510285384112461476459843
374 30762548040432621622513905298277844990999859169659569394758322355746410696033585547108377020787341
375 0
376 -106942475619631284538630267294633787103025488065241353942704653772257216970184825568958968711141156
377 123235476934260975360950800194391160464220940633083232928052040566262230067959406312841331784102361
378 229781464233497382203146297645454811303833240134538362048952034861048155519957307882799713062422803
379 -693246887565308339743681798920544241078354810534914309476302599116386283787879634878960883130857485
380 0
381 2410330255788998315749743265322440652738335791843905681856956213744698259382989996874915500299978965
382 -2777743739143700668292301325906763621020807748985855480304897132042714500641535680019461593549684079
383 -5179661397179226356395776843275376880093596456365989043761286515848734036049356873657131195256107069
384 15628025086546054650619260179654317318688708843311393975914825496768233881298104343740167996721576128
385 0
386 -54344030556624910705231905886493816925992566815180490006092308530078920288811772095750878773663912161
387 62632075244382889595418564017421578850453994431864996933851584876661008844357052460601579774838414291
388 116797937462682133674537086348794929077300957944066429954286579664342619042382583195507663960107738114
389 -352425181092163559388426027449021044534822884176075268552209462124935951138182756657806489640552344499
390 0
391 1225666418022727497311511612672727854999417769268208685098370854589098206621376851588643678929520428091
392 -1412686602170006507303366779861900881855264294814154201052785010367493171307094587087196286790109038300
393 -2634587551102697432750466535352826067690605997360961006890151872977718673934813077083256252312110833395
394 7950101722329257287359225019805400224489261184927656953181131600946909458361502601995201774660566610451
395 0
396 -27652486877527345531454795135960876081056501090771830589147693285940261043150261396710886614961055234714
397 31873928793173104622317666910991996705314575962280651568824570330788292797504058746068936781001466548949
398 59447025673155902021132870617678292943606450621123661467441786794805337043025485470562312302832712573353
399 -179398069040525479939815749105923418937038901043909196826307144976087444001218207604877583153961755430513
400 0
401 624071035420477440312512176519505548499791175093357801090051783077370902255401051648462968183267378382065
402 -719387025581554413182816948287104342245182070316774813634501949528826219550226610356971806431048965335321
403 -1341788820159929563197323874224049603091340509517669216099170778650686033673941856068159161839784353559533
404 4049474833543711364547738245981954456437117955390307451783553166623138016549216054291155211428931213351706
405 0
406 -14088617234217223285183893156054797096370073271421322661705088667588305888036870652854642865403184895237307
407 16241399489149822850245193422913028671198408234625982541163989652580875298603574432280490763483619251151711
408 30295030260260107408079554259279381048043730515493114608899615465928540581489837362212672636132689848101644
409 -91434937026378671837731122788191223771279189572424586721600296254733136014838086501869087205366312046483559
410 0
411 318151474024844302317432472924232714366491543151426477012727914408851983264980238051415201484131110421342471
412 -366787798172451456062406864626210190144862445358048998315950391151350640950133896756385999273352724774379490
413 -684208644830046673176847474873830416158089336478835228137797734483397739902287533471636453338895809224527831
414 2065165909416604318474850292900319040343451303666379149931251152099077301371478869433685988129089635546638097
415 0
416 -7186667754677188630990279601839753267015239346027160351410346001516744457911228544314422441988945619973738416
417 8285786700913430534994020009817654482997195182909947539152685227765414979964820035224952069903713350313459053
418 15457261241475727650482824309330362930220468100425333532630533773173510187930768165821039506713349609243609471
419 -46657765621712908296695464861131708891667611835862043797809553772371107861633826535394397117212435146801053093
420 0
421 162385108404535003675489938226038834242828730592738666454071839304870049982765628638257957133847398558267976781
422 -187230684532381426826728789291391048090097972192261211119479018916709748126163680040233596010156073207316153339
423 -349301418947863341966438515309433480955382083055103896569459068328156271321043002426867511525771522062854237673
424 1054426108412024781302235559087983451366027359162278000055472836138509719337702947574854570466063917024292199924
425 0
426 -3670175988717597241197209938929815611930536000730257171924302650427011355686308855562379660923383216916784080629
427 4231962224026321717909746016770063372999003574051801395131827726735405255386816167487817743533311243495813985663
428 7895671322199567164758849064616640530322035697506640424503063822742174099744030255967789034338959590544590464694
429 -23835743571840569083619650444007653777567396832460534420921499108816902938020745428929983005664992386147262388727
430 0
431 82974910850028093401378563977858830114609620142413340095581742221847866275249141441680772875914457153225337032487
432 -95680888096289630854543336353984975655811987262659918025547189831828966035170227820295350311046160989127010916008
433 -178523699576023503037220528303754706914874570655372677342725784820462614868991755576110687774259801480020344161791
434 538962829806385217315654906084476540230523518091507202908615015057496015977737100364250275480154347471262246319487
435 0
436 -1876390256342028211836466827010379524497356643122885898896233794858165128298890626491530598803308288882693590001846
437 2163837012911505390892017193854784664131827906004093453248187811905245238242719382634428448359420978897844843455577
438 4037551670844338460000740480963554727684291421622526120189626053142513173063022254786729903539989832610078642377781
439 -12190002442885099944515804345418076510598289159853364812916205911719113064424260567320082095801805149563531722275673
440 0
441 42443712314476983696770158320886711046470498704994157013200507653347904976941321740272350188109199884675965109320473
442 -48948252516428921662403416298181598052045531936207245409348979312316764099149219764950855175778537042686051612018037
443 -91338335210626913324712346012381051883507252460012649618425364432381584384878003621953100503651591449155820938102137
444 275778904221824075169637014406016404142451578971206272486056373240419177232472724685089360672323917099789439645324142
445 0
446 -960317431186910859066687033549439860745751731706881884316823026469733604266804825299098714840328130461412911912884231
447 1107542991344976452477946393158504295512188646885477346708825464710517419483729272130974181520262934117632415758705315
448 2066799491937559205649110291693229364677180101515176305798541004304922300466143599173932191093168884521977537481432800
449 -6240624497388062773957138142114209604880634737324018133773581276805216634490579369331186967366490117799926127314375727
450 0
451 21733268342303778010241850940858246445022139306949062636425858510659166451549769910830681576956247313908835921008645267
452 -25066418697960392406612472098807185698557027391143616469697583023154165288928977886672298284996709350972447751090480606
453 -46779051707605447509688763201956381355993218516964470510087115026874640903312163412775541501893897147229276845511136367
454 141254533658732240813836725734596694027401027741928861015310667522940652445781639219331965277011864948128207903746963757
455 0
456 -491973441418219247502026814342131147637629643486760884602767451698977232382755232984243416353497007536144586405471771708
457 567453008251169811684546613462707519777030954670678091945895762885438879428195082123494342930869310792948642140173630905
458 1059034068833026767221823764822786142800308527890100788599087647238047341822722123087221441130300952812731813095420125043
459 -3198024060269017632992725501867998976196975575601841279120871447870150155798775955558990156942762082461925065059384702933
460 0
461 11139413987737920991265449354839775835003733689427306691117753070181730204544604730328150948042169670627243286872232746949
462 -12849053317349886356665096454123826170814243564866107482647376778220165465703397046791233209146003683480381334135307159559
463 -23981238791862015713846978799040479206227069460991442705888658753146661083177605287013816702800732781164885336833713744813
464 72420876046334113087952777118674875177103114447060454968122225117274374446965056690996042808958808022898810373727825324648
465 0
466 -252281182871496414344465669013654093642280324760598951250397024920304080378166712178611879329557188580591420105365415370489
467 291013910223360300199012607713724360743538196227931364734001885018311480464938774268721647405550217817731906681416638416183
468 543168089267327596429356365938749890610271908683286316643879366287982303071916111418411219719363889140209184619958987528362
469 -1640387076439911151122328143410548515359031517100423681435731333593833703295651963694856106562340847823117966468863448492891
470 0
471 5714878888801465452450995562138396459916499839878532435837609975453702132185493370244122198586793362749962192396662047196011
472 -6592582880203258586497985183394460453412335745529418489248511045389854546021401594936754141924774050344366922884812755344372
473 -12305398750281616133981081823258721358471853090850714646052234686587367094824886937507488430907300130484111117752352255014179
474 37164414385748877325646355947467256675310786609318113128488090012945969568184304257928292399711344886577812355667874006407123
475 0
476 -129487176449722665908266326269394742971536375440029829868504876223689999075801858088937682268410570716378280805654709585101794
477 149380735431551211177673191769782467000026678883226638021521768984497793868639829635233682228141138216617897647383574745463473
478 278839227245286661863434416430636491610922305976458112022662166040103975014309339829712197115431173411484285195635542808660689
479 -842179327489784865864224679693381819447128497863058027482195149807953237589269544731636093871014633435380248766515955385034257
480 0
481 2934553370778241529623654828736034419466741103027944163236236719959940552840446222927689368165802857292553395970860500897736657
482 -3385545933401332415913400592007522870453221827401078998743873973867847449544814438328992167585594405680034763750644935840991313
483 -6319850065428585791727831302771871915565764627979758122687098204281284843743257620376426120672610494280263078752640906345918769
484 19088692887086196461163687658726570254728544459639710690136410769841026006755518822888471997755940431687495462052398242992507026
485 0
486 -66519781403182345369363179928463836924764896376026114841565240616354265251602353596838858044040279117077333202379950745204128195
487 76746042523288073986352278886556909069310798708254401413740497042544710303871268665291456171867805137338695030019564489565513235
488 143269075050709094613356213443971634851759440810829809565250813311842529492381608712988106534258351637525034600771884560287440980
489 -432753112196588987772233784751629021730272213310611815269016417447619078891932511531151966774617887316594025518365711582845597999
490 0
491 1508173313204885899831658490775375472541562030657921397602366195933854059039746056395815465199303425814986949475980126584163419387
492 -1740101300363398067113163157513713769935108558810410367467895701827899888982751143641879447270350636926428858566291828006499252106
493 -3248546055150249560292904149771335291720155713372447770934885733460063399248675016177493372302259525884479040660434114568061107659
494 9812840216353675000763404140843083373612287327364532468508284940739759115278604558248668898625860728283667893896046699486810682121
495 0
496 -34201210202191927127597644085508638802108855112940140578090195759624950923656636821868945547072813281721001723865514158637323616840
497 39462308983826422793873387870954340796255016355912896318448083275333815222696593955408666142709948449485874072102415741411631378397
498 73674069096240132481013285787023960959553416317994973183828201098722570945224350947193098465852813201639053883182414851601041316007
499 -222555305926712912689051655072698115316834809142837390308625687299936463659603757178405526455756886861967984692982852745618336363429
500 0
501 775746243227925563521404107687846827338442582693204158792822654061470306896259985181840932298660279978560358691257908118519904891853
502 -895113456540594234284282328402368346758744823140469101179701587573563308634151096817120348937131604073596431865797899811250755042707
503 -1671196691073532287406475611688646227847645777374890146380173407818545743865904665108124801142521665513656124230894104718561568991093
504 5048566840420823061952240291986703266088036689126505001431090620324943009417378186581310187457249196673515256784917291634771221111996
505 0
506 -17598843489565207307020168000154055206544790453762458131564909760490224888892707939905039797732823127574546098062219337136312881175789
507 20307645678071756246130553172024162705683403900879779557507505369405976040592718671572686697393529782684513092486685533925553774733623
508 37916307293355504761489747455103479531754855988717807234409369798242049166196941604644303179913586111909889919890418460194899906941070
509 -114546938640606984119226926106790936451754845333627031259203905571130269475866478156212295002391560959074422135674805993999546127767819
510 0
511 399331090647907196593602670931706282787286545679218909428733663962643840393276405246501289515668478236120581129069024091364698589427483
512 -460813595031056649655378642504100647614654311933737130235716274108342815732438661171928506622550230570160718170015519871497590114156288
513 -860415817252300349857033049334933685352995749763885607739079342630935377896814655062849683506674301082031910553655613625859340392639319
514 2599455686299755216231709744626095571620973857986855070969529365778138240110969378248667833464320071908085454723604015933154782583797247
515 0
516 -9062854818712229919947296413579703763158351954597248242246354573637982629784291278680645651599640980294354022536354139197121068549133214
517 10458600390692356028583256522426603053939284523092916467776949270339605488436050865974804703838874972511590428896244903702400329522738521
518 19528684804305345894672374219948623445483009340091198786433813781345788961709641925024225488667885363186052716214291894309046417464201309
519 -59001532167057189815528235480758885923255498626230883197767248211529345452986097823711588262204923078679266040290731780377403257178330373
520 0
521 205720811331522423775717726479015060736870423053938013453098732722466748804690508245376322543809533605382331739743365304267375056140269369
522 -237412099637466161419845662893920521000875834259449115464900887361906505431945185744373320839068889925228774034700509432097297256680757621
523 -443320982912299155121420863867419361661717664442304983532688624776647211228333963661474009904766285182529133933162697667098458434269420313
524 1339443910321742798513890710770654664537492095022437054309842932608499718139481329790398729656463276719973831236019555732663764200488272342
525 0
526 -4670584030621464814725436812542676388607554668402981754717478722406404561808098074754987443190492345098864477319292901073710343774653986783
527 5390283154751275295425933467705217311456101203445453063233894217110077775416299801103881786479641343373466966253762996985055070027427064071
528 10065670907218580656755890306362157825084166977362077901230462147507928861006195078617701564309724924678126397691409083275725233297577383816
529 -30413375314761502610246926649924090410960341115150018820084639486451430564952920386747928654427724326947738573992130078780917028930393446419
530 0
531 106057747948794709490725152751932121205651900304028027212584470379360149107597120939608757025421822592750241824722903736701004551202122092735
532 -122404747743450435466084921717419379046416904129334793406308197408577006217043617634015268228758982546842426667259625664485753603344424496406
533 -228583472231561267699383241343238937331757401463321605977287057431995956035184331520012760301965059549761975037745426969272544292882129260835
534 690688263327080654168677962159069527536847434093443021927685985924758542984532189829895925817818657520460845381769488699920071736828409391237
535 0
536 -2408742617657150982103122668301659924828334802845940381250575608429284781439942521963400054997219849417878624186256256544491514265303929284468
537 2780106567532128810487999236413372664496653546087462385390649455797881536910663588019123353549785893306268766956463337059450990621695080759509
538 5191861925094699901214213905424006433378920278637490799228923945201732405278199914546546025362377903016408560804872333961314054471317850608827
539 -15688284510245800673333047935941174254935703249036210617801502570008662120901674940876737347648792992226393321109126746595799425461852668119689
540 0
541 54715925962685385442247294826111289022400912427454142913590412587013068911186026019933494784717500527799809809131558428783497381263624964590389
542 -63153831652735906899559305600703082773018560559730834319677139678751451197812131460725599688932080236078792589765666916169168312106057267758047
543 -117944106653710826960429472339626158748828246303986299812834485887603709159788368887820602321078167703443576027708611541779781354820632331335229
544 356404651016638474289749952895060969494614108923323160684220165268860075342473105668000082413937449967631612478470432858171736743079696811132688
545 0
546 -1243114368315504640924093551141913855314767495948437270938247269893236059531799740224034458008704305753484859391812050877072059846161227590025281
547 1434867076069419729219423355235317401700405086652741569765470642948206659252533006164855492611507736174806475475844491658823460196585121703298167
548 2679802510331733573561289474724994982067812605522208930085480937650631758565196747509747640774490650303226054478810781424824351892996881956860146
549 -8098124193604254361813184352443278264093779115699698847493946243696900386214426721382962647510071780770322035386682166879464308268771566373850151
550 0
551 28247567090281966128164380965274285526124601219005833771811059738254179712688974514250892348410409345119310558369039809288203338735628750470778743
552 -32605885617265426651875738851866312920650988882189211371379263930299100695861245685801389885403574439909454572892055675210266151742782571200600524
553 -60897776391399578240987035509269338658440780143049805154308788016412340295502487140304716277231643606155255332789482811729065920117765768165494083
554 184033693353619898991053475733561420027460990725030120652870816926077302565715643522946027539109013598824524090061737686555196781200077072372525699
555 0
556 -641981230305112738721050972000947547873850236093033702824142689238556198839582179064625143546991193063595846337003175961201500212398947261250989082
557 741056621871461546786017210138233035085562254184026735600587597492196241758751717305146805767466906176647281245714271613974356873660448528061684037
558 1384110890754883026398893410099015721076024287967648030346638210113088350067552749954900517641634349065183157542708539299032025352536639543432695793
559 -4182931968704954600878034185667055589663948833772839791690704198073765722567394936960343028203446347087448463505519621766651889608191139828013217741
560 0
561 14592632884662386574428267583014771372719076143350452449596660977897047698632253073192297460696080016428529893423924610369063589681647887893090719141
562 -16845215732721121936251933464319913375165842389129841096298650919461891045111330094197691744706193511107467742540162526643811943324601981488109675177
563 -31463706352918915867045038371740198266948590086598137374022047747192238455196803458664615623504698087162950638961916201320692992356524723310562032721
564 95089717226101771348178861631873175539084890436983941381387020837897591450448139646338186805616248219622941589637397086949312300679977331345379463850
565 0
566 -331752180315425848485687652656879477026506324648253749277672024078417438522687797566532193593618310114090235381707427615233703957887324408130523982635
567 382974908216359514718928786031628511252563348407850387810153914485888606528923043174463215067124487670044411863477703005818570356087724793592243941035
568 715347708234675074095844222679188241728889414232234722560335379029923817635489528221523666438012969985292575283853093554609590335889434512736388995868
569 -2161993502708462578229941638056348005769215589776219105070941779255532383629798007038564745526194796952261844977886296032851939105727114547926729753927
570 0
571 7543302239900648838536938706430840440820335426959774620729457857576851047939175844087611474348384003300650278040943527491718133730327781522809772105051
572 -8708260672186440756336008225497710435458787808658801551411673827831708359405311543997712520080800247467755862157629508195897190441114578535340136018018
573 -16266406451037130478797034331325062079766481154398910319540279750482275963558732951175976983756604444052015355065991096088941509495171070606503201206583
574 49163421237900081292398078815441048877120541353933105408619166851988195741227058318158633551463731323782684747710814043979077014323193117897622040774217
575 0
576 -171544046265477402343081598424665019763104745903050603183859351849323768451170825763722220914831139154705625575104467655509842614522253483529278474659040
577 198042639635572192629765994035914895962032717920810982331592979975266358739359576007657055522182676114046174712106315335151843909854718172530468931990465
578 369940606935877782640236704919900061875010227797555549147615431064642692937835606404323883049882658743167616890247511692114577444958646489945988834112063
579 -1118138332024573376855445422633943917396888374177637717449381776366480389523400407189852648266812008814740686930431438390255563322128702356391421016276689
580 0
581 3901710668648508731308076483248048998273760408716031632550980117582573185714115701753128778352431784775845966120918729028793231698437847026693139351064877
582 -4504546110132938906991104130736290095985005331692638658146113216491749048729339966080330657805193702805057025972147790932819392630037880916623929979780931
583 -8414672349899919165993897574013929509354065597171339880249031659123695459762784133878633952169578662813361261445145323810396125784628656553769218566910689
584 25433935880885620899325427261684028020589856195475881832664159567716176254957450163507321880017356757840213152075824648491098981393203830694681675801725796
585 0
586 -88756184916049023597970433081536802328116525418596389009949018499917891207844996646381920690728217042060838961746226264112678027224335487158031622321985901
587 102472492807339428053998901212566275397269367610574465814686405294372947471545916782347505801317825736549729556617729037664725180444988482627110907728807695
588 191428294627265362073730246000194323743986471766337892535790800776491216197855868112776798823448596459503121543000527186283775335389856296965795280951244630
589 -578622217247401947126850594050046882189128887486409019749599195761650177872521735513461423203140922234966910964436720382720068728151639727177185767997518243
590 0
591 2019320510739279438727023600620339300336285092301749561805564812493308176147136006058717571934460458295619800220171116023724178233286821312284450797677068291
592 -2331451665379826847634788130989752282289586991850744482300964758293549526130207514657036076692206613162238959568708669867450131168744072517337213490353286872
593 -4355496689627198484425615864835105092610616898775640944311509593394410242650579014883823874472078151337607530119222506543758096218199055945472459727484421903
594 13165551714868100347976008851602692673169780405413789076196840742094858794586899128040324699745405130114147416899642234684355854573309435360429687722978258167
595 0
596 -45948770041050932834863632159291541059299165358920970469899069776084117731838445586647162735931097315520054367977975494084299702168333771688666417043078576646
597 53052679836845389664002684737977517742566826752899364966054287614433069924836805837430009769204228663092023725994959211639469633083648291819896294668611636649
598 99113048098020072674564732654304767876938592591208451327541922496867254815558448116818818058887532642102687372742910937075009032614194853471509542961649466709
599 -299601788454426555671282904392191586051901728902919870621496322957625494482752572272337836931648736693373873780808753753797419752326404142614145752632651964105
600 0
601 1045691298320504161171057404622353264178547629630214031459255291380582657406354252889918103244975239313895789912073676841079836466845001972911232172577437079897
602 -1207393967299712849561470763890026907969547336723830071072718167302730417910915954302689288300888521063517447482677027366194860714357474990041714052292321431381
603 -2255716621668613131927112975547955979301579800567496202844313862750589648360358926761004777706521235106594900303087599388020646859814411424013094791206569803741
604 6818833727568611033735867366170228546098696944756946582404282216741903519772700962538898032733846679697055467488214106292592939598711806509155427279894141925486
605 0
606 -23800882363094953430867910558175034741229727037480060406364189761275138883898946778732550257900988812498795787533618989681103840278500737832932501292949459602215
607 27482133094063679914983708204193895505808477027026327129204190764535242510522521681496112251084394271544021487670992553662325616904339992614928824848952214436715
608 51344958919990641845674033615243553871071662820203080737191079259381079180329122809073154504141468372003443308003722207726773275239778761572747183016033481162928
609 -155215528026114717768677248509897223251229535825414938939202683592609674305004870757382122531241976127131064994055849694297631330863413498279535240130923566585887
610 0
611 541803240049032334390147023987648244329073188807194440411844780924742106147275656549570335073883325127493387672068774568800402788394920137007655292925092359605111
612 -625620048859469704392743640153641324602112111405347344542012770949016935206044698240568859293184007225900233130588031762275555789883624404486053502362488566483710
613 -1168879309253933183798465593118628797490702802116118294651787874375268042737122023944765552376199830130758027564633692397661593809185175502341385306186601689962307
614 3533610120374185367856183228809841755106339141079765186701690005992480163625683974082070602056889197133417962153234407193308302288862886445765739899624173741308605
615 0
616 -12335255630275773927582330641624750895363110359993432662739307671828890542481312170806860369673420424345872144196330528129582651964837159495233606100898455937313164
617 14243893050426869280217475321439956546503952127318322080023571751534711792020046108557913308118451885105696339458142520541236974766880227443580347418151441207561289
618 26613326999347958213796687057697505591545043705452488578079630865614323755835533878583242249769237213061902619712045468722917248518771414983281119227287542644500963
619 -80456205219894591895697181221801800121212162979521245786698541170522039226422170098413267825398032424362563994943386133662129724641704617272818734715779779404395613
620 0
621 280874161956894449166090562398245594140469883371638615529867130489284620403860749258157034492928781215125548527987404769321838678155535240918176673019992994775191017
622 -324342339646925580545244449766844635813802457224930709593701363629287887907083752123449296364334339640275711090798249668882345957646517662176786917184008420707688983
623 -606017799734901610363925233912615143930451596495741257133974616480570641247830863512064148102551145798557965532454519839824613807392221092441135132741616903701800741
624 1832132960376554826145864494165552860063389608217398019273553261913830144757574183299844260757785619005083727090783213004997550252061387041945173245859855239791320376
625 0
626 -6396340729135301778840712083567412270220434748348679251309193046820660164110411332763884254822439745545010804960546736064208928862698492563357875384755362680893594441
627 7386429738454451208835574706765622226382904358166248909170126040748974313682767669623823375434456624303626706062676502386461315309964073536149621461423528211496432199
628 13801535151956718047432304686668264334805201450850701192280571939053379468973625450717724281742617182541104665845662939216750416802469270103903977733278014550883152490
629 -41726317445206386110921586814212073355137652971159323044174802107678578589298667263510902936410509143814953717040338583456765435134948102543046363026209573606196579763
630 0
631 145682257780496037620204406721778071598860529907542657386554358776320487160238450531252684743108087895039438399081905452975809856271043089757762351517444024602233578575
632 -168236642901932472178367052871647414555440187234846496502539090560999540574808410498489712894726066255892981890892352796908704815814978954161086115225483073876531284676
633 -314357866776808775287611677843086166068215122300273455598041247134993849541195697763209911064754256147059567697713358812533696851911781889506301719776828243007235558595
634 950425051342777597824526536000948571575280020300309546446684097521836644255844192070200644411067271430180807880365666675327583869215133459204535828124153291779912013131
635 0
636 -3318456567746855573223190455387846416882380171286752090674601442070029505283003802749559180348607483695577453321643929528323053700182689556955405902093508799100482555314
637 3832311880032565036137457190246330376683168909801922877198102367149544255036790802613634141016033162445490594872498503173529465891615655105047827110229476044894255159481
638 7161027285036145675149487692016578371011237656751075769050444352706936922913376576540369821846705133982908174542271916891821389246243746083347990988441739665530091585281
639 -21651080776848498959640971300293594989333762265324102800049379103158340450948924985558846142927738179218502133526602932575892376787622922278634633540917288056470065344981
640 0
641 75599541669250168207479582297548975594206592001761294338199724477691071107454934456447346441864493515786567363946553781353270197821029625835589955830565352538799449231505
642 -87308088453880417449416620599180427202440644121154649278482222423653720686011646773541634267287147894734249854841718264590716139389918363942930683677100864036156792435169
643 -163147167968979079192862892818287574652832420697674151089449576741328914021479817280033788636415030810969795305046947520428405636810054778297201628926867417106010874931025
644 493280939868598327960380818825419104687630447011762172407114477480219106378997306487050809985880136550154120592072203908769097580787568158874470396039085721266232373463234
645 0
646 -1722482848873023669689202174535276576312157193554631018431908079173302555933052165003151427340739466674385860652422824377561106318712020431138921458172488388450479293931675
647 1989301770840266678023183623288386299894239016983173232816242642021161354371533932467309183826026007452737757756462126652407950065713738663809970238552009329311603411176563
648 3717373017528190293420316964922865185302098520201936197558343095059179148691252643769285144563286361441828128985005606767191293686286011553568911300813108912716867596813444
649 -11239870797938689351530139774539791199527840156107314507712119802985275793965932802673232241897158729353344759317602725318319333273750012408166820784679649269710751513428111
650 0
651 39250261728699906094998821744462164747085723346100956766533263580129434566884588797951253798684516176196476282674254701700706594407468842832513507707716873217511346287949931
652 -45331345077203238756496682623220579204047460886791952520823950105445959090620117813613073723388718698559389225846612113007896800428904570328862643229506044724803564214664602
653 -84711882480665523049767739766206737190648531818748366728700720409969853674622726020918446296818129293915508133711329033724631864356135483536516410163648143177474975199089355
654 256141372428366225356183748921831870969423453342771824033797403763075705778673520723956736758161675213765832811436042960274338515082542027792669412060261953187083186124473489
655 0
656 -894502011806792086587210380688478282032816410447615464730392619295481874324610046653612275198773822038268660222704677892368139541751799569703241070550071969164148704813522552
657 1033112222147570893483150285382561949211394079597436172574965521507144198549109205079011100257565121840701218088439204716876234102775546434064642732101963649581601504724784797
658 1930649002013016307228369623418628947958037052403555196319573726061916440099796697589098829003537568608685684359221108981877570541967142392008010301120487343081870304412851095
659 -5837794349031058671030881690713882668535467645046043045034087642203076749746738854161870379728108740201164691100154558096607864161081088171769790103634749526427383333951371317
660 0
661 20387802825969038622626339803436725310630538405776658365850076564247512845836232621632444261292894816477401132601852953602886891047801200116676911237118634872329547227618088317
662 -23547596145554781668950995851001627532274341522995485850627988003211159393877771639051149138987255795321337882384012743951484893904442138204514225027253913697325324578255896099
663 -44006046189694411119713539239463754221972135808197140158107372876131505804622244464614419849904746070482689576244661045971406814608258744621462944722501317286859983331891468309
664 133066193382863913740933430424383314941286851554705985708703064122306622494165051489311316091821481114546357182608752038762681217615499136533258339599669719558685578516342203916
665 0
666 -464738988775638213318812774892290539246927676106380656089048692679019658109457840982570922774302809219980631448028988169418170468596957722224218413143175669226896834600844988685
667 536778471603978013060668474138706642701324411227065921928882830563195670847654260464302586764216976972496853677336660526045983878360891077669335778314549448933368759025473294775
668 1003161042468307516490546433592781523085079881087437021397922988160696237463822559524952536365883936712948855133874354040836988999394698819112769158111458955068747728796736383550
669 -3033442791593790409579535593716310020421488512616814969885922532575021242533792243833990823040653642262643449416454066848421981485223447859715420187044706702383424713078986113507
670 0
671 10594894401851213916615709691108663427629318934029831916334993104893119916991288539327716179260034238556655859279616692788578278137621587753109838442205758408670904573995419733367
672 -12237488418279898348745525759458314312368233336777104695718579308839841733363116927516241112985347098633068982634274529534139697827749104334658104642684024471087829466342563769136
673 -22870597677893494835739693150611058117293359729656163874501246113151048941379744158396751241572059827095133957558346347873298743350959968197765201988182738223861858311434086890511
674 69159570575176326201072127916001892885685592696229294901579884751254593546129648348294857016195235288625844706764747986967289674544069674482174716320000960540797127294139495363727
675 0
676 -241564033151460371424743462469194287907860792752408270074043307407441484240023797087889623732512310709283030754863251071906086167376696604540738865776051675637724534756435965604110
677 279021372640622384776929618696571800594053310654570341275941452791951173461437183359122007163347434588586527603766868606915524195337675600609918833674547023714175132369829117525757
678 521473448556723044015620616683696946855122377590828639531033653229037211806677834568982031326393293104391191395666567855749656150971241912594693550060086289786315803559459925688397
679 -1576944671009180271515314515306164204096265442446383845641603932986258162204431624306448356315905331459469685134681894134091048368659379570100933818495754858370674165535919733295949
680 0
681 5508271252636247860094884185774945089522003533347980779518912022056154895475762942239447341978217028568038058572385921955712316930485569165071185023697966286247868031066148492802345
682 -6362531061147923092973769540360352865418593564454920441671314702072744842181880855306130334387758975828489919223680704713263367437673633631107989990072006071170826411482005604574861
683 -11891428135228187876928876503197775248816476940855634248982526295793208420102442989709048003884582039150505688601623818336226954389249209735225949182538643951068346426249035542244153
684 35960656656600858258522128928727923511355162075598675097746233915621748139293114703133631121908243791942105206426074655647426587713656110963891511609162105835777212304555332467269494
685 0
686 -125616034734133455559273476267789175971543681094071539584146597981166487069684697541284830790545124639621233403210714518921903486447558908738047954882764755064331471088441393182448279
687 145100509686830792164455296956777834043558310777632437894247614828875647188978945740252801146674100345310948446351927260487884704349387087104534325595855877502683413271159847043943667
688 271195370881371885004478237752407155154962876446663531425324930975407230048547471464557017016419280134316818940403900207335467580500152379575725839091557383886670118538021149060151704
689 -820134492265911380519963077872697475462172078848579055767114324932784172793096174434405649601254573515161745976569968374595996775017654822633577646938092105161546430653012195228315631
690 0
691 2864975274571771349714651083787487174255661713616518566458917953340210061079645274223245356868193401553193182672958105077912578993705193286723635128049629094820731487067219680234409875
692 -3309435059728514856141735640311537270392908891001220312943777042840344972831258118581556118254588022243546324922132094609132452209468464609737193326846401234496837390546108764893120694
693 -6185521183508924789055294046799455815022207083061214936696901976926658272944199825151475390826167793041799707378412613153701770912280651496684747040405979041651730214790952935486854843
694 18706312205675743722962472868913103197168985583621565364526185450864336885231046459802400373285526973361235311443410777862805606009085398740368955813942779045603375993034221989236973861
695 0
696 -65349467058811665126343605898518274395071985132041159813424108355059417664356886193967344076429617975413445977801116000512165023550426692131873704934289116653391490006336013641257444036
697 75489062481205913472068874247253187506664187867143108852108036157468016533340660812415367780756204367380489816152937530274623156670810712359103697801573161638392325532705422172079583785
698 141096238985359230609790533447176774586825614496777563139079631036197145202461191433045201780514081259321544448024671555889865082257265318217050572661622076520252795890681341088348726763
699 -426713381377688645423531365150335751014934311515335971867591146973230508261099188027093102647128789236598581069585864482397842980541767914362624336259775879219923546806581428206285606985
700 0
701 1490760740332330732507559422136714273632726239038267327891274957805171220062558289943697357235029921492418043444625538127899215930061220808235692244877514091555079064879246059753728476789
702 -1722101705797661160526152482010299174364961484285511489249279363263716155222093652750203083798775092842373242243617984119767155667636882031996163687849536099237808654383546549043165697839
703 -3218837451046057833540465328939488351383640588957397434912301633271357286799887081045829907461090851449499182830738046969635191358570530850687217444276120795484624821115282515538401678593
704 9734837092868221258605170398924565492437046263255432276016269208056617482511531010929723225013657424288827043959826410715655097792757983231236377115692619991092533236274169490283135252320
705 0
706 -34010885056083056049477761485967213294906887548997888800913569826577448475103407686950957109703357166371506682126915375030038793688714131083289155382997567438942917087454494638654207782753
707 39289592688134277745293829964642522229651517016132946887135368335236792268356223049260238245928720553447450146325119282068384742373115369292613622995302753976452614883608311040452168221191
708 73438955856043218718757462300303822685703051348172815194518223324308729483928762923694448270050124472149664941660145703428218355308389949233021713663598758089686851361430633785742229066674
709 -222108321242861626019269646127511059884454636257620573607678150715906539141098858439904155869032277916633416063833229150378829406192752636833767124967832726837531189631177845851944350994099
710 0
711 776017273740164222638449691114352366850858847194911604574792896846530853503664676636370562935352192395291232885327615577047869366620914542070290847886101408942212074334206637875687932946763
712 -896477928681152643312241086229592207332703034142703201460726297115204496257632487766613539812914023035205069357641203059296506082515668942867527377559926790116324536348208401057672312335708
713 -1675703453172064185628464660369764460499021665868681510366376145173626750440057330391654521711604956574686966181434249678328620329006765098749164971989772811573549916031789939485442898706531
714 5068087129431497181193984134525181578236892060363948738711561695017503597951613465338867819549383961140085340385931570632026290910252145941143705684286727480681598582978452017352127094271043
715 0
716 -17707926193681115686494995239147539655317883167102973152448216827313149186851519367901667238271924865296244426553036754939630937695660622876655462557117161354848765942753210921052348436286762
717 20457116403923399402188604652197699325298475840200782253414706255106329149226348806161744856583633831165101336242759735626612542099716764713637908323119085122301954447922510891638646018119233
718 38239345965013753580510759252354184083509793280481814469505672737140294273280499936930749906317864551215673834755806889790571973636575016846188158645140560489518059249097786686328657904675017
719 -115655373705232739908452183653566892651439369985682413440614482278573400798655403374279480553568205374348953014325577877008542791372190250704387751802717930219838735320760320654422158136456609
720 0
721 404116219653050541914403789221175877566616633968921008547000538744391539391920853232391032198109748685461216998280709650496170919918034757454556742259151032695602316708017053013915178834108145
722 -466865064857357340238868192646899399476225896646429568461538356689563360885436834536818279218558607912671835500095497955801199051095728060781353372495241005508268718031853631881712861650558601
723 -872701606840669510638965710293234474958313271493087247979522096483066743585033631794011830337376906291911359576411060008341865911555986849818370906469773430103059708168346208542741855026215969
724 2639547441869474744665994990268084986006871834805595037628348316056189145500687693843333361646295998853010658265777147286842687020086939139277802685981234611148537285194802049331940989523346682
725 0
726 -9223304367751670830847992867992883076146813251408277798322577470810109768415668860581839036403396371647103921308443929848489966043650494727864878463350849807247114390315233622813941694428017531
727 10655648924152152926848255611321638940874943779726269214759296976589519568215602797462974642721848663036297717753778086334029065384272740842518122024398721089625179216572121375555180986025457299
728 19918771330887620399946128163690277432140993459958202548782018962909175767810388458627775498712411792315796277554830073500922329983870521748542425820796319531947937844716338487740593293313907308
729 -60246866558600914170076511916941030704716057983783939587080270145982980142160861362690522533499601041517831797910235768416319511366476546802216632500773654129501441085600869952107816279236321139
730 0
731 210527051566821045753160800437401061765395082522358407631797814016845421590147046815500726431597424106040781361240456528231313198045035755335050147719292655647397209832886634730113982986883924135
732 -243225679347455403606432199616074875739143477498395938245430197374352644388787452020421365145477360454281891917114171263775141134825716873657059645627725158325850354838741195886943314197471041058
733 -454674083141887936539215215151605437822548457065352679780665046624556371304438204944886426338464861405561061618829416388751690986414697481452561729361689725986039272007083657202612035668850407819
734 1375245484574940542787557548952197729267440122197595098884934496312845817395119691258757947598455525473235587953915767161766662952513340115657230782754939311385979352046234103512896353822511006745
735 0
736 -4805845721620945837633010549010904416839144955732322928287224780120236949514642278270375572036131577116925030936135777304961017392325618457012643622516398540263446999756736188774699394222397043728
737 5552382610292630877553973667584751564310407297703945318870997497402891732148500880260425154522382385669994052686081806308257691891071532893625731427647040496141540123863597617759065716383688840717
738 10379541789393545721510628961677460183105060715364874268242461271740053991198541207407346754995591471706482075644757295515477699843959241879352037707302026071644663875230976382374848029796040565703
739 -31395413669748815999644553338012984510759472855222602093184057318719669122894590578333229048528282917009410233186465205034970274975997947324073932100388006504164406878209471816117214687585842913957
740 0
741 109716448728392619957334210886819194544391419873050473047394359037731913734526944232562710358376926867552055363884898349955659336291225295214375989403961998299240719987472369432874940039389245200873
742 -126762045270453905896832697817561911959223260938307593224527302865677262302899556021211786528659239406022855163427974452810609565265685324385686413317715335203280949470467135682185561852641729535891
743 -236971407492453155202409964728656949001618342719599904774143477275320106406029438877538525364463223973902413474341460417792788160517100280600433852686890241998414809234692448723443622750625333636709
744 716789885692671567824862794470365646215726239378948476058866519335888285798889591993741078630328950415072756004151804976285275467797625325565544448171249618202493883856254804337808933395096249454964
745 0
746 -2505031101567605037209891851677724792267406226975061047303940645127182237577971963451189745867534740817760251713092951161746563979804236412570269636243212723559070296431319073324094257380919002595485
747 2894266028604245933943342617937935962556977391668741657191500180685880688585977573546981596061218194377489935514700287406868694800153347134234971773381260115198885774297026049993753499892777221141467
748 5410693903007717099830667244017413540447011975256515238136333522241989557191436453271431699148916335029101289615282202998559806788088733630894529189434536961860125647829950113522023974663866406678054
749 -16366532346858890999136551219422012761393630272967721337698501843504988634953204398528169904649296198642991921094194699383064624141596799745445411991831970907899603586338960405017927799112979779941667
750 0
751 57199658896174225587888570730226930166305039772607718094776854548520783504158074279435146589034771543101325912987369811572274556705994984312597931927425393893467215042656171778044347332456882922438679
752 -66088590377365228420816385946467952021454614615357727962105746000970563594623156538891752333225308466493408367879018623352105257625612782528222134704187604274174164749191346730988758618871175690112264
753 -123551696058464078042104683218415794805137742793021746381959159200293389510368100388991761462481490180332228585154007483930278707466048625631726011628463453270107886807535888622803776711248414874570987
754 373731843605392538974921635295028566039031407232817276332057060445071142705314614215683658021505380214037701579384012533641918798865060293764349352781378836121121302571122090473000656758536873000407671
755 0
756 -1306207508205561846691987545311637352910561221127087428326297470371022072965104218730359764163220565095284335766906072375094281457572042073825078124669355089016759712081550886295436106764753361167936390
757 1509221031611454956169839260155706181117326220768013162624485480332390786481945467110773358022278864931405213927540158397180329526329057815063582570162197136841918299728511981806898715080830443430075997
758 2821517019356639239432134881161791481550082566539999480600179009136901522678665875807583338798451660413645597294360710903104326567827739641655433432248232516470614938121845699300767141369200415351214877
759 -8534963117251190680675921412397517783830545947236184474334412906345437600109617780487141988484145855688180465493655619720360798043145432969237323695311894774644065839099397185830232888752998811658714425
760 0
761 29831069703314296240989085400012626857083549107047395687785780344363677184131970621938658722937110586445726671635944086478346509201362720713897313836374950025452221705448530436980170165146414776314632905
762 -34468074480456994082382491884846238957586863542541597738382011559204177989752980277278425152294338573170882257591412730280776366248982183253301596346621257021500834657336030903756646094294864621459939109
763 -64439824890171292975097432266487618045641989262094191166101226985136726246710932429992050162484558484778823518579753081180072771073781664905639496987716884922953455785162154392394020895434807117633093937
764 194930954594752838597580764759048220058228678303805821494053547278083022595044432774899746751275576273507963194503566201668235922479846413761014527228201706663634320836399670213625531651978892896951579934
765 0
766 -681338446721996560046379283469562559725118303936117853266510105838233801666048806993731916544170883278585941298361191552639924183474082100894597445625480082441079630777736799934718830350165073444404478311
767 787260600062065049319413259424342103585718838022713136210541898434004385877151062371907288983470005599050100929784165461944850274024278722066645719090924645306093210513631402693613487262011843208770823775
768 1471848980412611403403143958904960962470134917566938627831897888259880552257693748831087885242748692393931703531904692410755674566640510869652830697573939199598164835074696803232799135281276458912226577792
769 -4452429951706099168208723590894149605440647669209557850068230811637606379577353360681182512000726440636007661543738583493087877921628327821963899283470466940549355612908513557604930637758773698068423268895
770 0
771 15563020770822596051456851231931302760988864700145459399395759071154499146659742927886978065566803461365718989695131309193217827086150701905277921424276978331825749490655714787474120921987556322218151259807
772 -17982780642017522326785191504153116439343095349470362917173890953994580734287038203985037904219187216531783581646560288932281168236505069366378233098949610002912262538149013087689723801416809904405868238526
773 -33620865630458110413865974564548387791197600332352006006814557019403112192568726171362375075623512080239951985942051772062237423530945084806471808697237399406499906267733905998872341692877376078755025122371
774 101706808376550169269958825128030050344965288372888303718156836489060927130582743204111788449712631950827813869269597365704345943534450311511818277169656624723159353805930638782549186658141764807308016674053
775 0
776 -355517802487610770367681968959181132653347137551384713985438230020828577748893112380043752190500955732251474778039688999025140521159496548983468264647644953658182989150444344356218339661838080655842292119036
777 410801042431986376790817409972049447799482630728644176589078425985528521168271507222853792836108664837801440700712689811724814028507101289441999905228274567579644564735613384097643649121876007373888787792793
778 768052305481123705704189055867895225559468222988375680081064521494513336272274549491814412270566169373230891969926403597762680935458940980182344841357307761423328892081714884286784275860186023882556108259891
779 -2323481022244742650097040168516729014923420271832917471298872876356086470436644243411475169713395923053418908184512475023848046086832449756901313898472461951651093066031134249069133343727931260074297301005901
780 0
781 8122033857621868783633087668606248281211694024695169298976288451131250114767928148870745058571643034544128657396910145534217606442064667559522141442130276634462996088617913058686111568634898192244722941916741
782 -9385169525983003688512023360724164705130354104471455774518803663775233598887833152689731371027379165797352427160769943557250281208944787660718722855242799306386277795299813185632115245962038922515625781368191
783 -17547227457022323814885918677453821240111264423486253856887801270718273702918897911835544368876722577503146804562859441791772911645496408267024286871646108023523431316410683888366790721774650995701320809069721
784 53084037061990406200291247289529173380774947368865891765679030460615096908851598302672966739930076665137872619953599450476129088765643396729655378877183040729126266083226964085341606159635548678809929040926984
785 0
786 -185568290287838153943078207257251303228829452193863695168321023360266369403440763058673830313037379310175141566429570818837582114334551272833354770969949826744396864769818215489600411640583018022585453652612193
787 214431282945156662793609699148148861048802345114065509257279716501967848631041529820653311886720860308954765316794253038645245251277460841701376063653133801772997954950835206794250138049009008871162990763739575
788 400923544573063457274560494546186194426137531965425074929199285547470379800989012193558170032698124922516282619304265346128429802582726561268945648665396897262037091640376178610341033455667498036285038832161882
789 -1212897259751463226211495021825039582260799475545058816560715403987591027587903869779458349476573304315054040306986810046834065966020135709853588743776840132050848589616405156881854647765352755921063676477542795
790 0
791 4240116754382709945487601908233672180847855732931706063867255429276834884721949072078668623788554126914309075288732836940466418459456180634704818482693169030434912567893479680696597110540845411053836538315543315
792 -4899696225774921155751332751403967658458312140469490034102424587121287957973300094740876502725898273797998942543168451819434089456226915433399632395793112835827840232867570140579408709176134661999808403073782964
793 -9161139941635910871899916031354002628049409871492639236976169122899290013821021234564291002463568457212360238515762315812937749381005379210173169704745941000912965398884758662743164832882496640420795664902591175
794 27715256231529194195078443071560310404832700631271953069712537767289467938686566404836413222390931026315445709381217597270520535142473843589636788202118019011787642746106671678522692997838836964704927326598728411
795 0
796 -96891683222887335475441535347802577311343603388997065798045142696760780055748211801222623456181245536497387548083277020812430650562141908788998788873630421562088901908820587380042674445210358626696030888284906322
797 111965626758637711854882329581972714384116068429616448085044662999614369656193407952623908074134707450272968504448806140958881224968854094750195414106573343529524537863413914364562480525116555654795501716865975333
798 209349503547981264242015522588445511907808883972661863185501899070436592460376301273389875811306066012149217533261989059894483151938781264254593789297855749600692422504529471185422341209247038766380939627999416433
799 -633356390162592272617097171666948794911231325007889961527871956099412293538940798800849028961165885345022144832367916647561485461641308354929608806092751188872636514812405708315365197841574315056188547184408910373
800 0
