R2 2 33 22 9 6 -17 -12
R2 2 -33 -22 -9 -6 -17 -12
R2 2 -33 22 -9 6 -17 12
R2 2 33 -22 9 -6 -17 12
R2 2 -22 -22 -6 -6 -12 -8
R2 2 22 22 6 6 -12 -8
R2 2 -22 22 -6 6 -12 8
R2 2 22 -22 6 -6 -12 8
R2 2 -22 -11 -6 -3 -6 -4
R2 2 22 11 6 3 -6 -4
R2 2 -22 11 -6 3 -6 4
R2 2 22 -11 6 -3 -6 4
R2 2 -22 0 -6 0 -4 0
R2 2 22 0 6 0 -4 0
R2 2 11 11 3 3 -3 -2
R2 2 -11 -11 -3 -3 -3 -2
R2 2 -11 11 -3 3 -3 2
R2 2 11 -11 3 -3 -3 2
R2 2 0 -11 0 -3 -2 0
R2 2 0 11 0 3 -2 0
R2 2 -11 0 -3 0 -1 0
R2 2 11 0 3 0 -1 0
R2 2 2 0 1 0 1 0
R2 2 2 0 21 0 1 0
R2 2 2 0 57 0 1 0
R2 2 2 0 13 0 1 0
R2 2 2 0 3 0 1 0
R2 2 2 0 31 0 1 0
R2 2 2 0 7 0 1 0
R2 2 2 0 43 0 1 0
R2 2 -2 0 -43 0 1 0
R2 2 -2 0 -7 0 1 0
R2 2 -2 0 -31 0 1 0
R2 2 -2 0 -3 0 1 0
R2 2 -2 0 -13 0 1 0
R2 2 -2 0 -57 0 1 0
R2 2 -2 0 -21 0 1 0
R2 2 -2 0 -1 0 1 0
R2 2 0 -2 0 -43 2 0
R2 2 0 -2 0 -7 2 0
R2 2 0 -2 0 -31 2 0
R2 2 0 -2 0 -3 2 0
R2 2 0 -2 0 -13 2 0
R2 2 0 -2 0 -57 2 0
R2 2 0 -2 0 -21 2 0
R2 2 0 -2 0 -1 2 0
R2 2 0 2 0 1 2 0
R2 2 0 2 0 21 2 0
R2 2 0 2 0 57 2 0
R2 2 0 2 0 13 2 0
R2 2 0 2 0 3 2 0
R2 2 0 2 0 31 2 0
R2 2 0 2 0 7 2 0
R2 2 0 2 0 43 2 0
R2 2 2 -2 1 -1 3 -2
R2 2 2 -2 21 -21 3 -2
R2 2 2 -2 57 -57 3 -2
R2 2 2 -2 13 -13 3 -2
R2 2 2 -2 3 -3 3 -2
R2 2 2 -2 31 -31 3 -2
R2 2 2 -2 7 -7 3 -2
R2 2 2 -2 43 -43 3 -2
R2 2 -2 2 -43 43 3 -2
R2 2 -2 2 -7 7 3 -2
R2 2 -2 2 -31 31 3 -2
R2 2 -2 2 -3 3 3 -2
R2 2 -2 2 -13 13 3 -2
R2 2 -2 2 -57 57 3 -2
R2 2 -2 2 -21 21 3 -2
R2 2 -2 2 -1 1 3 -2
R2 2 2 2 1 1 3 2
R2 2 2 2 21 21 3 2
R2 2 2 2 57 57 3 2
R2 2 2 2 13 13 3 2
R2 2 2 2 3 3 3 2
R2 2 2 2 31 31 3 2
R2 2 2 2 7 7 3 2
R2 2 2 2 43 43 3 2
R2 2 -2 -2 -43 -43 3 2
R2 2 -2 -2 -7 -7 3 2
R2 2 -2 -2 -31 -31 3 2
R2 2 -2 -2 -3 -3 3 2
R2 2 -2 -2 -13 -13 3 2
R2 2 -2 -2 -57 -57 3 2
R2 2 -2 -2 -21 -21 3 2
R2 2 -2 -2 -1 -1 3 2
R2 2 -4 0 -26 0 4 0
R2 2 -4 0 -42 0 4 0
R2 2 -4 0 -6 0 4 0
R2 2 -4 0 -14 0 4 0
R2 2 -4 0 -2 0 4 0
R2 2 4 0 2 0 4 0
R2 2 4 0 14 0 4 0
R2 2 4 0 6 0 4 0
R2 2 4 0 42 0 4 0
R2 2 4 0 26 0 4 0
R2 2 4 -2 14 -7 6 -4
R2 2 4 -2 6 -3 6 -4
R2 2 4 -2 2 -1 6 -4
R2 2 4 -2 42 -21 6 -4
R2 2 4 -2 26 -13 6 -4
R2 2 -4 2 -26 13 6 -4
R2 2 -4 2 -42 21 6 -4
R2 2 -4 2 -2 1 6 -4
R2 2 -4 2 -6 3 6 -4
R2 2 -4 2 -14 7 6 -4
R2 2 -4 -2 -6 -3 6 4
R2 2 -4 -2 -14 -7 6 4
R2 2 -4 -2 -26 -13 6 4
R2 2 -4 -2 -42 -21 6 4
R2 2 -4 -2 -2 -1 6 4
R2 2 4 2 2 1 6 4
R2 2 4 2 42 21 6 4
R2 2 4 2 26 13 6 4
R2 2 4 2 14 7 6 4
R2 2 4 2 6 3 6 4
R2 2 -4 4 -26 26 12 -8
R2 2 -4 4 -42 42 12 -8
R2 2 -4 4 -6 6 12 -8
R2 2 -4 4 -14 14 12 -8
R2 2 -4 4 -2 2 12 -8
R2 2 4 -4 2 -2 12 -8
R2 2 4 -4 14 -14 12 -8
R2 2 4 -4 6 -6 12 -8
R2 2 4 -4 42 -42 12 -8
R2 2 4 -4 26 -26 12 -8
R2 2 -4 -4 -26 -26 12 8
R2 2 -4 -4 -42 -42 12 8
R2 2 -4 -4 -6 -6 12 8
R2 2 -4 -4 -14 -14 12 8
R2 2 -4 -4 -2 -2 12 8
R2 2 4 4 2 2 12 8
R2 2 4 4 14 14 12 8
R2 2 4 4 6 6 12 8
R2 2 4 4 42 42 12 8
R2 2 4 4 26 26 12 8
R2 2 -6 4 -3 2 17 -12
R2 2 -6 4 -39 26 17 -12
R2 2 -6 4 -9 6 17 -12
R2 2 -6 4 -21 14 17 -12
R2 2 6 -4 9 -6 17 -12
R2 2 6 -4 21 -14 17 -12
R2 2 6 -4 39 -26 17 -12
R2 2 6 -4 3 -2 17 -12
R2 2 -6 -4 -39 -26 17 12
R2 2 -6 -4 -3 -2 17 12
R2 2 -6 -4 -9 -6 17 12
R2 2 -6 -4 -21 -14 17 12
R2 2 6 4 9 6 17 12
R2 2 6 4 21 14 17 12
R2 2 6 4 3 2 17 12
R2 2 6 4 39 26 17 12
R2 3 -22 -11 -6 -3 -7 -4
R2 3 22 11 6 3 -7 -4
R2 3 -22 11 -6 3 -7 4
R2 3 22 -11 6 -3 -7 4
R2 3 11 11 3 3 -4 -2
R2 3 -11 -11 -3 -3 -4 -2
R2 3 -22 0 -6 0 -4 0
R2 3 22 0 6 0 -4 0
R2 3 11 -11 3 -3 -4 2
R2 3 -11 11 -3 3 -4 2
R2 3 0 -11 0 -3 -3 0
R2 3 0 11 0 3 -3 0
R2 3 11 0 3 0 -1 0
R2 3 -11 0 -3 0 -1 0
R2 3 2 0 1 0 1 0
R2 3 2 0 21 0 1 0
R2 3 2 0 57 0 1 0
R2 3 2 0 13 0 1 0
R2 3 2 0 3 0 1 0
R2 3 2 0 31 0 1 0
R2 3 2 0 7 0 1 0
R2 3 2 0 43 0 1 0
R2 3 -2 0 -43 0 1 0
R2 3 -2 0 -7 0 1 0
R2 3 -2 0 -31 0 1 0
R2 3 -2 0 -3 0 1 0
R2 3 -2 0 -13 0 1 0
R2 3 -2 0 -57 0 1 0
R2 3 -2 0 -21 0 1 0
R2 3 -2 0 -1 0 1 0
R2 3 0 -2 0 -43 3 0
R2 3 0 -2 0 -7 3 0
R2 3 0 -2 0 -31 3 0
R2 3 0 -2 0 -3 3 0
R2 3 0 -2 0 -13 3 0
R2 3 0 -2 0 -57 3 0
R2 3 0 -2 0 -21 3 0
R2 3 0 -2 0 -1 3 0
R2 3 0 2 0 1 3 0
R2 3 0 2 0 21 3 0
R2 3 0 2 0 57 3 0
R2 3 0 2 0 13 3 0
R2 3 0 2 0 3 3 0
R2 3 0 2 0 31 3 0
R2 3 0 2 0 7 3 0
R2 3 0 2 0 43 3 0
R2 3 2 -2 1 -1 4 -2
R2 3 2 -2 21 -21 4 -2
R2 3 2 -2 57 -57 4 -2
R2 3 2 -2 13 -13 4 -2
R2 3 2 -2 3 -3 4 -2
R2 3 2 -2 31 -31 4 -2
R2 3 2 -2 7 -7 4 -2
R2 3 2 -2 43 -43 4 -2
R2 3 -2 2 -43 43 4 -2
R2 3 -2 2 -7 7 4 -2
R2 3 -2 2 -31 31 4 -2
R2 3 -2 2 -3 3 4 -2
R2 3 -2 2 -13 13 4 -2
R2 3 -2 2 -57 57 4 -2
R2 3 -2 2 -21 21 4 -2
R2 3 -2 2 -1 1 4 -2
R2 3 4 0 2 0 4 0
R2 3 4 0 14 0 4 0
R2 3 4 0 6 0 4 0
R2 3 4 0 42 0 4 0
R2 3 4 0 26 0 4 0
R2 3 -4 0 -26 0 4 0
R2 3 -4 0 -42 0 4 0
R2 3 -4 0 -6 0 4 0
R2 3 -4 0 -14 0 4 0
R2 3 -4 0 -2 0 4 0
R2 3 2 2 1 1 4 2
R2 3 2 2 21 21 4 2
R2 3 2 2 57 57 4 2
R2 3 2 2 13 13 4 2
R2 3 2 2 3 3 4 2
R2 3 2 2 31 31 4 2
R2 3 2 2 7 7 4 2
R2 3 2 2 43 43 4 2
R2 3 -2 -2 -43 -43 4 2
R2 3 -2 -2 -7 -7 4 2
R2 3 -2 -2 -31 -31 4 2
R2 3 -2 -2 -3 -3 4 2
R2 3 -2 -2 -13 -13 4 2
R2 3 -2 -2 -57 -57 4 2
R2 3 -2 -2 -21 -21 4 2
R2 3 -2 -2 -1 -1 4 2
R2 3 -4 2 -26 13 7 -4
R2 3 -4 2 -42 21 7 -4
R2 3 -4 2 -2 1 7 -4
R2 3 -4 2 -6 3 7 -4
R2 3 -4 2 -14 7 7 -4
R2 3 4 -2 14 -7 7 -4
R2 3 4 -2 6 -3 7 -4
R2 3 4 -2 2 -1 7 -4
R2 3 4 -2 42 -21 7 -4
R2 3 4 -2 26 -13 7 -4
R2 3 4 2 2 1 7 4
R2 3 4 2 42 21 7 4
R2 3 4 2 26 13 7 4
R2 3 4 2 14 7 7 4
R2 3 4 2 6 3 7 4
R2 3 -4 -2 -6 -3 7 4
R2 3 -4 -2 -14 -7 7 4
R2 3 -4 -2 -26 -13 7 4
R2 3 -4 -2 -42 -21 7 4
R2 3 -4 -2 -2 -1 7 4
R2 5 -44 22 -12 6 -20 12
R2 5 44 -22 12 -6 -20 12
R2 5 -33 22 -9 6 -13 8
R2 5 33 -22 9 -6 -13 8
R2 5 -22 -22 -6 -6 -8 -12
R2 5 22 22 6 6 -8 -12
R2 5 -22 22 -6 6 -8 4
R2 5 22 -22 6 -6 -8 4
R2 5 -11 -22 -3 -6 -5 -8
R2 5 11 22 3 6 -5 -8
R2 5 -22 11 -6 3 -5 3
R2 5 22 -11 6 -3 -5 3
R2 5 0 -22 0 -6 -4 -4
R2 5 0 22 0 6 -4 -4
R2 5 -22 0 -6 0 -4 0
R2 5 22 0 6 0 -4 0
R2 5 -11 -11 -3 -3 -2 -3
R2 5 11 11 3 3 -2 -3
R2 5 11 -11 3 -3 -2 1
R2 5 -11 11 -3 3 -2 1
R2 5 0 -11 0 -3 -1 -1
R2 5 0 11 0 3 -1 -1
R2 5 -11 0 -3 0 -1 0
R2 5 11 0 3 0 -1 0
R2 5 2 0 1 0 1 0
R2 5 2 0 21 0 1 0
R2 5 2 0 57 0 1 0
R2 5 2 0 13 0 1 0
R2 5 2 0 3 0 1 0
R2 5 2 0 31 0 1 0
R2 5 2 0 7 0 1 0
R2 5 2 0 43 0 1 0
R2 5 -2 0 -43 0 1 0
R2 5 -2 0 -7 0 1 0
R2 5 -2 0 -31 0 1 0
R2 5 -2 0 -3 0 1 0
R2 5 -2 0 -13 0 1 0
R2 5 -2 0 -57 0 1 0
R2 5 -2 0 -21 0 1 0
R2 5 -2 0 -1 0 1 0
R2 5 0 -2 0 -43 1 1
R2 5 0 -2 0 -7 1 1
R2 5 0 -2 0 -31 1 1
R2 5 0 -2 0 -3 1 1
R2 5 0 -2 0 -13 1 1
R2 5 0 -2 0 -57 1 1
R2 5 0 -2 0 -21 1 1
R2 5 0 -2 0 -1 1 1
R2 5 0 2 0 1 1 1
R2 5 0 2 0 21 1 1
R2 5 0 2 0 57 1 1
R2 5 0 2 0 13 1 1
R2 5 0 2 0 3 1 1
R2 5 0 2 0 31 1 1
R2 5 0 2 0 7 1 1
R2 5 0 2 0 43 1 1
R2 5 2 -2 1 -1 2 -1
R2 5 2 -2 21 -21 2 -1
R2 5 2 -2 57 -57 2 -1
R2 5 2 -2 13 -13 2 -1
R2 5 2 -2 3 -3 2 -1
R2 5 2 -2 31 -31 2 -1
R2 5 2 -2 7 -7 2 -1
R2 5 2 -2 43 -43 2 -1
R2 5 -2 2 -43 43 2 -1
R2 5 -2 2 -7 7 2 -1
R2 5 -2 2 -31 31 2 -1
R2 5 -2 2 -3 3 2 -1
R2 5 -2 2 -13 13 2 -1
R2 5 -2 2 -57 57 2 -1
R2 5 -2 2 -21 21 2 -1
R2 5 -2 2 -1 1 2 -1
R2 5 2 2 1 1 2 3
R2 5 2 2 21 21 2 3
R2 5 2 2 57 57 2 3
R2 5 2 2 13 13 2 3
R2 5 2 2 3 3 2 3
R2 5 2 2 31 31 2 3
R2 5 2 2 7 7 2 3
R2 5 2 2 43 43 2 3
R2 5 -2 -2 -43 -43 2 3
R2 5 -2 -2 -7 -7 2 3
R2 5 -2 -2 -31 -31 2 3
R2 5 -2 -2 -3 -3 2 3
R2 5 -2 -2 -13 -13 2 3
R2 5 -2 -2 -57 -57 2 3
R2 5 -2 -2 -21 -21 2 3
R2 5 -2 -2 -1 -1 2 3
R2 5 4 0 2 0 4 0
R2 5 4 0 14 0 4 0
R2 5 4 0 6 0 4 0
R2 5 4 0 42 0 4 0
R2 5 4 0 26 0 4 0
R2 5 -4 0 -26 0 4 0
R2 5 -4 0 -42 0 4 0
R2 5 -4 0 -6 0 4 0
R2 5 -4 0 -14 0 4 0
R2 5 -4 0 -2 0 4 0
R2 5 0 -4 0 -26 4 4
R2 5 0 -4 0 -42 4 4
R2 5 0 -4 0 -6 4 4
R2 5 0 -4 0 -14 4 4
R2 5 0 -4 0 -2 4 4
R2 5 0 4 0 2 4 4
R2 5 0 4 0 14 4 4
R2 5 0 4 0 6 4 4
R2 5 0 4 0 42 4 4
R2 5 0 4 0 26 4 4
R2 5 -4 2 -26 13 5 -3
R2 5 -4 2 -42 21 5 -3
R2 5 -4 2 -2 1 5 -3
R2 5 -4 2 -6 3 5 -3
R2 5 -4 2 -14 7 5 -3
R2 5 4 -2 14 -7 5 -3
R2 5 4 -2 6 -3 5 -3
R2 5 4 -2 2 -1 5 -3
R2 5 4 -2 42 -21 5 -3
R2 5 4 -2 26 -13 5 -3
R2 5 2 4 1 2 5 8
R2 5 2 4 21 42 5 8
R2 5 2 4 13 26 5 8
R2 5 2 4 3 6 5 8
R2 5 2 4 7 14 5 8
R2 5 -2 -4 -7 -14 5 8
R2 5 -2 -4 -3 -6 5 8
R2 5 -2 -4 -13 -26 5 8
R2 5 -2 -4 -21 -42 5 8
R2 5 -2 -4 -1 -2 5 8
R2 5 -4 4 -26 26 8 -4
R2 5 -4 4 -42 42 8 -4
R2 5 -4 4 -6 6 8 -4
R2 5 -4 4 -14 14 8 -4
R2 5 -4 4 -2 2 8 -4
R2 5 4 -4 2 -2 8 -4
R2 5 4 -4 14 -14 8 -4
R2 5 4 -4 6 -6 8 -4
R2 5 4 -4 42 -42 8 -4
R2 5 4 -4 26 -26 8 -4
R2 5 4 4 2 2 8 12
R2 5 4 4 14 14 8 12
R2 5 4 4 6 6 8 12
R2 5 4 4 42 42 8 12
R2 5 4 4 26 26 8 12
R2 5 -4 -4 -26 -26 8 12
R2 5 -4 -4 -42 -42 8 12
R2 5 -4 -4 -6 -6 8 12
R2 5 -4 -4 -14 -14 8 12
R2 5 -4 -4 -2 -2 8 12
R2 5 6 -4 9 -6 13 -8
R2 5 6 -4 21 -14 13 -8
R2 5 6 -4 39 -26 13 -8
R2 5 6 -4 3 -2 13 -8
R2 5 -6 4 -3 2 13 -8
R2 5 -6 4 -39 26 13 -8
R2 5 -6 4 -9 6 13 -8
R2 5 -6 4 -21 14 13 -8
R2 5 -8 4 -52 26 20 -12
R2 5 -8 4 -4 2 20 -12
R2 5 -8 4 -12 6 20 -12
R2 5 -8 4 -28 14 20 -12
R2 5 8 -4 28 -14 20 -12
R2 5 8 -4 12 -6 20 -12
R2 5 8 -4 4 -2 20 -12
R2 5 8 -4 52 -26 20 -12
R2 6 -33 -11 -9 -3 -15 -6
R2 6 33 11 9 3 -15 -6
R2 6 -33 11 -9 3 -15 6
R2 6 33 -11 9 -3 -15 6
R2 6 -22 -11 -6 -3 -10 -4
R2 6 22 11 6 3 -10 -4
R2 6 -22 11 -6 3 -10 4
R2 6 22 -11 6 -3 -10 4
R2 6 -22 0 -6 0 -4 0
R2 6 22 0 6 0 -4 0
R2 6 11 0 3 0 -1 0
R2 6 -11 0 -3 0 -1 0
R2 6 2 0 1 0 1 0
R2 6 2 0 21 0 1 0
R2 6 2 0 57 0 1 0
R2 6 2 0 13 0 1 0
R2 6 2 0 3 0 1 0
R2 6 2 0 31 0 1 0
R2 6 2 0 7 0 1 0
R2 6 2 0 43 0 1 0
R2 6 -2 0 -43 0 1 0
R2 6 -2 0 -7 0 1 0
R2 6 -2 0 -31 0 1 0
R2 6 -2 0 -3 0 1 0
R2 6 -2 0 -13 0 1 0
R2 6 -2 0 -57 0 1 0
R2 6 -2 0 -21 0 1 0
R2 6 -2 0 -1 0 1 0
R2 6 -4 0 -26 0 4 0
R2 6 -4 0 -42 0 4 0
R2 6 -4 0 -6 0 4 0
R2 6 -4 0 -14 0 4 0
R2 6 -4 0 -2 0 4 0
R2 6 4 0 2 0 4 0
R2 6 4 0 14 0 4 0
R2 6 4 0 6 0 4 0
R2 6 4 0 42 0 4 0
R2 6 4 0 26 0 4 0
R2 6 4 -2 14 -7 10 -4
R2 6 4 -2 6 -3 10 -4
R2 6 4 -2 2 -1 10 -4
R2 6 4 -2 42 -21 10 -4
R2 6 4 -2 26 -13 10 -4
R2 6 -4 2 -26 13 10 -4
R2 6 -4 2 -42 21 10 -4
R2 6 -4 2 -2 1 10 -4
R2 6 -4 2 -6 3 10 -4
R2 6 -4 2 -14 7 10 -4
R2 6 -4 -2 -6 -3 10 4
R2 6 -4 -2 -14 -7 10 4
R2 6 -4 -2 -26 -13 10 4
R2 6 -4 -2 -42 -21 10 4
R2 6 -4 -2 -2 -1 10 4
R2 6 4 2 2 1 10 4
R2 6 4 2 42 21 10 4
R2 6 4 2 26 13 10 4
R2 6 4 2 14 7 10 4
R2 6 4 2 6 3 10 4
R2 6 -6 2 -3 1 15 -6
R2 6 -6 2 -39 13 15 -6
R2 6 -6 2 -9 3 15 -6
R2 6 -6 2 -21 7 15 -6
R2 6 6 -2 9 -3 15 -6
R2 6 6 -2 21 -7 15 -6
R2 6 6 -2 39 -13 15 -6
R2 6 6 -2 3 -1 15 -6
R2 6 -6 -2 -39 -13 15 6
R2 6 -6 -2 -3 -1 15 6
R2 6 -6 -2 -9 -3 15 6
R2 6 -6 -2 -21 -7 15 6
R2 6 6 2 9 3 15 6
R2 6 6 2 21 7 15 6
R2 6 6 2 3 1 15 6
R2 6 6 2 39 13 15 6
R2 7 33 11 9 3 -16 -6
R2 7 -33 -11 -9 -3 -16 -6
R2 7 33 -11 9 -3 -16 6
R2 7 -33 11 -9 3 -16 6
R2 7 -22 -11 -6 -3 -11 -4
R2 7 22 11 6 3 -11 -4
R2 7 -22 11 -6 3 -11 4
R2 7 22 -11 6 -3 -11 4
R2 7 -22 0 -6 0 -4 0
R2 7 22 0 6 0 -4 0
R2 7 11 0 3 0 -1 0
R2 7 -11 0 -3 0 -1 0
R2 7 2 0 1 0 1 0
R2 7 2 0 21 0 1 0
R2 7 2 0 57 0 1 0
R2 7 2 0 13 0 1 0
R2 7 2 0 3 0 1 0
R2 7 2 0 31 0 1 0
R2 7 2 0 7 0 1 0
R2 7 2 0 43 0 1 0
R2 7 -2 0 -43 0 1 0
R2 7 -2 0 -7 0 1 0
R2 7 -2 0 -31 0 1 0
R2 7 -2 0 -3 0 1 0
R2 7 -2 0 -13 0 1 0
R2 7 -2 0 -57 0 1 0
R2 7 -2 0 -21 0 1 0
R2 7 -2 0 -1 0 1 0
R2 7 -4 0 -26 0 4 0
R2 7 -4 0 -42 0 4 0
R2 7 -4 0 -6 0 4 0
R2 7 -4 0 -14 0 4 0
R2 7 -4 0 -2 0 4 0
R2 7 4 0 2 0 4 0
R2 7 4 0 14 0 4 0
R2 7 4 0 6 0 4 0
R2 7 4 0 42 0 4 0
R2 7 4 0 26 0 4 0
R2 7 -4 2 -26 13 11 -4
R2 7 -4 2 -42 21 11 -4
R2 7 -4 2 -2 1 11 -4
R2 7 -4 2 -6 3 11 -4
R2 7 -4 2 -14 7 11 -4
R2 7 4 -2 14 -7 11 -4
R2 7 4 -2 6 -3 11 -4
R2 7 4 -2 2 -1 11 -4
R2 7 4 -2 42 -21 11 -4
R2 7 4 -2 26 -13 11 -4
R2 7 -4 -2 -6 -3 11 4
R2 7 -4 -2 -14 -7 11 4
R2 7 -4 -2 -26 -13 11 4
R2 7 -4 -2 -42 -21 11 4
R2 7 -4 -2 -2 -1 11 4
R2 7 4 2 2 1 11 4
R2 7 4 2 42 21 11 4
R2 7 4 2 26 13 11 4
R2 7 4 2 14 7 11 4
R2 7 4 2 6 3 11 4
R2 7 -6 2 -3 1 16 -6
R2 7 -6 2 -39 13 16 -6
R2 7 -6 2 -9 3 16 -6
R2 7 -6 2 -21 7 16 -6
R2 7 6 -2 9 -3 16 -6
R2 7 6 -2 21 -7 16 -6
R2 7 6 -2 39 -13 16 -6
R2 7 6 -2 3 -1 16 -6
R2 7 -6 -2 -39 -13 16 6
R2 7 -6 -2 -3 -1 16 6
R2 7 -6 -2 -9 -3 16 6
R2 7 -6 -2 -21 -7 16 6
R2 7 6 2 9 3 16 6
R2 7 6 2 21 7 16 6
R2 7 6 2 3 1 16 6
R2 7 6 2 39 13 16 6
R2 10 -33 -11 -9 -3 -19 -6
R2 10 33 11 9 3 -19 -6
R2 10 -33 11 -9 3 -19 6
R2 10 33 -11 9 -3 -19 6
R2 10 -22 0 -6 0 -4 0
R2 10 22 0 6 0 -4 0
R2 10 11 0 3 0 -1 0
R2 10 -11 0 -3 0 -1 0
R2 10 2 0 1 0 1 0
R2 10 2 0 21 0 1 0
R2 10 2 0 57 0 1 0
R2 10 2 0 13 0 1 0
R2 10 2 0 3 0 1 0
R2 10 2 0 31 0 1 0
R2 10 2 0 7 0 1 0
R2 10 2 0 43 0 1 0
R2 10 -2 0 -43 0 1 0
R2 10 -2 0 -7 0 1 0
R2 10 -2 0 -31 0 1 0
R2 10 -2 0 -3 0 1 0
R2 10 -2 0 -13 0 1 0
R2 10 -2 0 -57 0 1 0
R2 10 -2 0 -21 0 1 0
R2 10 -2 0 -1 0 1 0
R2 10 -4 0 -26 0 4 0
R2 10 -4 0 -42 0 4 0
R2 10 -4 0 -6 0 4 0
R2 10 -4 0 -14 0 4 0
R2 10 -4 0 -2 0 4 0
R2 10 4 0 2 0 4 0
R2 10 4 0 14 0 4 0
R2 10 4 0 6 0 4 0
R2 10 4 0 42 0 4 0
R2 10 4 0 26 0 4 0
R2 10 -6 2 -3 1 19 -6
R2 10 -6 2 -39 13 19 -6
R2 10 -6 2 -9 3 19 -6
R2 10 -6 2 -21 7 19 -6
R2 10 6 -2 9 -3 19 -6
R2 10 6 -2 21 -7 19 -6
R2 10 6 -2 39 -13 19 -6
R2 10 6 -2 3 -1 19 -6
R2 10 -6 -2 -39 -13 19 6
R2 10 -6 -2 -3 -1 19 6
R2 10 -6 -2 -9 -3 19 6
R2 10 -6 -2 -21 -7 19 6
R2 10 6 2 9 3 19 6
R2 10 6 2 21 7 19 6
R2 10 6 2 3 1 19 6
R2 10 6 2 39 13 19 6
R2 11 33 11 9 3 -20 -6
R2 11 -33 -11 -9 -3 -20 -6
R2 11 -33 11 -9 3 -20 6
R2 11 33 -11 9 -3 -20 6
R2 11 -22 0 -6 0 -4 0
R2 11 22 0 6 0 -4 0
R2 11 -11 0 -3 0 -1 0
R2 11 11 0 3 0 -1 0
R2 11 2 0 1 0 1 0
R2 11 2 0 21 0 1 0
R2 11 2 0 57 0 1 0
R2 11 2 0 13 0 1 0
R2 11 2 0 3 0 1 0
R2 11 2 0 31 0 1 0
R2 11 2 0 7 0 1 0
R2 11 2 0 43 0 1 0
R2 11 -2 0 -43 0 1 0
R2 11 -2 0 -7 0 1 0
R2 11 -2 0 -31 0 1 0
R2 11 -2 0 -3 0 1 0
R2 11 -2 0 -13 0 1 0
R2 11 -2 0 -57 0 1 0
R2 11 -2 0 -21 0 1 0
R2 11 -2 0 -1 0 1 0
R2 11 -4 0 -26 0 4 0
R2 11 -4 0 -42 0 4 0
R2 11 -4 0 -6 0 4 0
R2 11 -4 0 -14 0 4 0
R2 11 -4 0 -2 0 4 0
R2 11 4 0 2 0 4 0
R2 11 4 0 14 0 4 0
R2 11 4 0 6 0 4 0
R2 11 4 0 42 0 4 0
R2 11 4 0 26 0 4 0
R2 11 -6 2 -3 1 20 -6
R2 11 -6 2 -39 13 20 -6
R2 11 -6 2 -9 3 20 -6
R2 11 -6 2 -21 7 20 -6
R2 11 6 -2 9 -3 20 -6
R2 11 6 -2 21 -7 20 -6
R2 11 6 -2 39 -13 20 -6
R2 11 6 -2 3 -1 20 -6
R2 11 -6 -2 -39 -13 20 6
R2 11 -6 -2 -3 -1 20 6
R2 11 -6 -2 -9 -3 20 6
R2 11 -6 -2 -21 -7 20 6
R2 11 6 2 9 3 20 6
R2 11 6 2 21 7 20 6
R2 11 6 2 3 1 20 6
R2 11 6 2 39 13 20 6
R2 13 -22 -22 -6 -6 -16 -12
R2 13 22 22 6 6 -16 -12
R2 13 -33 11 -9 3 -12 5
R2 13 33 -11 9 -3 -12 5
R2 13 -22 -11 -6 -3 -7 -5
R2 13 22 11 6 3 -7 -5
R2 13 -22 11 -6 3 -7 3
R2 13 22 -11 6 -3 -7 3
R2 13 11 11 3 3 -4 -3
R2 13 -11 -11 -3 -3 -4 -3
R2 13 -22 0 -6 0 -4 0
R2 13 22 0 6 0 -4 0
R2 13 -11 11 -3 3 -4 1
R2 13 11 -11 3 -3 -4 1
R2 13 0 -11 0 -3 -3 -1
R2 13 0 11 0 3 -3 -1
R2 13 11 0 3 0 -1 0
R2 13 -11 0 -3 0 -1 0
R2 13 2 0 1 0 1 0
R2 13 2 0 21 0 1 0
R2 13 2 0 57 0 1 0
R2 13 2 0 13 0 1 0
R2 13 2 0 3 0 1 0
R2 13 2 0 31 0 1 0
R2 13 2 0 7 0 1 0
R2 13 2 0 43 0 1 0
R2 13 -2 0 -43 0 1 0
R2 13 -2 0 -7 0 1 0
R2 13 -2 0 -31 0 1 0
R2 13 -2 0 -3 0 1 0
R2 13 -2 0 -13 0 1 0
R2 13 -2 0 -57 0 1 0
R2 13 -2 0 -21 0 1 0
R2 13 -2 0 -1 0 1 0
R2 13 0 -2 0 -43 3 1
R2 13 0 -2 0 -7 3 1
R2 13 0 -2 0 -31 3 1
R2 13 0 -2 0 -3 3 1
R2 13 0 -2 0 -13 3 1
R2 13 0 -2 0 -57 3 1
R2 13 0 -2 0 -21 3 1
R2 13 0 -2 0 -1 3 1
R2 13 0 2 0 1 3 1
R2 13 0 2 0 21 3 1
R2 13 0 2 0 57 3 1
R2 13 0 2 0 13 3 1
R2 13 0 2 0 3 3 1
R2 13 0 2 0 31 3 1
R2 13 0 2 0 7 3 1
R2 13 0 2 0 43 3 1
R2 13 2 -2 1 -1 4 -1
R2 13 2 -2 21 -21 4 -1
R2 13 2 -2 57 -57 4 -1
R2 13 2 -2 13 -13 4 -1
R2 13 2 -2 3 -3 4 -1
R2 13 2 -2 31 -31 4 -1
R2 13 2 -2 7 -7 4 -1
R2 13 2 -2 43 -43 4 -1
R2 13 -2 2 -43 43 4 -1
R2 13 -2 2 -7 7 4 -1
R2 13 -2 2 -31 31 4 -1
R2 13 -2 2 -3 3 4 -1
R2 13 -2 2 -13 13 4 -1
R2 13 -2 2 -57 57 4 -1
R2 13 -2 2 -21 21 4 -1
R2 13 -2 2 -1 1 4 -1
R2 13 4 0 2 0 4 0
R2 13 4 0 14 0 4 0
R2 13 4 0 6 0 4 0
R2 13 4 0 42 0 4 0
R2 13 4 0 26 0 4 0
R2 13 -4 0 -26 0 4 0
R2 13 -4 0 -42 0 4 0
R2 13 -4 0 -6 0 4 0
R2 13 -4 0 -14 0 4 0
R2 13 -4 0 -2 0 4 0
R2 13 2 2 1 1 4 3
R2 13 2 2 21 21 4 3
R2 13 2 2 57 57 4 3
R2 13 2 2 13 13 4 3
R2 13 2 2 3 3 4 3
R2 13 2 2 31 31 4 3
R2 13 2 2 7 7 4 3
R2 13 2 2 43 43 4 3
R2 13 -2 -2 -43 -43 4 3
R2 13 -2 -2 -7 -7 4 3
R2 13 -2 -2 -31 -31 4 3
R2 13 -2 -2 -3 -3 4 3
R2 13 -2 -2 -13 -13 4 3
R2 13 -2 -2 -57 -57 4 3
R2 13 -2 -2 -21 -21 4 3
R2 13 -2 -2 -1 -1 4 3
R2 13 4 -2 14 -7 7 -3
R2 13 4 -2 6 -3 7 -3
R2 13 4 -2 2 -1 7 -3
R2 13 4 -2 42 -21 7 -3
R2 13 4 -2 26 -13 7 -3
R2 13 -4 2 -26 13 7 -3
R2 13 -4 2 -42 21 7 -3
R2 13 -4 2 -2 1 7 -3
R2 13 -4 2 -6 3 7 -3
R2 13 -4 2 -14 7 7 -3
R2 13 4 2 2 1 7 5
R2 13 4 2 42 21 7 5
R2 13 4 2 26 13 7 5
R2 13 4 2 14 7 7 5
R2 13 4 2 6 3 7 5
R2 13 -4 -2 -6 -3 7 5
R2 13 -4 -2 -14 -7 7 5
R2 13 -4 -2 -26 -13 7 5
R2 13 -4 -2 -42 -21 7 5
R2 13 -4 -2 -2 -1 7 5
R2 13 -6 2 -3 1 12 -5
R2 13 -6 2 -39 13 12 -5
R2 13 -6 2 -9 3 12 -5
R2 13 -6 2 -21 7 12 -5
R2 13 6 -2 9 -3 12 -5
R2 13 6 -2 21 -7 12 -5
R2 13 6 -2 39 -13 12 -5
R2 13 6 -2 3 -1 12 -5
R2 13 4 4 2 2 16 12
R2 13 4 4 14 14 16 12
R2 13 4 4 6 6 16 12
R2 13 4 4 42 42 16 12
R2 13 4 4 26 26 16 12
R2 13 -4 -4 -26 -26 16 12
R2 13 -4 -4 -42 -42 16 12
R2 13 -4 -4 -6 -6 16 12
R2 13 -4 -4 -14 -14 16 12
R2 13 -4 -4 -2 -2 16 12
R2 14 -22 0 -6 0 -4 0
R2 14 22 0 6 0 -4 0
R2 14 11 0 3 0 -1 0
R2 14 -11 0 -3 0 -1 0
R2 14 2 0 1 0 1 0
R2 14 2 0 21 0 1 0
R2 14 2 0 57 0 1 0
R2 14 2 0 13 0 1 0
R2 14 2 0 3 0 1 0
R2 14 2 0 31 0 1 0
R2 14 2 0 7 0 1 0
R2 14 2 0 43 0 1 0
R2 14 -2 0 -43 0 1 0
R2 14 -2 0 -7 0 1 0
R2 14 -2 0 -31 0 1 0
R2 14 -2 0 -3 0 1 0
R2 14 -2 0 -13 0 1 0
R2 14 -2 0 -57 0 1 0
R2 14 -2 0 -21 0 1 0
R2 14 -2 0 -1 0 1 0
R2 14 -4 0 -26 0 4 0
R2 14 -4 0 -42 0 4 0
R2 14 -4 0 -6 0 4 0
R2 14 -4 0 -14 0 4 0
R2 14 -4 0 -2 0 4 0
R2 14 4 0 2 0 4 0
R2 14 4 0 14 0 4 0
R2 14 4 0 6 0 4 0
R2 14 4 0 42 0 4 0
R2 14 4 0 26 0 4 0
R2 15 -22 0 -6 0 -4 0
R2 15 22 0 6 0 -4 0
R2 15 11 0 3 0 -1 0
R2 15 -11 0 -3 0 -1 0
R2 15 2 0 1 0 1 0
R2 15 2 0 21 0 1 0
R2 15 2 0 57 0 1 0
R2 15 2 0 13 0 1 0
R2 15 2 0 3 0 1 0
R2 15 2 0 31 0 1 0
R2 15 2 0 7 0 1 0
R2 15 2 0 43 0 1 0
R2 15 -2 0 -43 0 1 0
R2 15 -2 0 -7 0 1 0
R2 15 -2 0 -31 0 1 0
R2 15 -2 0 -3 0 1 0
R2 15 -2 0 -13 0 1 0
R2 15 -2 0 -57 0 1 0
R2 15 -2 0 -21 0 1 0
R2 15 -2 0 -1 0 1 0
R2 15 -4 0 -26 0 4 0
R2 15 -4 0 -42 0 4 0
R2 15 -4 0 -6 0 4 0
R2 15 -4 0 -14 0 4 0
R2 15 -4 0 -2 0 4 0
R2 15 4 0 2 0 4 0
R2 15 4 0 14 0 4 0
R2 15 4 0 6 0 4 0
R2 15 4 0 42 0 4 0
R2 15 4 0 26 0 4 0
R2 17 33 -11 9 -3 -13 5
R2 17 -33 11 -9 3 -13 5
R2 17 -22 -11 -6 -3 -8 -5
R2 17 22 11 6 3 -8 -5
R2 17 -22 11 -6 3 -8 3
R2 17 22 -11 6 -3 -8 3
R2 17 11 11 3 3 -5 -3
R2 17 -11 -11 -3 -3 -5 -3
R2 17 -11 11 -3 3 -5 1
R2 17 11 -11 3 -3 -5 1
R2 17 0 -11 0 -3 -4 -1
R2 17 0 11 0 3 -4 -1
R2 17 -22 0 -6 0 -4 0
R2 17 22 0 6 0 -4 0
R2 17 11 0 3 0 -1 0
R2 17 -11 0 -3 0 -1 0
R2 17 2 0 1 0 1 0
R2 17 2 0 21 0 1 0
R2 17 2 0 57 0 1 0
R2 17 2 0 13 0 1 0
R2 17 2 0 3 0 1 0
R2 17 2 0 31 0 1 0
R2 17 2 0 7 0 1 0
R2 17 2 0 43 0 1 0
R2 17 -2 0 -43 0 1 0
R2 17 -2 0 -7 0 1 0
R2 17 -2 0 -31 0 1 0
R2 17 -2 0 -3 0 1 0
R2 17 -2 0 -13 0 1 0
R2 17 -2 0 -57 0 1 0
R2 17 -2 0 -21 0 1 0
R2 17 -2 0 -1 0 1 0
R2 17 4 0 2 0 4 0
R2 17 4 0 14 0 4 0
R2 17 4 0 6 0 4 0
R2 17 4 0 42 0 4 0
R2 17 4 0 26 0 4 0
R2 17 -4 0 -26 0 4 0
R2 17 -4 0 -42 0 4 0
R2 17 -4 0 -6 0 4 0
R2 17 -4 0 -14 0 4 0
R2 17 -4 0 -2 0 4 0
R2 17 0 -2 0 -43 4 1
R2 17 0 -2 0 -7 4 1
R2 17 0 -2 0 -31 4 1
R2 17 0 -2 0 -3 4 1
R2 17 0 -2 0 -13 4 1
R2 17 0 -2 0 -57 4 1
R2 17 0 -2 0 -21 4 1
R2 17 0 -2 0 -1 4 1
R2 17 0 2 0 1 4 1
R2 17 0 2 0 21 4 1
R2 17 0 2 0 57 4 1
R2 17 0 2 0 13 4 1
R2 17 0 2 0 3 4 1
R2 17 0 2 0 31 4 1
R2 17 0 2 0 7 4 1
R2 17 0 2 0 43 4 1
R2 17 2 -2 1 -1 5 -1
R2 17 2 -2 21 -21 5 -1
R2 17 2 -2 57 -57 5 -1
R2 17 2 -2 13 -13 5 -1
R2 17 2 -2 3 -3 5 -1
R2 17 2 -2 31 -31 5 -1
R2 17 2 -2 7 -7 5 -1
R2 17 2 -2 43 -43 5 -1
R2 17 -2 2 -43 43 5 -1
R2 17 -2 2 -7 7 5 -1
R2 17 -2 2 -31 31 5 -1
R2 17 -2 2 -3 3 5 -1
R2 17 -2 2 -13 13 5 -1
R2 17 -2 2 -57 57 5 -1
R2 17 -2 2 -21 21 5 -1
R2 17 -2 2 -1 1 5 -1
R2 17 2 2 1 1 5 3
R2 17 2 2 21 21 5 3
R2 17 2 2 57 57 5 3
R2 17 2 2 13 13 5 3
R2 17 2 2 3 3 5 3
R2 17 2 2 31 31 5 3
R2 17 2 2 7 7 5 3
R2 17 2 2 43 43 5 3
R2 17 -2 -2 -43 -43 5 3
R2 17 -2 -2 -7 -7 5 3
R2 17 -2 -2 -31 -31 5 3
R2 17 -2 -2 -3 -3 5 3
R2 17 -2 -2 -13 -13 5 3
R2 17 -2 -2 -57 -57 5 3
R2 17 -2 -2 -21 -21 5 3
R2 17 -2 -2 -1 -1 5 3
R2 17 4 -2 14 -7 8 -3
R2 17 4 -2 6 -3 8 -3
R2 17 4 -2 2 -1 8 -3
R2 17 4 -2 42 -21 8 -3
R2 17 4 -2 26 -13 8 -3
R2 17 -4 2 -26 13 8 -3
R2 17 -4 2 -42 21 8 -3
R2 17 -4 2 -2 1 8 -3
R2 17 -4 2 -6 3 8 -3
R2 17 -4 2 -14 7 8 -3
R2 17 -4 -2 -6 -3 8 5
R2 17 -4 -2 -14 -7 8 5
R2 17 -4 -2 -26 -13 8 5
R2 17 -4 -2 -42 -21 8 5
R2 17 -4 -2 -2 -1 8 5
R2 17 4 2 2 1 8 5
R2 17 4 2 42 21 8 5
R2 17 4 2 26 13 8 5
R2 17 4 2 14 7 8 5
R2 17 4 2 6 3 8 5
R2 17 -6 2 -3 1 13 -5
R2 17 -6 2 -39 13 13 -5
R2 17 -6 2 -9 3 13 -5
R2 17 -6 2 -21 7 13 -5
R2 17 6 -2 9 -3 13 -5
R2 17 6 -2 21 -7 13 -5
R2 17 6 -2 39 -13 13 -5
R2 17 6 -2 3 -1 13 -5
R2 19 -22 0 -6 0 -4 0
R2 19 22 0 6 0 -4 0
R2 19 11 0 3 0 -1 0
R2 19 -11 0 -3 0 -1 0
R2 19 2 0 1 0 1 0
R2 19 2 0 21 0 1 0
R2 19 2 0 57 0 1 0
R2 19 2 0 13 0 1 0
R2 19 2 0 3 0 1 0
R2 19 2 0 31 0 1 0
R2 19 2 0 7 0 1 0
R2 19 2 0 43 0 1 0
R2 19 -2 0 -43 0 1 0
R2 19 -2 0 -7 0 1 0
R2 19 -2 0 -31 0 1 0
R2 19 -2 0 -3 0 1 0
R2 19 -2 0 -13 0 1 0
R2 19 -2 0 -57 0 1 0
R2 19 -2 0 -21 0 1 0
R2 19 -2 0 -1 0 1 0
R2 19 -4 0 -26 0 4 0
R2 19 -4 0 -42 0 4 0
R2 19 -4 0 -6 0 4 0
R2 19 -4 0 -14 0 4 0
R2 19 -4 0 -2 0 4 0
R2 19 4 0 2 0 4 0
R2 19 4 0 14 0 4 0
R2 19 4 0 6 0 4 0
R2 19 4 0 42 0 4 0
R2 19 4 0 26 0 4 0
R2 21 -33 11 -9 3 -14 5
R2 21 33 -11 9 -3 -14 5
R2 21 -22 -11 -6 -3 -9 -5
R2 21 22 11 6 3 -9 -5
R2 21 -22 11 -6 3 -9 3
R2 21 22 -11 6 -3 -9 3
R2 21 11 11 3 3 -6 -3
R2 21 -11 -11 -3 -3 -6 -3
R2 21 -22 0 -6 0 -4 0
R2 21 22 0 6 0 -4 0
R2 21 11 0 3 0 -1 0
R2 21 -11 0 -3 0 -1 0
R2 21 2 0 1 0 1 0
R2 21 2 0 21 0 1 0
R2 21 2 0 57 0 1 0
R2 21 2 0 13 0 1 0
R2 21 2 0 3 0 1 0
R2 21 2 0 31 0 1 0
R2 21 2 0 7 0 1 0
R2 21 2 0 43 0 1 0
R2 21 -2 0 -43 0 1 0
R2 21 -2 0 -7 0 1 0
R2 21 -2 0 -31 0 1 0
R2 21 -2 0 -3 0 1 0
R2 21 -2 0 -13 0 1 0
R2 21 -2 0 -57 0 1 0
R2 21 -2 0 -21 0 1 0
R2 21 -2 0 -1 0 1 0
R2 21 4 0 2 0 4 0
R2 21 4 0 14 0 4 0
R2 21 4 0 6 0 4 0
R2 21 4 0 42 0 4 0
R2 21 4 0 26 0 4 0
R2 21 -4 0 -26 0 4 0
R2 21 -4 0 -42 0 4 0
R2 21 -4 0 -6 0 4 0
R2 21 -4 0 -14 0 4 0
R2 21 -4 0 -2 0 4 0
R2 21 2 2 1 1 6 3
R2 21 2 2 21 21 6 3
R2 21 2 2 57 57 6 3
R2 21 2 2 13 13 6 3
R2 21 2 2 3 3 6 3
R2 21 2 2 31 31 6 3
R2 21 2 2 7 7 6 3
R2 21 2 2 43 43 6 3
R2 21 -2 -2 -43 -43 6 3
R2 21 -2 -2 -7 -7 6 3
R2 21 -2 -2 -31 -31 6 3
R2 21 -2 -2 -3 -3 6 3
R2 21 -2 -2 -13 -13 6 3
R2 21 -2 -2 -57 -57 6 3
R2 21 -2 -2 -21 -21 6 3
R2 21 -2 -2 -1 -1 6 3
R2 21 -4 2 -26 13 9 -3
R2 21 -4 2 -42 21 9 -3
R2 21 -4 2 -2 1 9 -3
R2 21 -4 2 -6 3 9 -3
R2 21 -4 2 -14 7 9 -3
R2 21 4 -2 14 -7 9 -3
R2 21 4 -2 6 -3 9 -3
R2 21 4 -2 2 -1 9 -3
R2 21 4 -2 42 -21 9 -3
R2 21 4 -2 26 -13 9 -3
R2 21 -4 -2 -6 -3 9 5
R2 21 -4 -2 -14 -7 9 5
R2 21 -4 -2 -26 -13 9 5
R2 21 -4 -2 -42 -21 9 5
R2 21 -4 -2 -2 -1 9 5
R2 21 4 2 2 1 9 5
R2 21 4 2 42 21 9 5
R2 21 4 2 26 13 9 5
R2 21 4 2 14 7 9 5
R2 21 4 2 6 3 9 5
R2 21 6 -2 9 -3 14 -5
R2 21 6 -2 21 -7 14 -5
R2 21 6 -2 39 -13 14 -5
R2 21 6 -2 3 -1 14 -5
R2 21 -6 2 -3 1 14 -5
R2 21 -6 2 -39 13 14 -5
R2 21 -6 2 -9 3 14 -5
R2 21 -6 2 -21 7 14 -5
R2 22 -22 0 -6 0 -4 0
R2 22 22 0 6 0 -4 0
R2 22 -11 0 -3 0 -1 0
R2 22 11 0 3 0 -1 0
R2 22 2 0 1 0 1 0
R2 22 2 0 21 0 1 0
R2 22 2 0 57 0 1 0
R2 22 2 0 13 0 1 0
R2 22 2 0 3 0 1 0
R2 22 2 0 31 0 1 0
R2 22 2 0 7 0 1 0
R2 22 2 0 43 0 1 0
R2 22 -2 0 -43 0 1 0
R2 22 -2 0 -7 0 1 0
R2 22 -2 0 -31 0 1 0
R2 22 -2 0 -3 0 1 0
R2 22 -2 0 -13 0 1 0
R2 22 -2 0 -57 0 1 0
R2 22 -2 0 -21 0 1 0
R2 22 -2 0 -1 0 1 0
R2 22 -4 0 -26 0 4 0
R2 22 -4 0 -42 0 4 0
R2 22 -4 0 -6 0 4 0
R2 22 -4 0 -14 0 4 0
R2 22 -4 0 -2 0 4 0
R2 22 4 0 2 0 4 0
R2 22 4 0 14 0 4 0
R2 22 4 0 6 0 4 0
R2 22 4 0 42 0 4 0
R2 22 4 0 26 0 4 0
R2 23 -22 0 -6 0 -4 0
R2 23 22 0 6 0 -4 0
R2 23 11 0 3 0 -1 0
R2 23 -11 0 -3 0 -1 0
R2 23 2 0 1 0 1 0
R2 23 2 0 21 0 1 0
R2 23 2 0 57 0 1 0
R2 23 2 0 13 0 1 0
R2 23 2 0 3 0 1 0
R2 23 2 0 31 0 1 0
R2 23 2 0 7 0 1 0
R2 23 2 0 43 0 1 0
R2 23 -2 0 -43 0 1 0
R2 23 -2 0 -7 0 1 0
R2 23 -2 0 -31 0 1 0
R2 23 -2 0 -3 0 1 0
R2 23 -2 0 -13 0 1 0
R2 23 -2 0 -57 0 1 0
R2 23 -2 0 -21 0 1 0
R2 23 -2 0 -1 0 1 0
R2 23 -4 0 -26 0 4 0
R2 23 -4 0 -42 0 4 0
R2 23 -4 0 -6 0 4 0
R2 23 -4 0 -14 0 4 0
R2 23 -4 0 -2 0 4 0
R2 23 4 0 2 0 4 0
R2 23 4 0 14 0 4 0
R2 23 4 0 6 0 4 0
R2 23 4 0 42 0 4 0
R2 23 4 0 26 0 4 0
R2 26 -22 0 -6 0 -4 0
R2 26 22 0 6 0 -4 0
R2 26 11 0 3 0 -1 0
R2 26 -11 0 -3 0 -1 0
R2 26 2 0 1 0 1 0
R2 26 2 0 21 0 1 0
R2 26 2 0 57 0 1 0
R2 26 2 0 13 0 1 0
R2 26 2 0 3 0 1 0
R2 26 2 0 31 0 1 0
R2 26 2 0 7 0 1 0
R2 26 2 0 43 0 1 0
R2 26 -2 0 -43 0 1 0
R2 26 -2 0 -7 0 1 0
R2 26 -2 0 -31 0 1 0
R2 26 -2 0 -3 0 1 0
R2 26 -2 0 -13 0 1 0
R2 26 -2 0 -57 0 1 0
R2 26 -2 0 -21 0 1 0
R2 26 -2 0 -1 0 1 0
R2 26 -4 0 -26 0 4 0
R2 26 -4 0 -42 0 4 0
R2 26 -4 0 -6 0 4 0
R2 26 -4 0 -14 0 4 0
R2 26 -4 0 -2 0 4 0
R2 26 4 0 2 0 4 0
R2 26 4 0 14 0 4 0
R2 26 4 0 6 0 4 0
R2 26 4 0 42 0 4 0
R2 26 4 0 26 0 4 0
R2 29 33 -11 9 -3 -16 5
R2 29 -33 11 -9 3 -16 5
R2 29 -22 -11 -6 -3 -11 -5
R2 29 22 11 6 3 -11 -5
R2 29 -22 0 -6 0 -4 0
R2 29 22 0 6 0 -4 0
R2 29 11 0 3 0 -1 0
R2 29 -11 0 -3 0 -1 0
R2 29 2 0 1 0 1 0
R2 29 2 0 21 0 1 0
R2 29 2 0 57 0 1 0
R2 29 2 0 13 0 1 0
R2 29 2 0 3 0 1 0
R2 29 2 0 31 0 1 0
R2 29 2 0 7 0 1 0
R2 29 2 0 43 0 1 0
R2 29 -2 0 -43 0 1 0
R2 29 -2 0 -7 0 1 0
R2 29 -2 0 -31 0 1 0
R2 29 -2 0 -3 0 1 0
R2 29 -2 0 -13 0 1 0
R2 29 -2 0 -57 0 1 0
R2 29 -2 0 -21 0 1 0
R2 29 -2 0 -1 0 1 0
R2 29 4 0 2 0 4 0
R2 29 4 0 14 0 4 0
R2 29 4 0 6 0 4 0
R2 29 4 0 42 0 4 0
R2 29 4 0 26 0 4 0
R2 29 -4 0 -26 0 4 0
R2 29 -4 0 -42 0 4 0
R2 29 -4 0 -6 0 4 0
R2 29 -4 0 -14 0 4 0
R2 29 -4 0 -2 0 4 0
R2 29 -4 -2 -6 -3 11 5
R2 29 -4 -2 -14 -7 11 5
R2 29 -4 -2 -26 -13 11 5
R2 29 -4 -2 -42 -21 11 5
R2 29 -4 -2 -2 -1 11 5
R2 29 4 2 2 1 11 5
R2 29 4 2 42 21 11 5
R2 29 4 2 26 13 11 5
R2 29 4 2 14 7 11 5
R2 29 4 2 6 3 11 5
R2 29 -6 2 -3 1 16 -5
R2 29 -6 2 -39 13 16 -5
R2 29 -6 2 -9 3 16 -5
R2 29 -6 2 -21 7 16 -5
R2 29 6 -2 9 -3 16 -5
R2 29 6 -2 21 -7 16 -5
R2 29 6 -2 39 -13 16 -5
R2 29 6 -2 3 -1 16 -5
R2 30 -22 0 -6 0 -4 0
R2 30 22 0 6 0 -4 0
R2 30 11 0 3 0 -1 0
R2 30 -11 0 -3 0 -1 0
R2 30 2 0 1 0 1 0
R2 30 2 0 21 0 1 0
R2 30 2 0 57 0 1 0
R2 30 2 0 13 0 1 0
R2 30 2 0 3 0 1 0
R2 30 2 0 31 0 1 0
R2 30 2 0 7 0 1 0
R2 30 2 0 43 0 1 0
R2 30 -2 0 -43 0 1 0
R2 30 -2 0 -7 0 1 0
R2 30 -2 0 -31 0 1 0
R2 30 -2 0 -3 0 1 0
R2 30 -2 0 -13 0 1 0
R2 30 -2 0 -57 0 1 0
R2 30 -2 0 -21 0 1 0
R2 30 -2 0 -1 0 1 0
R2 30 -4 0 -26 0 4 0
R2 30 -4 0 -42 0 4 0
R2 30 -4 0 -6 0 4 0
R2 30 -4 0 -14 0 4 0
R2 30 -4 0 -2 0 4 0
R2 30 4 0 2 0 4 0
R2 30 4 0 14 0 4 0
R2 30 4 0 6 0 4 0
R2 30 4 0 42 0 4 0
R2 30 4 0 26 0 4 0
R2 31 -22 0 -6 0 -4 0
R2 31 22 0 6 0 -4 0
R2 31 11 0 3 0 -1 0
R2 31 -11 0 -3 0 -1 0
R2 31 2 0 1 0 1 0
R2 31 2 0 21 0 1 0
R2 31 2 0 57 0 1 0
R2 31 2 0 13 0 1 0
R2 31 2 0 3 0 1 0
R2 31 2 0 31 0 1 0
R2 31 2 0 7 0 1 0
R2 31 2 0 43 0 1 0
R2 31 -2 0 -43 0 1 0
R2 31 -2 0 -7 0 1 0
R2 31 -2 0 -31 0 1 0
R2 31 -2 0 -3 0 1 0
R2 31 -2 0 -13 0 1 0
R2 31 -2 0 -57 0 1 0
R2 31 -2 0 -21 0 1 0
R2 31 -2 0 -1 0 1 0
R2 31 -4 0 -26 0 4 0
R2 31 -4 0 -42 0 4 0
R2 31 -4 0 -6 0 4 0
R2 31 -4 0 -14 0 4 0
R2 31 -4 0 -2 0 4 0
R2 31 4 0 2 0 4 0
R2 31 4 0 14 0 4 0
R2 31 4 0 6 0 4 0
R2 31 4 0 42 0 4 0
R2 31 4 0 26 0 4 0
R2 33 -33 -11 -9 -3 -17 -7
R2 33 33 11 9 3 -17 -7
R2 33 -33 11 -9 3 -17 5
R2 33 33 -11 9 -3 -17 5
R2 33 -22 -11 -6 -3 -12 -5
R2 33 22 11 6 3 -12 -5
R2 33 22 0 6 0 -4 0
R2 33 -22 0 -6 0 -4 0
R2 33 -11 0 -3 0 -1 0
R2 33 11 0 3 0 -1 0
R2 33 2 0 1 0 1 0
R2 33 2 0 21 0 1 0
R2 33 2 0 57 0 1 0
R2 33 2 0 13 0 1 0
R2 33 2 0 3 0 1 0
R2 33 2 0 31 0 1 0
R2 33 2 0 7 0 1 0
R2 33 2 0 43 0 1 0
R2 33 -2 0 -43 0 1 0
R2 33 -2 0 -7 0 1 0
R2 33 -2 0 -31 0 1 0
R2 33 -2 0 -3 0 1 0
R2 33 -2 0 -13 0 1 0
R2 33 -2 0 -57 0 1 0
R2 33 -2 0 -21 0 1 0
R2 33 -2 0 -1 0 1 0
R2 33 4 0 2 0 4 0
R2 33 4 0 14 0 4 0
R2 33 4 0 6 0 4 0
R2 33 4 0 42 0 4 0
R2 33 4 0 26 0 4 0
R2 33 -4 0 -26 0 4 0
R2 33 -4 0 -42 0 4 0
R2 33 -4 0 -6 0 4 0
R2 33 -4 0 -14 0 4 0
R2 33 -4 0 -2 0 4 0
R2 33 4 2 2 1 12 5
R2 33 4 2 42 21 12 5
R2 33 4 2 26 13 12 5
R2 33 4 2 14 7 12 5
R2 33 4 2 6 3 12 5
R2 33 -4 -2 -6 -3 12 5
R2 33 -4 -2 -14 -7 12 5
R2 33 -4 -2 -26 -13 12 5
R2 33 -4 -2 -42 -21 12 5
R2 33 -4 -2 -2 -1 12 5
R2 33 -6 2 -3 1 17 -5
R2 33 -6 2 -39 13 17 -5
R2 33 -6 2 -9 3 17 -5
R2 33 -6 2 -21 7 17 -5
R2 33 6 -2 9 -3 17 -5
R2 33 6 -2 21 -7 17 -5
R2 33 6 -2 39 -13 17 -5
R2 33 6 -2 3 -1 17 -5
R2 33 -6 -2 -39 -13 17 7
R2 33 -6 -2 -3 -1 17 7
R2 33 -6 -2 -9 -3 17 7
R2 33 -6 -2 -21 -7 17 7
R2 33 6 2 9 3 17 7
R2 33 6 2 21 7 17 7
R2 33 6 2 3 1 17 7
R2 33 6 2 39 13 17 7
R2 34 -22 0 -6 0 -4 0
R2 34 22 0 6 0 -4 0
R2 34 11 0 3 0 -1 0
R2 34 -11 0 -3 0 -1 0
R2 34 2 0 1 0 1 0
R2 34 2 0 21 0 1 0
R2 34 2 0 57 0 1 0
R2 34 2 0 13 0 1 0
R2 34 2 0 3 0 1 0
R2 34 2 0 31 0 1 0
R2 34 2 0 7 0 1 0
R2 34 2 0 43 0 1 0
R2 34 -2 0 -43 0 1 0
R2 34 -2 0 -7 0 1 0
R2 34 -2 0 -31 0 1 0
R2 34 -2 0 -3 0 1 0
R2 34 -2 0 -13 0 1 0
R2 34 -2 0 -57 0 1 0
R2 34 -2 0 -21 0 1 0
R2 34 -2 0 -1 0 1 0
R2 34 -4 0 -26 0 4 0
R2 34 -4 0 -42 0 4 0
R2 34 -4 0 -6 0 4 0
R2 34 -4 0 -14 0 4 0
R2 34 -4 0 -2 0 4 0
R2 34 4 0 2 0 4 0
R2 34 4 0 14 0 4 0
R2 34 4 0 6 0 4 0
R2 34 4 0 42 0 4 0
R2 34 4 0 26 0 4 0
R2 35 -22 0 -6 0 -4 0
R2 35 22 0 6 0 -4 0
R2 35 -11 0 -3 0 -1 0
R2 35 11 0 3 0 -1 0
R2 35 2 0 1 0 1 0
R2 35 2 0 21 0 1 0
R2 35 2 0 57 0 1 0
R2 35 2 0 13 0 1 0
R2 35 2 0 3 0 1 0
R2 35 2 0 31 0 1 0
R2 35 2 0 7 0 1 0
R2 35 2 0 43 0 1 0
R2 35 -2 0 -43 0 1 0
R2 35 -2 0 -7 0 1 0
R2 35 -2 0 -31 0 1 0
R2 35 -2 0 -3 0 1 0
R2 35 -2 0 -13 0 1 0
R2 35 -2 0 -57 0 1 0
R2 35 -2 0 -21 0 1 0
R2 35 -2 0 -1 0 1 0
R2 35 -4 0 -26 0 4 0
R2 35 -4 0 -42 0 4 0
R2 35 -4 0 -6 0 4 0
R2 35 -4 0 -14 0 4 0
R2 35 -4 0 -2 0 4 0
R2 35 4 0 2 0 4 0
R2 35 4 0 14 0 4 0
R2 35 4 0 6 0 4 0
R2 35 4 0 42 0 4 0
R2 35 4 0 26 0 4 0
R2 37 -33 -11 -9 -3 -18 -7
R2 37 33 11 9 3 -18 -7
R2 37 -33 11 -9 3 -18 5
R2 37 33 -11 9 -3 -18 5
R2 37 -22 -11 -6 -3 -13 -5
R2 37 22 11 6 3 -13 -5
R2 37 -22 0 -6 0 -4 0
R2 37 22 0 6 0 -4 0
R2 37 11 0 3 0 -1 0
R2 37 -11 0 -3 0 -1 0
R2 37 2 0 1 0 1 0
R2 37 2 0 21 0 1 0
R2 37 2 0 57 0 1 0
R2 37 2 0 13 0 1 0
R2 37 2 0 3 0 1 0
R2 37 2 0 31 0 1 0
R2 37 2 0 7 0 1 0
R2 37 2 0 43 0 1 0
R2 37 -2 0 -43 0 1 0
R2 37 -2 0 -7 0 1 0
R2 37 -2 0 -31 0 1 0
R2 37 -2 0 -3 0 1 0
R2 37 -2 0 -13 0 1 0
R2 37 -2 0 -57 0 1 0
R2 37 -2 0 -21 0 1 0
R2 37 -2 0 -1 0 1 0
R2 37 4 0 2 0 4 0
R2 37 4 0 14 0 4 0
R2 37 4 0 6 0 4 0
R2 37 4 0 42 0 4 0
R2 37 4 0 26 0 4 0
R2 37 -4 0 -26 0 4 0
R2 37 -4 0 -42 0 4 0
R2 37 -4 0 -6 0 4 0
R2 37 -4 0 -14 0 4 0
R2 37 -4 0 -2 0 4 0
R2 37 -4 -2 -6 -3 13 5
R2 37 -4 -2 -14 -7 13 5
R2 37 -4 -2 -26 -13 13 5
R2 37 -4 -2 -42 -21 13 5
R2 37 -4 -2 -2 -1 13 5
R2 37 4 2 2 1 13 5
R2 37 4 2 42 21 13 5
R2 37 4 2 26 13 13 5
R2 37 4 2 14 7 13 5
R2 37 4 2 6 3 13 5
R2 37 -6 2 -3 1 18 -5
R2 37 -6 2 -39 13 18 -5
R2 37 -6 2 -9 3 18 -5
R2 37 -6 2 -21 7 18 -5
R2 37 6 -2 9 -3 18 -5
R2 37 6 -2 21 -7 18 -5
R2 37 6 -2 39 -13 18 -5
R2 37 6 -2 3 -1 18 -5
R2 37 -6 -2 -39 -13 18 7
R2 37 -6 -2 -3 -1 18 7
R2 37 -6 -2 -9 -3 18 7
R2 37 -6 -2 -21 -7 18 7
R2 37 6 2 9 3 18 7
R2 37 6 2 21 7 18 7
R2 37 6 2 3 1 18 7
R2 37 6 2 39 13 18 7
R2 38 -22 0 -6 0 -4 0
R2 38 22 0 6 0 -4 0
R2 38 -11 0 -3 0 -1 0
R2 38 11 0 3 0 -1 0
R2 38 2 0 1 0 1 0
R2 38 2 0 21 0 1 0
R2 38 2 0 57 0 1 0
R2 38 2 0 13 0 1 0
R2 38 2 0 3 0 1 0
R2 38 2 0 31 0 1 0
R2 38 2 0 7 0 1 0
R2 38 2 0 43 0 1 0
R2 38 -2 0 -43 0 1 0
R2 38 -2 0 -7 0 1 0
R2 38 -2 0 -31 0 1 0
R2 38 -2 0 -3 0 1 0
R2 38 -2 0 -13 0 1 0
R2 38 -2 0 -57 0 1 0
R2 38 -2 0 -21 0 1 0
R2 38 -2 0 -1 0 1 0
R2 38 -4 0 -26 0 4 0
R2 38 -4 0 -42 0 4 0
R2 38 -4 0 -6 0 4 0
R2 38 -4 0 -14 0 4 0
R2 38 -4 0 -2 0 4 0
R2 38 4 0 2 0 4 0
R2 38 4 0 14 0 4 0
R2 38 4 0 6 0 4 0
R2 38 4 0 42 0 4 0
R2 38 4 0 26 0 4 0
R2 39 -22 0 -6 0 -4 0
R2 39 22 0 6 0 -4 0
R2 39 11 0 3 0 -1 0
R2 39 -11 0 -3 0 -1 0
R2 39 2 0 1 0 1 0
R2 39 2 0 21 0 1 0
R2 39 2 0 57 0 1 0
R2 39 2 0 13 0 1 0
R2 39 2 0 3 0 1 0
R2 39 2 0 31 0 1 0
R2 39 2 0 7 0 1 0
R2 39 2 0 43 0 1 0
R2 39 -2 0 -43 0 1 0
R2 39 -2 0 -7 0 1 0
R2 39 -2 0 -31 0 1 0
R2 39 -2 0 -3 0 1 0
R2 39 -2 0 -13 0 1 0
R2 39 -2 0 -57 0 1 0
R2 39 -2 0 -21 0 1 0
R2 39 -2 0 -1 0 1 0
R2 39 4 0 2 0 4 0
R2 39 4 0 14 0 4 0
R2 39 4 0 6 0 4 0
R2 39 4 0 42 0 4 0
R2 39 4 0 26 0 4 0
R2 39 -4 0 -26 0 4 0
R2 39 -4 0 -42 0 4 0
R2 39 -4 0 -6 0 4 0
R2 39 -4 0 -14 0 4 0
R2 39 -4 0 -2 0 4 0
R2 41 -33 -11 -9 -3 -19 -7
R2 41 33 11 9 3 -19 -7
R2 41 -33 11 -9 3 -19 5
R2 41 33 -11 9 -3 -19 5
R2 41 -22 -11 -6 -3 -14 -5
R2 41 22 11 6 3 -14 -5
R2 41 -22 0 -6 0 -4 0
R2 41 22 0 6 0 -4 0
R2 41 11 0 3 0 -1 0
R2 41 -11 0 -3 0 -1 0
R2 41 2 0 1 0 1 0
R2 41 2 0 21 0 1 0
R2 41 2 0 57 0 1 0
R2 41 2 0 13 0 1 0
R2 41 2 0 3 0 1 0
R2 41 2 0 31 0 1 0
R2 41 2 0 7 0 1 0
R2 41 2 0 43 0 1 0
R2 41 -2 0 -43 0 1 0
R2 41 -2 0 -7 0 1 0
R2 41 -2 0 -31 0 1 0
R2 41 -2 0 -3 0 1 0
R2 41 -2 0 -13 0 1 0
R2 41 -2 0 -57 0 1 0
R2 41 -2 0 -21 0 1 0
R2 41 -2 0 -1 0 1 0
R2 41 4 0 2 0 4 0
R2 41 4 0 14 0 4 0
R2 41 4 0 6 0 4 0
R2 41 4 0 42 0 4 0
R2 41 4 0 26 0 4 0
R2 41 -4 0 -26 0 4 0
R2 41 -4 0 -42 0 4 0
R2 41 -4 0 -6 0 4 0
R2 41 -4 0 -14 0 4 0
R2 41 -4 0 -2 0 4 0
R2 41 -4 -2 -6 -3 14 5
R2 41 -4 -2 -14 -7 14 5
R2 41 -4 -2 -26 -13 14 5
R2 41 -4 -2 -42 -21 14 5
R2 41 -4 -2 -2 -1 14 5
R2 41 4 2 2 1 14 5
R2 41 4 2 42 21 14 5
R2 41 4 2 26 13 14 5
R2 41 4 2 14 7 14 5
R2 41 4 2 6 3 14 5
R2 41 -6 2 -3 1 19 -5
R2 41 -6 2 -39 13 19 -5
R2 41 -6 2 -9 3 19 -5
R2 41 -6 2 -21 7 19 -5
R2 41 6 -2 9 -3 19 -5
R2 41 6 -2 21 -7 19 -5
R2 41 6 -2 39 -13 19 -5
R2 41 6 -2 3 -1 19 -5
R2 41 -6 -2 -39 -13 19 7
R2 41 -6 -2 -3 -1 19 7
R2 41 -6 -2 -9 -3 19 7
R2 41 -6 -2 -21 -7 19 7
R2 41 6 2 9 3 19 7
R2 41 6 2 21 7 19 7
R2 41 6 2 3 1 19 7
R2 41 6 2 39 13 19 7
R2 42 22 0 6 0 -4 0
R2 42 -22 0 -6 0 -4 0
R2 42 11 0 3 0 -1 0
R2 42 -11 0 -3 0 -1 0
R2 42 2 0 1 0 1 0
R2 42 2 0 21 0 1 0
R2 42 2 0 57 0 1 0
R2 42 2 0 13 0 1 0
R2 42 2 0 3 0 1 0
R2 42 2 0 31 0 1 0
R2 42 2 0 7 0 1 0
R2 42 2 0 43 0 1 0
R2 42 -2 0 -43 0 1 0
R2 42 -2 0 -7 0 1 0
R2 42 -2 0 -31 0 1 0
R2 42 -2 0 -3 0 1 0
R2 42 -2 0 -13 0 1 0
R2 42 -2 0 -57 0 1 0
R2 42 -2 0 -21 0 1 0
R2 42 -2 0 -1 0 1 0
R2 42 -4 0 -26 0 4 0
R2 42 -4 0 -42 0 4 0
R2 42 -4 0 -6 0 4 0
R2 42 -4 0 -14 0 4 0
R2 42 -4 0 -2 0 4 0
R2 42 4 0 2 0 4 0
R2 42 4 0 14 0 4 0
R2 42 4 0 6 0 4 0
R2 42 4 0 42 0 4 0
R2 42 4 0 26 0 4 0
R2 43 -22 0 -6 0 -4 0
R2 43 22 0 6 0 -4 0
R2 43 11 0 3 0 -1 0
R2 43 -11 0 -3 0 -1 0
R2 43 2 0 1 0 1 0
R2 43 2 0 21 0 1 0
R2 43 2 0 57 0 1 0
R2 43 2 0 13 0 1 0
R2 43 2 0 3 0 1 0
R2 43 2 0 31 0 1 0
R2 43 2 0 7 0 1 0
R2 43 2 0 43 0 1 0
R2 43 -2 0 -43 0 1 0
R2 43 -2 0 -7 0 1 0
R2 43 -2 0 -31 0 1 0
R2 43 -2 0 -3 0 1 0
R2 43 -2 0 -13 0 1 0
R2 43 -2 0 -57 0 1 0
R2 43 -2 0 -21 0 1 0
R2 43 -2 0 -1 0 1 0
R2 43 -4 0 -26 0 4 0
R2 43 -4 0 -42 0 4 0
R2 43 -4 0 -6 0 4 0
R2 43 -4 0 -14 0 4 0
R2 43 -4 0 -2 0 4 0
R2 43 4 0 2 0 4 0
R2 43 4 0 14 0 4 0
R2 43 4 0 6 0 4 0
R2 43 4 0 42 0 4 0
R2 43 4 0 26 0 4 0
R2 46 -22 0 -6 0 -4 0
R2 46 22 0 6 0 -4 0
R2 46 11 0 3 0 -1 0
R2 46 -11 0 -3 0 -1 0
R2 46 2 0 1 0 1 0
R2 46 2 0 21 0 1 0
R2 46 2 0 57 0 1 0
R2 46 2 0 13 0 1 0
R2 46 2 0 3 0 1 0
R2 46 2 0 31 0 1 0
R2 46 2 0 7 0 1 0
R2 46 2 0 43 0 1 0
R2 46 -2 0 -43 0 1 0
R2 46 -2 0 -7 0 1 0
R2 46 -2 0 -31 0 1 0
R2 46 -2 0 -3 0 1 0
R2 46 -2 0 -13 0 1 0
R2 46 -2 0 -57 0 1 0
R2 46 -2 0 -21 0 1 0
R2 46 -2 0 -1 0 1 0
R2 46 -4 0 -26 0 4 0
R2 46 -4 0 -42 0 4 0
R2 46 -4 0 -6 0 4 0
R2 46 -4 0 -14 0 4 0
R2 46 -4 0 -2 0 4 0
R2 46 4 0 2 0 4 0
R2 46 4 0 14 0 4 0
R2 46 4 0 6 0 4 0
R2 46 4 0 42 0 4 0
R2 46 4 0 26 0 4 0
R2 47 -22 0 -6 0 -4 0
R2 47 22 0 6 0 -4 0
R2 47 -11 0 -3 0 -1 0
R2 47 11 0 3 0 -1 0
R2 47 2 0 1 0 1 0
R2 47 2 0 21 0 1 0
R2 47 2 0 57 0 1 0
R2 47 2 0 13 0 1 0
R2 47 2 0 3 0 1 0
R2 47 2 0 31 0 1 0
R2 47 2 0 7 0 1 0
R2 47 2 0 43 0 1 0
R2 47 -2 0 -43 0 1 0
R2 47 -2 0 -7 0 1 0
R2 47 -2 0 -31 0 1 0
R2 47 -2 0 -3 0 1 0
R2 47 -2 0 -13 0 1 0
R2 47 -2 0 -57 0 1 0
R2 47 -2 0 -21 0 1 0
R2 47 -2 0 -1 0 1 0
R2 47 -4 0 -26 0 4 0
R2 47 -4 0 -42 0 4 0
R2 47 -4 0 -6 0 4 0
R2 47 -4 0 -14 0 4 0
R2 47 -4 0 -2 0 4 0
R2 47 4 0 2 0 4 0
R2 47 4 0 14 0 4 0
R2 47 4 0 6 0 4 0
R2 47 4 0 42 0 4 0
R2 47 4 0 26 0 4 0
R2 51 -22 0 -6 0 -4 0
R2 51 22 0 6 0 -4 0
R2 51 11 0 3 0 -1 0
R2 51 -11 0 -3 0 -1 0
R2 51 2 0 1 0 1 0
R2 51 2 0 21 0 1 0
R2 51 2 0 57 0 1 0
R2 51 2 0 13 0 1 0
R2 51 2 0 3 0 1 0
R2 51 2 0 31 0 1 0
R2 51 2 0 7 0 1 0
R2 51 2 0 43 0 1 0
R2 51 -2 0 -43 0 1 0
R2 51 -2 0 -7 0 1 0
R2 51 -2 0 -31 0 1 0
R2 51 -2 0 -3 0 1 0
R2 51 -2 0 -13 0 1 0
R2 51 -2 0 -57 0 1 0
R2 51 -2 0 -21 0 1 0
R2 51 -2 0 -1 0 1 0
R2 51 -4 0 -26 0 4 0
R2 51 -4 0 -42 0 4 0
R2 51 -4 0 -6 0 4 0
R2 51 -4 0 -14 0 4 0
R2 51 -4 0 -2 0 4 0
R2 51 4 0 2 0 4 0
R2 51 4 0 14 0 4 0
R2 51 4 0 6 0 4 0
R2 51 4 0 42 0 4 0
R2 51 4 0 26 0 4 0
R2 53 -22 0 -6 0 -4 0
R2 53 22 0 6 0 -4 0
R2 53 11 0 3 0 -1 0
R2 53 -11 0 -3 0 -1 0
R2 53 2 0 1 0 1 0
R2 53 2 0 21 0 1 0
R2 53 2 0 57 0 1 0
R2 53 2 0 13 0 1 0
R2 53 2 0 3 0 1 0
R2 53 2 0 31 0 1 0
R2 53 2 0 7 0 1 0
R2 53 2 0 43 0 1 0
R2 53 -2 0 -43 0 1 0
R2 53 -2 0 -7 0 1 0
R2 53 -2 0 -31 0 1 0
R2 53 -2 0 -3 0 1 0
R2 53 -2 0 -13 0 1 0
R2 53 -2 0 -57 0 1 0
R2 53 -2 0 -21 0 1 0
R2 53 -2 0 -1 0 1 0
R2 53 -4 0 -26 0 4 0
R2 53 -4 0 -42 0 4 0
R2 53 -4 0 -6 0 4 0
R2 53 -4 0 -14 0 4 0
R2 53 -4 0 -2 0 4 0
R2 53 4 0 2 0 4 0
R2 53 4 0 14 0 4 0
R2 53 4 0 6 0 4 0
R2 53 4 0 42 0 4 0
R2 53 4 0 26 0 4 0
R2 55 -22 0 -6 0 -4 0
R2 55 22 0 6 0 -4 0
R2 55 11 0 3 0 -1 0
R2 55 -11 0 -3 0 -1 0
R2 55 -2 0 -43 0 1 0
R2 55 -2 0 -7 0 1 0
R2 55 -2 0 -31 0 1 0
R2 55 -2 0 -3 0 1 0
R2 55 -2 0 -13 0 1 0
R2 55 -2 0 -57 0 1 0
R2 55 -2 0 -21 0 1 0
R2 55 -2 0 -1 0 1 0
R2 55 2 0 1 0 1 0
R2 55 2 0 21 0 1 0
R2 55 2 0 57 0 1 0
R2 55 2 0 13 0 1 0
R2 55 2 0 3 0 1 0
R2 55 2 0 31 0 1 0
R2 55 2 0 7 0 1 0
R2 55 2 0 43 0 1 0
R2 55 -4 0 -26 0 4 0
R2 55 -4 0 -42 0 4 0
R2 55 -4 0 -6 0 4 0
R2 55 -4 0 -14 0 4 0
R2 55 -4 0 -2 0 4 0
R2 55 4 0 2 0 4 0
R2 55 4 0 14 0 4 0
R2 55 4 0 6 0 4 0
R2 55 4 0 42 0 4 0
R2 55 4 0 26 0 4 0
R2 57 22 0 6 0 -4 0
R2 57 -22 0 -6 0 -4 0
R2 57 11 0 3 0 -1 0
R2 57 -11 0 -3 0 -1 0
R2 57 2 0 1 0 1 0
R2 57 2 0 21 0 1 0
R2 57 2 0 57 0 1 0
R2 57 2 0 13 0 1 0
R2 57 2 0 3 0 1 0
R2 57 2 0 31 0 1 0
R2 57 2 0 7 0 1 0
R2 57 2 0 43 0 1 0
R2 57 -2 0 -43 0 1 0
R2 57 -2 0 -7 0 1 0
R2 57 -2 0 -31 0 1 0
R2 57 -2 0 -3 0 1 0
R2 57 -2 0 -13 0 1 0
R2 57 -2 0 -57 0 1 0
R2 57 -2 0 -21 0 1 0
R2 57 -2 0 -1 0 1 0
R2 57 4 0 2 0 4 0
R2 57 4 0 14 0 4 0
R2 57 4 0 6 0 4 0
R2 57 4 0 42 0 4 0
R2 57 4 0 26 0 4 0
R2 57 -4 0 -26 0 4 0
R2 57 -4 0 -42 0 4 0
R2 57 -4 0 -6 0 4 0
R2 57 -4 0 -14 0 4 0
R2 57 -4 0 -2 0 4 0
R2 58 -22 0 -6 0 -4 0
R2 58 22 0 6 0 -4 0
R2 58 11 0 3 0 -1 0
R2 58 -11 0 -3 0 -1 0
R2 58 2 0 1 0 1 0
R2 58 2 0 21 0 1 0
R2 58 2 0 57 0 1 0
R2 58 2 0 13 0 1 0
R2 58 2 0 3 0 1 0
R2 58 2 0 31 0 1 0
R2 58 2 0 7 0 1 0
R2 58 2 0 43 0 1 0
R2 58 -2 0 -43 0 1 0
R2 58 -2 0 -7 0 1 0
R2 58 -2 0 -31 0 1 0
R2 58 -2 0 -3 0 1 0
R2 58 -2 0 -13 0 1 0
R2 58 -2 0 -57 0 1 0
R2 58 -2 0 -21 0 1 0
R2 58 -2 0 -1 0 1 0
R2 58 -4 0 -26 0 4 0
R2 58 -4 0 -42 0 4 0
R2 58 -4 0 -6 0 4 0
R2 58 -4 0 -14 0 4 0
R2 58 -4 0 -2 0 4 0
R2 58 4 0 2 0 4 0
R2 58 4 0 14 0 4 0
R2 58 4 0 6 0 4 0
R2 58 4 0 42 0 4 0
R2 58 4 0 26 0 4 0
R2 59 -22 0 -6 0 -4 0
R2 59 22 0 6 0 -4 0
R2 59 -11 0 -3 0 -1 0
R2 59 11 0 3 0 -1 0
R2 59 2 0 1 0 1 0
R2 59 2 0 21 0 1 0
R2 59 2 0 57 0 1 0
R2 59 2 0 13 0 1 0
R2 59 2 0 3 0 1 0
R2 59 2 0 31 0 1 0
R2 59 2 0 7 0 1 0
R2 59 2 0 43 0 1 0
R2 59 -2 0 -43 0 1 0
R2 59 -2 0 -7 0 1 0
R2 59 -2 0 -31 0 1 0
R2 59 -2 0 -3 0 1 0
R2 59 -2 0 -13 0 1 0
R2 59 -2 0 -57 0 1 0
R2 59 -2 0 -21 0 1 0
R2 59 -2 0 -1 0 1 0
R2 59 4 0 2 0 4 0
R2 59 4 0 14 0 4 0
R2 59 4 0 6 0 4 0
R2 59 4 0 42 0 4 0
R2 59 4 0 26 0 4 0
R2 59 -4 0 -26 0 4 0
R2 59 -4 0 -42 0 4 0
R2 59 -4 0 -6 0 4 0
R2 59 -4 0 -14 0 4 0
R2 59 -4 0 -2 0 4 0
R2 61 -22 0 -6 0 -4 0
R2 61 22 0 6 0 -4 0
R2 61 11 0 3 0 -1 0
R2 61 -11 0 -3 0 -1 0
R2 61 2 0 1 0 1 0
R2 61 2 0 21 0 1 0
R2 61 2 0 57 0 1 0
R2 61 2 0 13 0 1 0
R2 61 2 0 3 0 1 0
R2 61 2 0 31 0 1 0
R2 61 2 0 7 0 1 0
R2 61 2 0 43 0 1 0
R2 61 -2 0 -43 0 1 0
R2 61 -2 0 -7 0 1 0
R2 61 -2 0 -31 0 1 0
R2 61 -2 0 -3 0 1 0
R2 61 -2 0 -13 0 1 0
R2 61 -2 0 -57 0 1 0
R2 61 -2 0 -21 0 1 0
R2 61 -2 0 -1 0 1 0
R2 61 4 0 2 0 4 0
R2 61 4 0 14 0 4 0
R2 61 4 0 6 0 4 0
R2 61 4 0 42 0 4 0
R2 61 4 0 26 0 4 0
R2 61 -4 0 -26 0 4 0
R2 61 -4 0 -42 0 4 0
R2 61 -4 0 -6 0 4 0
R2 61 -4 0 -14 0 4 0
R2 61 -4 0 -2 0 4 0
R2 62 -22 0 -6 0 -4 0
R2 62 22 0 6 0 -4 0
R2 62 -11 0 -3 0 -1 0
R2 62 11 0 3 0 -1 0
R2 62 2 0 1 0 1 0
R2 62 2 0 21 0 1 0
R2 62 2 0 57 0 1 0
R2 62 2 0 13 0 1 0
R2 62 2 0 3 0 1 0
R2 62 2 0 31 0 1 0
R2 62 2 0 7 0 1 0
R2 62 2 0 43 0 1 0
R2 62 -2 0 -43 0 1 0
R2 62 -2 0 -7 0 1 0
R2 62 -2 0 -31 0 1 0
R2 62 -2 0 -3 0 1 0
R2 62 -2 0 -13 0 1 0
R2 62 -2 0 -57 0 1 0
R2 62 -2 0 -21 0 1 0
R2 62 -2 0 -1 0 1 0
R2 62 -4 0 -26 0 4 0
R2 62 -4 0 -42 0 4 0
R2 62 -4 0 -6 0 4 0
R2 62 -4 0 -14 0 4 0
R2 62 -4 0 -2 0 4 0
R2 62 4 0 2 0 4 0
R2 62 4 0 14 0 4 0
R2 62 4 0 6 0 4 0
R2 62 4 0 42 0 4 0
R2 62 4 0 26 0 4 0
R2 65 -22 0 -6 0 -4 0
R2 65 22 0 6 0 -4 0
R2 65 11 0 3 0 -1 0
R2 65 -11 0 -3 0 -1 0
R2 65 -2 0 -43 0 1 0
R2 65 -2 0 -7 0 1 0
R2 65 -2 0 -31 0 1 0
R2 65 -2 0 -3 0 1 0
R2 65 -2 0 -13 0 1 0
R2 65 -2 0 -57 0 1 0
R2 65 -2 0 -21 0 1 0
R2 65 -2 0 -1 0 1 0
R2 65 2 0 1 0 1 0
R2 65 2 0 21 0 1 0
R2 65 2 0 57 0 1 0
R2 65 2 0 13 0 1 0
R2 65 2 0 3 0 1 0
R2 65 2 0 31 0 1 0
R2 65 2 0 7 0 1 0
R2 65 2 0 43 0 1 0
R2 65 -4 0 -26 0 4 0
R2 65 -4 0 -42 0 4 0
R2 65 -4 0 -6 0 4 0
R2 65 -4 0 -14 0 4 0
R2 65 -4 0 -2 0 4 0
R2 65 4 0 2 0 4 0
R2 65 4 0 14 0 4 0
R2 65 4 0 6 0 4 0
R2 65 4 0 42 0 4 0
R2 65 4 0 26 0 4 0
R2 66 -22 0 -6 0 -4 0
R2 66 22 0 6 0 -4 0
R2 66 11 0 3 0 -1 0
R2 66 -11 0 -3 0 -1 0
R2 66 2 0 1 0 1 0
R2 66 2 0 21 0 1 0
R2 66 2 0 57 0 1 0
R2 66 2 0 13 0 1 0
R2 66 2 0 3 0 1 0
R2 66 2 0 31 0 1 0
R2 66 2 0 7 0 1 0
R2 66 2 0 43 0 1 0
R2 66 -2 0 -43 0 1 0
R2 66 -2 0 -7 0 1 0
R2 66 -2 0 -31 0 1 0
R2 66 -2 0 -3 0 1 0
R2 66 -2 0 -13 0 1 0
R2 66 -2 0 -57 0 1 0
R2 66 -2 0 -21 0 1 0
R2 66 -2 0 -1 0 1 0
R2 66 4 0 2 0 4 0
R2 66 4 0 14 0 4 0
R2 66 4 0 6 0 4 0
R2 66 4 0 42 0 4 0
R2 66 4 0 26 0 4 0
R2 66 -4 0 -26 0 4 0
R2 66 -4 0 -42 0 4 0
R2 66 -4 0 -6 0 4 0
R2 66 -4 0 -14 0 4 0
R2 66 -4 0 -2 0 4 0
R2 67 -22 0 -6 0 -4 0
R2 67 22 0 6 0 -4 0
R2 67 -11 0 -3 0 -1 0
R2 67 11 0 3 0 -1 0
R2 67 -2 0 -43 0 1 0
R2 67 -2 0 -7 0 1 0
R2 67 -2 0 -31 0 1 0
R2 67 -2 0 -3 0 1 0
R2 67 -2 0 -13 0 1 0
R2 67 -2 0 -57 0 1 0
R2 67 -2 0 -21 0 1 0
R2 67 -2 0 -1 0 1 0
R2 67 2 0 1 0 1 0
R2 67 2 0 21 0 1 0
R2 67 2 0 57 0 1 0
R2 67 2 0 13 0 1 0
R2 67 2 0 3 0 1 0
R2 67 2 0 31 0 1 0
R2 67 2 0 7 0 1 0
R2 67 2 0 43 0 1 0
R2 67 -4 0 -26 0 4 0
R2 67 -4 0 -42 0 4 0
R2 67 -4 0 -6 0 4 0
R2 67 -4 0 -14 0 4 0
R2 67 -4 0 -2 0 4 0
R2 67 4 0 2 0 4 0
R2 67 4 0 14 0 4 0
R2 67 4 0 6 0 4 0
R2 67 4 0 42 0 4 0
R2 67 4 0 26 0 4 0
R2 69 -22 0 -6 0 -4 0
R2 69 22 0 6 0 -4 0
R2 69 11 0 3 0 -1 0
R2 69 -11 0 -3 0 -1 0
R2 69 2 0 1 0 1 0
R2 69 2 0 21 0 1 0
R2 69 2 0 57 0 1 0
R2 69 2 0 13 0 1 0
R2 69 2 0 3 0 1 0
R2 69 2 0 31 0 1 0
R2 69 2 0 7 0 1 0
R2 69 2 0 43 0 1 0
R2 69 -2 0 -43 0 1 0
R2 69 -2 0 -7 0 1 0
R2 69 -2 0 -31 0 1 0
R2 69 -2 0 -3 0 1 0
R2 69 -2 0 -13 0 1 0
R2 69 -2 0 -57 0 1 0
R2 69 -2 0 -21 0 1 0
R2 69 -2 0 -1 0 1 0
R2 69 -4 0 -26 0 4 0
R2 69 -4 0 -42 0 4 0
R2 69 -4 0 -6 0 4 0
R2 69 -4 0 -14 0 4 0
R2 69 -4 0 -2 0 4 0
R2 69 4 0 2 0 4 0
R2 69 4 0 14 0 4 0
R2 69 4 0 6 0 4 0
R2 69 4 0 42 0 4 0
R2 69 4 0 26 0 4 0
R2 70 -22 0 -6 0 -4 0
R2 70 22 0 6 0 -4 0
R2 70 11 0 3 0 -1 0
R2 70 -11 0 -3 0 -1 0
R2 70 2 0 1 0 1 0
R2 70 2 0 21 0 1 0
R2 70 2 0 57 0 1 0
R2 70 2 0 13 0 1 0
R2 70 2 0 3 0 1 0
R2 70 2 0 31 0 1 0
R2 70 2 0 7 0 1 0
R2 70 2 0 43 0 1 0
R2 70 -2 0 -43 0 1 0
R2 70 -2 0 -7 0 1 0
R2 70 -2 0 -31 0 1 0
R2 70 -2 0 -3 0 1 0
R2 70 -2 0 -13 0 1 0
R2 70 -2 0 -57 0 1 0
R2 70 -2 0 -21 0 1 0
R2 70 -2 0 -1 0 1 0
R2 70 -4 0 -26 0 4 0
R2 70 -4 0 -42 0 4 0
R2 70 -4 0 -6 0 4 0
R2 70 -4 0 -14 0 4 0
R2 70 -4 0 -2 0 4 0
R2 70 4 0 2 0 4 0
R2 70 4 0 14 0 4 0
R2 70 4 0 6 0 4 0
R2 70 4 0 42 0 4 0
R2 70 4 0 26 0 4 0
R2 71 -22 0 -6 0 -4 0
R2 71 22 0 6 0 -4 0
R2 71 11 0 3 0 -1 0
R2 71 -11 0 -3 0 -1 0
R2 71 2 0 1 0 1 0
R2 71 2 0 21 0 1 0
R2 71 2 0 57 0 1 0
R2 71 2 0 13 0 1 0
R2 71 2 0 3 0 1 0
R2 71 2 0 31 0 1 0
R2 71 2 0 7 0 1 0
R2 71 2 0 43 0 1 0
R2 71 -2 0 -43 0 1 0
R2 71 -2 0 -7 0 1 0
R2 71 -2 0 -31 0 1 0
R2 71 -2 0 -3 0 1 0
R2 71 -2 0 -13 0 1 0
R2 71 -2 0 -57 0 1 0
R2 71 -2 0 -21 0 1 0
R2 71 -2 0 -1 0 1 0
R2 71 4 0 2 0 4 0
R2 71 4 0 14 0 4 0
R2 71 4 0 6 0 4 0
R2 71 4 0 42 0 4 0
R2 71 4 0 26 0 4 0
R2 71 -4 0 -26 0 4 0
R2 71 -4 0 -42 0 4 0
R2 71 -4 0 -6 0 4 0
R2 71 -4 0 -14 0 4 0
R2 71 -4 0 -2 0 4 0
R2 73 -22 0 -6 0 -4 0
R2 73 22 0 6 0 -4 0
R2 73 11 0 3 0 -1 0
R2 73 -11 0 -3 0 -1 0
R2 73 2 0 1 0 1 0
R2 73 2 0 21 0 1 0
R2 73 2 0 57 0 1 0
R2 73 2 0 13 0 1 0
R2 73 2 0 3 0 1 0
R2 73 2 0 31 0 1 0
R2 73 2 0 7 0 1 0
R2 73 2 0 43 0 1 0
R2 73 -2 0 -43 0 1 0
R2 73 -2 0 -7 0 1 0
R2 73 -2 0 -31 0 1 0
R2 73 -2 0 -3 0 1 0
R2 73 -2 0 -13 0 1 0
R2 73 -2 0 -57 0 1 0
R2 73 -2 0 -21 0 1 0
R2 73 -2 0 -1 0 1 0
R2 73 4 0 2 0 4 0
R2 73 4 0 14 0 4 0
R2 73 4 0 6 0 4 0
R2 73 4 0 42 0 4 0
R2 73 4 0 26 0 4 0
R2 73 -4 0 -26 0 4 0
R2 73 -4 0 -42 0 4 0
R2 73 -4 0 -6 0 4 0
R2 73 -4 0 -14 0 4 0
R2 73 -4 0 -2 0 4 0
R2 74 -22 0 -6 0 -4 0
R2 74 22 0 6 0 -4 0
R2 74 11 0 3 0 -1 0
R2 74 -11 0 -3 0 -1 0
R2 74 2 0 1 0 1 0
R2 74 2 0 21 0 1 0
R2 74 2 0 57 0 1 0
R2 74 2 0 13 0 1 0
R2 74 2 0 3 0 1 0
R2 74 2 0 31 0 1 0
R2 74 2 0 7 0 1 0
R2 74 2 0 43 0 1 0
R2 74 -2 0 -43 0 1 0
R2 74 -2 0 -7 0 1 0
R2 74 -2 0 -31 0 1 0
R2 74 -2 0 -3 0 1 0
R2 74 -2 0 -13 0 1 0
R2 74 -2 0 -57 0 1 0
R2 74 -2 0 -21 0 1 0
R2 74 -2 0 -1 0 1 0
R2 74 -4 0 -26 0 4 0
R2 74 -4 0 -42 0 4 0
R2 74 -4 0 -6 0 4 0
R2 74 -4 0 -14 0 4 0
R2 74 -4 0 -2 0 4 0
R2 74 4 0 2 0 4 0
R2 74 4 0 14 0 4 0
R2 74 4 0 6 0 4 0
R2 74 4 0 42 0 4 0
R2 74 4 0 26 0 4 0
R2 77 -22 0 -6 0 -4 0
R2 77 22 0 6 0 -4 0
R2 77 11 0 3 0 -1 0
R2 77 -11 0 -3 0 -1 0
R2 77 2 0 1 0 1 0
R2 77 2 0 21 0 1 0
R2 77 2 0 57 0 1 0
R2 77 2 0 13 0 1 0
R2 77 2 0 3 0 1 0
R2 77 2 0 31 0 1 0
R2 77 2 0 7 0 1 0
R2 77 2 0 43 0 1 0
R2 77 -2 0 -43 0 1 0
R2 77 -2 0 -7 0 1 0
R2 77 -2 0 -31 0 1 0
R2 77 -2 0 -3 0 1 0
R2 77 -2 0 -13 0 1 0
R2 77 -2 0 -57 0 1 0
R2 77 -2 0 -21 0 1 0
R2 77 -2 0 -1 0 1 0
R2 77 4 0 2 0 4 0
R2 77 4 0 14 0 4 0
R2 77 4 0 6 0 4 0
R2 77 4 0 42 0 4 0
R2 77 4 0 26 0 4 0
R2 77 -4 0 -26 0 4 0
R2 77 -4 0 -42 0 4 0
R2 77 -4 0 -6 0 4 0
R2 77 -4 0 -14 0 4 0
R2 77 -4 0 -2 0 4 0
R2 78 -22 0 -6 0 -4 0
R2 78 22 0 6 0 -4 0
R2 78 -11 0 -3 0 -1 0
R2 78 11 0 3 0 -1 0
R2 78 2 0 1 0 1 0
R2 78 2 0 21 0 1 0
R2 78 2 0 57 0 1 0
R2 78 2 0 13 0 1 0
R2 78 2 0 3 0 1 0
R2 78 2 0 31 0 1 0
R2 78 2 0 7 0 1 0
R2 78 2 0 43 0 1 0
R2 78 -2 0 -43 0 1 0
R2 78 -2 0 -7 0 1 0
R2 78 -2 0 -31 0 1 0
R2 78 -2 0 -3 0 1 0
R2 78 -2 0 -13 0 1 0
R2 78 -2 0 -57 0 1 0
R2 78 -2 0 -21 0 1 0
R2 78 -2 0 -1 0 1 0
R2 78 -4 0 -26 0 4 0
R2 78 -4 0 -42 0 4 0
R2 78 -4 0 -6 0 4 0
R2 78 -4 0 -14 0 4 0
R2 78 -4 0 -2 0 4 0
R2 78 4 0 2 0 4 0
R2 78 4 0 14 0 4 0
R2 78 4 0 6 0 4 0
R2 78 4 0 42 0 4 0
R2 78 4 0 26 0 4 0
R2 79 -22 0 -6 0 -4 0
R2 79 22 0 6 0 -4 0
R2 79 11 0 3 0 -1 0
R2 79 -11 0 -3 0 -1 0
R2 79 -2 0 -43 0 1 0
R2 79 -2 0 -7 0 1 0
R2 79 -2 0 -31 0 1 0
R2 79 -2 0 -3 0 1 0
R2 79 -2 0 -13 0 1 0
R2 79 -2 0 -57 0 1 0
R2 79 -2 0 -21 0 1 0
R2 79 -2 0 -1 0 1 0
R2 79 2 0 1 0 1 0
R2 79 2 0 21 0 1 0
R2 79 2 0 57 0 1 0
R2 79 2 0 13 0 1 0
R2 79 2 0 3 0 1 0
R2 79 2 0 31 0 1 0
R2 79 2 0 7 0 1 0
R2 79 2 0 43 0 1 0
R2 79 -4 0 -26 0 4 0
R2 79 -4 0 -42 0 4 0
R2 79 -4 0 -6 0 4 0
R2 79 -4 0 -14 0 4 0
R2 79 -4 0 -2 0 4 0
R2 79 4 0 2 0 4 0
R2 79 4 0 14 0 4 0
R2 79 4 0 6 0 4 0
R2 79 4 0 42 0 4 0
R2 79 4 0 26 0 4 0
R2 82 -22 0 -6 0 -4 0
R2 82 22 0 6 0 -4 0
R2 82 -11 0 -3 0 -1 0
R2 82 11 0 3 0 -1 0
R2 82 2 0 1 0 1 0
R2 82 2 0 21 0 1 0
R2 82 2 0 57 0 1 0
R2 82 2 0 13 0 1 0
R2 82 2 0 3 0 1 0
R2 82 2 0 31 0 1 0
R2 82 2 0 7 0 1 0
R2 82 2 0 43 0 1 0
R2 82 -2 0 -43 0 1 0
R2 82 -2 0 -7 0 1 0
R2 82 -2 0 -31 0 1 0
R2 82 -2 0 -3 0 1 0
R2 82 -2 0 -13 0 1 0
R2 82 -2 0 -57 0 1 0
R2 82 -2 0 -21 0 1 0
R2 82 -2 0 -1 0 1 0
R2 82 -4 0 -26 0 4 0
R2 82 -4 0 -42 0 4 0
R2 82 -4 0 -6 0 4 0
R2 82 -4 0 -14 0 4 0
R2 82 -4 0 -2 0 4 0
R2 82 4 0 2 0 4 0
R2 82 4 0 14 0 4 0
R2 82 4 0 6 0 4 0
R2 82 4 0 42 0 4 0
R2 82 4 0 26 0 4 0
R2 83 -22 0 -6 0 -4 0
R2 83 22 0 6 0 -4 0
R2 83 11 0 3 0 -1 0
R2 83 -11 0 -3 0 -1 0
R2 83 2 0 1 0 1 0
R2 83 2 0 21 0 1 0
R2 83 2 0 57 0 1 0
R2 83 2 0 13 0 1 0
R2 83 2 0 3 0 1 0
R2 83 2 0 31 0 1 0
R2 83 2 0 7 0 1 0
R2 83 2 0 43 0 1 0
R2 83 -2 0 -43 0 1 0
R2 83 -2 0 -7 0 1 0
R2 83 -2 0 -31 0 1 0
R2 83 -2 0 -3 0 1 0
R2 83 -2 0 -13 0 1 0
R2 83 -2 0 -57 0 1 0
R2 83 -2 0 -21 0 1 0
R2 83 -2 0 -1 0 1 0
R2 83 -4 0 -26 0 4 0
R2 83 -4 0 -42 0 4 0
R2 83 -4 0 -6 0 4 0
R2 83 -4 0 -14 0 4 0
R2 83 -4 0 -2 0 4 0
R2 83 4 0 2 0 4 0
R2 83 4 0 14 0 4 0
R2 83 4 0 6 0 4 0
R2 83 4 0 42 0 4 0
R2 83 4 0 26 0 4 0
R2 85 -22 0 -6 0 -4 0
R2 85 22 0 6 0 -4 0
R2 85 -11 0 -3 0 -1 0
R2 85 11 0 3 0 -1 0
R2 85 2 0 1 0 1 0
R2 85 2 0 21 0 1 0
R2 85 2 0 57 0 1 0
R2 85 2 0 13 0 1 0
R2 85 2 0 3 0 1 0
R2 85 2 0 31 0 1 0
R2 85 2 0 7 0 1 0
R2 85 2 0 43 0 1 0
R2 85 -2 0 -43 0 1 0
R2 85 -2 0 -7 0 1 0
R2 85 -2 0 -31 0 1 0
R2 85 -2 0 -3 0 1 0
R2 85 -2 0 -13 0 1 0
R2 85 -2 0 -57 0 1 0
R2 85 -2 0 -21 0 1 0
R2 85 -2 0 -1 0 1 0
R2 85 4 0 2 0 4 0
R2 85 4 0 14 0 4 0
R2 85 4 0 6 0 4 0
R2 85 4 0 42 0 4 0
R2 85 4 0 26 0 4 0
R2 85 -4 0 -26 0 4 0
R2 85 -4 0 -42 0 4 0
R2 85 -4 0 -6 0 4 0
R2 85 -4 0 -14 0 4 0
R2 85 -4 0 -2 0 4 0
R2 86 -22 0 -6 0 -4 0
R2 86 22 0 6 0 -4 0
R2 86 11 0 3 0 -1 0
R2 86 -11 0 -3 0 -1 0
R2 86 2 0 1 0 1 0
R2 86 2 0 21 0 1 0
R2 86 2 0 57 0 1 0
R2 86 2 0 13 0 1 0
R2 86 2 0 3 0 1 0
R2 86 2 0 31 0 1 0
R2 86 2 0 7 0 1 0
R2 86 2 0 43 0 1 0
R2 86 -2 0 -43 0 1 0
R2 86 -2 0 -7 0 1 0
R2 86 -2 0 -31 0 1 0
R2 86 -2 0 -3 0 1 0
R2 86 -2 0 -13 0 1 0
R2 86 -2 0 -57 0 1 0
R2 86 -2 0 -21 0 1 0
R2 86 -2 0 -1 0 1 0
R2 86 -4 0 -26 0 4 0
R2 86 -4 0 -42 0 4 0
R2 86 -4 0 -6 0 4 0
R2 86 -4 0 -14 0 4 0
R2 86 -4 0 -2 0 4 0
R2 86 4 0 2 0 4 0
R2 86 4 0 14 0 4 0
R2 86 4 0 6 0 4 0
R2 86 4 0 42 0 4 0
R2 86 4 0 26 0 4 0
R2 87 -22 0 -6 0 -4 0
R2 87 22 0 6 0 -4 0
R2 87 11 0 3 0 -1 0
R2 87 -11 0 -3 0 -1 0
R2 87 2 0 1 0 1 0
R2 87 2 0 21 0 1 0
R2 87 2 0 57 0 1 0
R2 87 2 0 13 0 1 0
R2 87 2 0 3 0 1 0
R2 87 2 0 31 0 1 0
R2 87 2 0 7 0 1 0
R2 87 2 0 43 0 1 0
R2 87 -2 0 -43 0 1 0
R2 87 -2 0 -7 0 1 0
R2 87 -2 0 -31 0 1 0
R2 87 -2 0 -3 0 1 0
R2 87 -2 0 -13 0 1 0
R2 87 -2 0 -57 0 1 0
R2 87 -2 0 -21 0 1 0
R2 87 -2 0 -1 0 1 0
R2 87 -4 0 -26 0 4 0
R2 87 -4 0 -42 0 4 0
R2 87 -4 0 -6 0 4 0
R2 87 -4 0 -14 0 4 0
R2 87 -4 0 -2 0 4 0
R2 87 4 0 2 0 4 0
R2 87 4 0 14 0 4 0
R2 87 4 0 6 0 4 0
R2 87 4 0 42 0 4 0
R2 87 4 0 26 0 4 0
R2 89 -22 0 -6 0 -4 0
R2 89 22 0 6 0 -4 0
R2 89 11 0 3 0 -1 0
R2 89 -11 0 -3 0 -1 0
R2 89 2 0 1 0 1 0
R2 89 2 0 21 0 1 0
R2 89 2 0 57 0 1 0
R2 89 2 0 13 0 1 0
R2 89 2 0 3 0 1 0
R2 89 2 0 31 0 1 0
R2 89 2 0 7 0 1 0
R2 89 2 0 43 0 1 0
R2 89 -2 0 -43 0 1 0
R2 89 -2 0 -7 0 1 0
R2 89 -2 0 -31 0 1 0
R2 89 -2 0 -3 0 1 0
R2 89 -2 0 -13 0 1 0
R2 89 -2 0 -57 0 1 0
R2 89 -2 0 -21 0 1 0
R2 89 -2 0 -1 0 1 0
R2 89 -4 0 -26 0 4 0
R2 89 -4 0 -42 0 4 0
R2 89 -4 0 -6 0 4 0
R2 89 -4 0 -14 0 4 0
R2 89 -4 0 -2 0 4 0
R2 89 4 0 2 0 4 0
R2 89 4 0 14 0 4 0
R2 89 4 0 6 0 4 0
R2 89 4 0 42 0 4 0
R2 89 4 0 26 0 4 0
R2 91 -22 0 -6 0 -4 0
R2 91 22 0 6 0 -4 0
R2 91 11 0 3 0 -1 0
R2 91 -11 0 -3 0 -1 0
R2 91 2 0 1 0 1 0
R2 91 2 0 21 0 1 0
R2 91 2 0 57 0 1 0
R2 91 2 0 13 0 1 0
R2 91 2 0 3 0 1 0
R2 91 2 0 31 0 1 0
R2 91 2 0 7 0 1 0
R2 91 2 0 43 0 1 0
R2 91 -2 0 -43 0 1 0
R2 91 -2 0 -7 0 1 0
R2 91 -2 0 -31 0 1 0
R2 91 -2 0 -3 0 1 0
R2 91 -2 0 -13 0 1 0
R2 91 -2 0 -57 0 1 0
R2 91 -2 0 -21 0 1 0
R2 91 -2 0 -1 0 1 0
R2 91 -4 0 -26 0 4 0
R2 91 -4 0 -42 0 4 0
R2 91 -4 0 -6 0 4 0
R2 91 -4 0 -14 0 4 0
R2 91 -4 0 -2 0 4 0
R2 91 4 0 2 0 4 0
R2 91 4 0 14 0 4 0
R2 91 4 0 6 0 4 0
R2 91 4 0 42 0 4 0
R2 91 4 0 26 0 4 0
R2 93 -22 0 -6 0 -4 0
R2 93 22 0 6 0 -4 0
R2 93 -11 0 -3 0 -1 0
R2 93 11 0 3 0 -1 0
R2 93 2 0 1 0 1 0
R2 93 2 0 21 0 1 0
R2 93 2 0 57 0 1 0
R2 93 2 0 13 0 1 0
R2 93 2 0 3 0 1 0
R2 93 2 0 31 0 1 0
R2 93 2 0 7 0 1 0
R2 93 2 0 43 0 1 0
R2 93 -2 0 -43 0 1 0
R2 93 -2 0 -7 0 1 0
R2 93 -2 0 -31 0 1 0
R2 93 -2 0 -3 0 1 0
R2 93 -2 0 -13 0 1 0
R2 93 -2 0 -57 0 1 0
R2 93 -2 0 -21 0 1 0
R2 93 -2 0 -1 0 1 0
R2 93 4 0 2 0 4 0
R2 93 4 0 14 0 4 0
R2 93 4 0 6 0 4 0
R2 93 4 0 42 0 4 0
R2 93 4 0 26 0 4 0
R2 93 -4 0 -26 0 4 0
R2 93 -4 0 -42 0 4 0
R2 93 -4 0 -6 0 4 0
R2 93 -4 0 -14 0 4 0
R2 93 -4 0 -2 0 4 0
R2 94 -22 0 -6 0 -4 0
R2 94 22 0 6 0 -4 0
R2 94 11 0 3 0 -1 0
R2 94 -11 0 -3 0 -1 0
R2 94 2 0 1 0 1 0
R2 94 2 0 21 0 1 0
R2 94 2 0 57 0 1 0
R2 94 2 0 13 0 1 0
R2 94 2 0 3 0 1 0
R2 94 2 0 31 0 1 0
R2 94 2 0 7 0 1 0
R2 94 2 0 43 0 1 0
R2 94 -2 0 -43 0 1 0
R2 94 -2 0 -7 0 1 0
R2 94 -2 0 -31 0 1 0
R2 94 -2 0 -3 0 1 0
R2 94 -2 0 -13 0 1 0
R2 94 -2 0 -57 0 1 0
R2 94 -2 0 -21 0 1 0
R2 94 -2 0 -1 0 1 0
R2 94 -4 0 -26 0 4 0
R2 94 -4 0 -42 0 4 0
R2 94 -4 0 -6 0 4 0
R2 94 -4 0 -14 0 4 0
R2 94 -4 0 -2 0 4 0
R2 94 4 0 2 0 4 0
R2 94 4 0 14 0 4 0
R2 94 4 0 6 0 4 0
R2 94 4 0 42 0 4 0
R2 94 4 0 26 0 4 0
R2 95 -22 0 -6 0 -4 0
R2 95 22 0 6 0 -4 0
R2 95 11 0 3 0 -1 0
R2 95 -11 0 -3 0 -1 0
R2 95 2 0 1 0 1 0
R2 95 2 0 21 0 1 0
R2 95 2 0 57 0 1 0
R2 95 2 0 13 0 1 0
R2 95 2 0 3 0 1 0
R2 95 2 0 31 0 1 0
R2 95 2 0 7 0 1 0
R2 95 2 0 43 0 1 0
R2 95 -2 0 -43 0 1 0
R2 95 -2 0 -7 0 1 0
R2 95 -2 0 -31 0 1 0
R2 95 -2 0 -3 0 1 0
R2 95 -2 0 -13 0 1 0
R2 95 -2 0 -57 0 1 0
R2 95 -2 0 -21 0 1 0
R2 95 -2 0 -1 0 1 0
R2 95 -4 0 -26 0 4 0
R2 95 -4 0 -42 0 4 0
R2 95 -4 0 -6 0 4 0
R2 95 -4 0 -14 0 4 0
R2 95 -4 0 -2 0 4 0
R2 95 4 0 2 0 4 0
R2 95 4 0 14 0 4 0
R2 95 4 0 6 0 4 0
R2 95 4 0 42 0 4 0
R2 95 4 0 26 0 4 0
R2 97 22 0 6 0 -4 0
R2 97 -22 0 -6 0 -4 0
R2 97 -11 0 -3 0 -1 0
R2 97 11 0 3 0 -1 0
R2 97 2 0 1 0 1 0
R2 97 2 0 21 0 1 0
R2 97 2 0 57 0 1 0
R2 97 2 0 13 0 1 0
R2 97 2 0 3 0 1 0
R2 97 2 0 31 0 1 0
R2 97 2 0 7 0 1 0
R2 97 2 0 43 0 1 0
R2 97 -2 0 -43 0 1 0
R2 97 -2 0 -7 0 1 0
R2 97 -2 0 -31 0 1 0
R2 97 -2 0 -3 0 1 0
R2 97 -2 0 -13 0 1 0
R2 97 -2 0 -57 0 1 0
R2 97 -2 0 -21 0 1 0
R2 97 -2 0 -1 0 1 0
R2 97 4 0 2 0 4 0
R2 97 4 0 14 0 4 0
R2 97 4 0 6 0 4 0
R2 97 4 0 42 0 4 0
R2 97 4 0 26 0 4 0
R2 97 -4 0 -26 0 4 0
R2 97 -4 0 -42 0 4 0
R2 97 -4 0 -6 0 4 0
R2 97 -4 0 -14 0 4 0
R2 97 -4 0 -2 0 4 0
