R2 2 -14 10 -7 5 99 -70
R2 2 -14 10 -49 35 99 -70
R2 2 -14 10 -21 15 99 -70
R2 2 14 -10 21 -15 99 -70
R2 2 14 -10 49 -35 99 -70
R2 2 14 -10 7 -5 99 -70
R2 2 -77 55 -21 15 -99 70
R2 2 77 -55 21 -15 -99 70
R2 2 -6 4 -3 2 17 -12
R2 2 -6 4 -39 26 17 -12
R2 2 -6 4 -9 6 17 -12
R2 2 -6 4 -21 14 17 -12
R2 2 6 -4 9 -6 17 -12
R2 2 6 -4 21 -14 17 -12
R2 2 6 -4 39 -26 17 -12
R2 2 6 -4 3 -2 17 -12
R2 2 -33 22 -9 6 -17 12
R2 2 33 -22 9 -6 -17 12
R2 2 2 -2 1 -1 3 -2
R2 2 2 -2 21 -21 3 -2
R2 2 2 -2 57 -57 3 -2
R2 2 2 -2 13 -13 3 -2
R2 2 2 -2 3 -3 3 -2
R2 2 2 -2 31 -31 3 -2
R2 2 2 -2 7 -7 3 -2
R2 2 2 -2 43 -43 3 -2
R2 2 -2 2 -43 43 3 -2
R2 2 -2 2 -7 7 3 -2
R2 2 -2 2 -31 31 3 -2
R2 2 -2 2 -3 3 3 -2
R2 2 -2 2 -13 13 3 -2
R2 2 -2 2 -57 57 3 -2
R2 2 -2 2 -21 21 3 -2
R2 2 -2 2 -1 1 3 -2
R2 2 -11 11 -3 3 -3 2
R2 2 11 -11 3 -3 -3 2
R2 2 -2 0 -43 0 1 0
R2 2 -2 0 -7 0 1 0
R2 2 -2 0 -31 0 1 0
R2 2 -2 0 -3 0 1 0
R2 2 -2 0 -13 0 1 0
R2 2 -2 0 -57 0 1 0
R2 2 -2 0 -21 0 1 0
R2 2 -2 0 -1 0 1 0
R2 2 2 0 1 0 1 0
R2 2 2 0 21 0 1 0
R2 2 2 0 57 0 1 0
R2 2 2 0 13 0 1 0
R2 2 2 0 3 0 1 0
R2 2 2 0 31 0 1 0
R2 2 2 0 7 0 1 0
R2 2 2 0 43 0 1 0
R2 2 11 0 3 0 -1 0
R2 2 -11 0 -3 0 -1 0
R2 2 2 2 1 1 3 2
R2 2 2 2 21 21 3 2
R2 2 2 2 57 57 3 2
R2 2 2 2 13 13 3 2
R2 2 2 2 3 3 3 2
R2 2 2 2 31 31 3 2
R2 2 2 2 7 7 3 2
R2 2 2 2 43 43 3 2
R2 2 -2 -2 -43 -43 3 2
R2 2 -2 -2 -7 -7 3 2
R2 2 -2 -2 -31 -31 3 2
R2 2 -2 -2 -3 -3 3 2
R2 2 -2 -2 -13 -13 3 2
R2 2 -2 -2 -57 -57 3 2
R2 2 -2 -2 -21 -21 3 2
R2 2 -2 -2 -1 -1 3 2
R2 2 -11 -11 -3 -3 -3 -2
R2 2 11 11 3 3 -3 -2
R2 2 -6 -4 -39 -26 17 12
R2 2 -6 -4 -3 -2 17 12
R2 2 -6 -4 -9 -6 17 12
R2 2 -6 -4 -21 -14 17 12
R2 2 6 4 9 6 17 12
R2 2 6 4 21 14 17 12
R2 2 6 4 3 2 17 12
R2 2 6 4 39 26 17 12
R2 2 -33 -22 -9 -6 -17 -12
R2 2 33 22 9 6 -17 -12
R2 2 -14 -10 -7 -5 99 70
R2 2 -14 -10 -49 -35 99 70
R2 2 -14 -10 -21 -15 99 70
R2 2 14 10 21 15 99 70
R2 2 14 10 49 35 99 70
R2 2 14 10 7 5 99 70
R2 2 -77 -55 -21 -15 -99 -70
R2 2 77 55 21 15 -99 -70
R2 3 -52 30 -26 15 1351 -780
R2 3 52 -30 26 -15 1351 -780
R2 3 -14 8 -7 4 97 -56
R2 3 -14 8 -49 28 97 -56
R2 3 -14 8 -21 12 97 -56
R2 3 14 -8 21 -12 97 -56
R2 3 14 -8 49 -28 97 -56
R2 3 14 -8 7 -4 97 -56
R2 3 -77 44 -21 12 -97 56
R2 3 77 -44 21 -12 -97 56
R2 3 4 -2 14 -7 7 -4
R2 3 4 -2 6 -3 7 -4
R2 3 4 -2 2 -1 7 -4
R2 3 4 -2 42 -21 7 -4
R2 3 4 -2 26 -13 7 -4
R2 3 -4 2 -26 13 7 -4
R2 3 -4 2 -42 21 7 -4
R2 3 -4 2 -2 1 7 -4
R2 3 -4 2 -6 3 7 -4
R2 3 -4 2 -14 7 7 -4
R2 3 -22 11 -6 3 -7 4
R2 3 22 -11 6 -3 -7 4
R2 3 2 0 1 0 1 0
R2 3 2 0 21 0 1 0
R2 3 2 0 57 0 1 0
R2 3 2 0 13 0 1 0
R2 3 2 0 3 0 1 0
R2 3 2 0 31 0 1 0
R2 3 2 0 7 0 1 0
R2 3 2 0 43 0 1 0
R2 3 -2 0 -43 0 1 0
R2 3 -2 0 -7 0 1 0
R2 3 -2 0 -31 0 1 0
R2 3 -2 0 -3 0 1 0
R2 3 -2 0 -13 0 1 0
R2 3 -2 0 -57 0 1 0
R2 3 -2 0 -21 0 1 0
R2 3 -2 0 -1 0 1 0
R2 3 -11 0 -3 0 -1 0
R2 3 11 0 3 0 -1 0
R2 3 -4 -2 -6 -3 7 4
R2 3 -4 -2 -14 -7 7 4
R2 3 -4 -2 -26 -13 7 4
R2 3 -4 -2 -42 -21 7 4
R2 3 -4 -2 -2 -1 7 4
R2 3 4 2 2 1 7 4
R2 3 4 2 42 21 7 4
R2 3 4 2 26 13 7 4
R2 3 4 2 14 7 7 4
R2 3 4 2 6 3 7 4
R2 3 -22 -11 -6 -3 -7 -4
R2 3 22 11 6 3 -7 -4
R2 3 -14 -8 -7 -4 97 56
R2 3 -14 -8 -49 -28 97 56
R2 3 -14 -8 -21 -12 97 56
R2 3 14 8 21 12 97 56
R2 3 14 8 49 28 97 56
R2 3 14 8 7 4 97 56
R2 3 -77 -44 -21 -12 -97 -56
R2 3 77 44 21 12 -97 -56
R2 3 -52 -30 -26 -15 1351 780
R2 3 52 30 26 15 1351 780
R2 5 -6 4 -3 2 13 -8
R2 5 -6 4 -39 26 13 -8
R2 5 -6 4 -9 6 13 -8
R2 5 -6 4 -21 14 13 -8
R2 5 6 -4 9 -6 13 -8
R2 5 6 -4 21 -14 13 -8
R2 5 6 -4 39 -26 13 -8
R2 5 6 -4 3 -2 13 -8
R2 5 -33 22 -9 6 -13 8
R2 5 33 -22 9 -6 -13 8
R2 5 -4 2 -26 13 5 -3
R2 5 -4 2 -42 21 5 -3
R2 5 -4 2 -2 1 5 -3
R2 5 -4 2 -6 3 5 -3
R2 5 -4 2 -14 7 5 -3
R2 5 4 -2 14 -7 5 -3
R2 5 4 -2 6 -3 5 -3
R2 5 4 -2 2 -1 5 -3
R2 5 4 -2 42 -21 5 -3
R2 5 4 -2 26 -13 5 -3
R2 5 -22 11 -6 3 -5 3
R2 5 22 -11 6 -3 -5 3
R2 5 2 -2 1 -1 2 -1
R2 5 2 -2 21 -21 2 -1
R2 5 2 -2 57 -57 2 -1
R2 5 2 -2 13 -13 2 -1
R2 5 2 -2 3 -3 2 -1
R2 5 2 -2 31 -31 2 -1
R2 5 2 -2 7 -7 2 -1
R2 5 2 -2 43 -43 2 -1
R2 5 -2 2 -43 43 2 -1
R2 5 -2 2 -7 7 2 -1
R2 5 -2 2 -31 31 2 -1
R2 5 -2 2 -3 3 2 -1
R2 5 -2 2 -13 13 2 -1
R2 5 -2 2 -57 57 2 -1
R2 5 -2 2 -21 21 2 -1
R2 5 -2 2 -1 1 2 -1
R2 5 11 -11 3 -3 -2 1
R2 5 -11 11 -3 3 -2 1
R2 5 2 0 1 0 1 0
R2 5 2 0 21 0 1 0
R2 5 2 0 57 0 1 0
R2 5 2 0 13 0 1 0
R2 5 2 0 3 0 1 0
R2 5 2 0 31 0 1 0
R2 5 2 0 7 0 1 0
R2 5 2 0 43 0 1 0
R2 5 -2 0 -43 0 1 0
R2 5 -2 0 -7 0 1 0
R2 5 -2 0 -31 0 1 0
R2 5 -2 0 -3 0 1 0
R2 5 -2 0 -13 0 1 0
R2 5 -2 0 -57 0 1 0
R2 5 -2 0 -21 0 1 0
R2 5 -2 0 -1 0 1 0
R2 5 11 0 3 0 -1 0
R2 5 -11 0 -3 0 -1 0
R2 5 0 -2 0 -43 1 1
R2 5 0 -2 0 -7 1 1
R2 5 0 -2 0 -31 1 1
R2 5 0 -2 0 -3 1 1
R2 5 0 -2 0 -13 1 1
R2 5 0 -2 0 -57 1 1
R2 5 0 -2 0 -21 1 1
R2 5 0 -2 0 -1 1 1
R2 5 0 2 0 1 1 1
R2 5 0 2 0 21 1 1
R2 5 0 2 0 57 1 1
R2 5 0 2 0 13 1 1
R2 5 0 2 0 3 1 1
R2 5 0 2 0 31 1 1
R2 5 0 2 0 7 1 1
R2 5 0 2 0 43 1 1
R2 5 0 -11 0 -3 -1 -1
R2 5 0 11 0 3 -1 -1
R2 5 2 2 1 1 2 3
R2 5 2 2 21 21 2 3
R2 5 2 2 57 57 2 3
R2 5 2 2 13 13 2 3
R2 5 2 2 3 3 2 3
R2 5 2 2 31 31 2 3
R2 5 2 2 7 7 2 3
R2 5 2 2 43 43 2 3
R2 5 -2 -2 -43 -43 2 3
R2 5 -2 -2 -7 -7 2 3
R2 5 -2 -2 -31 -31 2 3
R2 5 -2 -2 -3 -3 2 3
R2 5 -2 -2 -13 -13 2 3
R2 5 -2 -2 -57 -57 2 3
R2 5 -2 -2 -21 -21 2 3
R2 5 -2 -2 -1 -1 2 3
R2 5 -11 -11 -3 -3 -2 -3
R2 5 11 11 3 3 -2 -3
R2 5 -2 -4 -7 -14 5 8
R2 5 -2 -4 -3 -6 5 8
R2 5 -2 -4 -13 -26 5 8
R2 5 -2 -4 -21 -42 5 8
R2 5 -2 -4 -1 -2 5 8
R2 5 2 4 1 2 5 8
R2 5 2 4 21 42 5 8
R2 5 2 4 13 26 5 8
R2 5 2 4 3 6 5 8
R2 5 2 4 7 14 5 8
R2 5 11 22 3 6 -5 -8
R2 5 -11 -22 -3 -6 -5 -8
R2 6 -98 40 -49 20 4801 -1960
R2 6 98 -40 49 -20 4801 -1960
R2 6 10 -4 5 -2 49 -20
R2 6 10 -4 15 -6 49 -20
R2 6 10 -4 35 -14 49 -20
R2 6 -10 4 -35 14 49 -20
R2 6 -10 4 -15 6 49 -20
R2 6 -10 4 -5 2 49 -20
R2 6 -55 22 -15 6 -49 20
R2 6 55 -22 15 -6 -49 20
R2 6 2 0 1 0 1 0
R2 6 2 0 21 0 1 0
R2 6 2 0 57 0 1 0
R2 6 2 0 13 0 1 0
R2 6 2 0 3 0 1 0
R2 6 2 0 31 0 1 0
R2 6 2 0 7 0 1 0
R2 6 2 0 43 0 1 0
R2 6 -2 0 -43 0 1 0
R2 6 -2 0 -7 0 1 0
R2 6 -2 0 -31 0 1 0
R2 6 -2 0 -3 0 1 0
R2 6 -2 0 -13 0 1 0
R2 6 -2 0 -57 0 1 0
R2 6 -2 0 -21 0 1 0
R2 6 -2 0 -1 0 1 0
R2 6 -11 0 -3 0 -1 0
R2 6 11 0 3 0 -1 0
R2 6 10 4 5 2 49 20
R2 6 10 4 15 6 49 20
R2 6 10 4 35 14 49 20
R2 6 -10 -4 -35 -14 49 20
R2 6 -10 -4 -15 -6 49 20
R2 6 -10 -4 -5 -2 49 20
R2 6 -55 -22 -15 -6 -49 -20
R2 6 55 22 15 6 -49 -20
R2 6 -98 -40 -49 -20 4801 1960
R2 6 98 40 49 20 4801 1960
R2 7 16 -6 8 -3 127 -48
R2 7 16 -6 56 -21 127 -48
R2 7 16 -6 24 -9 127 -48
R2 7 -16 6 -24 9 127 -48
R2 7 -16 6 -56 21 127 -48
R2 7 -16 6 -8 3 127 -48
R2 7 -88 33 -24 9 -127 48
R2 7 88 -33 24 -9 -127 48
R2 7 -2 0 -43 0 1 0
R2 7 -2 0 -7 0 1 0
R2 7 -2 0 -31 0 1 0
R2 7 -2 0 -3 0 1 0
R2 7 -2 0 -13 0 1 0
R2 7 -2 0 -57 0 1 0
R2 7 -2 0 -21 0 1 0
R2 7 -2 0 -1 0 1 0
R2 7 2 0 1 0 1 0
R2 7 2 0 21 0 1 0
R2 7 2 0 57 0 1 0
R2 7 2 0 13 0 1 0
R2 7 2 0 3 0 1 0
R2 7 2 0 31 0 1 0
R2 7 2 0 7 0 1 0
R2 7 2 0 43 0 1 0
R2 7 -11 0 -3 0 -1 0
R2 7 11 0 3 0 -1 0
R2 7 -16 -6 -8 -3 127 48
R2 7 -16 -6 -24 -9 127 48
R2 7 -16 -6 -56 -21 127 48
R2 7 16 6 56 21 127 48
R2 7 16 6 24 9 127 48
R2 7 16 6 8 3 127 48
R2 7 -88 -33 -24 -9 -127 -48
R2 7 88 33 24 9 -127 -48
R2 10 -38 12 -19 6 721 -228
R2 10 -38 12 -57 18 721 -228
R2 10 38 -12 57 -18 721 -228
R2 10 38 -12 19 -6 721 -228
R2 10 -209 66 -57 18 -721 228
R2 10 209 -66 57 -18 -721 228
R2 10 -6 2 -3 1 19 -6
R2 10 -6 2 -39 13 19 -6
R2 10 -6 2 -9 3 19 -6
R2 10 -6 2 -21 7 19 -6
R2 10 6 -2 9 -3 19 -6
R2 10 6 -2 21 -7 19 -6
R2 10 6 -2 39 -13 19 -6
R2 10 6 -2 3 -1 19 -6
R2 10 33 -11 9 -3 -19 6
R2 10 -33 11 -9 3 -19 6
R2 10 2 0 1 0 1 0
R2 10 2 0 21 0 1 0
R2 10 2 0 57 0 1 0
R2 10 2 0 13 0 1 0
R2 10 2 0 3 0 1 0
R2 10 2 0 31 0 1 0
R2 10 2 0 7 0 1 0
R2 10 2 0 43 0 1 0
R2 10 -2 0 -43 0 1 0
R2 10 -2 0 -7 0 1 0
R2 10 -2 0 -31 0 1 0
R2 10 -2 0 -3 0 1 0
R2 10 -2 0 -13 0 1 0
R2 10 -2 0 -57 0 1 0
R2 10 -2 0 -21 0 1 0
R2 10 -2 0 -1 0 1 0
R2 10 11 0 3 0 -1 0
R2 10 -11 0 -3 0 -1 0
R2 10 -6 -2 -39 -13 19 6
R2 10 -6 -2 -3 -1 19 6
R2 10 -6 -2 -9 -3 19 6
R2 10 -6 -2 -21 -7 19 6
R2 10 6 2 9 3 19 6
R2 10 6 2 21 7 19 6
R2 10 6 2 3 1 19 6
R2 10 6 2 39 13 19 6
R2 10 -33 -11 -9 -3 -19 -6
R2 10 33 11 9 3 -19 -6
R2 10 -38 -12 -19 -6 721 228
R2 10 -38 -12 -57 -18 721 228
R2 10 38 12 57 18 721 228
R2 10 38 12 19 6 721 228
R2 10 -209 -66 -57 -18 -721 -228
R2 10 209 66 57 18 -721 -228
R2 11 -20 6 -30 9 199 -60
R2 11 -20 6 -10 3 199 -60
R2 11 20 -6 10 -3 199 -60
R2 11 20 -6 30 -9 199 -60
R2 11 -110 33 -30 9 -199 60
R2 11 110 -33 30 -9 -199 60
R2 11 2 0 1 0 1 0
R2 11 2 0 21 0 1 0
R2 11 2 0 57 0 1 0
R2 11 2 0 13 0 1 0
R2 11 2 0 3 0 1 0
R2 11 2 0 31 0 1 0
R2 11 2 0 7 0 1 0
R2 11 2 0 43 0 1 0
R2 11 -2 0 -43 0 1 0
R2 11 -2 0 -7 0 1 0
R2 11 -2 0 -31 0 1 0
R2 11 -2 0 -3 0 1 0
R2 11 -2 0 -13 0 1 0
R2 11 -2 0 -57 0 1 0
R2 11 -2 0 -21 0 1 0
R2 11 -2 0 -1 0 1 0
R2 11 -11 0 -3 0 -1 0
R2 11 11 0 3 0 -1 0
R2 11 -20 -6 -10 -3 199 60
R2 11 -20 -6 -30 -9 199 60
R2 11 20 6 30 9 199 60
R2 11 20 6 10 3 199 60
R2 11 -110 -33 -30 -9 -199 -60
R2 11 110 33 30 9 -199 -60
R2 13 -46 20 -23 10 829 -360
R2 13 46 -20 23 -10 829 -360
R2 13 -14 6 -7 3 76 -33
R2 13 -14 6 -49 21 76 -33
R2 13 -14 6 -21 9 76 -33
R2 13 14 -6 21 -9 76 -33
R2 13 14 -6 49 -21 76 -33
R2 13 14 -6 7 -3 76 -33
R2 13 -77 33 -21 9 -76 33
R2 13 77 -33 21 -9 -76 33
R2 13 4 -2 14 -7 7 -3
R2 13 4 -2 6 -3 7 -3
R2 13 4 -2 2 -1 7 -3
R2 13 4 -2 42 -21 7 -3
R2 13 4 -2 26 -13 7 -3
R2 13 -4 2 -26 13 7 -3
R2 13 -4 2 -42 21 7 -3
R2 13 -4 2 -2 1 7 -3
R2 13 -4 2 -6 3 7 -3
R2 13 -4 2 -14 7 7 -3
R2 13 -22 11 -6 3 -7 3
R2 13 22 -11 6 -3 -7 3
R2 13 2 0 1 0 1 0
R2 13 2 0 21 0 1 0
R2 13 2 0 57 0 1 0
R2 13 2 0 13 0 1 0
R2 13 2 0 3 0 1 0
R2 13 2 0 31 0 1 0
R2 13 2 0 7 0 1 0
R2 13 2 0 43 0 1 0
R2 13 -2 0 -43 0 1 0
R2 13 -2 0 -7 0 1 0
R2 13 -2 0 -31 0 1 0
R2 13 -2 0 -3 0 1 0
R2 13 -2 0 -13 0 1 0
R2 13 -2 0 -57 0 1 0
R2 13 -2 0 -21 0 1 0
R2 13 -2 0 -1 0 1 0
R2 13 11 0 3 0 -1 0
R2 13 -11 0 -3 0 -1 0
R2 13 2 2 1 1 4 3
R2 13 2 2 21 21 4 3
R2 13 2 2 57 57 4 3
R2 13 2 2 13 13 4 3
R2 13 2 2 3 3 4 3
R2 13 2 2 31 31 4 3
R2 13 2 2 7 7 4 3
R2 13 2 2 43 43 4 3
R2 13 -2 -2 -43 -43 4 3
R2 13 -2 -2 -7 -7 4 3
R2 13 -2 -2 -31 -31 4 3
R2 13 -2 -2 -3 -3 4 3
R2 13 -2 -2 -13 -13 4 3
R2 13 -2 -2 -57 -57 4 3
R2 13 -2 -2 -21 -21 4 3
R2 13 -2 -2 -1 -1 4 3
R2 13 -11 -11 -3 -3 -4 -3
R2 13 11 11 3 3 -4 -3
R2 13 -8 -6 -52 -39 43 33
R2 13 -8 -6 -4 -3 43 33
R2 13 -8 -6 -12 -9 43 33
R2 13 -8 -6 -28 -21 43 33
R2 13 8 6 28 21 43 33
R2 13 8 6 12 9 43 33
R2 13 8 6 4 3 43 33
R2 13 8 6 52 39 43 33
R2 13 -44 -33 -12 -9 -43 -33
R2 13 44 33 12 9 -43 -33
R2 13 26 20 13 10 469 360
R2 13 26 20 39 30 469 360
R2 13 -26 -20 -39 -30 469 360
R2 13 -26 -20 -13 -10 469 360
R2 13 -143 -110 -39 -30 -469 -360
R2 13 143 110 39 30 -469 -360
R2 14 -30 8 -15 4 449 -120
R2 14 -30 8 -45 12 449 -120
R2 14 30 -8 45 -12 449 -120
R2 14 30 -8 15 -4 449 -120
R2 14 -165 44 -45 12 -449 120
R2 14 165 -44 45 -12 -449 120
R2 14 2 0 1 0 1 0
R2 14 2 0 21 0 1 0
R2 14 2 0 57 0 1 0
R2 14 2 0 13 0 1 0
R2 14 2 0 3 0 1 0
R2 14 2 0 31 0 1 0
R2 14 2 0 7 0 1 0
R2 14 2 0 43 0 1 0
R2 14 -2 0 -43 0 1 0
R2 14 -2 0 -7 0 1 0
R2 14 -2 0 -31 0 1 0
R2 14 -2 0 -3 0 1 0
R2 14 -2 0 -13 0 1 0
R2 14 -2 0 -57 0 1 0
R2 14 -2 0 -21 0 1 0
R2 14 -2 0 -1 0 1 0
R2 14 11 0 3 0 -1 0
R2 14 -11 0 -3 0 -1 0
R2 14 -30 -8 -15 -4 449 120
R2 14 -30 -8 -45 -12 449 120
R2 14 30 8 45 12 449 120
R2 14 30 8 15 4 449 120
R2 14 -165 -44 -45 -12 -449 -120
R2 14 165 44 45 12 -449 -120
R2 15 -62 16 -31 8 1921 -496
R2 15 62 -16 31 -8 1921 -496
R2 15 -8 2 -52 13 31 -8
R2 15 -8 2 -4 1 31 -8
R2 15 -8 2 -12 3 31 -8
R2 15 -8 2 -28 7 31 -8
R2 15 8 -2 28 -7 31 -8
R2 15 8 -2 12 -3 31 -8
R2 15 8 -2 4 -1 31 -8
R2 15 8 -2 52 -13 31 -8
R2 15 -44 11 -12 3 -31 8
R2 15 44 -11 12 -3 -31 8
R2 15 2 0 1 0 1 0
R2 15 2 0 21 0 1 0
R2 15 2 0 57 0 1 0
R2 15 2 0 13 0 1 0
R2 15 2 0 3 0 1 0
R2 15 2 0 31 0 1 0
R2 15 2 0 7 0 1 0
R2 15 2 0 43 0 1 0
R2 15 -2 0 -43 0 1 0
R2 15 -2 0 -7 0 1 0
R2 15 -2 0 -31 0 1 0
R2 15 -2 0 -3 0 1 0
R2 15 -2 0 -13 0 1 0
R2 15 -2 0 -57 0 1 0
R2 15 -2 0 -21 0 1 0
R2 15 -2 0 -1 0 1 0
R2 15 11 0 3 0 -1 0
R2 15 -11 0 -3 0 -1 0
R2 15 8 2 4 1 31 8
R2 15 8 2 52 13 31 8
R2 15 8 2 28 7 31 8
R2 15 8 2 12 3 31 8
R2 15 -8 -2 -12 -3 31 8
R2 15 -8 -2 -28 -7 31 8
R2 15 -8 -2 -52 -13 31 8
R2 15 -8 -2 -4 -1 31 8
R2 15 -44 -11 -12 -3 -31 -8
R2 15 44 11 12 3 -31 -8
R2 15 -62 -16 -31 -8 1921 496
R2 15 62 16 31 8 1921 496
R2 17 -82 32 -41 16 2705 -1056
R2 17 82 -32 41 -16 2705 -1056
R2 17 10 -4 5 -2 41 -16
R2 17 10 -4 15 -6 41 -16
R2 17 10 -4 35 -14 41 -16
R2 17 -10 4 -35 14 41 -16
R2 17 -10 4 -15 6 41 -16
R2 17 -10 4 -5 2 41 -16
R2 17 -55 22 -15 6 -41 16
R2 17 55 -22 15 -6 -41 16
R2 17 2 0 1 0 1 0
R2 17 2 0 21 0 1 0
R2 17 2 0 57 0 1 0
R2 17 2 0 13 0 1 0
R2 17 2 0 3 0 1 0
R2 17 2 0 31 0 1 0
R2 17 2 0 7 0 1 0
R2 17 2 0 43 0 1 0
R2 17 -2 0 -43 0 1 0
R2 17 -2 0 -7 0 1 0
R2 17 -2 0 -31 0 1 0
R2 17 -2 0 -3 0 1 0
R2 17 -2 0 -13 0 1 0
R2 17 -2 0 -57 0 1 0
R2 17 -2 0 -21 0 1 0
R2 17 -2 0 -1 0 1 0
R2 17 11 0 3 0 -1 0
R2 17 -11 0 -3 0 -1 0
R2 17 -6 -4 -39 -26 25 16
R2 17 -6 -4 -3 -2 25 16
R2 17 -6 -4 -9 -6 25 16
R2 17 -6 -4 -21 -14 25 16
R2 17 6 4 9 6 25 16
R2 17 6 4 21 14 25 16
R2 17 6 4 3 2 25 16
R2 17 6 4 39 26 25 16
R2 17 33 22 9 6 -25 -16
R2 17 -33 -22 -9 -6 -25 -16
R2 17 -50 -32 -25 -16 1649 1056
R2 17 50 32 25 16 1649 1056
R2 19 2 0 1 0 1 0
R2 19 2 0 21 0 1 0
R2 19 2 0 57 0 1 0
R2 19 2 0 13 0 1 0
R2 19 2 0 3 0 1 0
R2 19 2 0 31 0 1 0
R2 19 2 0 7 0 1 0
R2 19 2 0 43 0 1 0
R2 19 -2 0 -43 0 1 0
R2 19 -2 0 -7 0 1 0
R2 19 -2 0 -31 0 1 0
R2 19 -2 0 -3 0 1 0
R2 19 -2 0 -13 0 1 0
R2 19 -2 0 -57 0 1 0
R2 19 -2 0 -21 0 1 0
R2 19 -2 0 -1 0 1 0
R2 19 -11 0 -3 0 -1 0
R2 19 11 0 3 0 -1 0
R2 21 -28 10 -14 5 321 -115
R2 21 -28 10 -42 15 321 -115
R2 21 28 -10 42 -15 321 -115
R2 21 28 -10 14 -5 321 -115
R2 21 -154 55 -42 15 -321 115
R2 21 154 -55 42 -15 -321 115
R2 21 -6 2 -3 1 14 -5
R2 21 -6 2 -39 13 14 -5
R2 21 -6 2 -9 3 14 -5
R2 21 -6 2 -21 7 14 -5
R2 21 6 -2 9 -3 14 -5
R2 21 6 -2 21 -7 14 -5
R2 21 6 -2 39 -13 14 -5
R2 21 6 -2 3 -1 14 -5
R2 21 33 -11 9 -3 -14 5
R2 21 -33 11 -9 3 -14 5
R2 21 2 0 1 0 1 0
R2 21 2 0 21 0 1 0
R2 21 2 0 57 0 1 0
R2 21 2 0 13 0 1 0
R2 21 2 0 3 0 1 0
R2 21 2 0 31 0 1 0
R2 21 2 0 7 0 1 0
R2 21 2 0 43 0 1 0
R2 21 -2 0 -43 0 1 0
R2 21 -2 0 -7 0 1 0
R2 21 -2 0 -31 0 1 0
R2 21 -2 0 -3 0 1 0
R2 21 -2 0 -13 0 1 0
R2 21 -2 0 -57 0 1 0
R2 21 -2 0 -21 0 1 0
R2 21 -2 0 -1 0 1 0
R2 21 11 0 3 0 -1 0
R2 21 -11 0 -3 0 -1 0
R2 21 4 2 2 1 9 5
R2 21 4 2 42 21 9 5
R2 21 4 2 26 13 9 5
R2 21 4 2 14 7 9 5
R2 21 4 2 6 3 9 5
R2 21 -4 -2 -6 -3 9 5
R2 21 -4 -2 -14 -7 9 5
R2 21 -4 -2 -26 -13 9 5
R2 21 -4 -2 -42 -21 9 5
R2 21 -4 -2 -2 -1 9 5
R2 21 -22 -11 -6 -3 -9 -5
R2 21 22 11 6 3 -9 -5
R2 21 -18 -10 -27 -15 206 115
R2 21 -18 -10 -9 -5 206 115
R2 21 18 10 9 5 206 115
R2 21 18 10 27 15 206 115
R2 21 -99 -55 -27 -15 -206 -115
R2 21 99 55 27 15 -206 -115
R2 21 -86 -48 -43 -24 4729 2640
R2 21 86 48 43 24 4729 2640
R2 22 2 0 1 0 1 0
R2 22 2 0 21 0 1 0
R2 22 2 0 57 0 1 0
R2 22 2 0 13 0 1 0
R2 22 2 0 3 0 1 0
R2 22 2 0 31 0 1 0
R2 22 2 0 7 0 1 0
R2 22 2 0 43 0 1 0
R2 22 -2 0 -43 0 1 0
R2 22 -2 0 -7 0 1 0
R2 22 -2 0 -31 0 1 0
R2 22 -2 0 -3 0 1 0
R2 22 -2 0 -13 0 1 0
R2 22 -2 0 -57 0 1 0
R2 22 -2 0 -21 0 1 0
R2 22 -2 0 -1 0 1 0
R2 22 -11 0 -3 0 -1 0
R2 22 11 0 3 0 -1 0
R2 23 -48 10 -24 5 1151 -240
R2 23 48 -10 24 -5 1151 -240
R2 23 -2 0 -43 0 1 0
R2 23 -2 0 -7 0 1 0
R2 23 -2 0 -31 0 1 0
R2 23 -2 0 -3 0 1 0
R2 23 -2 0 -13 0 1 0
R2 23 -2 0 -57 0 1 0
R2 23 -2 0 -21 0 1 0
R2 23 -2 0 -1 0 1 0
R2 23 2 0 1 0 1 0
R2 23 2 0 21 0 1 0
R2 23 2 0 57 0 1 0
R2 23 2 0 13 0 1 0
R2 23 2 0 3 0 1 0
R2 23 2 0 31 0 1 0
R2 23 2 0 7 0 1 0
R2 23 2 0 43 0 1 0
R2 23 -11 0 -3 0 -1 0
R2 23 11 0 3 0 -1 0
R2 23 -48 -10 -24 -5 1151 240
R2 23 48 10 24 5 1151 240
R2 26 -102 20 -51 10 5201 -1020
R2 26 102 -20 51 -10 5201 -1020
R2 26 10 -2 5 -1 51 -10
R2 26 10 -2 15 -3 51 -10
R2 26 10 -2 35 -7 51 -10
R2 26 -10 2 -35 7 51 -10
R2 26 -10 2 -15 3 51 -10
R2 26 -10 2 -5 1 51 -10
R2 26 -55 11 -15 3 -51 10
R2 26 55 -11 15 -3 -51 10
R2 26 2 0 1 0 1 0
R2 26 2 0 21 0 1 0
R2 26 2 0 57 0 1 0
R2 26 2 0 13 0 1 0
R2 26 2 0 3 0 1 0
R2 26 2 0 31 0 1 0
R2 26 2 0 7 0 1 0
R2 26 2 0 43 0 1 0
R2 26 -2 0 -43 0 1 0
R2 26 -2 0 -7 0 1 0
R2 26 -2 0 -31 0 1 0
R2 26 -2 0 -3 0 1 0
R2 26 -2 0 -13 0 1 0
R2 26 -2 0 -57 0 1 0
R2 26 -2 0 -21 0 1 0
R2 26 -2 0 -1 0 1 0
R2 26 -11 0 -3 0 -1 0
R2 26 11 0 3 0 -1 0
R2 26 10 2 5 1 51 10
R2 26 10 2 15 3 51 10
R2 26 10 2 35 7 51 10
R2 26 -10 -2 -35 -7 51 10
R2 26 -10 -2 -15 -3 51 10
R2 26 -10 -2 -5 -1 51 10
R2 26 -55 -11 -15 -3 -51 -10
R2 26 55 11 15 3 -51 -10
R2 26 -102 -20 -51 -10 5201 1020
R2 26 102 20 51 10 5201 1020
R2 29 -32 10 -16 5 431 -135
R2 29 -32 10 -48 15 431 -135
R2 29 32 -10 48 -15 431 -135
R2 29 32 -10 16 -5 431 -135
R2 29 -176 55 -48 15 -431 135
R2 29 176 -55 48 -15 -431 135
R2 29 -6 2 -3 1 16 -5
R2 29 -6 2 -39 13 16 -5
R2 29 -6 2 -9 3 16 -5
R2 29 -6 2 -21 7 16 -5
R2 29 6 -2 9 -3 16 -5
R2 29 6 -2 21 -7 16 -5
R2 29 6 -2 39 -13 16 -5
R2 29 6 -2 3 -1 16 -5
R2 29 -33 11 -9 3 -16 5
R2 29 33 -11 9 -3 -16 5
R2 29 2 0 1 0 1 0
R2 29 2 0 21 0 1 0
R2 29 2 0 57 0 1 0
R2 29 2 0 13 0 1 0
R2 29 2 0 3 0 1 0
R2 29 2 0 31 0 1 0
R2 29 2 0 7 0 1 0
R2 29 2 0 43 0 1 0
R2 29 -2 0 -43 0 1 0
R2 29 -2 0 -7 0 1 0
R2 29 -2 0 -31 0 1 0
R2 29 -2 0 -3 0 1 0
R2 29 -2 0 -13 0 1 0
R2 29 -2 0 -57 0 1 0
R2 29 -2 0 -21 0 1 0
R2 29 -2 0 -1 0 1 0
R2 29 -11 0 -3 0 -1 0
R2 29 11 0 3 0 -1 0
R2 29 -4 -2 -6 -3 11 5
R2 29 -4 -2 -14 -7 11 5
R2 29 -4 -2 -26 -13 11 5
R2 29 -4 -2 -42 -21 11 5
R2 29 -4 -2 -2 -1 11 5
R2 29 4 2 2 1 11 5
R2 29 4 2 42 21 11 5
R2 29 4 2 26 13 11 5
R2 29 4 2 14 7 11 5
R2 29 4 2 6 3 11 5
R2 29 -22 -11 -6 -3 -11 -5
R2 29 22 11 6 3 -11 -5
R2 29 -22 -10 -11 -5 296 135
R2 29 -22 -10 -33 -15 296 135
R2 29 22 10 33 15 296 135
R2 29 22 10 11 5 296 135
R2 29 -121 -55 -33 -15 -296 -135
R2 29 121 55 33 15 -296 -135
R2 29 -114 -52 -57 -26 7981 3640
R2 29 114 52 57 26 7981 3640
R2 30 -22 4 -11 2 241 -44
R2 30 -22 4 -33 6 241 -44
R2 30 22 -4 33 -6 241 -44
R2 30 22 -4 11 -2 241 -44
R2 30 -121 22 -33 6 -241 44
R2 30 121 -22 33 -6 -241 44
R2 30 2 0 1 0 1 0
R2 30 2 0 21 0 1 0
R2 30 2 0 57 0 1 0
R2 30 2 0 13 0 1 0
R2 30 2 0 3 0 1 0
R2 30 2 0 31 0 1 0
R2 30 2 0 7 0 1 0
R2 30 2 0 43 0 1 0
R2 30 -2 0 -43 0 1 0
R2 30 -2 0 -7 0 1 0
R2 30 -2 0 -31 0 1 0
R2 30 -2 0 -3 0 1 0
R2 30 -2 0 -13 0 1 0
R2 30 -2 0 -57 0 1 0
R2 30 -2 0 -21 0 1 0
R2 30 -2 0 -1 0 1 0
R2 30 11 0 3 0 -1 0
R2 30 -11 0 -3 0 -1 0
R2 30 -22 -4 -11 -2 241 44
R2 30 -22 -4 -33 -6 241 44
R2 30 22 4 33 6 241 44
R2 30 22 4 11 2 241 44
R2 30 -121 -22 -33 -6 -241 -44
R2 30 121 22 33 6 -241 -44
R2 31 -2 0 -43 0 1 0
R2 31 -2 0 -7 0 1 0
R2 31 -2 0 -31 0 1 0
R2 31 -2 0 -3 0 1 0
R2 31 -2 0 -13 0 1 0
R2 31 -2 0 -57 0 1 0
R2 31 -2 0 -21 0 1 0
R2 31 -2 0 -1 0 1 0
R2 31 2 0 1 0 1 0
R2 31 2 0 21 0 1 0
R2 31 2 0 57 0 1 0
R2 31 2 0 13 0 1 0
R2 31 2 0 3 0 1 0
R2 31 2 0 31 0 1 0
R2 31 2 0 7 0 1 0
R2 31 2 0 43 0 1 0
R2 31 -11 0 -3 0 -1 0
R2 31 11 0 3 0 -1 0
R2 33 -54 16 -27 8 1241 -368
R2 33 54 -16 27 -8 1241 -368
R2 33 2 0 1 0 1 0
R2 33 2 0 21 0 1 0
R2 33 2 0 57 0 1 0
R2 33 2 0 13 0 1 0
R2 33 2 0 3 0 1 0
R2 33 2 0 31 0 1 0
R2 33 2 0 7 0 1 0
R2 33 2 0 43 0 1 0
R2 33 -2 0 -43 0 1 0
R2 33 -2 0 -7 0 1 0
R2 33 -2 0 -31 0 1 0
R2 33 -2 0 -3 0 1 0
R2 33 -2 0 -13 0 1 0
R2 33 -2 0 -57 0 1 0
R2 33 -2 0 -21 0 1 0
R2 33 -2 0 -1 0 1 0
R2 33 -11 0 -3 0 -1 0
R2 33 11 0 3 0 -1 0
R2 33 -38 -16 -19 -8 873 368
R2 33 -38 -16 -57 -24 873 368
R2 33 38 16 57 24 873 368
R2 33 38 16 19 8 873 368
R2 33 -209 -88 -57 -24 -873 -368
R2 33 209 88 57 24 -873 -368
R2 34 -70 12 -35 6 2449 -420
R2 34 70 -12 35 -6 2449 -420
R2 34 2 0 1 0 1 0
R2 34 2 0 21 0 1 0
R2 34 2 0 57 0 1 0
R2 34 2 0 13 0 1 0
R2 34 2 0 3 0 1 0
R2 34 2 0 31 0 1 0
R2 34 2 0 7 0 1 0
R2 34 2 0 43 0 1 0
R2 34 -2 0 -43 0 1 0
R2 34 -2 0 -7 0 1 0
R2 34 -2 0 -31 0 1 0
R2 34 -2 0 -3 0 1 0
R2 34 -2 0 -13 0 1 0
R2 34 -2 0 -57 0 1 0
R2 34 -2 0 -21 0 1 0
R2 34 -2 0 -1 0 1 0
R2 34 11 0 3 0 -1 0
R2 34 -11 0 -3 0 -1 0
R2 34 -70 -12 -35 -6 2449 420
R2 34 70 12 35 6 2449 420
R2 35 -12 2 -6 1 71 -12
R2 35 -12 2 -18 3 71 -12
R2 35 -12 2 -42 7 71 -12
R2 35 12 -2 18 -3 71 -12
R2 35 12 -2 42 -7 71 -12
R2 35 12 -2 6 -1 71 -12
R2 35 -66 11 -18 3 -71 12
R2 35 66 -11 18 -3 -71 12
R2 35 2 0 1 0 1 0
R2 35 2 0 21 0 1 0
R2 35 2 0 57 0 1 0
R2 35 2 0 13 0 1 0
R2 35 2 0 3 0 1 0
R2 35 2 0 31 0 1 0
R2 35 2 0 7 0 1 0
R2 35 2 0 43 0 1 0
R2 35 -2 0 -43 0 1 0
R2 35 -2 0 -7 0 1 0
R2 35 -2 0 -31 0 1 0
R2 35 -2 0 -3 0 1 0
R2 35 -2 0 -13 0 1 0
R2 35 -2 0 -57 0 1 0
R2 35 -2 0 -21 0 1 0
R2 35 -2 0 -1 0 1 0
R2 35 11 0 3 0 -1 0
R2 35 -11 0 -3 0 -1 0
R2 35 -12 -2 -18 -3 71 12
R2 35 -12 -2 -42 -7 71 12
R2 35 -12 -2 -6 -1 71 12
R2 35 12 2 6 1 71 12
R2 35 12 2 18 3 71 12
R2 35 12 2 42 7 71 12
R2 35 -66 -11 -18 -3 -71 -12
R2 35 66 11 18 3 -71 -12
R2 37 -14 4 -7 2 85 -24
R2 37 -14 4 -49 14 85 -24
R2 37 -14 4 -21 6 85 -24
R2 37 14 -4 21 -6 85 -24
R2 37 14 -4 49 -14 85 -24
R2 37 14 -4 7 -2 85 -24
R2 37 -77 22 -21 6 -85 24
R2 37 77 -22 21 -6 -85 24
R2 37 2 0 1 0 1 0
R2 37 2 0 21 0 1 0
R2 37 2 0 57 0 1 0
R2 37 2 0 13 0 1 0
R2 37 2 0 3 0 1 0
R2 37 2 0 31 0 1 0
R2 37 2 0 7 0 1 0
R2 37 2 0 43 0 1 0
R2 37 -2 0 -43 0 1 0
R2 37 -2 0 -7 0 1 0
R2 37 -2 0 -31 0 1 0
R2 37 -2 0 -3 0 1 0
R2 37 -2 0 -13 0 1 0
R2 37 -2 0 -57 0 1 0
R2 37 -2 0 -21 0 1 0
R2 37 -2 0 -1 0 1 0
R2 37 -11 0 -3 0 -1 0
R2 37 11 0 3 0 -1 0
R2 37 -10 -4 -35 -14 61 24
R2 37 -10 -4 -15 -6 61 24
R2 37 -10 -4 -5 -2 61 24
R2 37 10 4 5 2 61 24
R2 37 10 4 15 6 61 24
R2 37 10 4 35 14 61 24
R2 37 -55 -22 -15 -6 -61 -24
R2 37 55 22 15 6 -61 -24
R2 38 -74 12 -37 6 2737 -444
R2 38 74 -12 37 -6 2737 -444
R2 38 2 0 1 0 1 0
R2 38 2 0 21 0 1 0
R2 38 2 0 57 0 1 0
R2 38 2 0 13 0 1 0
R2 38 2 0 3 0 1 0
R2 38 2 0 31 0 1 0
R2 38 2 0 7 0 1 0
R2 38 2 0 43 0 1 0
R2 38 -2 0 -43 0 1 0
R2 38 -2 0 -7 0 1 0
R2 38 -2 0 -31 0 1 0
R2 38 -2 0 -3 0 1 0
R2 38 -2 0 -13 0 1 0
R2 38 -2 0 -57 0 1 0
R2 38 -2 0 -21 0 1 0
R2 38 -2 0 -1 0 1 0
R2 38 -11 0 -3 0 -1 0
R2 38 11 0 3 0 -1 0
R2 38 -74 -12 -37 -6 2737 444
R2 38 74 12 37 6 2737 444
R2 39 -50 8 -25 4 1249 -200
R2 39 50 -8 25 -4 1249 -200
R2 39 2 0 1 0 1 0
R2 39 2 0 21 0 1 0
R2 39 2 0 57 0 1 0
R2 39 2 0 13 0 1 0
R2 39 2 0 3 0 1 0
R2 39 2 0 31 0 1 0
R2 39 2 0 7 0 1 0
R2 39 2 0 43 0 1 0
R2 39 -2 0 -43 0 1 0
R2 39 -2 0 -7 0 1 0
R2 39 -2 0 -31 0 1 0
R2 39 -2 0 -3 0 1 0
R2 39 -2 0 -13 0 1 0
R2 39 -2 0 -57 0 1 0
R2 39 -2 0 -21 0 1 0
R2 39 -2 0 -1 0 1 0
R2 39 -11 0 -3 0 -1 0
R2 39 11 0 3 0 -1 0
R2 39 -50 -8 -25 -4 1249 200
R2 39 50 8 25 4 1249 200
R2 41 -74 20 -37 10 2369 -640
R2 41 74 -20 37 -10 2369 -640
R2 41 2 0 1 0 1 0
R2 41 2 0 21 0 1 0
R2 41 2 0 57 0 1 0
R2 41 2 0 13 0 1 0
R2 41 2 0 3 0 1 0
R2 41 2 0 31 0 1 0
R2 41 2 0 7 0 1 0
R2 41 2 0 43 0 1 0
R2 41 -2 0 -43 0 1 0
R2 41 -2 0 -7 0 1 0
R2 41 -2 0 -31 0 1 0
R2 41 -2 0 -3 0 1 0
R2 41 -2 0 -13 0 1 0
R2 41 -2 0 -57 0 1 0
R2 41 -2 0 -21 0 1 0
R2 41 -2 0 -1 0 1 0
R2 41 -11 0 -3 0 -1 0
R2 41 11 0 3 0 -1 0
R2 41 -54 -20 -27 -10 1729 640
R2 41 54 20 27 10 1729 640
R2 42 -26 4 -39 6 337 -52
R2 42 -26 4 -13 2 337 -52
R2 42 26 -4 13 -2 337 -52
R2 42 26 -4 39 -6 337 -52
R2 42 -143 22 -39 6 -337 52
R2 42 143 -22 39 -6 -337 52
R2 42 2 0 1 0 1 0
R2 42 2 0 21 0 1 0
R2 42 2 0 57 0 1 0
R2 42 2 0 13 0 1 0
R2 42 2 0 3 0 1 0
R2 42 2 0 31 0 1 0
R2 42 2 0 7 0 1 0
R2 42 2 0 43 0 1 0
R2 42 -2 0 -43 0 1 0
R2 42 -2 0 -7 0 1 0
R2 42 -2 0 -31 0 1 0
R2 42 -2 0 -3 0 1 0
R2 42 -2 0 -13 0 1 0
R2 42 -2 0 -57 0 1 0
R2 42 -2 0 -21 0 1 0
R2 42 -2 0 -1 0 1 0
R2 42 11 0 3 0 -1 0
R2 42 -11 0 -3 0 -1 0
R2 42 -26 -4 -39 -6 337 52
R2 42 -26 -4 -13 -2 337 52
R2 42 26 4 13 2 337 52
R2 42 26 4 39 6 337 52
R2 42 -143 -22 -39 -6 -337 -52
R2 42 143 22 39 6 -337 -52
R2 43 2 0 1 0 1 0
R2 43 2 0 21 0 1 0
R2 43 2 0 57 0 1 0
R2 43 2 0 13 0 1 0
R2 43 2 0 3 0 1 0
R2 43 2 0 31 0 1 0
R2 43 2 0 7 0 1 0
R2 43 2 0 43 0 1 0
R2 43 -2 0 -43 0 1 0
R2 43 -2 0 -7 0 1 0
R2 43 -2 0 -31 0 1 0
R2 43 -2 0 -3 0 1 0
R2 43 -2 0 -13 0 1 0
R2 43 -2 0 -57 0 1 0
R2 43 -2 0 -21 0 1 0
R2 43 -2 0 -1 0 1 0
R2 43 11 0 3 0 -1 0
R2 43 -11 0 -3 0 -1 0
R2 46 2 0 1 0 1 0
R2 46 2 0 21 0 1 0
R2 46 2 0 57 0 1 0
R2 46 2 0 13 0 1 0
R2 46 2 0 3 0 1 0
R2 46 2 0 31 0 1 0
R2 46 2 0 7 0 1 0
R2 46 2 0 43 0 1 0
R2 46 -2 0 -43 0 1 0
R2 46 -2 0 -7 0 1 0
R2 46 -2 0 -31 0 1 0
R2 46 -2 0 -3 0 1 0
R2 46 -2 0 -13 0 1 0
R2 46 -2 0 -57 0 1 0
R2 46 -2 0 -21 0 1 0
R2 46 -2 0 -1 0 1 0
R2 46 11 0 3 0 -1 0
R2 46 -11 0 -3 0 -1 0
R2 47 -96 14 -48 7 4607 -672
R2 47 96 -14 48 -7 4607 -672
R2 47 -2 0 -43 0 1 0
R2 47 -2 0 -7 0 1 0
R2 47 -2 0 -31 0 1 0
R2 47 -2 0 -3 0 1 0
R2 47 -2 0 -13 0 1 0
R2 47 -2 0 -57 0 1 0
R2 47 -2 0 -21 0 1 0
R2 47 -2 0 -1 0 1 0
R2 47 2 0 1 0 1 0
R2 47 2 0 21 0 1 0
R2 47 2 0 57 0 1 0
R2 47 2 0 13 0 1 0
R2 47 2 0 3 0 1 0
R2 47 2 0 31 0 1 0
R2 47 2 0 7 0 1 0
R2 47 2 0 43 0 1 0
R2 47 11 0 3 0 -1 0
R2 47 -11 0 -3 0 -1 0
R2 47 -96 -14 -48 -7 4607 672
R2 47 96 14 48 7 4607 672
R2 51 -100 14 -50 7 4999 -700
R2 51 100 -14 50 -7 4999 -700
R2 51 2 0 1 0 1 0
R2 51 2 0 21 0 1 0
R2 51 2 0 57 0 1 0
R2 51 2 0 13 0 1 0
R2 51 2 0 3 0 1 0
R2 51 2 0 31 0 1 0
R2 51 2 0 7 0 1 0
R2 51 2 0 43 0 1 0
R2 51 -2 0 -43 0 1 0
R2 51 -2 0 -7 0 1 0
R2 51 -2 0 -31 0 1 0
R2 51 -2 0 -3 0 1 0
R2 51 -2 0 -13 0 1 0
R2 51 -2 0 -57 0 1 0
R2 51 -2 0 -21 0 1 0
R2 51 -2 0 -1 0 1 0
R2 51 11 0 3 0 -1 0
R2 51 -11 0 -3 0 -1 0
R2 51 -100 -14 -50 -7 4999 700
R2 51 100 14 50 7 4999 700
R2 53 -58 14 -29 7 1478 -357
R2 53 58 -14 29 -7 1478 -357
R2 53 8 -2 28 -7 29 -7
R2 53 8 -2 12 -3 29 -7
R2 53 8 -2 4 -1 29 -7
R2 53 8 -2 52 -13 29 -7
R2 53 -8 2 -52 13 29 -7
R2 53 -8 2 -4 1 29 -7
R2 53 -8 2 -12 3 29 -7
R2 53 -8 2 -28 7 29 -7
R2 53 -44 11 -12 3 -29 7
R2 53 44 -11 12 -3 -29 7
R2 53 2 0 1 0 1 0
R2 53 2 0 21 0 1 0
R2 53 2 0 57 0 1 0
R2 53 2 0 13 0 1 0
R2 53 2 0 3 0 1 0
R2 53 2 0 31 0 1 0
R2 53 2 0 7 0 1 0
R2 53 2 0 43 0 1 0
R2 53 -2 0 -43 0 1 0
R2 53 -2 0 -7 0 1 0
R2 53 -2 0 -31 0 1 0
R2 53 -2 0 -3 0 1 0
R2 53 -2 0 -13 0 1 0
R2 53 -2 0 -57 0 1 0
R2 53 -2 0 -21 0 1 0
R2 53 -2 0 -1 0 1 0
R2 53 11 0 3 0 -1 0
R2 53 -11 0 -3 0 -1 0
R2 53 -6 -2 -39 -13 22 7
R2 53 -6 -2 -3 -1 22 7
R2 53 -6 -2 -9 -3 22 7
R2 53 -6 -2 -21 -7 22 7
R2 53 6 2 9 3 22 7
R2 53 6 2 21 7 22 7
R2 53 6 2 3 1 22 7
R2 53 6 2 39 13 22 7
R2 53 33 11 9 3 -22 -7
R2 53 -33 -11 -9 -3 -22 -7
R2 53 -44 -14 -22 -7 1121 357
R2 53 44 14 22 7 1121 357
R2 55 2 0 1 0 1 0
R2 55 2 0 21 0 1 0
R2 55 2 0 57 0 1 0
R2 55 2 0 13 0 1 0
R2 55 2 0 3 0 1 0
R2 55 2 0 31 0 1 0
R2 55 2 0 7 0 1 0
R2 55 2 0 43 0 1 0
R2 55 -2 0 -43 0 1 0
R2 55 -2 0 -7 0 1 0
R2 55 -2 0 -31 0 1 0
R2 55 -2 0 -3 0 1 0
R2 55 -2 0 -13 0 1 0
R2 55 -2 0 -57 0 1 0
R2 55 -2 0 -21 0 1 0
R2 55 -2 0 -1 0 1 0
R2 55 11 0 3 0 -1 0
R2 55 -11 0 -3 0 -1 0
R2 57 2 0 1 0 1 0
R2 57 2 0 21 0 1 0
R2 57 2 0 57 0 1 0
R2 57 2 0 13 0 1 0
R2 57 2 0 3 0 1 0
R2 57 2 0 31 0 1 0
R2 57 2 0 7 0 1 0
R2 57 2 0 43 0 1 0
R2 57 -2 0 -43 0 1 0
R2 57 -2 0 -7 0 1 0
R2 57 -2 0 -31 0 1 0
R2 57 -2 0 -3 0 1 0
R2 57 -2 0 -13 0 1 0
R2 57 -2 0 -57 0 1 0
R2 57 -2 0 -21 0 1 0
R2 57 -2 0 -1 0 1 0
R2 57 -11 0 -3 0 -1 0
R2 57 11 0 3 0 -1 0
R2 58 2 0 1 0 1 0
R2 58 2 0 21 0 1 0
R2 58 2 0 57 0 1 0
R2 58 2 0 13 0 1 0
R2 58 2 0 3 0 1 0
R2 58 2 0 31 0 1 0
R2 58 2 0 7 0 1 0
R2 58 2 0 43 0 1 0
R2 58 -2 0 -43 0 1 0
R2 58 -2 0 -7 0 1 0
R2 58 -2 0 -31 0 1 0
R2 58 -2 0 -3 0 1 0
R2 58 -2 0 -13 0 1 0
R2 58 -2 0 -57 0 1 0
R2 58 -2 0 -21 0 1 0
R2 58 -2 0 -1 0 1 0
R2 58 11 0 3 0 -1 0
R2 58 -11 0 -3 0 -1 0
R2 59 2 0 1 0 1 0
R2 59 2 0 21 0 1 0
R2 59 2 0 57 0 1 0
R2 59 2 0 13 0 1 0
R2 59 2 0 3 0 1 0
R2 59 2 0 31 0 1 0
R2 59 2 0 7 0 1 0
R2 59 2 0 43 0 1 0
R2 59 -2 0 -43 0 1 0
R2 59 -2 0 -7 0 1 0
R2 59 -2 0 -31 0 1 0
R2 59 -2 0 -3 0 1 0
R2 59 -2 0 -13 0 1 0
R2 59 -2 0 -57 0 1 0
R2 59 -2 0 -21 0 1 0
R2 59 -2 0 -1 0 1 0
R2 59 -11 0 -3 0 -1 0
R2 59 11 0 3 0 -1 0
R2 61 -44 10 -22 5 859 -195
R2 61 44 -10 22 -5 859 -195
R2 61 -2 0 -43 0 1 0
R2 61 -2 0 -7 0 1 0
R2 61 -2 0 -31 0 1 0
R2 61 -2 0 -3 0 1 0
R2 61 -2 0 -13 0 1 0
R2 61 -2 0 -57 0 1 0
R2 61 -2 0 -21 0 1 0
R2 61 -2 0 -1 0 1 0
R2 61 2 0 1 0 1 0
R2 61 2 0 21 0 1 0
R2 61 2 0 57 0 1 0
R2 61 2 0 13 0 1 0
R2 61 2 0 3 0 1 0
R2 61 2 0 31 0 1 0
R2 61 2 0 7 0 1 0
R2 61 2 0 43 0 1 0
R2 61 -11 0 -3 0 -1 0
R2 61 11 0 3 0 -1 0
R2 61 -34 -10 -51 -15 664 195
R2 61 -34 -10 -17 -5 664 195
R2 61 34 10 17 5 664 195
R2 61 34 10 51 15 664 195
R2 61 -187 -55 -51 -15 -664 -195
R2 61 187 55 51 15 -664 -195
R2 62 2 0 1 0 1 0
R2 62 2 0 21 0 1 0
R2 62 2 0 57 0 1 0
R2 62 2 0 13 0 1 0
R2 62 2 0 3 0 1 0
R2 62 2 0 31 0 1 0
R2 62 2 0 7 0 1 0
R2 62 2 0 43 0 1 0
R2 62 -2 0 -43 0 1 0
R2 62 -2 0 -7 0 1 0
R2 62 -2 0 -31 0 1 0
R2 62 -2 0 -3 0 1 0
R2 62 -2 0 -13 0 1 0
R2 62 -2 0 -57 0 1 0
R2 62 -2 0 -21 0 1 0
R2 62 -2 0 -1 0 1 0
R2 62 11 0 3 0 -1 0
R2 62 -11 0 -3 0 -1 0
R2 65 18 -4 9 -2 145 -32
R2 65 18 -4 27 -6 145 -32
R2 65 -18 4 -27 6 145 -32
R2 65 -18 4 -9 2 145 -32
R2 65 -99 22 -27 6 -145 32
R2 65 99 -22 27 -6 -145 32
R2 65 2 0 1 0 1 0
R2 65 2 0 21 0 1 0
R2 65 2 0 57 0 1 0
R2 65 2 0 13 0 1 0
R2 65 2 0 3 0 1 0
R2 65 2 0 31 0 1 0
R2 65 2 0 7 0 1 0
R2 65 2 0 43 0 1 0
R2 65 -2 0 -43 0 1 0
R2 65 -2 0 -7 0 1 0
R2 65 -2 0 -31 0 1 0
R2 65 -2 0 -3 0 1 0
R2 65 -2 0 -13 0 1 0
R2 65 -2 0 -57 0 1 0
R2 65 -2 0 -21 0 1 0
R2 65 -2 0 -1 0 1 0
R2 65 -11 0 -3 0 -1 0
R2 65 11 0 3 0 -1 0
R2 65 -14 -4 -7 -2 113 32
R2 65 -14 -4 -49 -14 113 32
R2 65 -14 -4 -21 -6 113 32
R2 65 14 4 21 6 113 32
R2 65 14 4 49 14 113 32
R2 65 14 4 7 2 113 32
R2 65 -77 -22 -21 -6 -113 -32
R2 65 77 22 21 6 -113 -32
R2 66 2 0 1 0 1 0
R2 66 2 0 21 0 1 0
R2 66 2 0 57 0 1 0
R2 66 2 0 13 0 1 0
R2 66 2 0 3 0 1 0
R2 66 2 0 31 0 1 0
R2 66 2 0 7 0 1 0
R2 66 2 0 43 0 1 0
R2 66 -2 0 -43 0 1 0
R2 66 -2 0 -7 0 1 0
R2 66 -2 0 -31 0 1 0
R2 66 -2 0 -3 0 1 0
R2 66 -2 0 -13 0 1 0
R2 66 -2 0 -57 0 1 0
R2 66 -2 0 -21 0 1 0
R2 66 -2 0 -1 0 1 0
R2 66 -11 0 -3 0 -1 0
R2 66 11 0 3 0 -1 0
R2 67 -2 0 -43 0 1 0
R2 67 -2 0 -7 0 1 0
R2 67 -2 0 -31 0 1 0
R2 67 -2 0 -3 0 1 0
R2 67 -2 0 -13 0 1 0
R2 67 -2 0 -57 0 1 0
R2 67 -2 0 -21 0 1 0
R2 67 -2 0 -1 0 1 0
R2 67 2 0 1 0 1 0
R2 67 2 0 21 0 1 0
R2 67 2 0 57 0 1 0
R2 67 2 0 13 0 1 0
R2 67 2 0 3 0 1 0
R2 67 2 0 31 0 1 0
R2 67 2 0 7 0 1 0
R2 67 2 0 43 0 1 0
R2 67 11 0 3 0 -1 0
R2 67 -11 0 -3 0 -1 0
R2 69 -28 6 -42 9 349 -75
R2 69 -28 6 -14 3 349 -75
R2 69 28 -6 14 -3 349 -75
R2 69 28 -6 42 -9 349 -75
R2 69 -154 33 -42 9 -349 75
R2 69 154 -33 42 -9 -349 75
R2 69 2 0 1 0 1 0
R2 69 2 0 21 0 1 0
R2 69 2 0 57 0 1 0
R2 69 2 0 13 0 1 0
R2 69 2 0 3 0 1 0
R2 69 2 0 31 0 1 0
R2 69 2 0 7 0 1 0
R2 69 2 0 43 0 1 0
R2 69 -2 0 -43 0 1 0
R2 69 -2 0 -7 0 1 0
R2 69 -2 0 -31 0 1 0
R2 69 -2 0 -3 0 1 0
R2 69 -2 0 -13 0 1 0
R2 69 -2 0 -57 0 1 0
R2 69 -2 0 -21 0 1 0
R2 69 -2 0 -1 0 1 0
R2 69 11 0 3 0 -1 0
R2 69 -11 0 -3 0 -1 0
R2 69 -22 -6 -11 -3 274 75
R2 69 -22 -6 -33 -9 274 75
R2 69 22 6 33 9 274 75
R2 69 22 6 11 3 274 75
R2 69 -121 -33 -33 -9 -274 -75
R2 69 121 33 33 9 -274 -75
R2 70 2 0 1 0 1 0
R2 70 2 0 21 0 1 0
R2 70 2 0 57 0 1 0
R2 70 2 0 13 0 1 0
R2 70 2 0 3 0 1 0
R2 70 2 0 31 0 1 0
R2 70 2 0 7 0 1 0
R2 70 2 0 43 0 1 0
R2 70 -2 0 -43 0 1 0
R2 70 -2 0 -7 0 1 0
R2 70 -2 0 -31 0 1 0
R2 70 -2 0 -3 0 1 0
R2 70 -2 0 -13 0 1 0
R2 70 -2 0 -57 0 1 0
R2 70 -2 0 -21 0 1 0
R2 70 -2 0 -1 0 1 0
R2 70 11 0 3 0 -1 0
R2 70 -11 0 -3 0 -1 0
R2 71 -2 0 -43 0 1 0
R2 71 -2 0 -7 0 1 0
R2 71 -2 0 -31 0 1 0
R2 71 -2 0 -3 0 1 0
R2 71 -2 0 -13 0 1 0
R2 71 -2 0 -57 0 1 0
R2 71 -2 0 -21 0 1 0
R2 71 -2 0 -1 0 1 0
R2 71 2 0 1 0 1 0
R2 71 2 0 21 0 1 0
R2 71 2 0 57 0 1 0
R2 71 2 0 13 0 1 0
R2 71 2 0 3 0 1 0
R2 71 2 0 31 0 1 0
R2 71 2 0 7 0 1 0
R2 71 2 0 43 0 1 0
R2 71 11 0 3 0 -1 0
R2 71 -11 0 -3 0 -1 0
R2 73 -2 0 -43 0 1 0
R2 73 -2 0 -7 0 1 0
R2 73 -2 0 -31 0 1 0
R2 73 -2 0 -3 0 1 0
R2 73 -2 0 -13 0 1 0
R2 73 -2 0 -57 0 1 0
R2 73 -2 0 -21 0 1 0
R2 73 -2 0 -1 0 1 0
R2 73 2 0 1 0 1 0
R2 73 2 0 21 0 1 0
R2 73 2 0 57 0 1 0
R2 73 2 0 13 0 1 0
R2 73 2 0 3 0 1 0
R2 73 2 0 31 0 1 0
R2 73 2 0 7 0 1 0
R2 73 2 0 43 0 1 0
R2 73 11 0 3 0 -1 0
R2 73 -11 0 -3 0 -1 0
R2 74 -86 10 -43 5 3699 -430
R2 74 86 -10 43 -5 3699 -430
R2 74 2 0 1 0 1 0
R2 74 2 0 21 0 1 0
R2 74 2 0 57 0 1 0
R2 74 2 0 13 0 1 0
R2 74 2 0 3 0 1 0
R2 74 2 0 31 0 1 0
R2 74 2 0 7 0 1 0
R2 74 2 0 43 0 1 0
R2 74 -2 0 -43 0 1 0
R2 74 -2 0 -7 0 1 0
R2 74 -2 0 -31 0 1 0
R2 74 -2 0 -3 0 1 0
R2 74 -2 0 -13 0 1 0
R2 74 -2 0 -57 0 1 0
R2 74 -2 0 -21 0 1 0
R2 74 -2 0 -1 0 1 0
R2 74 -11 0 -3 0 -1 0
R2 74 11 0 3 0 -1 0
R2 74 -86 -10 -43 -5 3699 430
R2 74 86 10 43 5 3699 430
R2 77 -88 18 -44 9 3475 -711
R2 77 88 -18 44 -9 3475 -711
R2 77 10 -2 5 -1 44 -9
R2 77 10 -2 15 -3 44 -9
R2 77 10 -2 35 -7 44 -9
R2 77 -10 2 -35 7 44 -9
R2 77 -10 2 -15 3 44 -9
R2 77 -10 2 -5 1 44 -9
R2 77 -55 11 -15 3 -44 9
R2 77 55 -11 15 -3 -44 9
R2 77 2 0 1 0 1 0
R2 77 2 0 21 0 1 0
R2 77 2 0 57 0 1 0
R2 77 2 0 13 0 1 0
R2 77 2 0 3 0 1 0
R2 77 2 0 31 0 1 0
R2 77 2 0 7 0 1 0
R2 77 2 0 43 0 1 0
R2 77 -2 0 -43 0 1 0
R2 77 -2 0 -7 0 1 0
R2 77 -2 0 -31 0 1 0
R2 77 -2 0 -3 0 1 0
R2 77 -2 0 -13 0 1 0
R2 77 -2 0 -57 0 1 0
R2 77 -2 0 -21 0 1 0
R2 77 -2 0 -1 0 1 0
R2 77 -11 0 -3 0 -1 0
R2 77 11 0 3 0 -1 0
R2 77 8 2 4 1 35 9
R2 77 8 2 52 13 35 9
R2 77 8 2 28 7 35 9
R2 77 8 2 12 3 35 9
R2 77 -8 -2 -12 -3 35 9
R2 77 -8 -2 -28 -7 35 9
R2 77 -8 -2 -52 -13 35 9
R2 77 -8 -2 -4 -1 35 9
R2 77 -44 -11 -12 -3 -35 -9
R2 77 44 11 12 3 -35 -9
R2 77 -70 -18 -35 -9 2764 711
R2 77 70 18 35 9 2764 711
R2 78 -106 12 -53 6 5617 -636
R2 78 106 -12 53 -6 5617 -636
R2 78 2 0 1 0 1 0
R2 78 2 0 21 0 1 0
R2 78 2 0 57 0 1 0
R2 78 2 0 13 0 1 0
R2 78 2 0 3 0 1 0
R2 78 2 0 31 0 1 0
R2 78 2 0 7 0 1 0
R2 78 2 0 43 0 1 0
R2 78 -2 0 -43 0 1 0
R2 78 -2 0 -7 0 1 0
R2 78 -2 0 -31 0 1 0
R2 78 -2 0 -3 0 1 0
R2 78 -2 0 -13 0 1 0
R2 78 -2 0 -57 0 1 0
R2 78 -2 0 -21 0 1 0
R2 78 -2 0 -1 0 1 0
R2 78 11 0 3 0 -1 0
R2 78 -11 0 -3 0 -1 0
R2 78 -106 -12 -53 -6 5617 636
R2 78 106 12 53 6 5617 636
R2 79 2 0 1 0 1 0
R2 79 2 0 21 0 1 0
R2 79 2 0 57 0 1 0
R2 79 2 0 13 0 1 0
R2 79 2 0 3 0 1 0
R2 79 2 0 31 0 1 0
R2 79 2 0 7 0 1 0
R2 79 2 0 43 0 1 0
R2 79 -2 0 -43 0 1 0
R2 79 -2 0 -7 0 1 0
R2 79 -2 0 -31 0 1 0
R2 79 -2 0 -3 0 1 0
R2 79 -2 0 -13 0 1 0
R2 79 -2 0 -57 0 1 0
R2 79 -2 0 -21 0 1 0
R2 79 -2 0 -1 0 1 0
R2 79 11 0 3 0 -1 0
R2 79 -11 0 -3 0 -1 0
R2 82 -18 2 -27 3 163 -18
R2 82 -18 2 -9 1 163 -18
R2 82 18 -2 9 -1 163 -18
R2 82 18 -2 27 -3 163 -18
R2 82 -99 11 -27 3 -163 18
R2 82 99 -11 27 -3 -163 18
R2 82 2 0 1 0 1 0
R2 82 2 0 21 0 1 0
R2 82 2 0 57 0 1 0
R2 82 2 0 13 0 1 0
R2 82 2 0 3 0 1 0
R2 82 2 0 31 0 1 0
R2 82 2 0 7 0 1 0
R2 82 2 0 43 0 1 0
R2 82 -2 0 -43 0 1 0
R2 82 -2 0 -7 0 1 0
R2 82 -2 0 -31 0 1 0
R2 82 -2 0 -3 0 1 0
R2 82 -2 0 -13 0 1 0
R2 82 -2 0 -57 0 1 0
R2 82 -2 0 -21 0 1 0
R2 82 -2 0 -1 0 1 0
R2 82 -11 0 -3 0 -1 0
R2 82 11 0 3 0 -1 0
R2 82 18 2 9 1 163 18
R2 82 18 2 27 3 163 18
R2 82 -18 -2 -27 -3 163 18
R2 82 -18 -2 -9 -1 163 18
R2 82 -99 -11 -27 -3 -163 -18
R2 82 99 11 27 3 -163 -18
R2 83 2 0 1 0 1 0
R2 83 2 0 21 0 1 0
R2 83 2 0 57 0 1 0
R2 83 2 0 13 0 1 0
R2 83 2 0 3 0 1 0
R2 83 2 0 31 0 1 0
R2 83 2 0 7 0 1 0
R2 83 2 0 43 0 1 0
R2 83 -2 0 -43 0 1 0
R2 83 -2 0 -7 0 1 0
R2 83 -2 0 -31 0 1 0
R2 83 -2 0 -3 0 1 0
R2 83 -2 0 -13 0 1 0
R2 83 -2 0 -57 0 1 0
R2 83 -2 0 -21 0 1 0
R2 83 -2 0 -1 0 1 0
R2 83 -11 0 -3 0 -1 0
R2 83 11 0 3 0 -1 0
R2 85 -92 18 -46 9 3817 -747
R2 85 92 -18 46 -9 3817 -747
R2 85 -10 2 -35 7 46 -9
R2 85 -10 2 -15 3 46 -9
R2 85 -10 2 -5 1 46 -9
R2 85 10 -2 5 -1 46 -9
R2 85 10 -2 15 -3 46 -9
R2 85 10 -2 35 -7 46 -9
R2 85 -55 11 -15 3 -46 9
R2 85 55 -11 15 -3 -46 9
R2 85 2 0 1 0 1 0
R2 85 2 0 21 0 1 0
R2 85 2 0 57 0 1 0
R2 85 2 0 13 0 1 0
R2 85 2 0 3 0 1 0
R2 85 2 0 31 0 1 0
R2 85 2 0 7 0 1 0
R2 85 2 0 43 0 1 0
R2 85 -2 0 -43 0 1 0
R2 85 -2 0 -7 0 1 0
R2 85 -2 0 -31 0 1 0
R2 85 -2 0 -3 0 1 0
R2 85 -2 0 -13 0 1 0
R2 85 -2 0 -57 0 1 0
R2 85 -2 0 -21 0 1 0
R2 85 -2 0 -1 0 1 0
R2 85 11 0 3 0 -1 0
R2 85 -11 0 -3 0 -1 0
R2 85 -8 -2 -12 -3 37 9
R2 85 -8 -2 -28 -7 37 9
R2 85 -8 -2 -52 -13 37 9
R2 85 -8 -2 -4 -1 37 9
R2 85 8 2 4 1 37 9
R2 85 8 2 52 13 37 9
R2 85 8 2 28 7 37 9
R2 85 8 2 12 3 37 9
R2 85 -44 -11 -12 -3 -37 -9
R2 85 44 11 12 3 -37 -9
R2 85 -74 -18 -37 -9 3070 747
R2 85 74 18 37 9 3070 747
R2 86 2 0 1 0 1 0
R2 86 2 0 21 0 1 0
R2 86 2 0 57 0 1 0
R2 86 2 0 13 0 1 0
R2 86 2 0 3 0 1 0
R2 86 2 0 31 0 1 0
R2 86 2 0 7 0 1 0
R2 86 2 0 43 0 1 0
R2 86 -2 0 -43 0 1 0
R2 86 -2 0 -7 0 1 0
R2 86 -2 0 -31 0 1 0
R2 86 -2 0 -3 0 1 0
R2 86 -2 0 -13 0 1 0
R2 86 -2 0 -57 0 1 0
R2 86 -2 0 -21 0 1 0
R2 86 -2 0 -1 0 1 0
R2 86 -11 0 -3 0 -1 0
R2 86 11 0 3 0 -1 0
R2 87 -56 6 -28 3 1567 -168
R2 87 56 -6 28 -3 1567 -168
R2 87 2 0 1 0 1 0
R2 87 2 0 21 0 1 0
R2 87 2 0 57 0 1 0
R2 87 2 0 13 0 1 0
R2 87 2 0 3 0 1 0
R2 87 2 0 31 0 1 0
R2 87 2 0 7 0 1 0
R2 87 2 0 43 0 1 0
R2 87 -2 0 -43 0 1 0
R2 87 -2 0 -7 0 1 0
R2 87 -2 0 -31 0 1 0
R2 87 -2 0 -3 0 1 0
R2 87 -2 0 -13 0 1 0
R2 87 -2 0 -57 0 1 0
R2 87 -2 0 -21 0 1 0
R2 87 -2 0 -1 0 1 0
R2 87 11 0 3 0 -1 0
R2 87 -11 0 -3 0 -1 0
R2 87 -56 -6 -28 -3 1567 168
R2 87 56 6 28 3 1567 168
R2 89 2 0 1 0 1 0
R2 89 2 0 21 0 1 0
R2 89 2 0 57 0 1 0
R2 89 2 0 13 0 1 0
R2 89 2 0 3 0 1 0
R2 89 2 0 31 0 1 0
R2 89 2 0 7 0 1 0
R2 89 2 0 43 0 1 0
R2 89 -2 0 -43 0 1 0
R2 89 -2 0 -7 0 1 0
R2 89 -2 0 -31 0 1 0
R2 89 -2 0 -3 0 1 0
R2 89 -2 0 -13 0 1 0
R2 89 -2 0 -57 0 1 0
R2 89 -2 0 -21 0 1 0
R2 89 -2 0 -1 0 1 0
R2 89 11 0 3 0 -1 0
R2 89 -11 0 -3 0 -1 0
R2 91 2 0 1 0 1 0
R2 91 2 0 21 0 1 0
R2 91 2 0 57 0 1 0
R2 91 2 0 13 0 1 0
R2 91 2 0 3 0 1 0
R2 91 2 0 31 0 1 0
R2 91 2 0 7 0 1 0
R2 91 2 0 43 0 1 0
R2 91 -2 0 -43 0 1 0
R2 91 -2 0 -7 0 1 0
R2 91 -2 0 -31 0 1 0
R2 91 -2 0 -3 0 1 0
R2 91 -2 0 -13 0 1 0
R2 91 -2 0 -57 0 1 0
R2 91 -2 0 -21 0 1 0
R2 91 -2 0 -1 0 1 0
R2 91 -11 0 -3 0 -1 0
R2 91 11 0 3 0 -1 0
R2 93 -32 6 -48 9 463 -87
R2 93 -32 6 -16 3 463 -87
R2 93 32 -6 16 -3 463 -87
R2 93 32 -6 48 -9 463 -87
R2 93 -176 33 -48 9 -463 87
R2 93 176 -33 48 -9 -463 87
R2 93 2 0 1 0 1 0
R2 93 2 0 21 0 1 0
R2 93 2 0 57 0 1 0
R2 93 2 0 13 0 1 0
R2 93 2 0 3 0 1 0
R2 93 2 0 31 0 1 0
R2 93 2 0 7 0 1 0
R2 93 2 0 43 0 1 0
R2 93 -2 0 -43 0 1 0
R2 93 -2 0 -7 0 1 0
R2 93 -2 0 -31 0 1 0
R2 93 -2 0 -3 0 1 0
R2 93 -2 0 -13 0 1 0
R2 93 -2 0 -57 0 1 0
R2 93 -2 0 -21 0 1 0
R2 93 -2 0 -1 0 1 0
R2 93 -11 0 -3 0 -1 0
R2 93 11 0 3 0 -1 0
R2 93 -26 -6 -39 -9 376 87
R2 93 -26 -6 -13 -3 376 87
R2 93 26 6 13 3 376 87
R2 93 26 6 39 9 376 87
R2 93 -143 -33 -39 -9 -376 -87
R2 93 143 33 39 9 -376 -87
R2 94 2 0 1 0 1 0
R2 94 2 0 21 0 1 0
R2 94 2 0 57 0 1 0
R2 94 2 0 13 0 1 0
R2 94 2 0 3 0 1 0
R2 94 2 0 31 0 1 0
R2 94 2 0 7 0 1 0
R2 94 2 0 43 0 1 0
R2 94 -2 0 -43 0 1 0
R2 94 -2 0 -7 0 1 0
R2 94 -2 0 -31 0 1 0
R2 94 -2 0 -3 0 1 0
R2 94 -2 0 -13 0 1 0
R2 94 -2 0 -57 0 1 0
R2 94 -2 0 -21 0 1 0
R2 94 -2 0 -1 0 1 0
R2 94 11 0 3 0 -1 0
R2 94 -11 0 -3 0 -1 0
R2 95 -78 8 -39 4 3041 -312
R2 95 78 -8 39 -4 3041 -312
R2 95 -2 0 -43 0 1 0
R2 95 -2 0 -7 0 1 0
R2 95 -2 0 -31 0 1 0
R2 95 -2 0 -3 0 1 0
R2 95 -2 0 -13 0 1 0
R2 95 -2 0 -57 0 1 0
R2 95 -2 0 -21 0 1 0
R2 95 -2 0 -1 0 1 0
R2 95 2 0 1 0 1 0
R2 95 2 0 21 0 1 0
R2 95 2 0 57 0 1 0
R2 95 2 0 13 0 1 0
R2 95 2 0 3 0 1 0
R2 95 2 0 31 0 1 0
R2 95 2 0 7 0 1 0
R2 95 2 0 43 0 1 0
R2 95 -11 0 -3 0 -1 0
R2 95 11 0 3 0 -1 0
R2 95 -78 -8 -39 -4 3041 312
R2 95 78 8 39 4 3041 312
R2 97 2 0 1 0 1 0
R2 97 2 0 21 0 1 0
R2 97 2 0 57 0 1 0
R2 97 2 0 13 0 1 0
R2 97 2 0 3 0 1 0
R2 97 2 0 31 0 1 0
R2 97 2 0 7 0 1 0
R2 97 2 0 43 0 1 0
R2 97 -2 0 -43 0 1 0
R2 97 -2 0 -7 0 1 0
R2 97 -2 0 -31 0 1 0
R2 97 -2 0 -3 0 1 0
R2 97 -2 0 -13 0 1 0
R2 97 -2 0 -57 0 1 0
R2 97 -2 0 -21 0 1 0
R2 97 -2 0 -1 0 1 0
R2 97 -11 0 -3 0 -1 0
R2 97 11 0 3 0 -1 0
