ANN 1 4 1 1 0 0 0
ANN 2 4 1 2 0 0 1
ANN 3 3 2 2 0 0 1
ANN 3 4 1 2 0 0 1
ANN 4 3 3 2 0 0 1
ANN 4 4 1 3 0 0 2
ANN 5 3 2 2 0 0 1
ANN 5 3 3 2 0 0 1
ANN 5 4 1 2 0 0 1
ANN 5 4 4 2 0 0 1
ANN 6 3 5 4 0 0 3
ANN 6 4 1 4 0 0 3
ANN 7 3 3 2 0 0 1
ANN 7 3 5 2 0 0 1
ANN 7 3 6 2 0 0 1
ANN 7 4 1 2 0 0 1
ANN 7 4 2 2 0 0 1
ANN 7 4 4 2 0 0 1
ANN 8 3 3 2 0 0 1
ANN 8 3 7 4 0 0 3
ANN 8 4 1 4 0 0 3
ANN 8 4 5 2 0 0 1
ANN 9 3 2 2 0 0 1
ANN 9 3 5 2 0 0 1
ANN 9 3 8 4 0 0 3
ANN 9 4 1 4 0 0 3
ANN 9 4 4 2 0 0 1
ANN 9 4 7 2 0 0 1
ANN 10 3 3 4 0 0 3
ANN 10 3 7 4 0 0 3
ANN 10 4 1 4 0 0 3
ANN 10 4 9 4 0 0 3
ANN 12 3 5 6 0 0 5
ANN 12 3 7 4 0 0 3
ANN 12 4 1 6 0 0 5
ANN 12 4 11 4 0 0 3
ANN 13 3 2 2 0 0 1
ANN 13 3 5 2 0 0 1
ANN 13 3 6 2 0 0 1
ANN 13 3 7 2 0 0 1
ANN 13 3 8 2 0 0 1
ANN 13 3 11 2 0 0 1
ANN 13 4 1 2 0 0 1
ANN 13 4 3 2 0 0 1
ANN 13 4 4 2 0 0 1
ANN 13 4 9 2 0 0 1
ANN 13 4 10 2 0 0 1
ANN 13 4 12 2 0 0 1
ANN 16 3 3 2 0 0 1
ANN 16 3 7 4 0 0 3
ANN 16 3 11 2 0 0 1
ANN 16 3 15 6 0 0 5
ANN 16 4 1 6 0 0 5
ANN 16 4 5 2 0 0 1
ANN 16 4 9 4 0 0 3
ANN 16 4 13 2 0 0 1
ANN 18 3 5 4 0 0 3
ANN 18 3 11 4 0 0 3
ANN 18 3 17 8 0 0 7
ANN 18 4 1 8 0 0 7
ANN 18 4 7 4 0 0 3
ANN 18 4 13 4 0 0 3
ANN 25 3 2 2 0 0 1
ANN 25 3 3 2 0 0 1
ANN 25 3 7 6 0 0 5
ANN 25 3 8 2 0 0 1
ANN 25 3 12 2 0 0 1
ANN 25 3 13 2 0 0 1
ANN 25 3 17 2 0 0 1
ANN 25 3 18 6 0 0 5
ANN 25 3 22 2 0 0 1
ANN 25 3 23 2 0 0 1
ANN 25 4 1 6 0 0 5
ANN 25 4 4 2 0 0 1
ANN 25 4 6 2 0 0 1
ANN 25 4 9 2 0 0 1
ANN 25 4 11 2 0 0 1
ANN 25 4 14 2 0 0 1
ANN 25 4 16 2 0 0 1
ANN 25 4 19 2 0 0 1
ANN 25 4 21 2 0 0 1
ANN 25 4 24 6 0 0 5
