-1 1 3 -4 -2 23 20 -92 -80 48
-1 1 3 -4 -2 23 20 -91 -79 51
-1 1 3 -4 -2 23 20 -90 -78 54
-1 1 3 -4 -2 23 20 -89 -77 57
-1 1 3 -4 -2 23 20 -88 -76 60
-1 1 3 -4 -2 23 20 -87 -75 63
-1 1 3 -4 -2 23 20 -86 -74 66
-1 1 3 -4 -2 23 20 -85 -73 69
-1 1 3 -4 -2 23 20 -84 -72 72
-1 1 3 -4 -2 23 20 -83 -71 75
-1 1 3 -4 -2 23 20 -82 -70 78
-1 1 3 -4 -2 23 20 -81 -69 81
-1 1 3 -4 -2 23 20 -80 -68 84
-1 1 3 -4 -2 23 20 -79 -67 87
-1 1 3 -4 -2 23 20 -78 -66 90
-1 1 3 -4 -2 23 20 -77 -65 93
-1 1 3 -4 -2 23 20 -76 -64 96
-1 1 3 -4 -2 23 20 -75 -63 99
-1 1 3 -4 -2 23 20 -74 -62 102
-1 1 3 -4 -2 23 20 -73 -61 105
-1 1 3 -4 -2 23 20 -72 -60 108
-1 1 3 -4 -2 23 20 -71 -59 111
-1 1 3 -4 -2 23 20 -70 -58 114
-1 1 3 -4 -2 23 20 -69 -57 117
-1 1 3 -4 -2 23 20 -68 -56 120
-1 1 3 -4 -2 24 21 -89 -80 -24
-1 1 3 -4 -2 24 21 -88 -79 -21
-1 1 3 -4 -2 24 21 -87 -78 -18
-1 1 3 -4 -2 24 21 -86 -77 -15
-1 1 3 -4 -2 24 21 -85 -76 -12
-1 1 3 -4 -2 24 21 -84 -75 -9
-1 1 3 -4 -2 24 21 -83 -74 -6
-1 1 3 -4 -2 24 21 -82 -73 -3
-1 1 3 -4 -2 24 21 -80 -71 3
-1 1 3 -4 -2 24 21 -79 -70 6
-1 1 3 -4 -2 24 21 -78 -69 9
-1 1 3 -4 -2 24 21 -77 -68 12
-1 1 3 -4 -2 24 21 -76 -67 15
-1 1 3 -4 -2 24 21 -75 -66 18
-1 1 3 -4 -2 24 21 -74 -65 21
-1 1 3 -4 -2 24 21 -73 -64 24
-1 1 3 -4 -2 24 21 -72 -63 27
-1 1 3 -4 -2 24 21 -71 -62 30
-1 1 3 -4 -2 24 21 -70 -61 33
-1 1 3 -4 -2 24 21 -69 -60 36
-1 1 3 -4 -2 24 21 -68 -59 39
-1 1 3 -4 -2 24 21 -67 -58 42
-1 1 3 -4 -2 24 21 -66 -57 45
-1 1 3 -4 -2 24 21 -65 -56 48
-1 1 3 -4 -2 24 21 -64 -55 51
-1 1 3 -4 -2 24 21 -63 -54 54
-1 1 3 -4 -2 24 21 -62 -53 57
-1 1 3 -4 -2 24 21 -61 -52 60
-1 1 3 -4 -2 24 21 -60 -51 63
-1 1 3 -4 -2 24 21 -59 -50 66
-1 1 3 -4 -2 24 21 -58 -49 69
-1 1 3 -4 -2 24 21 -57 -48 72
-1 1 3 -4 -2 24 21 -56 -47 75
-1 1 3 -4 -2 24 21 -55 -46 78
-1 1 3 -4 -2 24 21 -54 -45 81
-1 1 3 -4 -2 24 21 -53 -44 84
-1 1 3 -4 -2 24 21 -52 -43 87
-1 1 3 -4 -2 24 21 -51 -42 90
-1 1 3 -4 -2 24 21 -50 -41 93
-1 1 3 -4 -2 24 21 -49 -40 96
-1 1 3 -4 -2 24 21 -48 -39 99
-1 1 3 -4 -2 24 21 -47 -38 102
-1 1 3 -4 -2 24 21 -46 -37 105
-1 1 3 -4 -2 24 21 -45 -36 108
-1 1 3 -4 -2 24 21 -44 -35 111
-1 1 3 -4 -2 24 21 -43 -34 114
-1 1 3 -4 -2 24 21 -42 -33 117
-1 1 3 -4 -2 24 21 -41 -32 120
-1 1 3 -4 -2 22 19 -95 -80 120
-1 1 3 -4 -2 25 22 -86 -80 -96
-1 1 3 -4 -2 25 22 -85 -79 -93
-1 1 3 -4 -2 25 22 -84 -78 -90
-1 1 3 -4 -2 25 22 -83 -77 -87
-1 1 3 -4 -2 25 22 -82 -76 -84
-1 1 3 -4 -2 25 22 -81 -75 -81
-1 1 3 -4 -2 25 22 -80 -74 -78
-1 1 3 -4 -2 25 22 -79 -73 -75
-1 1 3 -4 -2 25 22 -78 -72 -72
-1 1 3 -4 -2 25 22 -77 -71 -69
-1 1 3 -4 -2 25 22 -76 -70 -66
-1 1 3 -4 -2 25 22 -75 -69 -63
-1 1 3 -4 -2 25 22 -74 -68 -60
-1 1 3 -4 -2 25 22 -73 -67 -57
-1 1 3 -4 -2 25 22 -72 -66 -54
-1 1 3 -4 -2 25 22 -71 -65 -51
-1 1 3 -4 -2 25 22 -70 -64 -48
-1 1 3 -4 -2 25 22 -69 -63 -45
-1 1 3 -4 -2 25 22 -68 -62 -42
-1 1 3 -4 -2 25 22 -67 -61 -39
-1 1 3 -4 -2 25 22 -66 -60 -36
-1 1 3 -4 -2 25 22 -65 -59 -33
-1 1 3 -4 -2 25 22 -64 -58 -30
-1 1 3 -4 -2 25 22 -63 -57 -27
-1 1 3 -4 -2 25 22 -62 -56 -24
-1 1 3 -4 -2 25 22 -61 -55 -21
-1 1 3 -4 -2 25 22 -60 -54 -18
-1 1 3 -4 -2 25 22 -59 -53 -15
-1 1 3 -4 -2 25 22 -58 -52 -12
-1 1 3 -4 -2 25 22 -57 -51 -9
-1 1 3 -4 -2 25 22 -56 -50 -6
-1 1 3 -4 -2 25 22 -55 -49 -3
-1 1 3 -4 -2 25 22 -52 -46 6
-1 1 3 -4 -2 25 22 -51 -45 9
-1 1 3 -4 -2 25 22 -50 -44 12
-1 1 3 -4 -2 25 22 -49 -43 15
-1 1 3 -4 -2 25 22 -48 -42 18
-1 1 3 -4 -2 25 22 -47 -41 21
-1 1 3 -4 -2 25 22 -46 -40 24
-1 1 3 -4 -2 25 22 -45 -39 27
-1 1 3 -4 -2 25 22 -44 -38 30
-1 1 3 -4 -2 25 22 -43 -37 33
-1 1 3 -4 -2 25 22 -42 -36 36
-1 1 3 -4 -2 25 22 -41 -35 39
-1 1 3 -4 -2 25 22 -40 -34 42
-1 1 3 -4 -2 25 22 -39 -33 45
-1 1 3 -4 -2 25 22 -38 -32 48
-1 1 3 -4 -2 25 22 -37 -31 51
-1 1 3 -4 -2 25 22 -36 -30 54
-1 1 3 -4 -2 25 22 -35 -29 57
-1 1 3 -4 -2 25 22 -34 -28 60
-1 1 3 -4 -2 25 22 -33 -27 63
-1 1 3 -4 -2 25 22 -32 -26 66
-1 1 3 -4 -2 25 22 -31 -25 69
-1 1 3 -4 -2 25 22 -30 -24 72
-1 1 3 -4 -2 25 22 -29 -23 75
-1 1 3 -4 -2 25 22 -28 -22 78
-1 1 3 -4 -2 25 22 -27 -21 81
-1 1 3 -4 -2 25 22 -26 -20 84
-1 1 3 -4 -2 25 22 -25 -19 87
-1 1 3 -4 -2 25 22 -24 -18 90
-1 1 3 -4 -2 25 22 -23 -17 93
-1 1 3 -4 -2 25 22 -22 -16 96
-1 1 3 -4 -2 25 22 -21 -15 99
-1 1 3 -4 -2 25 22 -20 -14 102
-1 1 3 -4 -2 25 22 -19 -13 105
-1 1 3 -4 -2 25 22 -18 -12 108
-1 1 3 -4 -2 25 22 -17 -11 111
-1 1 3 -4 -2 25 22 -16 -10 114
-1 1 3 -4 -2 25 22 -15 -9 117
-1 1 3 -4 -2 25 22 -14 -8 120
-1 1 3 -4 -2 26 23 -67 -64 -120
-1 1 3 -4 -2 26 23 -66 -63 -117
-1 1 3 -4 -2 26 23 -65 -62 -114
-1 1 3 -4 -2 26 23 -64 -61 -111
-1 1 3 -4 -2 26 23 -63 -60 -108
-1 1 3 -4 -2 26 23 -62 -59 -105
-1 1 3 -4 -2 26 23 -61 -58 -102
-1 1 3 -4 -2 26 23 -60 -57 -99
-1 1 3 -4 -2 26 23 -59 -56 -96
-1 1 3 -4 -2 26 23 -58 -55 -93
-1 1 3 -4 -2 26 23 -57 -54 -90
-1 1 3 -4 -2 26 23 -56 -53 -87
-1 1 3 -4 -2 26 23 -55 -52 -84
-1 1 3 -4 -2 26 23 -54 -51 -81
-1 1 3 -4 -2 26 23 -53 -50 -78
-1 1 3 -4 -2 26 23 -52 -49 -75
-1 1 3 -4 -2 26 23 -51 -48 -72
-1 1 3 -4 -2 26 23 -50 -47 -69
-1 1 3 -4 -2 26 23 -49 -46 -66
-1 1 3 -4 -2 26 23 -48 -45 -63
-1 1 3 -4 -2 26 23 -47 -44 -60
-1 1 3 -4 -2 26 23 -46 -43 -57
-1 1 3 -4 -2 26 23 -45 -42 -54
-1 1 3 -4 -2 26 23 -44 -41 -51
-1 1 3 -4 -2 26 23 -43 -40 -48
-1 1 3 -4 -2 26 23 -42 -39 -45
-1 1 3 -4 -2 26 23 -41 -38 -42
-1 1 3 -4 -2 26 23 -40 -37 -39
-1 1 3 -4 -2 26 23 -39 -36 -36
-1 1 3 -4 -2 26 23 -38 -35 -33
-1 1 3 -4 -2 26 23 -37 -34 -30
-1 1 3 -4 -2 26 23 -36 -33 -27
-1 1 3 -4 -2 26 23 -35 -32 -24
-1 1 3 -4 -2 26 23 -34 -31 -21
-1 1 3 -4 -2 26 23 -33 -30 -18
-1 1 3 -4 -2 26 23 -32 -29 -15
-1 1 3 -4 -2 26 23 -31 -28 -12
-1 1 3 -4 -2 26 23 -30 -27 -9
-1 1 3 -4 -2 26 23 -29 -26 -6
-1 1 3 -4 -2 26 23 -28 -25 -3
-1 1 3 -4 -2 26 23 -26 -23 3
-1 1 3 -4 -2 26 23 -25 -22 6
-1 1 3 -4 -2 26 23 -24 -21 9
-1 1 3 -4 -2 26 23 -23 -20 12
-1 1 3 -4 -2 26 23 -22 -19 15
-1 1 3 -4 -2 26 23 -21 -18 18
-1 1 3 -4 -2 26 23 -20 -17 21
-1 1 3 -4 -2 26 23 -19 -16 24
-1 1 3 -4 -2 26 23 -18 -15 27
-1 1 3 -4 -2 26 23 -17 -14 30
-1 1 3 -4 -2 26 23 -16 -13 33
-1 1 3 -4 -2 26 23 -15 -12 36
-1 1 3 -4 -2 26 23 -14 -11 39
-1 1 3 -4 -2 26 23 -13 -10 42
-1 1 3 -4 -2 26 23 -12 -9 45
-1 1 3 -4 -2 26 23 -11 -8 48
-1 1 3 -4 -2 26 23 -10 -7 51
-1 1 3 -4 -2 26 23 -9 -6 54
-1 1 3 -4 -2 26 23 -8 -5 57
-1 1 3 -4 -2 26 23 -7 -4 60
-1 1 3 -4 -2 26 23 -6 -3 63
-1 1 3 -4 -2 26 23 -5 -2 66
-1 1 3 -4 -2 26 23 -4 -1 69
-1 1 3 -4 -2 26 23 -3 0 72
-1 1 3 -4 -2 26 23 -2 1 75
-1 1 3 -4 -2 26 23 -1 2 78
-1 1 3 -4 -2 26 23 0 3 81
-1 1 3 -4 -2 26 23 1 4 84
-1 1 3 -4 -2 26 23 2 5 87
-1 1 3 -4 -2 26 23 3 6 90
-1 1 3 -4 -2 26 23 4 7 93
-1 1 3 -4 -2 26 23 5 8 96
-1 1 3 -4 -2 26 23 6 9 99
-1 1 3 -4 -2 26 23 7 10 102
-1 1 3 -4 -2 26 23 8 11 105
-1 1 3 -4 -2 26 23 9 12 108
-1 1 3 -4 -2 26 23 10 13 111
-1 1 3 -4 -2 26 23 11 14 114
-1 1 3 -4 -2 26 23 12 15 117
-1 1 3 -4 -2 26 23 13 16 120
-1 1 3 -4 -2 27 24 -40 -40 -120
-1 1 3 -4 -2 27 24 -39 -39 -117
-1 1 3 -4 -2 27 24 -38 -38 -114
-1 1 3 -4 -2 27 24 -37 -37 -111
-1 1 3 -4 -2 27 24 -36 -36 -108
-1 1 3 -4 -2 27 24 -35 -35 -105
-1 1 3 -4 -2 27 24 -34 -34 -102
-1 1 3 -4 -2 27 24 -33 -33 -99
-1 1 3 -4 -2 27 24 -32 -32 -96
-1 1 3 -4 -2 27 24 -31 -31 -93
-1 1 3 -4 -2 27 24 -30 -30 -90
-1 1 3 -4 -2 27 24 -29 -29 -87
-1 1 3 -4 -2 27 24 -28 -28 -84
-1 1 3 -4 -2 27 24 -27 -27 -81
-1 1 3 -4 -2 27 24 -26 -26 -78
-1 1 3 -4 -2 27 24 -25 -25 -75
-1 1 3 -4 -2 27 24 -24 -24 -72
-1 1 3 -4 -2 27 24 -23 -23 -69
-1 1 3 -4 -2 27 24 -22 -22 -66
-1 1 3 -4 -2 27 24 -21 -21 -63
-1 1 3 -4 -2 27 24 -20 -20 -60
-1 1 3 -4 -2 27 24 -19 -19 -57
-1 1 3 -4 -2 27 24 -18 -18 -54
-1 1 3 -4 -2 27 24 -17 -17 -51
-1 1 3 -4 -2 27 24 -16 -16 -48
-1 1 3 -4 -2 27 24 -15 -15 -45
-1 1 3 -4 -2 27 24 -14 -14 -42
-1 1 3 -4 -2 27 24 -13 -13 -39
-1 1 3 -4 -2 27 24 -12 -12 -36
-1 1 3 -4 -2 27 24 -11 -11 -33
-1 1 3 -4 -2 27 24 -10 -10 -30
-1 1 3 -4 -2 27 24 -9 -9 -27
-1 1 3 -4 -2 27 24 -8 -8 -24
-1 1 3 -4 -2 27 24 -7 -7 -21
-1 1 3 -4 -2 27 24 -6 -6 -18
-1 1 3 -4 -2 27 24 -5 -5 -15
-1 1 3 -4 -2 27 24 -4 -4 -12
-1 1 3 -4 -2 27 24 -3 -3 -9
-1 1 3 -4 -2 27 24 -2 -2 -6
-1 1 3 -4 -2 27 24 -1 -1 -3
-1 1 3 -4 -2 27 24 1 1 3
-1 1 3 -4 -2 27 24 2 2 6
-1 1 3 -4 -2 27 24 3 3 9
-1 1 3 -4 -2 27 24 4 4 12
-1 1 3 -4 -2 27 24 5 5 15
-1 1 3 -4 -2 27 24 6 6 18
-1 1 3 -4 -2 27 24 7 7 21
-1 1 3 -4 -2 27 24 8 8 24
-1 1 3 -4 -2 27 24 9 9 27
-1 1 3 -4 -2 27 24 10 10 30
-1 1 3 -4 -2 27 24 11 11 33
-1 1 3 -4 -2 27 24 12 12 36
-1 1 3 -4 -2 27 24 13 13 39
-1 1 3 -4 -2 27 24 14 14 42
-1 1 3 -4 -2 27 24 15 15 45
-1 1 3 -4 -2 27 24 16 16 48
-1 1 3 -4 -2 27 24 17 17 51
-1 1 3 -4 -2 27 24 18 18 54
-1 1 3 -4 -2 27 24 19 19 57
-1 1 3 -4 -2 27 24 20 20 60
-1 1 3 -4 -2 27 24 21 21 63
-1 1 3 -4 -2 27 24 22 22 66
-1 1 3 -4 -2 27 24 23 23 69
-1 1 3 -4 -2 27 24 24 24 72
-1 1 3 -4 -2 27 24 25 25 75
-1 1 3 -4 -2 27 24 26 26 78
-1 1 3 -4 -2 27 24 27 27 81
-1 1 3 -4 -2 27 24 28 28 84
-1 1 3 -4 -2 27 24 29 29 87
-1 1 3 -4 -2 27 24 30 30 90
-1 1 3 -4 -2 27 24 31 31 93
-1 1 3 -4 -2 27 24 32 32 96
-1 1 3 -4 -2 27 24 33 33 99
-1 1 3 -4 -2 27 24 34 34 102
-1 1 3 -4 -2 27 24 35 35 105
-1 1 3 -4 -2 27 24 36 36 108
-1 1 3 -4 -2 27 24 37 37 111
-1 1 3 -4 -2 27 24 38 38 114
-1 1 3 -4 -2 27 24 39 39 117
-1 1 3 -4 -2 27 24 40 40 120
-1 1 3 -4 -2 28 25 -13 -16 -120
-1 1 3 -4 -2 28 25 -12 -15 -117
-1 1 3 -4 -2 28 25 -11 -14 -114
-1 1 3 -4 -2 28 25 -10 -13 -111
-1 1 3 -4 -2 28 25 -9 -12 -108
-1 1 3 -4 -2 28 25 -8 -11 -105
-1 1 3 -4 -2 28 25 -7 -10 -102
-1 1 3 -4 -2 28 25 -6 -9 -99
-1 1 3 -4 -2 28 25 -5 -8 -96
-1 1 3 -4 -2 28 25 -4 -7 -93
-1 1 3 -4 -2 28 25 -3 -6 -90
-1 1 3 -4 -2 28 25 -2 -5 -87
-1 1 3 -4 -2 28 25 -1 -4 -84
-1 1 3 -4 -2 28 25 0 -3 -81
-1 1 3 -4 -2 28 25 1 -2 -78
-1 1 3 -4 -2 28 25 2 -1 -75
-1 1 3 -4 -2 28 25 3 0 -72
-1 1 3 -4 -2 28 25 4 1 -69
-1 1 3 -4 -2 28 25 5 2 -66
-1 1 3 -4 -2 28 25 6 3 -63
-1 1 3 -4 -2 28 25 7 4 -60
-1 1 3 -4 -2 28 25 8 5 -57
-1 1 3 -4 -2 28 25 9 6 -54
-1 1 3 -4 -2 28 25 10 7 -51
-1 1 3 -4 -2 28 25 11 8 -48
-1 1 3 -4 -2 28 25 12 9 -45
-1 1 3 -4 -2 28 25 13 10 -42
-1 1 3 -4 -2 28 25 14 11 -39
-1 1 3 -4 -2 28 25 15 12 -36
-1 1 3 -4 -2 28 25 16 13 -33
-1 1 3 -4 -2 28 25 17 14 -30
-1 1 3 -4 -2 28 25 18 15 -27
-1 1 3 -4 -2 28 25 19 16 -24
-1 1 3 -4 -2 28 25 20 17 -21
-1 1 3 -4 -2 28 25 21 18 -18
-1 1 3 -4 -2 28 25 22 19 -15
-1 1 3 -4 -2 28 25 23 20 -12
-1 1 3 -4 -2 28 25 24 21 -9
-1 1 3 -4 -2 28 25 25 22 -6
-1 1 3 -4 -2 28 25 26 23 -3
-1 1 3 -4 -2 28 25 28 25 3
-1 1 3 -4 -2 28 25 29 26 6
-1 1 3 -4 -2 28 25 30 27 9
-1 1 3 -4 -2 28 25 31 28 12
-1 1 3 -4 -2 28 25 32 29 15
-1 1 3 -4 -2 28 25 33 30 18
-1 1 3 -4 -2 28 25 34 31 21
-1 1 3 -4 -2 28 25 35 32 24
-1 1 3 -4 -2 28 25 36 33 27
-1 1 3 -4 -2 28 25 37 34 30
-1 1 3 -4 -2 28 25 38 35 33
-1 1 3 -4 -2 28 25 39 36 36
-1 1 3 -4 -2 28 25 40 37 39
-1 1 3 -4 -2 28 25 41 38 42
-1 1 3 -4 -2 28 25 42 39 45
-1 1 3 -4 -2 28 25 43 40 48
-1 1 3 -4 -2 28 25 44 41 51
-1 1 3 -4 -2 28 25 45 42 54
-1 1 3 -4 -2 28 25 46 43 57
-1 1 3 -4 -2 28 25 47 44 60
-1 1 3 -4 -2 28 25 48 45 63
-1 1 3 -4 -2 28 25 49 46 66
-1 1 3 -4 -2 28 25 50 47 69
-1 1 3 -4 -2 28 25 51 48 72
-1 1 3 -4 -2 28 25 52 49 75
-1 1 3 -4 -2 28 25 53 50 78
-1 1 3 -4 -2 28 25 54 51 81
-1 1 3 -4 -2 28 25 55 52 84
-1 1 3 -4 -2 28 25 56 53 87
-1 1 3 -4 -2 28 25 57 54 90
-1 1 3 -4 -2 28 25 58 55 93
-1 1 3 -4 -2 28 25 59 56 96
-1 1 3 -4 -2 28 25 60 57 99
-1 1 3 -4 -2 28 25 61 58 102
-1 1 3 -4 -2 28 25 62 59 105
-1 1 3 -4 -2 28 25 63 60 108
-1 1 3 -4 -2 28 25 64 61 111
-1 1 3 -4 -2 28 25 65 62 114
-1 1 3 -4 -2 28 25 66 63 117
-1 1 3 -4 -2 28 25 67 64 120
-1 1 3 -4 -2 29 26 14 8 -120
-1 1 3 -4 -2 29 26 15 9 -117
-1 1 3 -4 -2 29 26 16 10 -114
-1 1 3 -4 -2 29 26 17 11 -111
-1 1 3 -4 -2 29 26 18 12 -108
-1 1 3 -4 -2 29 26 19 13 -105
-1 1 3 -4 -2 29 26 20 14 -102
-1 1 3 -4 -2 29 26 21 15 -99
-1 1 3 -4 -2 29 26 22 16 -96
-1 1 3 -4 -2 29 26 23 17 -93
-1 1 3 -4 -2 29 26 24 18 -90
-1 1 3 -4 -2 29 26 25 19 -87
-1 1 3 -4 -2 29 26 26 20 -84
-1 1 3 -4 -2 29 26 27 21 -81
-1 1 3 -4 -2 29 26 28 22 -78
-1 1 3 -4 -2 29 26 29 23 -75
-1 1 3 -4 -2 29 26 30 24 -72
-1 1 3 -4 -2 29 26 31 25 -69
-1 1 3 -4 -2 29 26 32 26 -66
-1 1 3 -4 -2 29 26 33 27 -63
-1 1 3 -4 -2 29 26 34 28 -60
-1 1 3 -4 -2 29 26 35 29 -57
-1 1 3 -4 -2 29 26 36 30 -54
-1 1 3 -4 -2 29 26 37 31 -51
-1 1 3 -4 -2 29 26 38 32 -48
-1 1 3 -4 -2 29 26 39 33 -45
-1 1 3 -4 -2 29 26 40 34 -42
-1 1 3 -4 -2 29 26 41 35 -39
-1 1 3 -4 -2 29 26 42 36 -36
-1 1 3 -4 -2 29 26 43 37 -33
-1 1 3 -4 -2 29 26 44 38 -30
-1 1 3 -4 -2 29 26 45 39 -27
-1 1 3 -4 -2 29 26 46 40 -24
-1 1 3 -4 -2 29 26 47 41 -21
-1 1 3 -4 -2 29 26 48 42 -18
-1 1 3 -4 -2 29 26 49 43 -15
-1 1 3 -4 -2 29 26 50 44 -12
-1 1 3 -4 -2 29 26 51 45 -9
-1 1 3 -4 -2 29 26 52 46 -6
-1 1 3 -4 -2 29 26 53 47 -3
-1 1 3 -4 -2 29 26 56 50 6
-1 1 3 -4 -2 29 26 57 51 9
-1 1 3 -4 -2 29 26 58 52 12
-1 1 3 -4 -2 29 26 59 53 15
-1 1 3 -4 -2 29 26 60 54 18
-1 1 3 -4 -2 29 26 61 55 21
-1 1 3 -4 -2 29 26 62 56 24
-1 1 3 -4 -2 29 26 63 57 27
-1 1 3 -4 -2 29 26 64 58 30
-1 1 3 -4 -2 29 26 65 59 33
-1 1 3 -4 -2 29 26 66 60 36
-1 1 3 -4 -2 29 26 67 61 39
-1 1 3 -4 -2 29 26 68 62 42
-1 1 3 -4 -2 29 26 69 63 45
-1 1 3 -4 -2 29 26 70 64 48
-1 1 3 -4 -2 29 26 71 65 51
-1 1 3 -4 -2 29 26 72 66 54
-1 1 3 -4 -2 29 26 73 67 57
-1 1 3 -4 -2 29 26 74 68 60
-1 1 3 -4 -2 29 26 75 69 63
-1 1 3 -4 -2 29 26 76 70 66
-1 1 3 -4 -2 29 26 77 71 69
-1 1 3 -4 -2 29 26 78 72 72
-1 1 3 -4 -2 29 26 79 73 75
-1 1 3 -4 -2 29 26 80 74 78
-1 1 3 -4 -2 29 26 81 75 81
-1 1 3 -4 -2 29 26 82 76 84
-1 1 3 -4 -2 29 26 83 77 87
-1 1 3 -4 -2 29 26 84 78 90
-1 1 3 -4 -2 29 26 85 79 93
-1 1 3 -4 -2 29 26 86 80 96
-1 1 3 -4 -2 30 27 41 32 -120
-1 1 3 -4 -2 30 27 42 33 -117
-1 1 3 -4 -2 30 27 43 34 -114
-1 1 3 -4 -2 30 27 44 35 -111
-1 1 3 -4 -2 30 27 45 36 -108
-1 1 3 -4 -2 30 27 46 37 -105
-1 1 3 -4 -2 30 27 47 38 -102
-1 1 3 -4 -2 30 27 48 39 -99
-1 1 3 -4 -2 30 27 49 40 -96
-1 1 3 -4 -2 30 27 50 41 -93
-1 1 3 -4 -2 30 27 51 42 -90
-1 1 3 -4 -2 30 27 52 43 -87
-1 1 3 -4 -2 30 27 53 44 -84
-1 1 3 -4 -2 30 27 54 45 -81
-1 1 3 -4 -2 30 27 55 46 -78
-1 1 3 -4 -2 30 27 56 47 -75
-1 1 3 -4 -2 30 27 57 48 -72
-1 1 3 -4 -2 30 27 58 49 -69
-1 1 3 -4 -2 30 27 59 50 -66
-1 1 3 -4 -2 30 27 60 51 -63
-1 1 3 -4 -2 30 27 61 52 -60
-1 1 3 -4 -2 30 27 62 53 -57
-1 1 3 -4 -2 30 27 63 54 -54
-1 1 3 -4 -2 30 27 64 55 -51
-1 1 3 -4 -2 30 27 65 56 -48
-1 1 3 -4 -2 30 27 66 57 -45
-1 1 3 -4 -2 30 27 67 58 -42
-1 1 3 -4 -2 30 27 68 59 -39
-1 1 3 -4 -2 30 27 69 60 -36
-1 1 3 -4 -2 30 27 70 61 -33
-1 1 3 -4 -2 30 27 71 62 -30
-1 1 3 -4 -2 30 27 72 63 -27
-1 1 3 -4 -2 30 27 73 64 -24
-1 1 3 -4 -2 30 27 74 65 -21
-1 1 3 -4 -2 30 27 75 66 -18
-1 1 3 -4 -2 30 27 76 67 -15
-1 1 3 -4 -2 30 27 77 68 -12
-1 1 3 -4 -2 30 27 78 69 -9
-1 1 3 -4 -2 30 27 79 70 -6
-1 1 3 -4 -2 30 27 80 71 -3
-1 1 3 -4 -2 30 27 82 73 3
-1 1 3 -4 -2 30 27 83 74 6
-1 1 3 -4 -2 30 27 84 75 9
-1 1 3 -4 -2 30 27 85 76 12
-1 1 3 -4 -2 30 27 86 77 15
-1 1 3 -4 -2 30 27 87 78 18
-1 1 3 -4 -2 30 27 88 79 21
-1 1 3 -4 -2 30 27 89 80 24
-1 1 3 -4 -2 31 28 68 56 -120
-1 1 3 -4 -2 31 28 69 57 -117
-1 1 3 -4 -2 31 28 70 58 -114
-1 1 3 -4 -2 31 28 71 59 -111
-1 1 3 -4 -2 31 28 72 60 -108
-1 1 3 -4 -2 31 28 73 61 -105
-1 1 3 -4 -2 31 28 74 62 -102
-1 1 3 -4 -2 31 28 75 63 -99
-1 1 3 -4 -2 31 28 76 64 -96
-1 1 3 -4 -2 31 28 77 65 -93
-1 1 3 -4 -2 31 28 78 66 -90
-1 1 3 -4 -2 31 28 79 67 -87
-1 1 3 -4 -2 31 28 80 68 -84
-1 1 3 -4 -2 31 28 81 69 -81
-1 1 3 -4 -2 31 28 82 70 -78
-1 1 3 -4 -2 31 28 83 71 -75
-1 1 3 -4 -2 31 28 84 72 -72
-1 1 3 -4 -2 31 28 85 73 -69
-1 1 3 -4 -2 31 28 86 74 -66
-1 1 3 -4 -2 31 28 87 75 -63
-1 1 3 -4 -2 31 28 88 76 -60
-1 1 3 -4 -2 31 28 89 77 -57
-1 1 3 -4 -2 31 28 90 78 -54
-1 1 3 -4 -2 31 28 91 79 -51
-1 1 3 -4 -2 31 28 92 80 -48
-1 1 3 -4 -2 32 29 95 80 -120
