1 1 3 5 7 23 -3 -92 -80 48
1 1 3 5 7 23 -3 -91 -79 51
1 1 3 5 7 23 -3 -90 -78 54
1 1 3 5 7 23 -3 -89 -77 57
1 1 3 5 7 23 -3 -88 -76 60
1 1 3 5 7 23 -3 -87 -75 63
1 1 3 5 7 23 -3 -86 -74 66
1 1 3 5 7 23 -3 -85 -73 69
1 1 3 5 7 23 -3 -84 -72 72
1 1 3 5 7 23 -3 -83 -71 75
1 1 3 5 7 23 -3 -82 -70 78
1 1 3 5 7 23 -3 -81 -69 81
1 1 3 5 7 23 -3 -80 -68 84
1 1 3 5 7 23 -3 -79 -67 87
1 1 3 5 7 23 -3 -78 -66 90
1 1 3 5 7 23 -3 -77 -65 93
1 1 3 5 7 23 -3 -76 -64 96
1 1 3 5 7 23 -3 -75 -63 99
1 1 3 5 7 23 -3 -74 -62 102
1 1 3 5 7 23 -3 -73 -61 105
1 1 3 5 7 23 -3 -72 -60 108
1 1 3 5 7 23 -3 -71 -59 111
1 1 3 5 7 23 -3 -70 -58 114
1 1 3 5 7 23 -3 -69 -57 117
1 1 3 5 7 23 -3 -68 -56 120
1 1 3 5 7 56 -6 88 76 -120
1 1 3 5 7 56 -6 89 77 -114
1 1 3 5 7 56 -6 90 78 -108
1 1 3 5 7 56 -6 91 79 -102
1 1 3 5 7 56 -6 92 80 -96
1 1 3 5 7 24 -3 -89 -80 -24
1 1 3 5 7 24 -3 -88 -79 -21
1 1 3 5 7 24 -3 -87 -78 -18
1 1 3 5 7 24 -3 -86 -77 -15
1 1 3 5 7 24 -3 -85 -76 -12
1 1 3 5 7 24 -3 -84 -75 -9
1 1 3 5 7 24 -3 -83 -74 -6
1 1 3 5 7 24 -3 -82 -73 -3
1 1 3 5 7 24 -3 -80 -71 3
1 1 3 5 7 24 -3 -79 -70 6
1 1 3 5 7 24 -3 -78 -69 9
1 1 3 5 7 24 -3 -77 -68 12
1 1 3 5 7 24 -3 -76 -67 15
1 1 3 5 7 24 -3 -75 -66 18
1 1 3 5 7 24 -3 -74 -65 21
1 1 3 5 7 24 -3 -73 -64 24
1 1 3 5 7 24 -3 -72 -63 27
1 1 3 5 7 24 -3 -71 -62 30
1 1 3 5 7 24 -3 -70 -61 33
1 1 3 5 7 24 -3 -69 -60 36
1 1 3 5 7 24 -3 -68 -59 39
1 1 3 5 7 24 -3 -67 -58 42
1 1 3 5 7 24 -3 -66 -57 45
1 1 3 5 7 24 -3 -65 -56 48
1 1 3 5 7 24 -3 -64 -55 51
1 1 3 5 7 24 -3 -63 -54 54
1 1 3 5 7 24 -3 -62 -53 57
1 1 3 5 7 24 -3 -61 -52 60
1 1 3 5 7 24 -3 -60 -51 63
1 1 3 5 7 24 -3 -59 -50 66
1 1 3 5 7 24 -3 -58 -49 69
1 1 3 5 7 24 -3 -57 -48 72
1 1 3 5 7 24 -3 -56 -47 75
1 1 3 5 7 24 -3 -55 -46 78
1 1 3 5 7 24 -3 -54 -45 81
1 1 3 5 7 24 -3 -53 -44 84
1 1 3 5 7 24 -3 -52 -43 87
1 1 3 5 7 24 -3 -51 -42 90
1 1 3 5 7 24 -3 -50 -41 93
1 1 3 5 7 24 -3 -49 -40 96
1 1 3 5 7 24 -3 -48 -39 99
1 1 3 5 7 24 -3 -47 -38 102
1 1 3 5 7 24 -3 -46 -37 105
1 1 3 5 7 24 -3 -45 -36 108
1 1 3 5 7 24 -3 -44 -35 111
1 1 3 5 7 24 -3 -43 -34 114
1 1 3 5 7 24 -3 -42 -33 117
1 1 3 5 7 24 -3 -41 -32 120
1 1 3 5 7 22 -3 -95 -80 120
1 1 3 5 7 55 -6 34 28 -120
1 1 3 5 7 55 -6 35 29 -114
1 1 3 5 7 55 -6 36 30 -108
1 1 3 5 7 55 -6 37 31 -102
1 1 3 5 7 55 -6 38 32 -96
1 1 3 5 7 55 -6 39 33 -90
1 1 3 5 7 55 -6 40 34 -84
1 1 3 5 7 55 -6 41 35 -78
1 1 3 5 7 55 -6 42 36 -72
1 1 3 5 7 55 -6 43 37 -66
1 1 3 5 7 55 -6 44 38 -60
1 1 3 5 7 55 -6 45 39 -54
1 1 3 5 7 55 -6 46 40 -48
1 1 3 5 7 55 -6 47 41 -42
1 1 3 5 7 55 -6 48 42 -36
1 1 3 5 7 55 -6 49 43 -30
1 1 3 5 7 55 -6 50 44 -24
1 1 3 5 7 55 -6 51 45 -18
1 1 3 5 7 55 -6 52 46 -12
1 1 3 5 7 55 -6 53 47 -6
1 1 3 5 7 55 -6 55 49 6
1 1 3 5 7 55 -6 56 50 12
1 1 3 5 7 55 -6 57 51 18
1 1 3 5 7 55 -6 58 52 24
1 1 3 5 7 55 -6 59 53 30
1 1 3 5 7 55 -6 60 54 36
1 1 3 5 7 55 -6 61 55 42
1 1 3 5 7 55 -6 62 56 48
1 1 3 5 7 55 -6 63 57 54
1 1 3 5 7 55 -6 64 58 60
1 1 3 5 7 55 -6 65 59 66
1 1 3 5 7 55 -6 66 60 72
1 1 3 5 7 55 -6 67 61 78
1 1 3 5 7 55 -6 68 62 84
1 1 3 5 7 55 -6 69 63 90
1 1 3 5 7 55 -6 70 64 96
1 1 3 5 7 55 -6 71 65 102
1 1 3 5 7 55 -6 72 66 108
1 1 3 5 7 55 -6 73 67 114
1 1 3 5 7 55 -6 74 68 120
1 1 3 5 7 25 -3 -86 -80 -96
1 1 3 5 7 25 -3 -85 -79 -93
1 1 3 5 7 25 -3 -84 -78 -90
1 1 3 5 7 25 -3 -83 -77 -87
1 1 3 5 7 25 -3 -82 -76 -84
1 1 3 5 7 25 -3 -81 -75 -81
1 1 3 5 7 25 -3 -80 -74 -78
1 1 3 5 7 25 -3 -79 -73 -75
1 1 3 5 7 25 -3 -78 -72 -72
1 1 3 5 7 25 -3 -77 -71 -69
1 1 3 5 7 25 -3 -76 -70 -66
1 1 3 5 7 25 -3 -75 -69 -63
1 1 3 5 7 25 -3 -74 -68 -60
1 1 3 5 7 25 -3 -73 -67 -57
1 1 3 5 7 25 -3 -72 -66 -54
1 1 3 5 7 25 -3 -71 -65 -51
1 1 3 5 7 25 -3 -70 -64 -48
1 1 3 5 7 25 -3 -69 -63 -45
1 1 3 5 7 25 -3 -68 -62 -42
1 1 3 5 7 25 -3 -67 -61 -39
1 1 3 5 7 25 -3 -66 -60 -36
1 1 3 5 7 25 -3 -65 -59 -33
1 1 3 5 7 25 -3 -64 -58 -30
1 1 3 5 7 25 -3 -63 -57 -27
1 1 3 5 7 25 -3 -62 -56 -24
1 1 3 5 7 25 -3 -61 -55 -21
1 1 3 5 7 25 -3 -60 -54 -18
1 1 3 5 7 25 -3 -59 -53 -15
1 1 3 5 7 25 -3 -58 -52 -12
1 1 3 5 7 25 -3 -57 -51 -9
1 1 3 5 7 25 -3 -56 -50 -6
1 1 3 5 7 25 -3 -55 -49 -3
1 1 3 5 7 25 -3 -52 -46 6
1 1 3 5 7 25 -3 -51 -45 9
1 1 3 5 7 25 -3 -50 -44 12
1 1 3 5 7 25 -3 -49 -43 15
1 1 3 5 7 25 -3 -48 -42 18
1 1 3 5 7 25 -3 -47 -41 21
1 1 3 5 7 25 -3 -46 -40 24
1 1 3 5 7 25 -3 -45 -39 27
1 1 3 5 7 25 -3 -44 -38 30
1 1 3 5 7 25 -3 -43 -37 33
1 1 3 5 7 25 -3 -42 -36 36
1 1 3 5 7 25 -3 -41 -35 39
1 1 3 5 7 25 -3 -40 -34 42
1 1 3 5 7 25 -3 -39 -33 45
1 1 3 5 7 25 -3 -38 -32 48
1 1 3 5 7 25 -3 -37 -31 51
1 1 3 5 7 25 -3 -36 -30 54
1 1 3 5 7 25 -3 -35 -29 57
1 1 3 5 7 25 -3 -34 -28 60
1 1 3 5 7 25 -3 -33 -27 63
1 1 3 5 7 25 -3 -32 -26 66
1 1 3 5 7 25 -3 -31 -25 69
1 1 3 5 7 25 -3 -30 -24 72
1 1 3 5 7 25 -3 -29 -23 75
1 1 3 5 7 25 -3 -28 -22 78
1 1 3 5 7 25 -3 -27 -21 81
1 1 3 5 7 25 -3 -26 -20 84
1 1 3 5 7 25 -3 -25 -19 87
1 1 3 5 7 25 -3 -24 -18 90
1 1 3 5 7 25 -3 -23 -17 93
1 1 3 5 7 25 -3 -22 -16 96
1 1 3 5 7 25 -3 -21 -15 99
1 1 3 5 7 25 -3 -20 -14 102
1 1 3 5 7 25 -3 -19 -13 105
1 1 3 5 7 25 -3 -18 -12 108
1 1 3 5 7 25 -3 -17 -11 111
1 1 3 5 7 25 -3 -16 -10 114
1 1 3 5 7 25 -3 -15 -9 117
1 1 3 5 7 25 -3 -14 -8 120
1 1 3 5 7 80 -9 -89 -80 -72
1 1 3 5 7 80 -9 -88 -79 -63
1 1 3 5 7 80 -9 -87 -78 -54
1 1 3 5 7 80 -9 -86 -77 -45
1 1 3 5 7 80 -9 -85 -76 -36
1 1 3 5 7 80 -9 -84 -75 -27
1 1 3 5 7 80 -9 -83 -74 -18
1 1 3 5 7 80 -9 -82 -73 -9
1 1 3 5 7 80 -9 -80 -71 9
1 1 3 5 7 80 -9 -79 -70 18
1 1 3 5 7 80 -9 -78 -69 27
1 1 3 5 7 80 -9 -77 -68 36
1 1 3 5 7 80 -9 -76 -67 45
1 1 3 5 7 80 -9 -75 -66 54
1 1 3 5 7 80 -9 -74 -65 63
1 1 3 5 7 80 -9 -73 -64 72
1 1 3 5 7 80 -9 -72 -63 81
1 1 3 5 7 80 -9 -71 -62 90
1 1 3 5 7 80 -9 -70 -61 99
1 1 3 5 7 80 -9 -69 -60 108
1 1 3 5 7 80 -9 -68 -59 117
1 1 3 5 7 135 -15 -8 -8 -120
1 1 3 5 7 135 -15 -7 -7 -105
1 1 3 5 7 135 -15 -6 -6 -90
1 1 3 5 7 135 -15 -5 -5 -75
1 1 3 5 7 135 -15 -4 -4 -60
1 1 3 5 7 135 -15 -3 -3 -45
1 1 3 5 7 135 -15 -2 -2 -30
1 1 3 5 7 135 -15 -1 -1 -15
1 1 3 5 7 135 -15 1 1 15
1 1 3 5 7 135 -15 2 2 30
1 1 3 5 7 135 -15 3 3 45
1 1 3 5 7 135 -15 4 4 60
1 1 3 5 7 135 -15 5 5 75
1 1 3 5 7 135 -15 6 6 90
1 1 3 5 7 135 -15 7 7 105
1 1 3 5 7 135 -15 8 8 120
1 1 3 5 7 26 -3 -67 -64 -120
1 1 3 5 7 26 -3 -66 -63 -117
1 1 3 5 7 26 -3 -65 -62 -114
1 1 3 5 7 26 -3 -64 -61 -111
1 1 3 5 7 26 -3 -63 -60 -108
1 1 3 5 7 26 -3 -62 -59 -105
1 1 3 5 7 26 -3 -61 -58 -102
1 1 3 5 7 26 -3 -60 -57 -99
1 1 3 5 7 26 -3 -59 -56 -96
1 1 3 5 7 26 -3 -58 -55 -93
1 1 3 5 7 26 -3 -57 -54 -90
1 1 3 5 7 26 -3 -56 -53 -87
1 1 3 5 7 26 -3 -55 -52 -84
1 1 3 5 7 26 -3 -54 -51 -81
1 1 3 5 7 26 -3 -53 -50 -78
1 1 3 5 7 26 -3 -52 -49 -75
1 1 3 5 7 26 -3 -51 -48 -72
1 1 3 5 7 26 -3 -50 -47 -69
1 1 3 5 7 26 -3 -49 -46 -66
1 1 3 5 7 26 -3 -48 -45 -63
1 1 3 5 7 26 -3 -47 -44 -60
1 1 3 5 7 26 -3 -46 -43 -57
1 1 3 5 7 26 -3 -45 -42 -54
1 1 3 5 7 26 -3 -44 -41 -51
1 1 3 5 7 26 -3 -43 -40 -48
1 1 3 5 7 26 -3 -42 -39 -45
1 1 3 5 7 26 -3 -41 -38 -42
1 1 3 5 7 26 -3 -40 -37 -39
1 1 3 5 7 26 -3 -39 -36 -36
1 1 3 5 7 26 -3 -38 -35 -33
1 1 3 5 7 26 -3 -37 -34 -30
1 1 3 5 7 26 -3 -36 -33 -27
1 1 3 5 7 26 -3 -35 -32 -24
1 1 3 5 7 26 -3 -34 -31 -21
1 1 3 5 7 26 -3 -33 -30 -18
1 1 3 5 7 26 -3 -32 -29 -15
1 1 3 5 7 26 -3 -31 -28 -12
1 1 3 5 7 26 -3 -30 -27 -9
1 1 3 5 7 26 -3 -29 -26 -6
1 1 3 5 7 26 -3 -28 -25 -3
1 1 3 5 7 26 -3 -26 -23 3
1 1 3 5 7 26 -3 -25 -22 6
1 1 3 5 7 26 -3 -24 -21 9
1 1 3 5 7 26 -3 -23 -20 12
1 1 3 5 7 26 -3 -22 -19 15
1 1 3 5 7 26 -3 -21 -18 18
1 1 3 5 7 26 -3 -20 -17 21
1 1 3 5 7 26 -3 -19 -16 24
1 1 3 5 7 26 -3 -18 -15 27
1 1 3 5 7 26 -3 -17 -14 30
1 1 3 5 7 26 -3 -16 -13 33
1 1 3 5 7 26 -3 -15 -12 36
1 1 3 5 7 26 -3 -14 -11 39
1 1 3 5 7 26 -3 -13 -10 42
1 1 3 5 7 26 -3 -12 -9 45
1 1 3 5 7 26 -3 -11 -8 48
1 1 3 5 7 26 -3 -10 -7 51
1 1 3 5 7 26 -3 -9 -6 54
1 1 3 5 7 26 -3 -8 -5 57
1 1 3 5 7 26 -3 -7 -4 60
1 1 3 5 7 26 -3 -6 -3 63
1 1 3 5 7 26 -3 -5 -2 66
1 1 3 5 7 26 -3 -4 -1 69
1 1 3 5 7 26 -3 -3 0 72
1 1 3 5 7 26 -3 -2 1 75
1 1 3 5 7 26 -3 -1 2 78
1 1 3 5 7 26 -3 0 3 81
1 1 3 5 7 26 -3 1 4 84
1 1 3 5 7 26 -3 2 5 87
1 1 3 5 7 26 -3 3 6 90
1 1 3 5 7 26 -3 4 7 93
1 1 3 5 7 26 -3 5 8 96
1 1 3 5 7 26 -3 6 9 99
1 1 3 5 7 26 -3 7 10 102
1 1 3 5 7 26 -3 8 11 105
1 1 3 5 7 26 -3 9 12 108
1 1 3 5 7 26 -3 10 13 111
1 1 3 5 7 26 -3 11 14 114
1 1 3 5 7 26 -3 12 15 117
1 1 3 5 7 26 -3 13 16 120
1 1 3 5 7 81 -9 -13 -13 -117
1 1 3 5 7 81 -9 -12 -12 -108
1 1 3 5 7 81 -9 -11 -11 -99
1 1 3 5 7 81 -9 -10 -10 -90
1 1 3 5 7 81 -9 -9 -9 -81
1 1 3 5 7 81 -9 -8 -8 -72
1 1 3 5 7 81 -9 -7 -7 -63
1 1 3 5 7 81 -9 -6 -6 -54
1 1 3 5 7 81 -9 -5 -5 -45
1 1 3 5 7 81 -9 -4 -4 -36
1 1 3 5 7 81 -9 -3 -3 -27
1 1 3 5 7 81 -9 -2 -2 -18
1 1 3 5 7 81 -9 -1 -1 -9
1 1 3 5 7 81 -9 1 1 9
1 1 3 5 7 81 -9 2 2 18
1 1 3 5 7 81 -9 3 3 27
1 1 3 5 7 81 -9 4 4 36
1 1 3 5 7 81 -9 5 5 45
1 1 3 5 7 81 -9 6 6 54
1 1 3 5 7 81 -9 7 7 63
1 1 3 5 7 81 -9 8 8 72
1 1 3 5 7 81 -9 9 9 81
1 1 3 5 7 81 -9 10 10 90
1 1 3 5 7 81 -9 11 11 99
1 1 3 5 7 81 -9 12 12 108
1 1 3 5 7 81 -9 13 13 117
1 1 3 5 7 27 -3 -40 -40 -120
1 1 3 5 7 27 -3 -39 -39 -117
1 1 3 5 7 27 -3 -38 -38 -114
1 1 3 5 7 27 -3 -37 -37 -111
1 1 3 5 7 27 -3 -36 -36 -108
1 1 3 5 7 27 -3 -35 -35 -105
1 1 3 5 7 27 -3 -34 -34 -102
1 1 3 5 7 27 -3 -33 -33 -99
1 1 3 5 7 27 -3 -32 -32 -96
1 1 3 5 7 27 -3 -31 -31 -93
1 1 3 5 7 27 -3 -30 -30 -90
1 1 3 5 7 27 -3 -29 -29 -87
1 1 3 5 7 27 -3 -28 -28 -84
1 1 3 5 7 27 -3 -27 -27 -81
1 1 3 5 7 27 -3 -26 -26 -78
1 1 3 5 7 27 -3 -25 -25 -75
1 1 3 5 7 27 -3 -24 -24 -72
1 1 3 5 7 27 -3 -23 -23 -69
1 1 3 5 7 27 -3 -22 -22 -66
1 1 3 5 7 27 -3 -21 -21 -63
1 1 3 5 7 27 -3 -20 -20 -60
1 1 3 5 7 27 -3 -19 -19 -57
1 1 3 5 7 27 -3 -18 -18 -54
1 1 3 5 7 27 -3 -17 -17 -51
1 1 3 5 7 27 -3 -16 -16 -48
1 1 3 5 7 27 -3 -15 -15 -45
1 1 3 5 7 27 -3 -14 -14 -42
1 1 3 5 7 27 -3 -13 -13 -39
1 1 3 5 7 27 -3 -12 -12 -36
1 1 3 5 7 27 -3 -11 -11 -33
1 1 3 5 7 27 -3 -10 -10 -30
1 1 3 5 7 27 -3 -9 -9 -27
1 1 3 5 7 27 -3 -8 -8 -24
1 1 3 5 7 27 -3 -7 -7 -21
1 1 3 5 7 27 -3 -6 -6 -18
1 1 3 5 7 27 -3 -5 -5 -15
1 1 3 5 7 27 -3 -4 -4 -12
1 1 3 5 7 27 -3 -3 -3 -9
1 1 3 5 7 27 -3 -2 -2 -6
1 1 3 5 7 27 -3 -1 -1 -3
1 1 3 5 7 27 -3 1 1 3
1 1 3 5 7 27 -3 2 2 6
1 1 3 5 7 27 -3 3 3 9
1 1 3 5 7 27 -3 4 4 12
1 1 3 5 7 27 -3 5 5 15
1 1 3 5 7 27 -3 6 6 18
1 1 3 5 7 27 -3 7 7 21
1 1 3 5 7 27 -3 8 8 24
1 1 3 5 7 27 -3 9 9 27
1 1 3 5 7 27 -3 10 10 30
1 1 3 5 7 27 -3 11 11 33
1 1 3 5 7 27 -3 12 12 36
1 1 3 5 7 27 -3 13 13 39
1 1 3 5 7 27 -3 14 14 42
1 1 3 5 7 27 -3 15 15 45
1 1 3 5 7 27 -3 16 16 48
1 1 3 5 7 27 -3 17 17 51
1 1 3 5 7 27 -3 18 18 54
1 1 3 5 7 27 -3 19 19 57
1 1 3 5 7 27 -3 20 20 60
1 1 3 5 7 27 -3 21 21 63
1 1 3 5 7 27 -3 22 22 66
1 1 3 5 7 27 -3 23 23 69
1 1 3 5 7 27 -3 24 24 72
1 1 3 5 7 27 -3 25 25 75
1 1 3 5 7 27 -3 26 26 78
1 1 3 5 7 27 -3 27 27 81
1 1 3 5 7 27 -3 28 28 84
1 1 3 5 7 27 -3 29 29 87
1 1 3 5 7 27 -3 30 30 90
1 1 3 5 7 27 -3 31 31 93
1 1 3 5 7 27 -3 32 32 96
1 1 3 5 7 27 -3 33 33 99
1 1 3 5 7 27 -3 34 34 102
1 1 3 5 7 27 -3 35 35 105
1 1 3 5 7 27 -3 36 36 108
1 1 3 5 7 27 -3 37 37 111
1 1 3 5 7 27 -3 38 38 114
1 1 3 5 7 27 -3 39 39 117
1 1 3 5 7 27 -3 40 40 120
1 1 3 5 7 82 -9 68 59 -117
1 1 3 5 7 82 -9 69 60 -108
1 1 3 5 7 82 -9 70 61 -99
1 1 3 5 7 82 -9 71 62 -90
1 1 3 5 7 82 -9 72 63 -81
1 1 3 5 7 82 -9 73 64 -72
1 1 3 5 7 82 -9 74 65 -63
1 1 3 5 7 82 -9 75 66 -54
1 1 3 5 7 82 -9 76 67 -45
1 1 3 5 7 82 -9 77 68 -36
1 1 3 5 7 82 -9 78 69 -27
1 1 3 5 7 82 -9 79 70 -18
1 1 3 5 7 82 -9 80 71 -9
1 1 3 5 7 82 -9 82 73 9
1 1 3 5 7 82 -9 83 74 18
1 1 3 5 7 82 -9 84 75 27
1 1 3 5 7 82 -9 85 76 36
1 1 3 5 7 82 -9 86 77 45
1 1 3 5 7 82 -9 87 78 54
1 1 3 5 7 82 -9 88 79 63
1 1 3 5 7 82 -9 89 80 72
1 1 3 5 7 28 -3 -13 -16 -120
1 1 3 5 7 28 -3 -12 -15 -117
1 1 3 5 7 28 -3 -11 -14 -114
1 1 3 5 7 28 -3 -10 -13 -111
1 1 3 5 7 28 -3 -9 -12 -108
1 1 3 5 7 28 -3 -8 -11 -105
1 1 3 5 7 28 -3 -7 -10 -102
1 1 3 5 7 28 -3 -6 -9 -99
1 1 3 5 7 28 -3 -5 -8 -96
1 1 3 5 7 28 -3 -4 -7 -93
1 1 3 5 7 28 -3 -3 -6 -90
1 1 3 5 7 28 -3 -2 -5 -87
1 1 3 5 7 28 -3 -1 -4 -84
1 1 3 5 7 28 -3 0 -3 -81
1 1 3 5 7 28 -3 1 -2 -78
1 1 3 5 7 28 -3 2 -1 -75
1 1 3 5 7 28 -3 3 0 -72
1 1 3 5 7 28 -3 4 1 -69
1 1 3 5 7 28 -3 5 2 -66
1 1 3 5 7 28 -3 6 3 -63
1 1 3 5 7 28 -3 7 4 -60
1 1 3 5 7 28 -3 8 5 -57
1 1 3 5 7 28 -3 9 6 -54
1 1 3 5 7 28 -3 10 7 -51
1 1 3 5 7 28 -3 11 8 -48
1 1 3 5 7 28 -3 12 9 -45
1 1 3 5 7 28 -3 13 10 -42
1 1 3 5 7 28 -3 14 11 -39
1 1 3 5 7 28 -3 15 12 -36
1 1 3 5 7 28 -3 16 13 -33
1 1 3 5 7 28 -3 17 14 -30
1 1 3 5 7 28 -3 18 15 -27
1 1 3 5 7 28 -3 19 16 -24
1 1 3 5 7 28 -3 20 17 -21
1 1 3 5 7 28 -3 21 18 -18
1 1 3 5 7 28 -3 22 19 -15
1 1 3 5 7 28 -3 23 20 -12
1 1 3 5 7 28 -3 24 21 -9
1 1 3 5 7 28 -3 25 22 -6
1 1 3 5 7 28 -3 26 23 -3
1 1 3 5 7 28 -3 28 25 3
1 1 3 5 7 28 -3 29 26 6
1 1 3 5 7 28 -3 30 27 9
1 1 3 5 7 28 -3 31 28 12
1 1 3 5 7 28 -3 32 29 15
1 1 3 5 7 28 -3 33 30 18
1 1 3 5 7 28 -3 34 31 21
1 1 3 5 7 28 -3 35 32 24
1 1 3 5 7 28 -3 36 33 27
1 1 3 5 7 28 -3 37 34 30
1 1 3 5 7 28 -3 38 35 33
1 1 3 5 7 28 -3 39 36 36
1 1 3 5 7 28 -3 40 37 39
1 1 3 5 7 28 -3 41 38 42
1 1 3 5 7 28 -3 42 39 45
1 1 3 5 7 28 -3 43 40 48
1 1 3 5 7 28 -3 44 41 51
1 1 3 5 7 28 -3 45 42 54
1 1 3 5 7 28 -3 46 43 57
1 1 3 5 7 28 -3 47 44 60
1 1 3 5 7 28 -3 48 45 63
1 1 3 5 7 28 -3 49 46 66
1 1 3 5 7 28 -3 50 47 69
1 1 3 5 7 28 -3 51 48 72
1 1 3 5 7 28 -3 52 49 75
1 1 3 5 7 28 -3 53 50 78
1 1 3 5 7 28 -3 54 51 81
1 1 3 5 7 28 -3 55 52 84
1 1 3 5 7 28 -3 56 53 87
1 1 3 5 7 28 -3 57 54 90
1 1 3 5 7 28 -3 58 55 93
1 1 3 5 7 28 -3 59 56 96
1 1 3 5 7 28 -3 60 57 99
1 1 3 5 7 28 -3 61 58 102
1 1 3 5 7 28 -3 62 59 105
1 1 3 5 7 28 -3 63 60 108
1 1 3 5 7 28 -3 64 61 111
1 1 3 5 7 28 -3 65 62 114
1 1 3 5 7 28 -3 66 63 117
1 1 3 5 7 28 -3 67 64 120
1 1 3 5 7 29 -3 14 8 -120
1 1 3 5 7 29 -3 15 9 -117
1 1 3 5 7 29 -3 16 10 -114
1 1 3 5 7 29 -3 17 11 -111
1 1 3 5 7 29 -3 18 12 -108
1 1 3 5 7 29 -3 19 13 -105
1 1 3 5 7 29 -3 20 14 -102
1 1 3 5 7 29 -3 21 15 -99
1 1 3 5 7 29 -3 22 16 -96
1 1 3 5 7 29 -3 23 17 -93
1 1 3 5 7 29 -3 24 18 -90
1 1 3 5 7 29 -3 25 19 -87
1 1 3 5 7 29 -3 26 20 -84
1 1 3 5 7 29 -3 27 21 -81
1 1 3 5 7 29 -3 28 22 -78
1 1 3 5 7 29 -3 29 23 -75
1 1 3 5 7 29 -3 30 24 -72
1 1 3 5 7 29 -3 31 25 -69
1 1 3 5 7 29 -3 32 26 -66
1 1 3 5 7 29 -3 33 27 -63
1 1 3 5 7 29 -3 34 28 -60
1 1 3 5 7 29 -3 35 29 -57
1 1 3 5 7 29 -3 36 30 -54
1 1 3 5 7 29 -3 37 31 -51
1 1 3 5 7 29 -3 38 32 -48
1 1 3 5 7 29 -3 39 33 -45
1 1 3 5 7 29 -3 40 34 -42
1 1 3 5 7 29 -3 41 35 -39
1 1 3 5 7 29 -3 42 36 -36
1 1 3 5 7 29 -3 43 37 -33
1 1 3 5 7 29 -3 44 38 -30
1 1 3 5 7 29 -3 45 39 -27
1 1 3 5 7 29 -3 46 40 -24
1 1 3 5 7 29 -3 47 41 -21
1 1 3 5 7 29 -3 48 42 -18
1 1 3 5 7 29 -3 49 43 -15
1 1 3 5 7 29 -3 50 44 -12
1 1 3 5 7 29 -3 51 45 -9
1 1 3 5 7 29 -3 52 46 -6
1 1 3 5 7 29 -3 53 47 -3
1 1 3 5 7 29 -3 56 50 6
1 1 3 5 7 29 -3 57 51 9
1 1 3 5 7 29 -3 58 52 12
1 1 3 5 7 29 -3 59 53 15
1 1 3 5 7 29 -3 60 54 18
1 1 3 5 7 29 -3 61 55 21
1 1 3 5 7 29 -3 62 56 24
1 1 3 5 7 29 -3 63 57 27
1 1 3 5 7 29 -3 64 58 30
1 1 3 5 7 29 -3 65 59 33
1 1 3 5 7 29 -3 66 60 36
1 1 3 5 7 29 -3 67 61 39
1 1 3 5 7 29 -3 68 62 42
1 1 3 5 7 29 -3 69 63 45
1 1 3 5 7 29 -3 70 64 48
1 1 3 5 7 29 -3 71 65 51
1 1 3 5 7 29 -3 72 66 54
1 1 3 5 7 29 -3 73 67 57
1 1 3 5 7 29 -3 74 68 60
1 1 3 5 7 29 -3 75 69 63
1 1 3 5 7 29 -3 76 70 66
1 1 3 5 7 29 -3 77 71 69
1 1 3 5 7 29 -3 78 72 72
1 1 3 5 7 29 -3 79 73 75
1 1 3 5 7 29 -3 80 74 78
1 1 3 5 7 29 -3 81 75 81
1 1 3 5 7 29 -3 82 76 84
1 1 3 5 7 29 -3 83 77 87
1 1 3 5 7 29 -3 84 78 90
1 1 3 5 7 29 -3 85 79 93
1 1 3 5 7 29 -3 86 80 96
1 1 3 5 7 30 -3 41 32 -120
1 1 3 5 7 30 -3 42 33 -117
1 1 3 5 7 30 -3 43 34 -114
1 1 3 5 7 30 -3 44 35 -111
1 1 3 5 7 30 -3 45 36 -108
1 1 3 5 7 30 -3 46 37 -105
1 1 3 5 7 30 -3 47 38 -102
1 1 3 5 7 30 -3 48 39 -99
1 1 3 5 7 30 -3 49 40 -96
1 1 3 5 7 30 -3 50 41 -93
1 1 3 5 7 30 -3 51 42 -90
1 1 3 5 7 30 -3 52 43 -87
1 1 3 5 7 30 -3 53 44 -84
1 1 3 5 7 30 -3 54 45 -81
1 1 3 5 7 30 -3 55 46 -78
1 1 3 5 7 30 -3 56 47 -75
1 1 3 5 7 30 -3 57 48 -72
1 1 3 5 7 30 -3 58 49 -69
1 1 3 5 7 30 -3 59 50 -66
1 1 3 5 7 30 -3 60 51 -63
1 1 3 5 7 30 -3 61 52 -60
1 1 3 5 7 30 -3 62 53 -57
1 1 3 5 7 30 -3 63 54 -54
1 1 3 5 7 30 -3 64 55 -51
1 1 3 5 7 30 -3 65 56 -48
1 1 3 5 7 30 -3 66 57 -45
1 1 3 5 7 30 -3 67 58 -42
1 1 3 5 7 30 -3 68 59 -39
1 1 3 5 7 30 -3 69 60 -36
1 1 3 5 7 30 -3 70 61 -33
1 1 3 5 7 30 -3 71 62 -30
1 1 3 5 7 30 -3 72 63 -27
1 1 3 5 7 30 -3 73 64 -24
1 1 3 5 7 30 -3 74 65 -21
1 1 3 5 7 30 -3 75 66 -18
1 1 3 5 7 30 -3 76 67 -15
1 1 3 5 7 30 -3 77 68 -12
1 1 3 5 7 30 -3 78 69 -9
1 1 3 5 7 30 -3 79 70 -6
1 1 3 5 7 30 -3 80 71 -3
1 1 3 5 7 30 -3 82 73 3
1 1 3 5 7 30 -3 83 74 6
1 1 3 5 7 30 -3 84 75 9
1 1 3 5 7 30 -3 85 76 12
1 1 3 5 7 30 -3 86 77 15
1 1 3 5 7 30 -3 87 78 18
1 1 3 5 7 30 -3 88 79 21
1 1 3 5 7 30 -3 89 80 24
1 1 3 5 7 52 -6 -92 -80 96
1 1 3 5 7 52 -6 -91 -79 102
1 1 3 5 7 52 -6 -90 -78 108
1 1 3 5 7 52 -6 -89 -77 114
1 1 3 5 7 52 -6 -88 -76 120
1 1 3 5 7 31 -3 68 56 -120
1 1 3 5 7 31 -3 69 57 -117
1 1 3 5 7 31 -3 70 58 -114
1 1 3 5 7 31 -3 71 59 -111
1 1 3 5 7 31 -3 72 60 -108
1 1 3 5 7 31 -3 73 61 -105
1 1 3 5 7 31 -3 74 62 -102
1 1 3 5 7 31 -3 75 63 -99
1 1 3 5 7 31 -3 76 64 -96
1 1 3 5 7 31 -3 77 65 -93
1 1 3 5 7 31 -3 78 66 -90
1 1 3 5 7 31 -3 79 67 -87
1 1 3 5 7 31 -3 80 68 -84
1 1 3 5 7 31 -3 81 69 -81
1 1 3 5 7 31 -3 82 70 -78
1 1 3 5 7 31 -3 83 71 -75
1 1 3 5 7 31 -3 84 72 -72
1 1 3 5 7 31 -3 85 73 -69
1 1 3 5 7 31 -3 86 74 -66
1 1 3 5 7 31 -3 87 75 -63
1 1 3 5 7 31 -3 88 76 -60
1 1 3 5 7 31 -3 89 77 -57
1 1 3 5 7 31 -3 90 78 -54
1 1 3 5 7 31 -3 91 79 -51
1 1 3 5 7 31 -3 92 80 -48
1 1 3 5 7 53 -6 -74 -68 -120
1 1 3 5 7 53 -6 -73 -67 -114
1 1 3 5 7 53 -6 -72 -66 -108
1 1 3 5 7 53 -6 -71 -65 -102
1 1 3 5 7 53 -6 -70 -64 -96
1 1 3 5 7 53 -6 -69 -63 -90
1 1 3 5 7 53 -6 -68 -62 -84
1 1 3 5 7 53 -6 -67 -61 -78
1 1 3 5 7 53 -6 -66 -60 -72
1 1 3 5 7 53 -6 -65 -59 -66
1 1 3 5 7 53 -6 -64 -58 -60
1 1 3 5 7 53 -6 -63 -57 -54
1 1 3 5 7 53 -6 -62 -56 -48
1 1 3 5 7 53 -6 -61 -55 -42
1 1 3 5 7 53 -6 -60 -54 -36
1 1 3 5 7 53 -6 -59 -53 -30
1 1 3 5 7 53 -6 -58 -52 -24
1 1 3 5 7 53 -6 -57 -51 -18
1 1 3 5 7 53 -6 -56 -50 -12
1 1 3 5 7 53 -6 -55 -49 -6
1 1 3 5 7 53 -6 -53 -47 6
1 1 3 5 7 53 -6 -52 -46 12
1 1 3 5 7 53 -6 -51 -45 18
1 1 3 5 7 53 -6 -50 -44 24
1 1 3 5 7 53 -6 -49 -43 30
1 1 3 5 7 53 -6 -48 -42 36
1 1 3 5 7 53 -6 -47 -41 42
1 1 3 5 7 53 -6 -46 -40 48
1 1 3 5 7 53 -6 -45 -39 54
1 1 3 5 7 53 -6 -44 -38 60
1 1 3 5 7 53 -6 -43 -37 66
1 1 3 5 7 53 -6 -42 -36 72
1 1 3 5 7 53 -6 -41 -35 78
1 1 3 5 7 53 -6 -40 -34 84
1 1 3 5 7 53 -6 -39 -33 90
1 1 3 5 7 53 -6 -38 -32 96
1 1 3 5 7 53 -6 -37 -31 102
1 1 3 5 7 53 -6 -36 -30 108
1 1 3 5 7 53 -6 -35 -29 114
1 1 3 5 7 53 -6 -34 -28 120
1 1 3 5 7 108 -12 -10 -10 -120
1 1 3 5 7 108 -12 -9 -9 -108
1 1 3 5 7 108 -12 -8 -8 -96
1 1 3 5 7 108 -12 -7 -7 -84
1 1 3 5 7 108 -12 -6 -6 -72
1 1 3 5 7 108 -12 -5 -5 -60
1 1 3 5 7 108 -12 -4 -4 -48
1 1 3 5 7 108 -12 -3 -3 -36
1 1 3 5 7 108 -12 -2 -2 -24
1 1 3 5 7 108 -12 -1 -1 -12
1 1 3 5 7 108 -12 1 1 12
1 1 3 5 7 108 -12 2 2 24
1 1 3 5 7 108 -12 3 3 36
1 1 3 5 7 108 -12 4 4 48
1 1 3 5 7 108 -12 5 5 60
1 1 3 5 7 108 -12 6 6 72
1 1 3 5 7 108 -12 7 7 84
1 1 3 5 7 108 -12 8 8 96
1 1 3 5 7 108 -12 9 9 108
1 1 3 5 7 108 -12 10 10 120
1 1 3 5 7 32 -3 95 80 -120
1 1 3 5 7 54 -6 -20 -20 -120
1 1 3 5 7 54 -6 -19 -19 -114
1 1 3 5 7 54 -6 -18 -18 -108
1 1 3 5 7 54 -6 -17 -17 -102
1 1 3 5 7 54 -6 -16 -16 -96
1 1 3 5 7 54 -6 -15 -15 -90
1 1 3 5 7 54 -6 -14 -14 -84
1 1 3 5 7 54 -6 -13 -13 -78
1 1 3 5 7 54 -6 -12 -12 -72
1 1 3 5 7 54 -6 -11 -11 -66
1 1 3 5 7 54 -6 -10 -10 -60
1 1 3 5 7 54 -6 -9 -9 -54
1 1 3 5 7 54 -6 -8 -8 -48
1 1 3 5 7 54 -6 -7 -7 -42
1 1 3 5 7 54 -6 -6 -6 -36
1 1 3 5 7 54 -6 -5 -5 -30
1 1 3 5 7 54 -6 -4 -4 -24
1 1 3 5 7 54 -6 -3 -3 -18
1 1 3 5 7 54 -6 -2 -2 -12
1 1 3 5 7 54 -6 -1 -1 -6
1 1 3 5 7 54 -6 1 1 6
1 1 3 5 7 54 -6 2 2 12
1 1 3 5 7 54 -6 3 3 18
1 1 3 5 7 54 -6 4 4 24
1 1 3 5 7 54 -6 5 5 30
1 1 3 5 7 54 -6 6 6 36
1 1 3 5 7 54 -6 7 7 42
1 1 3 5 7 54 -6 8 8 48
1 1 3 5 7 54 -6 9 9 54
1 1 3 5 7 54 -6 10 10 60
1 1 3 5 7 54 -6 11 11 66
1 1 3 5 7 54 -6 12 12 72
1 1 3 5 7 54 -6 13 13 78
1 1 3 5 7 54 -6 14 14 84
1 1 3 5 7 54 -6 15 15 90
1 1 3 5 7 54 -6 16 16 96
1 1 3 5 7 54 -6 17 17 102
1 1 3 5 7 54 -6 18 18 108
1 1 3 5 7 54 -6 19 19 114
1 1 3 5 7 54 -6 20 20 120
