0 1 1 0 1 1 0 -24 0 36
0 1 1 0 1 2 0 -40 0 75
0 1 1 0 1 2 1 -23 0 -60
0 1 1 0 1 3 1 -77 0 -79
0 1 1 0 1 3 1 -61 0 -63
0 1 1 0 1 3 1 -45 0 -47
0 1 1 0 1 3 1 -29 0 -31
0 1 1 0 1 3 1 -13 0 -15
0 1 1 0 1 3 1 3 0 -80
0 1 1 0 1 3 1 3 0 -53
0 1 1 0 1 3 1 3 0 -26
0 1 1 0 1 3 1 3 0 28
0 1 1 0 1 3 1 3 0 55
0 1 1 0 1 3 1 19 0 17
0 1 1 0 1 3 1 35 0 33
0 1 1 0 1 3 1 51 0 49
0 1 1 0 1 3 1 67 0 65
0 1 1 0 1 4 1 -19 0 14
0 1 1 0 1 5 1 -33 0 38
0 1 1 0 1 5 2 -16 0 -80
0 1 1 0 1 6 2 -20 0 -56
0 1 1 0 1 6 2 -4 0 -24
0 1 1 0 1 6 2 12 0 -73
0 1 1 0 1 6 2 12 0 -46
0 1 1 0 1 6 2 12 0 -19
0 1 1 0 1 6 2 12 0 35
0 1 1 0 1 6 2 12 0 62
0 1 1 0 1 6 2 28 0 40
0 1 1 0 1 6 2 44 0 72
0 1 1 0 1 8 2 -20 0 11
0 1 1 0 1 9 3 -5 0 -69
0 1 1 0 1 9 3 11 0 -21
0 1 1 0 1 9 3 27 0 -54
0 1 1 0 1 9 3 27 0 -27
0 1 1 0 1 9 3 27 0 54
0 1 1 0 1 9 3 43 0 75
0 1 1 0 1 11 3 -57 0 45
0 1 1 0 1 12 4 16 0 -64
0 1 1 0 1 12 4 48 0 -71
0 1 1 0 1 12 4 48 0 -44
0 1 1 0 1 12 4 48 0 -17
0 1 1 0 1 12 4 48 0 10
0 1 1 0 1 12 4 48 0 37
0 1 1 0 1 13 4 32 0 20
0 1 1 0 1 14 4 24 0 11
0 1 1 0 1 14 5 41 0 -56
0 1 1 0 1 15 5 43 0 -35
0 1 1 0 1 15 5 59 0 45
0 1 1 0 1 15 5 75 0 -64
0 1 1 0 1 15 5 75 0 -37
0 1 1 0 1 15 5 75 0 -10
0 1 1 0 1 15 5 75 0 17
0 1 1 0 1 15 5 75 0 44
0 1 1 0 1 15 5 75 0 71
0 1 1 0 1 16 5 61 0 66
0 1 1 0 1 17 5 -1 0 -17
0 1 1 0 1 17 5 55 0 50
0 1 1 0 1 18 6 60 0 -72
0 1 1 0 1 18 6 76 0 24
0 1 1 0 1 18 6 108 0 -54
0 1 1 0 1 18 6 108 0 -27
0 1 1 0 1 18 6 108 0 27
0 1 1 0 1 18 6 108 0 54
0 1 1 0 1 19 5 -45 0 25
0 1 1 0 1 21 7 99 0 7
0 1 1 0 1 21 7 147 0 -62
0 1 1 0 1 21 7 147 0 -35
0 1 1 0 1 21 7 147 0 -8
0 1 1 0 1 21 7 147 0 19
0 1 1 0 1 21 7 147 0 46
0 1 1 0 1 21 7 147 0 73
0 1 1 0 1 22 8 120 0 -11
0 1 1 0 1 23 7 79 0 57
0 1 1 0 1 24 7 -27 0 -50
0 1 1 0 1 24 8 192 0 -55
0 1 1 0 1 24 8 192 0 -28
0 1 1 0 1 24 8 192 0 -1
0 1 1 0 1 24 8 192 0 26
0 1 1 0 1 24 8 192 0 53
0 1 1 0 1 24 8 192 0 80
0 1 1 0 1 25 7 43 0 19
0 1 1 0 1 27 8 24 0 -52
0 1 1 0 1 27 9 163 0 9
0 1 1 0 1 27 9 243 0 -54
0 1 1 0 1 27 9 243 0 -27
0 1 1 0 1 27 9 243 0 27
0 1 1 0 1 27 9 243 0 54
0 1 1 0 1 30 8 -72 0 41
0 1 1 0 1 30 10 204 0 40
0 1 1 0 1 30 10 300 0 -80
0 1 1 0 1 30 10 300 0 -53
0 1 1 0 1 30 10 300 0 -26
0 1 1 0 1 30 10 300 0 1
0 1 1 0 1 30 10 300 0 28
0 1 1 0 1 30 10 300 0 55
0 1 1 0 1 33 11 235 0 -77
0 1 1 0 1 33 11 363 0 -73
0 1 1 0 1 33 11 363 0 -46
0 1 1 0 1 33 11 363 0 -19
0 1 1 0 1 33 11 363 0 8
0 1 1 0 1 33 11 363 0 35
0 1 1 0 1 33 11 363 0 62
0 1 1 0 1 36 10 60 0 25
0 1 1 0 1 36 12 432 0 -54
0 1 1 0 1 36 12 432 0 -27
0 1 1 0 1 36 12 432 0 27
0 1 1 0 1 36 12 432 0 54
0 1 1 0 1 39 13 507 0 -71
0 1 1 0 1 39 13 507 0 -44
0 1 1 0 1 39 13 507 0 -17
0 1 1 0 1 39 13 507 0 10
0 1 1 0 1 39 13 507 0 37
0 1 1 0 1 39 13 507 0 64
