18 7 72 4 4 2 -1 12.000000000000000000000000000000000000 12.000000000000000000000000000000000000 -4.4849066497880003102297094798388788408
18 10 4 4 4 2 -1 25.856406460551018348219570732046978936 12.000000000000000000000000000000000000 -4.4849066497880003102297094798388788408
18 10 9 4 4 3 -1 25.856406460551018348219570732046978936 12.000000000000000000000000000000000000 -4.4849066497880003102297094798388788408
18 10 52 4 4 3 -1 25.856406460551018348219570732046978936 12.000000000000000000000000000000000000 -4.4849066497880003102297094798388788408
18 11 7 2 4 3 -1 8.0000000000000000000000000000000000000 6.9282032302755091741097853660234894678 -3.9356005054539454645320868613776159885
18 11 10 2 4 2 -1 8.0000000000000000000000000000000000000 6.9282032302755091741097853660234894678 -3.9356005054539454645320868613776159885
18 11 54 2 4 3 -1 8.0000000000000000000000000000000000000 6.9282032302755091741097853660234894678 -3.9356005054539454645320868613776159885
18 12 33 2 4 3 -1 14.928203230275509174109785366023489468 8.0000000000000000000000000000000000000 -4.0794415416798359282516963643745297042
18 12 36 2 4 3 -1 14.928203230275509174109785366023489468 8.0000000000000000000000000000000000000 -4.0794415416798359282516963643745297042
18 12 65 2 4 2 -1 14.928203230275509174109785366023489468 8.0000000000000000000000000000000000000 -4.0794415416798359282516963643745297042
18 17 23 4 4 2 -1 39.595917942265424785578272597647131136 4.0000000000000000000000000000000000000 -3.3862943611198906188344642429163531361
18 25 9 4 4 2 -1 20.784609690826527522329356098070468403 20.784609690826527522329356098070468403 -5.0342127941220551559273320983001416931
18 25 77 1 2 2 -1 5.1961524227066318805823390245176171008 5.1961524227066318805823390245176171008 -3.6479184330021645370928678553837885570
18 28 8 1 2 2 2 8.0000000000000000000000000000000000000 1.0000000000000000000000000000000000000 -2.0000000000000000000000000000000000000
18 28 25 4 3 2 -1 32.000000000000000000000000000000000000 4.0000000000000000000000000000000000000 -3.3862943611198906188344642429163531361
18 28 30 1 2 3 0 8.0000000000000000000000000000000000000 1.0000000000000000000000000000000000000 0.E-38
18 28 45 1 4 2 -1 8.0000000000000000000000000000000000000 8.0000000000000000000000000000000000000 -4.0794415416798359282516963643745297042
18 28 50 4 4 2 -1 32.000000000000000000000000000000000000 32.000000000000000000000000000000000000 -5.4657359027997265470861606072908828404
18 28 59 4 4 2 -1 32.000000000000000000000000000000000000 32.000000000000000000000000000000000000 -5.4657359027997265470861606072908828404
18 28 64 1 4 2 -1 8.0000000000000000000000000000000000000 8.0000000000000000000000000000000000000 -4.0794415416798359282516963643745297042
18 28 67 1 3 2 -1 8.0000000000000000000000000000000000000 8.0000000000000000000000000000000000000 -4.0794415416798359282516963643745297042
18 28 72 4 4 2 -1 32.000000000000000000000000000000000000 32.000000000000000000000000000000000000 -5.4657359027997265470861606072908828404
18 28 77 1 4 2 -1 8.0000000000000000000000000000000000000 8.0000000000000000000000000000000000000 -4.0794415416798359282516963643745297042
18 28 79 4 4 2 -1 32.000000000000000000000000000000000000 32.000000000000000000000000000000000000 -5.4657359027997265470861606072908828404
18 28 80 1 2 3 0 8.0000000000000000000000000000000000000 1.0000000000000000000000000000000000000 0.E-38
18 32 8 1 2 3 0 9.0000000000000000000000000000000000000 1.0000000000000000000000000000000000000 0.E-38
18 32 25 4 3 2 -1 36.000000000000000000000000000000000000 4.0000000000000000000000000000000000000 -3.3862943611198906188344642429163531361
18 32 30 1 2 2 2 9.0000000000000000000000000000000000000 1.0000000000000000000000000000000000000 -2.0000000000000000000000000000000000000
18 32 45 1 4 2 -1 9.0000000000000000000000000000000000000 9.0000000000000000000000000000000000000 -4.1972245773362193827904904738450514093
18 32 50 4 3 2 -1 36.000000000000000000000000000000000000 36.000000000000000000000000000000000000 -5.5835189384561100016249547167614045454
18 32 59 4 4 2 -1 36.000000000000000000000000000000000000 36.000000000000000000000000000000000000 -5.5835189384561100016249547167614045454
18 32 64 1 3 2 -1 9.0000000000000000000000000000000000000 9.0000000000000000000000000000000000000 -4.1972245773362193827904904738450514093
18 32 67 1 4 2 -1 9.0000000000000000000000000000000000000 9.0000000000000000000000000000000000000 -4.1972245773362193827904904738450514093
18 32 72 4 3 2 -1 36.000000000000000000000000000000000000 36.000000000000000000000000000000000000 -5.5835189384561100016249547167614045454
18 32 77 1 3 2 -1 9.0000000000000000000000000000000000000 9.0000000000000000000000000000000000000 -4.1972245773362193827904904738450514093
18 32 79 4 3 2 -1 36.000000000000000000000000000000000000 36.000000000000000000000000000000000000 -5.5835189384561100016249547167614045454
18 32 80 1 2 3 0 9.0000000000000000000000000000000000000 1.0000000000000000000000000000000000000 0.E-38
18 39 8 1 2 3 -1 9.0000000000000000000000000000000000000 8.0000000000000000000000000000000000000 -4.0794415416798359282516963643745297042
18 39 25 4 4 2 -1 36.000000000000000000000000000000000000 36.000000000000000000000000000000000000 -5.5835189384561100016249547167614045454
18 39 30 1 2 3 -1 9.0000000000000000000000000000000000000 8.0000000000000000000000000000000000000 -4.0794415416798359282516963643745297042
18 39 45 1 4 2 -1 9.0000000000000000000000000000000000000 9.0000000000000000000000000000000000000 -4.1972245773362193827904904738450514093
18 39 50 4 3 2 -1 36.000000000000000000000000000000000000 36.000000000000000000000000000000000000 -5.5835189384561100016249547167614045454
18 39 59 4 4 2 -1 36.000000000000000000000000000000000000 36.000000000000000000000000000000000000 -5.5835189384561100016249547167614045454
18 39 64 1 3 2 -1 9.0000000000000000000000000000000000000 9.0000000000000000000000000000000000000 -4.1972245773362193827904904738450514093
18 39 67 1 3 2 -1 9.0000000000000000000000000000000000000 8.0000000000000000000000000000000000000 -4.0794415416798359282516963643745297042
18 39 72 4 3 2 -1 36.000000000000000000000000000000000000 36.000000000000000000000000000000000000 -5.5835189384561100016249547167614045454
18 39 77 1 3 2 -1 9.0000000000000000000000000000000000000 9.0000000000000000000000000000000000000 -4.1972245773362193827904904738450514093
18 39 79 4 3 2 -1 36.000000000000000000000000000000000000 36.000000000000000000000000000000000000 -5.5835189384561100016249547167614045454
18 39 80 1 2 2 -1 9.0000000000000000000000000000000000000 8.0000000000000000000000000000000000000 -4.0794415416798359282516963643745297042
