20 2 3 2 4 2 -1 8.0000000000000000000000000000000000000 4.0000000000000000000000000000000000000 -3.3862943611198906188344642429163531361
20 2 21 2 4 3 -1 8.0000000000000000000000000000000000000 4.0000000000000000000000000000000000000 -3.3862943611198906188344642429163531361
20 2 68 2 4 3 -1 8.0000000000000000000000000000000000000 4.0000000000000000000000000000000000000 -3.3862943611198906188344642429163531361
20 3 14 4 4 3 -1 20.000000000000000000000000000000000000 8.9442719099991587856366946749251049418 -4.1910133173369408061348439095294469559
20 3 26 4 4 2 -1 20.000000000000000000000000000000000000 8.9442719099991587856366946749251049418 -4.1910133173369408061348439095294469559
20 3 70 4 4 3 -1 20.000000000000000000000000000000000000 8.9442719099991587856366946749251049418 -4.1910133173369408061348439095294469559
20 5 50 2 4 3 -1 10.000000000000000000000000000000000000 8.9442719099991587856366946749251049418 -4.1910133173369408061348439095294469559
20 5 58 2 4 3 -1 10.000000000000000000000000000000000000 8.9442719099991587856366946749251049418 -4.1910133173369408061348439095294469559
20 5 72 2 4 2 -1 10.000000000000000000000000000000000000 8.9442719099991587856366946749251049418 -4.1910133173369408061348439095294469559
20 6 1 2 4 2 -1 8.0000000000000000000000000000000000000 4.0000000000000000000000000000000000000 -3.3862943611198906188344642429163531361
20 6 27 2 4 3 -1 8.0000000000000000000000000000000000000 4.0000000000000000000000000000000000000 -3.3862943611198906188344642429163531361
20 6 52 2 4 3 -1 8.0000000000000000000000000000000000000 4.0000000000000000000000000000000000000 -3.3862943611198906188344642429163531361
20 8 18 2 4 3 -1 10.000000000000000000000000000000000000 8.9442719099991587856366946749251049418 -4.1910133173369408061348439095294469559
20 8 30 2 4 2 -1 10.000000000000000000000000000000000000 8.9442719099991587856366946749251049418 -4.1910133173369408061348439095294469559
20 8 58 2 4 3 -1 10.000000000000000000000000000000000000 8.9442719099991587856366946749251049418 -4.1910133173369408061348439095294469559
20 9 33 4 4 3 -1 20.000000000000000000000000000000000000 8.9442719099991587856366946749251049418 -4.1910133173369408061348439095294469559
20 9 48 4 4 3 -1 20.000000000000000000000000000000000000 8.9442719099991587856366946749251049418 -4.1910133173369408061348439095294469559
20 9 63 4 4 2 -1 20.000000000000000000000000000000000000 8.9442719099991587856366946749251049418 -4.1910133173369408061348439095294469559
20 30 58 2 4 2 -1 6.6874030497642202400323307325864793639 6.6874030497642202400323307325864793639 -3.9002256148855205903678016213778172977
20 161 61 1 3 2 -1 10.472135954999579392818347337462552471 4.0000000000000000000000000000000000000 -3.3862943611198906188344642429163531361
20 212 23 1 3 2 -1 10.472135954999579392818347337462552471 4.0000000000000000000000000000000000000 -3.3862943611198906188344642429163531361
