48 21 110 1 4 3 -1 3.0000000000000000000000000000000000000 3.0000000000000000000000000000000000000 -3.0986122886681096913952452369225257046
48 21 136 1 4 2 -1 3.0000000000000000000000000000000000000 3.0000000000000000000000000000000000000 -3.0986122886681096913952452369225257046
48 21 436 1 4 3 -1 3.0000000000000000000000000000000000000 3.0000000000000000000000000000000000000 -3.0986122886681096913952452369225257046
48 21 443 1 4 3 -1 3.0000000000000000000000000000000000000 3.0000000000000000000000000000000000000 -3.0986122886681096913952452369225257046
48 21 1266 1 4 3 -1 3.0000000000000000000000000000000000000 3.0000000000000000000000000000000000000 -3.0986122886681096913952452369225257046
48 21 3912 1 4 3 -1 3.0000000000000000000000000000000000000 3.0000000000000000000000000000000000000 -3.0986122886681096913952452369225257046
48 21 3957 1 4 3 -1 3.0000000000000000000000000000000000000 3.0000000000000000000000000000000000000 -3.0986122886681096913952452369225257046
48 22 436 1 4 3 -1 4.0000000000000000000000000000000000000 2.0000000000000000000000000000000000000 -2.6931471805599453094172321214581765681
48 22 443 1 4 3 -1 4.0000000000000000000000000000000000000 2.0000000000000000000000000000000000000 -2.6931471805599453094172321214581765681
48 22 1259 1 4 3 -1 4.0000000000000000000000000000000000000 2.0000000000000000000000000000000000000 -2.6931471805599453094172321214581765681
48 22 1285 1 4 3 -1 4.0000000000000000000000000000000000000 2.0000000000000000000000000000000000000 -2.6931471805599453094172321214581765681
48 22 3931 1 4 3 -1 4.0000000000000000000000000000000000000 2.0000000000000000000000000000000000000 -2.6931471805599453094172321214581765681
48 24 1259 1 4 3 -1 6.0000000000000000000000000000000000000 4.0000000000000000000000000000000000000 -3.3862943611198906188344642429163531361
48 24 1266 1 4 3 -1 6.0000000000000000000000000000000000000 4.0000000000000000000000000000000000000 -3.3862943611198906188344642429163531361
48 24 1285 1 4 3 -1 6.0000000000000000000000000000000000000 4.0000000000000000000000000000000000000 -3.3862943611198906188344642429163531361
48 24 3957 1 4 3 -1 6.0000000000000000000000000000000000000 4.0000000000000000000000000000000000000 -3.3862943611198906188344642429163531361
