24 2 13 1 4 2 -1 4.0000000000000000000000000000000000000 2.0000000000000000000000000000000000000 -2.6931471805599453094172321214581765681
24 2 31 1 4 3 -1 4.0000000000000000000000000000000000000 2.0000000000000000000000000000000000000 -2.6931471805599453094172321214581765681
24 2 114 1 4 3 -1 4.0000000000000000000000000000000000000 2.0000000000000000000000000000000000000 -2.6931471805599453094172321214581765681
24 2 298 1 4 3 -1 4.0000000000000000000000000000000000000 2.0000000000000000000000000000000000000 -2.6931471805599453094172321214581765681
24 2 710 1 4 3 -1 4.0000000000000000000000000000000000000 2.0000000000000000000000000000000000000 -2.6931471805599453094172321214581765681
24 2 725 1 4 3 -1 4.0000000000000000000000000000000000000 2.0000000000000000000000000000000000000 -2.6931471805599453094172321214581765681
24 3 31 1 4 3 -1 3.0000000000000000000000000000000000000 3.0000000000000000000000000000000000000 -3.0986122886681096913952452369225257046
24 3 40 1 4 2 -1 3.0000000000000000000000000000000000000 3.0000000000000000000000000000000000000 -3.0986122886681096913952452369225257046
24 3 114 1 4 3 -1 3.0000000000000000000000000000000000000 3.0000000000000000000000000000000000000 -3.0986122886681096913952452369225257046
24 3 119 1 4 3 -1 3.0000000000000000000000000000000000000 3.0000000000000000000000000000000000000 -3.0986122886681096913952452369225257046
24 3 303 1 4 3 -1 3.0000000000000000000000000000000000000 3.0000000000000000000000000000000000000 -3.0986122886681096913952452369225257046
24 3 715 1 4 3 -1 3.0000000000000000000000000000000000000 3.0000000000000000000000000000000000000 -3.0986122886681096913952452369225257046
24 3 739 1 4 3 -1 3.0000000000000000000000000000000000000 3.0000000000000000000000000000000000000 -3.0986122886681096913952452369225257046
24 4 114 1 4 3 -1 4.0000000000000000000000000000000000000 2.0000000000000000000000000000000000000 -2.6931471805599453094172321214581765681
24 4 119 1 4 3 -1 4.0000000000000000000000000000000000000 2.0000000000000000000000000000000000000 -2.6931471805599453094172321214581765681
24 4 129 1 4 2 -1 4.0000000000000000000000000000000000000 2.0000000000000000000000000000000000000 -2.6931471805599453094172321214581765681
24 4 298 1 4 3 -1 4.0000000000000000000000000000000000000 2.0000000000000000000000000000000000000 -2.6931471805599453094172321214581765681
24 4 313 1 4 3 -1 4.0000000000000000000000000000000000000 2.0000000000000000000000000000000000000 -2.6931471805599453094172321214581765681
24 4 725 1 4 3 -1 4.0000000000000000000000000000000000000 2.0000000000000000000000000000000000000 -2.6931471805599453094172321214581765681
24 6 298 1 4 3 -1 6.0000000000000000000000000000000000000 4.0000000000000000000000000000000000000 -3.3862943611198906188344642429163531361
24 6 303 1 4 3 -1 6.0000000000000000000000000000000000000 4.0000000000000000000000000000000000000 -3.3862943611198906188344642429163531361
24 6 313 1 4 3 -1 6.0000000000000000000000000000000000000 4.0000000000000000000000000000000000000 -3.3862943611198906188344642429163531361
24 6 327 1 4 2 -1 6.0000000000000000000000000000000000000 4.0000000000000000000000000000000000000 -3.3862943611198906188344642429163531361
24 6 739 1 4 3 -1 6.0000000000000000000000000000000000000 4.0000000000000000000000000000000000000 -3.3862943611198906188344642429163531361
24 8 710 1 4 3 -1 6.0000000000000000000000000000000000000 4.0000000000000000000000000000000000000 -3.3862943611198906188344642429163531361
24 8 715 1 4 3 -1 6.0000000000000000000000000000000000000 4.0000000000000000000000000000000000000 -3.3862943611198906188344642429163531361
24 8 725 1 4 3 -1 6.0000000000000000000000000000000000000 4.0000000000000000000000000000000000000 -3.3862943611198906188344642429163531361
24 8 739 1 4 3 -1 6.0000000000000000000000000000000000000 4.0000000000000000000000000000000000000 -3.3862943611198906188344642429163531361
24 8 761 1 4 2 -1 6.0000000000000000000000000000000000000 4.0000000000000000000000000000000000000 -3.3862943611198906188344642429163531361
