8 1 1 1 2 2 -1 4.0000000000000000000000000000000000000 4.0000000000000000000000000000000000000 -3.3862943611198906188344642429163531361
8 1 2 1 3 2 -1 4.0000000000000000000000000000000000000 4.0000000000000000000000000000000000000 -3.3862943611198906188344642429163531361
8 1 3 1 2 3 -1 4.0000000000000000000000000000000000000 4.0000000000000000000000000000000000000 -3.3862943611198906188344642429163531361
8 1 4 1 3 2 -1 4.0000000000000000000000000000000000000 4.0000000000000000000000000000000000000 -3.3862943611198906188344642429163531361
8 1 5 1 4 2 -1 4.0000000000000000000000000000000000000 4.0000000000000000000000000000000000000 -3.3862943611198906188344642429163531361
8 1 6 1 2 3 -1 4.0000000000000000000000000000000000000 4.0000000000000000000000000000000000000 -3.3862943611198906188344642429163531361
8 2 1 1 2 3 -1 8.0000000000000000000000000000000000000 4.0000000000000000000000000000000000000 -3.3862943611198906188344642429163531361
8 2 2 1 3 2 -1 8.0000000000000000000000000000000000000 4.0000000000000000000000000000000000000 -3.3862943611198906188344642429163531361
8 2 3 1 2 2 -1 8.0000000000000000000000000000000000000 4.0000000000000000000000000000000000000 -3.3862943611198906188344642429163531361
8 2 4 1 4 2 -1 8.0000000000000000000000000000000000000 8.0000000000000000000000000000000000000 -4.0794415416798359282516963643745297042
8 2 5 1 3 2 -1 8.0000000000000000000000000000000000000 8.0000000000000000000000000000000000000 -4.0794415416798359282516963643745297042
8 2 6 1 2 3 -1 8.0000000000000000000000000000000000000 4.0000000000000000000000000000000000000 -3.3862943611198906188344642429163531361
8 3 1 1 2 3 -1 8.0000000000000000000000000000000000000 4.0000000000000000000000000000000000000 -3.3862943611198906188344642429163531361
8 3 2 1 4 2 -1 8.0000000000000000000000000000000000000 8.0000000000000000000000000000000000000 -4.0794415416798359282516963643745297042
8 3 3 1 2 3 -1 8.0000000000000000000000000000000000000 4.0000000000000000000000000000000000000 -3.3862943611198906188344642429163531361
8 3 4 1 3 2 -1 8.0000000000000000000000000000000000000 4.0000000000000000000000000000000000000 -3.3862943611198906188344642429163531361
8 3 5 1 3 2 -1 8.0000000000000000000000000000000000000 8.0000000000000000000000000000000000000 -4.0794415416798359282516963643745297042
8 3 6 1 2 2 -1 8.0000000000000000000000000000000000000 4.0000000000000000000000000000000000000 -3.3862943611198906188344642429163531361
8 4 3 1 1 2 -1 16.000000000000000000000000000000000000 0 -99
8 4 5 1 2 2 -1 16.000000000000000000000000000000000000 16.000000000000000000000000000000000000 -4.7725887222397812376689284858327062723
8 4 6 1 2 2 -1 16.000000000000000000000000000000000000 16.000000000000000000000000000000000000 -4.7725887222397812376689284858327062723
8 5 5 1 2 2 -1 8.0000000000000000000000000000000000000 8.0000000000000000000000000000000000000 -4.0794415416798359282516963643745297042
8 6 3 1 2 2 -1 16.000000000000000000000000000000000000 16.000000000000000000000000000000000000 -4.7725887222397812376689284858327062723
8 6 5 1 2 2 -1 16.000000000000000000000000000000000000 16.000000000000000000000000000000000000 -4.7725887222397812376689284858327062723
8 6 6 1 1 2 -1 16.000000000000000000000000000000000000 0 -99
8 8 4 1 2 2 2 23.313708498984760390413509793677584629 0.68629150101523960958649020632241537144 -1.6235471870808045683692455929567685181
8 11 2 1 2 2 2 23.313708498984760390413509793677584629 0.68629150101523960958649020632241537144 -1.6235471870808045683692455929567685181
8 34 6 1 1 2 -1 64.000000000000000000000000000000000000 0 -99
8 42 3 1 1 2 -1 64.000000000000000000000000000000000000 0 -99
