24 396 46 1 2 2 -1 4.0000000000000000000000000000000000000 4.0000000000000000000000000000000000000 -3.3862943611198906188344642429163531361
24 396 274 1 3 2 -1 4.0000000000000000000000000000000000000 4.0000000000000000000000000000000000000 -3.3862943611198906188344642429163531361
24 396 323 1 2 3 -1 4.0000000000000000000000000000000000000 4.0000000000000000000000000000000000000 -3.3862943611198906188344642429163531361
24 396 664 1 3 2 -1 4.0000000000000000000000000000000000000 4.0000000000000000000000000000000000000 -3.3862943611198906188344642429163531361
24 396 704 1 4 2 -1 4.0000000000000000000000000000000000000 4.0000000000000000000000000000000000000 -3.3862943611198906188344642429163531361
24 396 757 1 2 3 -1 4.0000000000000000000000000000000000000 4.0000000000000000000000000000000000000 -3.3862943611198906188344642429163531361
24 410 46 1 2 3 -1 8.0000000000000000000000000000000000000 4.0000000000000000000000000000000000000 -3.3862943611198906188344642429163531361
24 410 274 1 3 2 -1 8.0000000000000000000000000000000000000 4.0000000000000000000000000000000000000 -3.3862943611198906188344642429163531361
24 410 323 1 2 2 -1 8.0000000000000000000000000000000000000 4.0000000000000000000000000000000000000 -3.3862943611198906188344642429163531361
24 410 664 1 4 2 -1 8.0000000000000000000000000000000000000 8.0000000000000000000000000000000000000 -4.0794415416798359282516963643745297042
24 410 704 1 3 2 -1 8.0000000000000000000000000000000000000 8.0000000000000000000000000000000000000 -4.0794415416798359282516963643745297042
24 410 757 1 2 3 -1 8.0000000000000000000000000000000000000 4.0000000000000000000000000000000000000 -3.3862943611198906188344642429163531361
