24 471 129 1 2 2 2 8.0000000000000000000000000000000000000 1.0000000000000000000000000000000000000 -2.0000000000000000000000000000000000000
24 471 262 4 3 2 -1 32.000000000000000000000000000000000000 4.0000000000000000000000000000000000000 -3.3862943611198906188344642429163531361
24 471 303 1 2 3 0 8.0000000000000000000000000000000000000 1.0000000000000000000000000000000000000 0.E-38
24 471 407 2 3 2 -1 16.000000000000000000000000000000000000 16.000000000000000000000000000000000000 -4.7725887222397812376689284858327062723
24 471 492 4 4 2 -1 32.000000000000000000000000000000000000 32.000000000000000000000000000000000000 -5.4657359027997265470861606072908828404
24 471 579 1 3 2 -1 8.0000000000000000000000000000000000000 8.0000000000000000000000000000000000000 -4.0794415416798359282516963643745297042
24 471 628 4 4 2 -1 32.000000000000000000000000000000000000 32.000000000000000000000000000000000000 -5.4657359027997265470861606072908828404
24 471 673 2 3 2 -1 16.000000000000000000000000000000000000 16.000000000000000000000000000000000000 -4.7725887222397812376689284858327062723
24 471 698 4 4 2 -1 32.000000000000000000000000000000000000 32.000000000000000000000000000000000000 -5.4657359027997265470861606072908828404
24 471 725 1 3 2 -1 8.0000000000000000000000000000000000000 8.0000000000000000000000000000000000000 -4.0794415416798359282516963643745297042
24 471 736 4 4 2 -1 32.000000000000000000000000000000000000 32.000000000000000000000000000000000000 -5.4657359027997265470861606072908828404
24 471 747 2 3 2 -1 16.000000000000000000000000000000000000 16.000000000000000000000000000000000000 -4.7725887222397812376689284858327062723
24 471 757 1 3 2 -1 8.0000000000000000000000000000000000000 8.0000000000000000000000000000000000000 -4.0794415416798359282516963643745297042
24 471 760 2 3 2 -1 16.000000000000000000000000000000000000 16.000000000000000000000000000000000000 -4.7725887222397812376689284858327062723
24 471 761 1 2 3 0 8.0000000000000000000000000000000000000 1.0000000000000000000000000000000000000 0.E-38
24 474 129 1 2 3 0 9.0000000000000000000000000000000000000 1.0000000000000000000000000000000000000 0.E-38
24 474 262 4 3 2 -1 36.000000000000000000000000000000000000 4.0000000000000000000000000000000000000 -3.3862943611198906188344642429163531361
24 474 303 1 2 2 2 9.0000000000000000000000000000000000000 1.0000000000000000000000000000000000000 -2.0000000000000000000000000000000000000
24 474 407 2 4 2 -1 18.000000000000000000000000000000000000 18.000000000000000000000000000000000000 -4.8903717578961646922077225953032279774
24 474 492 4 4 2 -1 36.000000000000000000000000000000000000 36.000000000000000000000000000000000000 -5.5835189384561100016249547167614045454
24 474 579 1 4 2 -1 9.0000000000000000000000000000000000000 9.0000000000000000000000000000000000000 -4.1972245773362193827904904738450514093
24 474 628 4 4 2 -1 36.000000000000000000000000000000000000 36.000000000000000000000000000000000000 -5.5835189384561100016249547167614045454
24 474 673 2 4 2 -1 18.000000000000000000000000000000000000 18.000000000000000000000000000000000000 -4.8903717578961646922077225953032279774
24 474 698 4 4 2 -1 36.000000000000000000000000000000000000 36.000000000000000000000000000000000000 -5.5835189384561100016249547167614045454
24 474 725 1 4 2 -1 9.0000000000000000000000000000000000000 9.0000000000000000000000000000000000000 -4.1972245773362193827904904738450514093
24 474 736 4 3 2 -1 36.000000000000000000000000000000000000 36.000000000000000000000000000000000000 -5.5835189384561100016249547167614045454
24 474 747 2 4 2 -1 18.000000000000000000000000000000000000 18.000000000000000000000000000000000000 -4.8903717578961646922077225953032279774
24 474 757 1 4 2 -1 9.0000000000000000000000000000000000000 9.0000000000000000000000000000000000000 -4.1972245773362193827904904738450514093
24 474 760 2 4 2 -1 18.000000000000000000000000000000000000 18.000000000000000000000000000000000000 -4.8903717578961646922077225953032279774
24 474 761 1 2 3 0 9.0000000000000000000000000000000000000 1.0000000000000000000000000000000000000 0.E-38
24 486 129 1 2 3 -1 9.0000000000000000000000000000000000000 8.0000000000000000000000000000000000000 -4.0794415416798359282516963643745297042
24 486 262 4 4 2 -1 36.000000000000000000000000000000000000 36.000000000000000000000000000000000000 -5.5835189384561100016249547167614045454
24 486 303 1 2 3 -1 9.0000000000000000000000000000000000000 8.0000000000000000000000000000000000000 -4.0794415416798359282516963643745297042
24 486 407 2 3 2 -1 18.000000000000000000000000000000000000 16.000000000000000000000000000000000000 -4.7725887222397812376689284858327062723
24 486 492 4 4 2 -1 36.000000000000000000000000000000000000 36.000000000000000000000000000000000000 -5.5835189384561100016249547167614045454
24 486 579 1 3 2 -1 9.0000000000000000000000000000000000000 8.0000000000000000000000000000000000000 -4.0794415416798359282516963643745297042
24 486 628 4 4 2 -1 36.000000000000000000000000000000000000 36.000000000000000000000000000000000000 -5.5835189384561100016249547167614045454
24 486 673 2 3 2 -1 18.000000000000000000000000000000000000 16.000000000000000000000000000000000000 -4.7725887222397812376689284858327062723
24 486 698 4 4 2 -1 36.000000000000000000000000000000000000 36.000000000000000000000000000000000000 -5.5835189384561100016249547167614045454
24 486 725 1 3 2 -1 9.0000000000000000000000000000000000000 8.0000000000000000000000000000000000000 -4.0794415416798359282516963643745297042
24 486 736 4 3 2 -1 36.000000000000000000000000000000000000 36.000000000000000000000000000000000000 -5.5835189384561100016249547167614045454
24 486 747 2 3 2 -1 18.000000000000000000000000000000000000 16.000000000000000000000000000000000000 -4.7725887222397812376689284858327062723
24 486 757 1 3 2 -1 9.0000000000000000000000000000000000000 8.0000000000000000000000000000000000000 -4.0794415416798359282516963643745297042
24 486 760 2 3 2 -1 18.000000000000000000000000000000000000 16.000000000000000000000000000000000000 -4.7725887222397812376689284858327062723
24 486 761 1 2 2 -1 9.0000000000000000000000000000000000000 8.0000000000000000000000000000000000000 -4.0794415416798359282516963643745297042
