24 562 298 1 3 2 -1 4.0000000000000000000000000000000000000 4.0000000000000000000000000000000000000 -3.3862943611198906188344642429163531361
24 562 505 2 4 2 -1 8.0000000000000000000000000000000000000 8.0000000000000000000000000000000000000 -4.0794415416798359282516963643745297042
24 562 627 1 4 2 -1 4.0000000000000000000000000000000000000 4.0000000000000000000000000000000000000 -3.3862943611198906188344642429163531361
24 562 691 2 4 2 -1 8.0000000000000000000000000000000000000 8.0000000000000000000000000000000000000 -4.0794415416798359282516963643745297042
24 562 725 1 3 3 -1 4.0000000000000000000000000000000000000 4.0000000000000000000000000000000000000 -3.3862943611198906188344642429163531361
24 563 313 1 3 2 -1 8.0000000000000000000000000000000000000 7.4641016151377545870548926830117447339 -4.0101050774847620180422784687661450121
24 563 511 1 4 2 -1 8.0000000000000000000000000000000000000 8.0000000000000000000000000000000000000 -4.0794415416798359282516963643745297042
24 563 627 1 4 2 -1 8.0000000000000000000000000000000000000 8.0000000000000000000000000000000000000 -4.0794415416798359282516963643745297042
24 563 685 1 4 2 -1 8.0000000000000000000000000000000000000 8.0000000000000000000000000000000000000 -4.0794415416798359282516963643745297042
24 563 710 1 3 3 -1 8.0000000000000000000000000000000000000 7.4641016151377545870548926830117447339 -4.0101050774847620180422784687661450121
24 568 627 1 4 2 -1 4.0000000000000000000000000000000000000 4.0000000000000000000000000000000000000 -3.3862943611198906188344642429163531361
24 570 313 1 3 3 -1 8.0000000000000000000000000000000000000 7.4641016151377545870548926830117447339 -4.0101050774847620180422784687661450121
24 570 511 1 4 2 -1 8.0000000000000000000000000000000000000 8.0000000000000000000000000000000000000 -4.0794415416798359282516963643745297042
24 570 627 1 4 2 -1 8.0000000000000000000000000000000000000 8.0000000000000000000000000000000000000 -4.0794415416798359282516963643745297042
24 570 685 1 4 2 -1 8.0000000000000000000000000000000000000 8.0000000000000000000000000000000000000 -4.0794415416798359282516963643745297042
24 570 710 1 3 2 -1 8.0000000000000000000000000000000000000 7.4641016151377545870548926830117447339 -4.0101050774847620180422784687661450121
24 571 298 1 3 3 -1 4.0000000000000000000000000000000000000 4.0000000000000000000000000000000000000 -3.3862943611198906188344642429163531361
24 571 505 2 4 2 -1 8.0000000000000000000000000000000000000 8.0000000000000000000000000000000000000 -4.0794415416798359282516963643745297042
24 571 627 1 4 2 -1 4.0000000000000000000000000000000000000 4.0000000000000000000000000000000000000 -3.3862943611198906188344642429163531361
24 571 691 2 4 2 -1 8.0000000000000000000000000000000000000 8.0000000000000000000000000000000000000 -4.0794415416798359282516963643745297042
24 571 725 1 3 2 -1 4.0000000000000000000000000000000000000 4.0000000000000000000000000000000000000 -3.3862943611198906188344642429163531361
