12 1 1 1 4 2 -1 4.0000000000000000000000000000000000000 2.0000000000000000000000000000000000000 -2.6931471805599453094172321214581765681
12 1 3 1 4 3 -1 4.0000000000000000000000000000000000000 2.0000000000000000000000000000000000000 -2.6931471805599453094172321214581765681
12 1 10 1 4 3 -1 4.0000000000000000000000000000000000000 2.0000000000000000000000000000000000000 -2.6931471805599453094172321214581765681
12 1 26 1 4 3 -1 4.0000000000000000000000000000000000000 2.0000000000000000000000000000000000000 -2.6931471805599453094172321214581765681
12 1 56 1 4 3 -1 4.0000000000000000000000000000000000000 2.0000000000000000000000000000000000000 -2.6931471805599453094172321214581765681
12 1 61 1 4 3 -1 4.0000000000000000000000000000000000000 2.0000000000000000000000000000000000000 -2.6931471805599453094172321214581765681
12 2 3 1 4 3 -1 3.0000000000000000000000000000000000000 3.0000000000000000000000000000000000000 -3.0986122886681096913952452369225257046
12 2 5 1 4 2 -1 3.0000000000000000000000000000000000000 3.0000000000000000000000000000000000000 -3.0986122886681096913952452369225257046
12 2 10 1 4 3 -1 3.0000000000000000000000000000000000000 3.0000000000000000000000000000000000000 -3.0986122886681096913952452369225257046
12 2 12 1 4 3 -1 3.0000000000000000000000000000000000000 3.0000000000000000000000000000000000000 -3.0986122886681096913952452369225257046
12 2 28 1 4 3 -1 3.0000000000000000000000000000000000000 3.0000000000000000000000000000000000000 -3.0986122886681096913952452369225257046
12 2 58 1 4 3 -1 3.0000000000000000000000000000000000000 3.0000000000000000000000000000000000000 -3.0986122886681096913952452369225257046
12 2 65 1 4 3 -1 3.0000000000000000000000000000000000000 3.0000000000000000000000000000000000000 -3.0986122886681096913952452369225257046
12 3 10 1 4 3 -1 4.0000000000000000000000000000000000000 2.0000000000000000000000000000000000000 -2.6931471805599453094172321214581765681
12 3 12 1 4 3 -1 4.0000000000000000000000000000000000000 2.0000000000000000000000000000000000000 -2.6931471805599453094172321214581765681
12 3 15 1 4 2 -1 4.0000000000000000000000000000000000000 2.0000000000000000000000000000000000000 -2.6931471805599453094172321214581765681
12 3 26 1 4 3 -1 4.0000000000000000000000000000000000000 2.0000000000000000000000000000000000000 -2.6931471805599453094172321214581765681
12 3 31 1 4 3 -1 4.0000000000000000000000000000000000000 2.0000000000000000000000000000000000000 -2.6931471805599453094172321214581765681
12 3 61 1 4 3 -1 4.0000000000000000000000000000000000000 2.0000000000000000000000000000000000000 -2.6931471805599453094172321214581765681
12 4 26 1 4 3 -1 6.0000000000000000000000000000000000000 4.0000000000000000000000000000000000000 -3.3862943611198906188344642429163531361
12 4 28 1 4 3 -1 6.0000000000000000000000000000000000000 4.0000000000000000000000000000000000000 -3.3862943611198906188344642429163531361
12 4 31 1 4 3 -1 6.0000000000000000000000000000000000000 4.0000000000000000000000000000000000000 -3.3862943611198906188344642429163531361
12 4 35 1 4 2 -1 6.0000000000000000000000000000000000000 4.0000000000000000000000000000000000000 -3.3862943611198906188344642429163531361
12 4 65 1 4 3 -1 6.0000000000000000000000000000000000000 4.0000000000000000000000000000000000000 -3.3862943611198906188344642429163531361
12 5 56 1 4 3 -1 6.0000000000000000000000000000000000000 4.0000000000000000000000000000000000000 -3.3862943611198906188344642429163531361
12 5 58 1 4 3 -1 6.0000000000000000000000000000000000000 4.0000000000000000000000000000000000000 -3.3862943611198906188344642429163531361
12 5 61 1 4 3 -1 6.0000000000000000000000000000000000000 4.0000000000000000000000000000000000000 -3.3862943611198906188344642429163531361
12 5 65 1 4 3 -1 6.0000000000000000000000000000000000000 4.0000000000000000000000000000000000000 -3.3862943611198906188344642429163531361
12 5 70 1 4 2 -1 6.0000000000000000000000000000000000000 4.0000000000000000000000000000000000000 -3.3862943611198906188344642429163531361
12 8 15 1 2 2 2 8.0000000000000000000000000000000000000 1.0000000000000000000000000000000000000 -2.0000000000000000000000000000000000000
12 8 24 4 3 2 -1 32.000000000000000000000000000000000000 4.0000000000000000000000000000000000000 -3.3862943611198906188344642429163531361
12 8 28 1 2 3 0 8.0000000000000000000000000000000000000 1.0000000000000000000000000000000000000 0.E-38
12 8 45 1 3 2 -1 8.0000000000000000000000000000000000000 8.0000000000000000000000000000000000000 -4.0794415416798359282516963643745297042
12 8 50 4 4 2 -1 32.000000000000000000000000000000000000 32.000000000000000000000000000000000000 -5.4657359027997265470861606072908828404
12 8 61 1 3 2 -1 8.0000000000000000000000000000000000000 8.0000000000000000000000000000000000000 -4.0794415416798359282516963643745297042
12 8 63 4 4 2 -1 32.000000000000000000000000000000000000 32.000000000000000000000000000000000000 -5.4657359027997265470861606072908828404
12 8 68 1 3 2 -1 8.0000000000000000000000000000000000000 8.0000000000000000000000000000000000000 -4.0794415416798359282516963643745297042
12 8 70 1 2 3 0 8.0000000000000000000000000000000000000 1.0000000000000000000000000000000000000 0.E-38
12 9 15 1 2 3 0 9.0000000000000000000000000000000000000 1.0000000000000000000000000000000000000 0.E-38
12 9 24 4 3 2 -1 36.000000000000000000000000000000000000 4.0000000000000000000000000000000000000 -3.3862943611198906188344642429163531361
12 9 28 1 2 2 2 9.0000000000000000000000000000000000000 1.0000000000000000000000000000000000000 -2.0000000000000000000000000000000000000
12 9 45 1 4 2 -1 9.0000000000000000000000000000000000000 9.0000000000000000000000000000000000000 -4.1972245773362193827904904738450514093
12 9 50 4 4 2 -1 36.000000000000000000000000000000000000 36.000000000000000000000000000000000000 -5.5835189384561100016249547167614045454
12 9 61 1 4 2 -1 9.0000000000000000000000000000000000000 9.0000000000000000000000000000000000000 -4.1972245773362193827904904738450514093
12 9 63 4 3 2 -1 36.000000000000000000000000000000000000 36.000000000000000000000000000000000000 -5.5835189384561100016249547167614045454
12 9 68 1 4 2 -1 9.0000000000000000000000000000000000000 9.0000000000000000000000000000000000000 -4.1972245773362193827904904738450514093
12 9 70 1 2 3 0 9.0000000000000000000000000000000000000 1.0000000000000000000000000000000000000 0.E-38
12 15 15 1 2 3 -1 9.0000000000000000000000000000000000000 8.0000000000000000000000000000000000000 -4.0794415416798359282516963643745297042
12 15 24 4 4 2 -1 36.000000000000000000000000000000000000 36.000000000000000000000000000000000000 -5.5835189384561100016249547167614045454
12 15 28 1 2 3 -1 9.0000000000000000000000000000000000000 8.0000000000000000000000000000000000000 -4.0794415416798359282516963643745297042
12 15 45 1 3 2 -1 9.0000000000000000000000000000000000000 8.0000000000000000000000000000000000000 -4.0794415416798359282516963643745297042
12 15 50 4 4 2 -1 36.000000000000000000000000000000000000 36.000000000000000000000000000000000000 -5.5835189384561100016249547167614045454
12 15 61 1 3 2 -1 9.0000000000000000000000000000000000000 8.0000000000000000000000000000000000000 -4.0794415416798359282516963643745297042
12 15 63 4 3 2 -1 36.000000000000000000000000000000000000 36.000000000000000000000000000000000000 -5.5835189384561100016249547167614045454
12 15 68 1 3 2 -1 9.0000000000000000000000000000000000000 8.0000000000000000000000000000000000000 -4.0794415416798359282516963643745297042
12 15 70 1 2 2 -1 9.0000000000000000000000000000000000000 8.0000000000000000000000000000000000000 -4.0794415416798359282516963643745297042
12 19 26 1 3 2 -1 4.0000000000000000000000000000000000000 4.0000000000000000000000000000000000000 -3.3862943611198906188344642429163531361
12 19 49 1 4 2 -1 4.0000000000000000000000000000000000000 4.0000000000000000000000000000000000000 -3.3862943611198906188344642429163531361
12 19 61 1 3 3 -1 4.0000000000000000000000000000000000000 4.0000000000000000000000000000000000000 -3.3862943611198906188344642429163531361
12 20 31 1 3 2 -1 8.0000000000000000000000000000000000000 7.4641016151377545870548926830117447339 -4.0101050774847620180422784687661450121
12 20 49 1 4 2 -1 8.0000000000000000000000000000000000000 8.0000000000000000000000000000000000000 -4.0794415416798359282516963643745297042
12 20 56 1 3 3 -1 8.0000000000000000000000000000000000000 7.4641016151377545870548926830117447339 -4.0101050774847620180422784687661450121
12 22 31 1 3 3 -1 8.0000000000000000000000000000000000000 7.4641016151377545870548926830117447339 -4.0101050774847620180422784687661450121
12 22 49 1 4 2 -1 8.0000000000000000000000000000000000000 8.0000000000000000000000000000000000000 -4.0794415416798359282516963643745297042
12 22 56 1 3 2 -1 8.0000000000000000000000000000000000000 7.4641016151377545870548926830117447339 -4.0101050774847620180422784687661450121
12 23 26 1 3 3 -1 4.0000000000000000000000000000000000000 4.0000000000000000000000000000000000000 -3.3862943611198906188344642429163531361
12 23 49 1 4 2 -1 4.0000000000000000000000000000000000000 4.0000000000000000000000000000000000000 -3.3862943611198906188344642429163531361
12 23 61 1 3 2 -1 4.0000000000000000000000000000000000000 4.0000000000000000000000000000000000000 -3.3862943611198906188344642429163531361
12 26 1 1 2 2 2 8.0000000000000000000000000000000000000 1.0000000000000000000000000000000000000 -2.0000000000000000000000000000000000000
12 26 16 1 3 2 -1 8.0000000000000000000000000000000000000 8.0000000000000000000000000000000000000 -4.0794415416798359282516963643745297042
12 26 26 1 3 2 -1 8.0000000000000000000000000000000000000 8.0000000000000000000000000000000000000 -4.0794415416798359282516963643745297042
12 26 32 1 3 2 -1 8.0000000000000000000000000000000000000 8.0000000000000000000000000000000000000 -4.0794415416798359282516963643745297042
12 26 35 1 2 3 0 8.0000000000000000000000000000000000000 1.0000000000000000000000000000000000000 0.E-38
12 26 37 4 3 2 -1 32.000000000000000000000000000000000000 4.0000000000000000000000000000000000000 -3.3862943611198906188344642429163531361
12 26 47 4 4 2 -1 32.000000000000000000000000000000000000 32.000000000000000000000000000000000000 -5.4657359027997265470861606072908828404
12 26 53 4 4 2 -1 32.000000000000000000000000000000000000 32.000000000000000000000000000000000000 -5.4657359027997265470861606072908828404
12 26 58 1 2 3 0 8.0000000000000000000000000000000000000 1.0000000000000000000000000000000000000 0.E-38
12 31 1 1 2 3 -1 9.0000000000000000000000000000000000000 8.0000000000000000000000000000000000000 -4.0794415416798359282516963643745297042
12 31 16 1 3 2 -1 9.0000000000000000000000000000000000000 8.0000000000000000000000000000000000000 -4.0794415416798359282516963643745297042
12 31 26 1 3 2 -1 9.0000000000000000000000000000000000000 8.0000000000000000000000000000000000000 -4.0794415416798359282516963643745297042
12 31 32 1 3 2 -1 9.0000000000000000000000000000000000000 8.0000000000000000000000000000000000000 -4.0794415416798359282516963643745297042
12 31 35 1 2 2 -1 9.0000000000000000000000000000000000000 8.0000000000000000000000000000000000000 -4.0794415416798359282516963643745297042
12 31 37 4 4 2 -1 36.000000000000000000000000000000000000 36.000000000000000000000000000000000000 -5.5835189384561100016249547167614045454
12 31 47 4 4 2 -1 36.000000000000000000000000000000000000 36.000000000000000000000000000000000000 -5.5835189384561100016249547167614045454
12 31 53 4 3 2 -1 36.000000000000000000000000000000000000 36.000000000000000000000000000000000000 -5.5835189384561100016249547167614045454
12 31 58 1 2 3 -1 9.0000000000000000000000000000000000000 8.0000000000000000000000000000000000000 -4.0794415416798359282516963643745297042
12 33 1 1 2 3 0 9.0000000000000000000000000000000000000 1.0000000000000000000000000000000000000 0.E-38
12 33 16 1 4 2 -1 9.0000000000000000000000000000000000000 9.0000000000000000000000000000000000000 -4.1972245773362193827904904738450514093
12 33 26 1 4 2 -1 9.0000000000000000000000000000000000000 9.0000000000000000000000000000000000000 -4.1972245773362193827904904738450514093
12 33 32 1 4 2 -1 9.0000000000000000000000000000000000000 9.0000000000000000000000000000000000000 -4.1972245773362193827904904738450514093
12 33 35 1 2 3 0 9.0000000000000000000000000000000000000 1.0000000000000000000000000000000000000 0.E-38
12 33 37 4 3 2 -1 36.000000000000000000000000000000000000 4.0000000000000000000000000000000000000 -3.3862943611198906188344642429163531361
12 33 47 4 4 2 -1 36.000000000000000000000000000000000000 36.000000000000000000000000000000000000 -5.5835189384561100016249547167614045454
12 33 53 4 3 2 -1 36.000000000000000000000000000000000000 36.000000000000000000000000000000000000 -5.5835189384561100016249547167614045454
12 33 58 1 2 2 2 9.0000000000000000000000000000000000000 1.0000000000000000000000000000000000000 -2.0000000000000000000000000000000000000
12 37 3 1 3 2 2 13.928203230275509174109785366023489468 1.0000000000000000000000000000000000000 -2.0000000000000000000000000000000000000
12 37 41 4 4 2 -1 55.712812921102036696439141464093957871 4.0000000000000000000000000000000000000 -3.3862943611198906188344642429163531361
12 37 61 1 3 3 2 13.928203230275509174109785366023489468 1.0000000000000000000000000000000000000 -2.0000000000000000000000000000000000000
12 44 3 1 3 3 -1 14.928203230275509174109785366023489468 1.0717967697244908258902146339765105322 -2.0693364641950739102094178956083846921
12 44 41 4 4 2 -1 59.712812921102036696439141464093957871 4.2871870788979633035608585359060421289 -3.4556308253149645290438821385247378283
12 44 61 1 3 2 2 14.928203230275509174109785366023489468 1.0717967697244908258902146339765105322 -2.0693364641950739102094178956083846921
12 50 12 1 3 2 2 13.928203230275509174109785366023489468 1.0000000000000000000000000000000000000 -2.0000000000000000000000000000000000000
12 50 21 4 4 2 -1 55.712812921102036696439141464093957871 4.0000000000000000000000000000000000000 -3.3862943611198906188344642429163531361
12 50 26 1 3 3 2 13.928203230275509174109785366023489468 1.0000000000000000000000000000000000000 -2.0000000000000000000000000000000000000
12 52 12 1 3 3 -1 14.928203230275509174109785366023489468 1.0717967697244908258902146339765105322 -2.0693364641950739102094178956083846921
12 52 21 4 4 2 -1 59.712812921102036696439141464093957871 4.2871870788979633035608585359060421289 -3.4556308253149645290438821385247378283
12 52 26 1 3 2 2 14.928203230275509174109785366023489468 1.0717967697244908258902146339765105322 -2.0693364641950739102094178956083846921
