36 21 19 1 4 2 -1 4.0000000000000000000000000000000000000 2.0000000000000000000000000000000000000 -2.6931471805599453094172321214581765681
36 21 86 1 4 3 -1 4.0000000000000000000000000000000000000 2.0000000000000000000000000000000000000 -2.6931471805599453094172321214581765681
36 21 155 1 4 3 -1 4.0000000000000000000000000000000000000 2.0000000000000000000000000000000000000 -2.6931471805599453094172321214581765681
36 21 600 1 4 3 -1 4.0000000000000000000000000000000000000 2.0000000000000000000000000000000000000 -2.6931471805599453094172321214581765681
36 21 1768 1 4 3 -1 4.0000000000000000000000000000000000000 2.0000000000000000000000000000000000000 -2.6931471805599453094172321214581765681
36 21 1782 1 4 3 -1 4.0000000000000000000000000000000000000 2.0000000000000000000000000000000000000 -2.6931471805599453094172321214581765681
36 23 86 1 4 3 -1 3.0000000000000000000000000000000000000 3.0000000000000000000000000000000000000 -3.0986122886681096913952452369225257046
36 23 155 1 4 3 -1 3.0000000000000000000000000000000000000 3.0000000000000000000000000000000000000 -3.0986122886681096913952452369225257046
36 23 175 1 4 3 -1 3.0000000000000000000000000000000000000 3.0000000000000000000000000000000000000 -3.0986122886681096913952452369225257046
36 23 608 1 4 3 -1 3.0000000000000000000000000000000000000 3.0000000000000000000000000000000000000 -3.0986122886681096913952452369225257046
36 23 1776 1 4 3 -1 3.0000000000000000000000000000000000000 3.0000000000000000000000000000000000000 -3.0986122886681096913952452369225257046
36 23 1806 1 4 3 -1 3.0000000000000000000000000000000000000 3.0000000000000000000000000000000000000 -3.0986122886681096913952452369225257046
36 24 155 1 4 3 -1 4.0000000000000000000000000000000000000 2.0000000000000000000000000000000000000 -2.6931471805599453094172321214581765681
36 24 175 1 4 3 -1 4.0000000000000000000000000000000000000 2.0000000000000000000000000000000000000 -2.6931471805599453094172321214581765681
36 24 191 1 4 2 -1 4.0000000000000000000000000000000000000 2.0000000000000000000000000000000000000 -2.6931471805599453094172321214581765681
36 24 600 1 4 3 -1 4.0000000000000000000000000000000000000 2.0000000000000000000000000000000000000 -2.6931471805599453094172321214581765681
36 24 614 1 4 3 -1 4.0000000000000000000000000000000000000 2.0000000000000000000000000000000000000 -2.6931471805599453094172321214581765681
36 24 1782 1 4 3 -1 4.0000000000000000000000000000000000000 2.0000000000000000000000000000000000000 -2.6931471805599453094172321214581765681
36 26 600 1 4 3 -1 6.0000000000000000000000000000000000000 4.0000000000000000000000000000000000000 -3.3862943611198906188344642429163531361
36 26 608 1 4 3 -1 6.0000000000000000000000000000000000000 4.0000000000000000000000000000000000000 -3.3862943611198906188344642429163531361
36 26 614 1 4 3 -1 6.0000000000000000000000000000000000000 4.0000000000000000000000000000000000000 -3.3862943611198906188344642429163531361
36 26 1806 1 4 3 -1 6.0000000000000000000000000000000000000 4.0000000000000000000000000000000000000 -3.3862943611198906188344642429163531361
36 29 1768 1 4 3 -1 6.0000000000000000000000000000000000000 4.0000000000000000000000000000000000000 -3.3862943611198906188344642429163531361
36 29 1776 1 4 3 -1 6.0000000000000000000000000000000000000 4.0000000000000000000000000000000000000 -3.3862943611198906188344642429163531361
36 29 1782 1 4 3 -1 6.0000000000000000000000000000000000000 4.0000000000000000000000000000000000000 -3.3862943611198906188344642429163531361
36 29 1806 1 4 3 -1 6.0000000000000000000000000000000000000 4.0000000000000000000000000000000000000 -3.3862943611198906188344642429163531361
