100 2 9 72 71
[1, 0, 0, 0, -1, 0, 0, 0, 0, 0, 1, 0, -1, 0, 0, 0, 1, 0, 0, 0, 0, 0, -1, 0, 1, 0, 0, 0, 0, 0, 0, 0, 0, 0, 0, 0, -2, 0, -2, 0, -1, 0, 1, 0, 1, 0, 0, 0, 0, 0, 0, 0, 0, 0, 0, 0, 0, 0, 1, 0, -1, 0, -1, 0, -1, 0, -1, 0, 1, 0, 1, 0, -1, 0, 0, 0, -1, 0, 0, 0, 365, 0, 1821, 0, -3131, 0, 232, 0, 2650, 0, -1052, 0, -3814, 0, 2034, 0, -338, 0, -743, 0, 2269, 0, -2570, 0, 3397, 0, -419, 0, 1369, 0, -3538, 0, 3545, 0, 1416, 0, 59, 0, -4308, 0, 558, 0, 3255, 0, -2711, 0, 2187, 0, -7319, 0, 2387, 0, -3083, 0, 6127, 0, -367, 0, -2417, 0, -395, 0, 694, 0, -1811, 0, -177, 0, 5972, 0, -6405, 0, 10820, 0, -3109, 0, -277, 0, 10087, 0, 1572, 0, -10145, 0, -10646, 0, 4050, 0, -5126, 0, 4394, 0, -4557, 0, -1105, 0, 595, 0, 4987, 0, 6727, 0, -205, 0, 2737, 0, -8896, 0, 6237, 0, 1634, 0, -1265, 0, -8398, 0, -3146, 0, -844, 0, -2117, 0, 12036, 0, 7651, 0, -2380, 0, -5134, 0, 3511]
[0, 0, 0, 0, 0, 0, 0, 0, 0, 0, 0, 0, 0, 0, 0, 0, 0, 0, 0, 0, 0, 0, 0, 0, 0, 0, 0, 0, 1, 0, 0, 0, 0, 0, 0, 0, 0, 0, 0, 0, 0, 0, 0, 0, 0, 0, 0, 0, 0, 0, 0, 0, 0, 0, 0, 0, -1, 0, 0, 0, 0, 0, 0, 0, 0, 0, 0, 0, 0, 0, 0, 0, 0, 0, 0, 0, 0, 0, 0, 0, 5, 0, -16, 0, 30, 0, -2, 0, -29, 0, 19, 0, 32, 0, -34, 0, -1, 0, 11, 0, -17, 0, 22, 0, -31, 0, 12, 0, -3, 0, 14, 0, -33, 0, -10, 0, -7, 0, 40, 0, -9, 0, -25, 0, 44, 0, 0, 0, 59, 0, -31, 0, 12, 0, -39, 0, -5, 0, 3, 0, -1, 0, 14, 0, 35, 0, -22, 0, -47, 0, 58, 0, -76, 0, 2, 0, 4, 0, -86, 0, -15, 0, 87, 0, 82, 0, -27, 0, 26, 0, -37, 0, 49, 0, 24, 0, 13, 0, -14, 0, -75, 0, -18, 0, -44, 0, 86, 0, -41, 0, -23, 0, 3, 0, 87, 0, 59, 0, -6, 0, 33, 0, -130, 0, -106, 0, 8, 0, 43, 0, -19]
[0, 0, 0, 0, 0, 0, 0, 0, 0, 0, 0, 0, 0, 0, 0, 0, 0, 0, 0, 0, 0, 0, 0, 0, 0, 0, 0, 0, -1, 0, 0, 0, 0, 0, 0, 0, 0, 0, 0, 0, 0, 0, 0, 0, 0, 0, 0, 0, 0, 0, 0, 0, 0, 0, 0, 0, 0, 0, 0, 0, 0, 0, 0, 0, 0, 0, 0, 0, 0, 0, 0, 0, 0, 0, 0, 0, 1, 0, 0, 0, 3, 0, 79, 0, -124, 0, 6, 0, 109, 0, -44, 0, -161, 0, 97, 0, -16, 0, -43, 0, 100, 0, -105, 0, 136, 0, -24, 0, 75, 0, -137, 0, 137, 0, 56, 0, 25, 0, -193, 0, 9, 0, 140, 0, -135, 0, 91, 0, -303, 0, 104, 0, -118, 0, 255, 0, -16, 0, -98, 0, -11, 0, 15, 0, -104, 0, 10, 0, 275, 0, -283, 0, 460, 0, -108, 0, -32, 0, 436, 0, 77, 0, -430, 0, -470, 0, 165, 0, -225, 0, 196, 0, -201, 0, -60, 0, 5, 0, 199, 0, 349, 0, -8, 0, 160, 0, -397, 0, 227, 0, 62, 0, -54, 0, -366, 0, -178, 0, -1, 0, -101, 0, 528, 0, 390, 0, -92, 0, -248, 0, 141]
[0, 0, 0, 0, 0, 0, 0, 0, 0, 0, 0, 0, 0, 0, 0, 0, 0, 0, 0, 0, 0, 0, 0, 0, 0, 0, 0, 0, 1, 0, 0, 0, 0, 0, 0, 0, 0, 0, 0, 0, 0, 0, 0, 0, 0, 0, 0, 0, 0, 0, 0, 0, 0, 0, 0, 0, 0, 0, 0, 0, 0, 0, 0, 0, 0, 0, 0, 0, 0, 0, 1, 0, 0, 0, 0, 0, 0, 0, 0, 0, -6, 0, -91, 0, 136, 0, -4, 0, -120, 0, 39, 0, 188, 0, -101, 0, 22, 0, 51, 0, -118, 0, 117, 0, -152, 0, 22, 0, -101, 0, 165, 0, -151, 0, -62, 0, -30, 0, 224, 0, 3, 0, -164, 0, 144, 0, -123, 0, 346, 0, -110, 0, 143, 0, -303, 0, 26, 0, 129, 0, 17, 0, -29, 0, 112, 0, 2, 0, -331, 0, 328, 0, -547, 0, 135, 0, 43, 0, -502, 0, -94, 0, 492, 0, 560, 0, -193, 0, 281, 0, -231, 0, 228, 0, 61, 0, -18, 0, -251, 0, -415, 0, 30, 0, -181, 0, 457, 0, -253, 0, -57, 0, 74, 0, 406, 0, 194, 0, -8, 0, 102, 0, -586, 0, -442, 0, 111, 0, 305, 0, -167]
[0, 0, 0, 0, 0, 0, 0, 0, 0, 0, 0, 0, 0, 0, 0, 0, 0, 0, 0, 0, 0, 0, 0, 0, 0, 0, 0, 0, 0, 0, 0, 0, 0, 0, 0, 0, 0, 0, 0, 0, 0, 0, 0, 0, 0, 0, 0, 0, 1, 0, -1, 0, 0, 0, 0, 0, 0, 0, 0, 0, 0, 0, 0, 0, 0, 0, 0, 0, 0, 0, 0, 0, 0, 0, 0, 0, 0, 0, 0, 0, 0, 0, -16, 0, 21, 0, 3, 0, -22, 0, -2, 0, 37, 0, -15, 0, 6, 0, 15, 0, -24, 0, 20, 0, -24, 0, 1, 0, -30, 0, 31, 0, -26, 0, -8, 0, -8, 0, 42, 0, 21, 0, -35, 0, 21, 0, -35, 0, 56, 0, -13, 0, 33, 0, -62, 0, 8, 0, 36, 0, 4, 0, -13, 0, 20, 0, 5, 0, -76, 0, 68, 0, -113, 0, 27, 0, 19, 0, -90, 0, -27, 0, 82, 0, 116, 0, -34, 0, 76, 0, -49, 0, 42, 0, 11, 0, -15, 0, -58, 0, -101, 0, 19, 0, -34, 0, 83, 0, -33, 0, 1, 0, 31, 0, 61, 0, 38, 0, -16, 0, 5, 0, -88, 0, -89, 0, 17, 0, 81, 0, -29]
[0, 0, 0, 0, 0, 0, 0, 0, 0, 0, 0, 0, 0, 0, 0, 0, 0, 0, 0, 0, 0, 0, 0, 0, -1, 0, 0, 0, 0, 0, 0, 0, 0, 0, 0, 0, 0, 0, 0, 0, 0, 0, 0, 0, 0, 0, 0, 0, 0, 0, 0, 0, 0, 0, 0, 0, 0, 0, 0, 0, 0, 0, 0, 0, 0, 0, 0, 0, -1, 0, 0, 0, 0, 0, 0, 0, 0, 0, 0, 0, -8, 0, -36, 0, 54, 0, 2, 0, -51, 0, 1, 0, 81, 0, -23, 0, 12, 0, 20, 0, -54, 0, 47, 0, -60, 0, -1, 0, -52, 0, 73, 0, -59, 0, -21, 0, -1, 0, 90, 0, 18, 0, -74, 0, 36, 0, -75, 0, 141, 0, -27, 0, 70, 0, -135, 0, 13, 0, 82, 0, 11, 0, -41, 0, 18, 0, 25, 0, -147, 0, 141, 0, -240, 0, 67, 0, 30, 0, -194, 0, -38, 0, 188, 0, 236, 0, -80, 0, 144, 0, -104, 0, 85, 0, 11, 0, -48, 0, -133, 0, -155, 0, 42, 0, -45, 0, 170, 0, -106, 0, -1, 0, 49, 0, 135, 0, 48, 0, -8, 0, 13, 0, -182, 0, -144, 0, 47, 0, 136, 0, -73]
[0, 0, 0, 0, 0, 0, 0, 0, 0, 0, 0, 0, 0, 0, 0, 0, 0, 0, 0, 0, 0, 0, 0, 0, 0, 0, 0, 0, 0, 0, 0, 0, 0, 0, 0, 0, 0, 0, 0, 0, 1, 0, 0, 0, 0, 0, 0, 0, 0, 0, 0, 0, 0, 0, 0, 0, 1, 0, 0, 0, 0, 0, 0, 0, 0, 0, 0, 0, 0, 0, 0, 0, 0, 0, 0, 0, 0, 0, 0, 0, -38, 0, -232, 0, 380, 0, -24, 0, -323, 0, 122, 0, 481, 0, -256, 0, 48, 0, 106, 0, -294, 0, 318, 0, -416, 0, 54, 0, -205, 0, 446, 0, -425, 0, -176, 0, -34, 0, 556, 0, -48, 0, -416, 0, 350, 0, -292, 0, 920, 0, -296, 0, 384, 0, -780, 0, 55, 0, 314, 0, 47, 0, -84, 0, 250, 0, 20, 0, -787, 0, 820, 0, -1383, 0, 384, 0, 59, 0, -1288, 0, -212, 0, 1282, 0, 1381, 0, -510, 0, 673, 0, -568, 0, 578, 0, 144, 0, -60, 0, -640, 0, -923, 0, 44, 0, -388, 0, 1144, 0, -749, 0, -188, 0, 165, 0, 1062, 0, 428, 0, 70, 0, 272, 0, -1524, 0, -1022, 0, 302, 0, 690, 0, -444]
[0, 0, 0, 0, 0, 0, 0, 0, 0, 0, 0, 0, 0, 0, 0, 0, 0, 0, 0, 0, 0, 0, 0, 0, 1, 0, 0, 0, 0, 0, 0, 0, 0, 0, 0, 0, 0, 0, 0, 0, 0, 0, -1, 0, 0, 0, 0, 0, 0, 0, 0, 0, 0, 0, 0, 0, 0, 0, 0, 0, 0, 0, 0, 0, 0, 0, 0, 0, 0, 0, 0, 0, 0, 0, 0, 0, 0, 0, 0, 0, 33, 0, 211, 0, -327, 0, 9, 0, 286, 0, -78, 0, -443, 0, 208, 0, -54, 0, -109, 0, 281, 0, -278, 0, 362, 0, -36, 0, 234, 0, -411, 0, 365, 0, 148, 0, 41, 0, -517, 0, -13, 0, 393, 0, -293, 0, 316, 0, -820, 0, 238, 0, -364, 0, 731, 0, -62, 0, -336, 0, -49, 0, 110, 0, -211, 0, -46, 0, 770, 0, -768, 0, 1302, 0, -354, 0, -98, 0, 1167, 0, 215, 0, -1147, 0, -1307, 0, 463, 0, -687, 0, 544, 0, -519, 0, -119, 0, 102, 0, 633, 0, 907, 0, -102, 0, 357, 0, -1045, 0, 640, 0, 119, 0, -191, 0, -921, 0, -383, 0, -10, 0, -203, 0, 1313, 0, 939, 0, -274, 0, -698, 0, 408]
[0, 0, 0, 0, 0, 0, 0, 0, 0, 0, 0, 0, 0, 0, 0, 0, 0, 0, 0, 0, 0, 0, 0, 0, -1, 0, 0, 0, 0, 0, 0, 0, 0, 0, 0, 0, 0, 0, 0, 0, 0, 0, 0, 0, 0, 0, -1, 0, 0, 0, 0, 0, 0, 0, 0, 0, 0, 0, 0, 0, 0, 0, 0, 0, 0, 0, 0, 0, 0, 0, 0, 0, 0, 0, 0, 0, 0, 0, 0, 0, 15, 0, 80, 0, -152, 0, 13, 0, 130, 0, -63, 0, -170, 0, 105, 0, -11, 0, -29, 0, 97, 0, -119, 0, 160, 0, -22, 0, 33, 0, -144, 0, 170, 0, 61, 0, -7, 0, -190, 0, 42, 0, 141, 0, -129, 0, 76, 0, -331, 0, 118, 0, -129, 0, 259, 0, -3, 0, -91, 0, -15, 0, 17, 0, -83, 0, 8, 0, 244, 0, -285, 0, 457, 0, -124, 0, 0, 0, 440, 0, 58, 0, -455, 0, -443, 0, 174, 0, -201, 0, 191, 0, -206, 0, -54, 0, 25, 0, 197, 0, 261, 0, 15, 0, 108, 0, -395, 0, 297, 0, 89, 0, -49, 0, -385, 0, -146, 0, -46, 0, -107, 0, 558, 0, 334, 0, -94, 0, -200, 0, 148]
[0, 0, 0, 0, 0, 0, 0, 0, 0, 0, 0, 0, 0, 0, 0, 0, 0, 0, 0, 0, 0, 0, 0, 0, 0, 0, 0, 0, 1, 0, 1, 0, 0, 0, 0, 0, 0, 0, 0, 0, 0, 0, 0, 0, 0, 0, 0, 0, 0, 0, 0, 0, 0, 0, 0, 0, 0, 0, 0, 0, 0, 0, 0, 0, 0, 0, 0, 0, 0, 0, 0, 0, 0, 0, 0, 0, 0, 0, 0, 0, -21, 0, -198, 0, 328, 0, -18, 0, -288, 0, 106, 0, 417, 0, -229, 0, 36, 0, 100, 0, -254, 0, 275, 0, -359, 0, 55, 0, -181, 0, 357, 0, -359, 0, -143, 0, -35, 0, 483, 0, -27, 0, -362, 0, 317, 0, -244, 0, 786, 0, -253, 0, 314, 0, -656, 0, 41, 0, 273, 0, 33, 0, -77, 0, 225, 0, 3, 0, -690, 0, 722, 0, -1180, 0, 293, 0, 79, 0, -1088, 0, -186, 0, 1083, 0, 1184, 0, -425, 0, 584, 0, -499, 0, 503, 0, 137, 0, -62, 0, -527, 0, -823, 0, 38, 0, -352, 0, 975, 0, -610, 0, -152, 0, 152, 0, 908, 0, 395, 0, 32, 0, 235, 0, -1279, 0, -923, 0, 238, 0, 608, 0, -366]
[0, 0, 0, 0, 0, 0, 0, 0, 0, 0, 0, 0, 0, 0, 0, 0, 0, 0, 0, 0, 0, 0, 0, 0, 0, 0, 0, 0, 0, 0, 0, 0, 0, 0, 1, 0, 0, 0, 0, 0, 0, 0, 0, 0, 0, 0, 0, 0, 0, 0, 0, 0, 0, 0, 0, 0, -1, 0, 0, 0, 0, 0, 0, 0, 0, 0, 0, 0, 0, 0, 0, 0, 0, 0, 0, 0, 0, 0, 0, 0, -25, 0, -90, 0, 194, 0, -20, 0, -165, 0, 81, 0, 201, 0, -128, 0, 3, 0, 27, 0, -105, 0, 147, 0, -202, 0, 31, 0, -11, 0, 171, 0, -226, 0, -77, 0, 31, 0, 210, 0, -69, 0, -161, 0, 150, 0, -70, 0, 392, 0, -146, 0, 157, 0, -296, 0, -1, 0, 93, 0, 18, 0, -22, 0, 85, 0, -13, 0, -258, 0, 324, 0, -524, 0, 152, 0, -22, 0, -500, 0, -62, 0, 525, 0, 489, 0, -203, 0, 213, 0, -207, 0, 244, 0, 68, 0, -37, 0, -213, 0, -254, 0, -38, 0, -97, 0, 439, 0, -377, 0, -126, 0, 52, 0, 451, 0, 149, 0, 89, 0, 123, 0, -646, 0, -359, 0, 107, 0, 199, 0, -170]
[0, 0, 0, 0, 0, 0, 0, 0, 0, 0, 0, 0, 0, 0, 0, 0, 0, 0, 0, 0, -1, 0, 0, 0, 0, 0, 0, 0, 0, 0, 0, 0, 0, 0, 0, 0, 0, 0, 0, 0, 0, 0, 0, 0, 0, 0, 0, 0, 1, 0, 0, 0, 0, 0, 0, 0, 0, 0, 0, 0, 0, 0, 0, 0, 0, 0, 0, 0, 0, 0, 0, 0, 0, 0, 0, 0, 0, 0, 0, 0, -79, 0, -362, 0, 629, 0, -44, 0, -537, 0, 200, 0, 768, 0, -392, 0, 70, 0, 144, 0, -458, 0, 516, 0, -682, 0, 74, 0, -279, 0, 712, 0, -711, 0, -278, 0, 7, 0, 858, 0, -98, 0, -658, 0, 516, 0, -456, 0, 1465, 0, -464, 0, 631, 0, -1234, 0, 74, 0, 510, 0, 84, 0, -168, 0, 336, 0, 58, 0, -1201, 0, 1288, 0, -2178, 0, 634, 0, 62, 0, -2000, 0, -313, 0, 2018, 0, 2128, 0, -812, 0, 1057, 0, -886, 0, 903, 0, 206, 0, -165, 0, -1024, 0, -1317, 0, 64, 0, -506, 0, 1758, 0, -1261, 0, -312, 0, 275, 0, 1648, 0, 591, 0, 174, 0, 398, 0, -2352, 0, -1487, 0, 474, 0, 1030, 0, -706]
[0, 0, 0, 0, 0, 0, 0, 0, 0, 0, 0, 0, 1, 0, 0, 0, 0, 0, 0, 0, 0, 0, 0, 0, 0, 0, 0, 0, -1, 0, 0, 0, 0, 0, 0, 0, 0, 0, 0, 0, 0, 0, 0, 0, 0, 0, 0, 0, 0, 0, 0, 0, 0, 0, 0, 0, 0, 0, 0, 0, 0, 0, 0, 0, 0, 0, 0, 0, 0, 0, 0, 0, 0, 0, 0, 0, 0, 0, 0, 0, 187, 0, 986, 0, -1686, 0, 114, 0, 1441, 0, -550, 0, -2077, 0, 1096, 0, -187, 0, -416, 0, 1246, 0, -1389, 0, 1834, 0, -221, 0, 783, 0, -1901, 0, 1894, 0, 750, 0, 43, 0, -2348, 0, 260, 0, 1781, 0, -1461, 0, 1216, 0, -3965, 0, 1275, 0, -1668, 0, 3327, 0, -205, 0, -1350, 0, -212, 0, 402, 0, -982, 0, -104, 0, 3291, 0, -3506, 0, 5897, 0, -1662, 0, -199, 0, 5450, 0, 864, 0, -5478, 0, -5810, 0, 2186, 0, -2841, 0, 2413, 0, -2472, 0, -596, 0, 365, 0, 2728, 0, 3712, 0, -152, 0, 1497, 0, -4820, 0, 3336, 0, 845, 0, -722, 0, -4512, 0, -1717, 0, -401, 0, -1127, 0, 6456, 0, 4196, 0, -1269, 0, -2842, 0, 1895]
[0, 0, 1, 0, 0, 0, 0, 0, 0, 0, 0, 0, 0, 0, 0, 0, 0, 0, 0, 0, 0, 0, 0, 0, 0, 0, 0, 0, 1, 0, 0, 0, 0, 0, 0, 0, 0, 0, 0, 0, 0, 0, 0, 0, 0, 0, 0, 0, 0, 0, 0, 0, 0, 0, 0, 0, 0, 0, 0, 0, 0, 0, 0, 0, 0, 0, 0, 0, 0, 0, 0, 0, 0, 0, 0, 0, 0, 0, 0, 0, 428, 0, 2101, 0, -3585, 0, 218, 0, 3078, 0, -1086, 0, -4467, 0, 2242, 0, -441, 0, -881, 0, 2689, 0, -2952, 0, 3893, 0, -403, 0, 1730, 0, -4086, 0, 4021, 0, 1565, 0, 36, 0, -5007, 0, 434, 0, 3840, 0, -2973, 0, 2744, 0, -8446, 0, 2625, 0, -3641, 0, 7177, 0, -466, 0, -3059, 0, -479, 0, 1014, 0, -1951, 0, -356, 0, 7115, 0, -7532, 0, 12704, 0, -3613, 0, -496, 0, 11568, 0, 1855, 0, -11632, 0, -12472, 0, 4676, 0, -6275, 0, 5215, 0, -5218, 0, -1191, 0, 1029, 0, 6014, 0, 7846, 0, -496, 0, 3032, 0, -10217, 0, 7118, 0, 1672, 0, -1689, 0, -9440, 0, -3506, 0, -805, 0, -2237, 0, 13469, 0, 8735, 0, -2707, 0, -6169, 0, 4067]
[0, 0, 0, 0, 0, 0, 0, 0, 0, 0, 0, 0, 0, 0, 0, 0, 0, 0, 0, 0, 0, 0, 0, 0, 1, 0, 0, 0, 1, 0, 0, 0, 0, 0, 0, 0, 0, 0, 0, 0, 0, 0, 0, 0, 0, 0, 0, 0, 0, 0, 0, 0, 0, 0, 0, 0, 0, 0, 0, 0, 0, 0, -1, 0, 0, 0, 0, 0, 0, 0, 0, 0, 0, 0, 0, 0, 0, 0, 0, 0, 16, 0, 0, 0, -1, 0, -3, 0, 0, 0, 25, 0, -11, 0, -33, 0, -7, 0, 6, 0, 8, 0, -2, 0, 2, 0, 18, 0, 18, 0, -28, 0, 5, 0, -1, 0, -24, 0, 3, 0, -20, 0, 13, 0, 44, 0, 45, 0, -8, 0, -26, 0, -35, 0, 32, 0, -14, 0, -50, 0, -11, 0, 51, 0, 48, 0, -50, 0, 21, 0, -8, 0, 50, 0, -46, 0, -6, 0, -4, 0, 3, 0, 4, 0, -29, 0, 15, 0, -58, 0, 11, 0, 12, 0, 28, 0, 65, 0, 66, 0, -30, 0, -49, 0, -54, 0, 22, 0, 26, 0, -27, 0, -33, 0, 41, 0, 66, 0, -15, 0, 46, 0, -76, 0, -77, 0, -17, 0, -18, 0, 19]
[0, 0, 0, 0, 0, 0, 0, 0, 0, 0, 0, 0, 0, 0, 0, 0, 0, 0, 0, 0, 0, 0, 0, 0, 1, 0, 0, 0, 0, 0, 0, 0, 0, 0, 0, 0, 0, 0, 0, 0, 0, 0, 0, 0, 0, 0, 0, 0, 0, 0, 0, 0, 0, 0, 0, 0, 1, 0, 0, 0, 0, 0, 0, 0, 0, 0, 0, 0, 0, 0, 0, 0, 0, 0, 0, 0, 0, 0, 1, 0, -1, 0, -15, 0, 28, 0, -6, 0, -20, 0, 21, 0, 26, 0, -27, 0, 1, 0, 2, 0, -13, 0, 23, 0, -30, 0, 8, 0, 3, 0, 25, 0, -31, 0, -14, 0, -3, 0, 31, 0, -23, 0, -19, 0, 33, 0, 2, 0, 62, 0, -31, 0, 17, 0, -40, 0, -1, 0, -1, 0, 0, 0, 11, 0, 27, 0, -12, 0, -30, 0, 43, 0, -68, 0, 20, 0, -12, 0, -84, 0, -5, 0, 89, 0, 68, 0, -31, 0, 13, 0, -26, 0, 38, 0, 15, 0, 20, 0, -19, 0, -39, 0, -22, 0, -29, 0, 75, 0, -58, 0, -31, 0, -5, 0, 85, 0, 34, 0, 21, 0, 36, 0, -130, 0, -66, 0, 19, 0, 20, 0, -25]
[0, 0, 0, 0, 0, 0, 0, 0, 0, 0, 0, 0, 0, 0, 0, 0, 0, 0, 0, 0, 0, 0, 0, 0, 1, 0, 0, 0, 0, 0, 0, 0, 0, 0, 0, 0, 0, 0, 0, 0, 0, 0, 0, 0, 0, 0, 0, 0, 1, 0, 0, 0, 0, 0, -1, 0, 0, 0, 0, 0, 0, 0, 0, 0, 0, 0, 0, 0, 0, 0, 0, 0, 0, 0, 0, 0, 0, 0, 0, 0, -2, 0, 14, 0, 7, 0, -6, 0, -4, 0, 20, 0, -22, 0, -8, 0, -13, 0, -18, 0, 25, 0, -5, 0, 1, 0, 5, 0, 60, 0, -33, 0, -9, 0, 6, 0, 25, 0, -37, 0, -34, 0, 27, 0, -4, 0, 53, 0, -33, 0, -7, 0, -25, 0, 57, 0, -19, 0, -46, 0, -6, 0, 20, 0, -15, 0, -22, 0, 82, 0, -48, 0, 103, 0, -28, 0, -33, 0, 78, 0, 30, 0, -58, 0, -120, 0, 27, 0, -82, 0, 44, 0, -22, 0, 0, 0, 10, 0, 72, 0, 123, 0, -46, 0, 49, 0, -68, 0, -7, 0, -29, 0, -22, 0, -32, 0, -28, 0, 34, 0, 8, 0, 40, 0, 76, 0, -28, 0, -91, 0, 30]
[0, 0, 0, 0, 0, 0, 0, 0, 0, 0, 0, 0, 0, 0, 0, 0, 0, 0, 0, 0, 0, 0, 0, 0, -1, 0, -1, 0, 0, 0, 0, 0, 0, 0, 0, 0, 0, 0, 0, 0, 0, 0, 0, 0, 0, 0, 0, 0, -1, 0, 0, 0, 0, 0, 0, 0, 0, 0, 0, 0, 0, 0, 0, 0, 0, 0, 0, 0, 0, 0, 0, 0, 0, 0, 0, 0, 0, 0, 0, 0, 17, 0, 85, 0, -180, 0, 25, 0, 149, 0, -96, 0, -178, 0, 130, 0, 3, 0, -21, 0, 91, 0, -139, 0, 188, 0, -38, 0, -2, 0, -146, 0, 200, 0, 75, 0, -18, 0, -190, 0, 91, 0, 140, 0, -163, 0, 34, 0, -368, 0, 151, 0, -122, 0, 255, 0, 6, 0, -58, 0, -9, 0, 0, 0, -99, 0, 33, 0, 216, 0, -289, 0, 451, 0, -120, 0, 28, 0, 462, 0, 44, 0, -494, 0, -426, 0, 186, 0, -151, 0, 180, 0, -226, 0, -74, 0, -9, 0, 159, 0, 224, 0, 69, 0, 114, 0, -407, 0, 346, 0, 138, 0, -21, 0, -444, 0, -157, 0, -100, 0, -149, 0, 636, 0, 354, 0, -96, 0, -152, 0, 152]
[0, 0, 0, 0, 0, 0, 0, 0, 0, 0, 0, 0, 0, 0, 0, 0, 0, 0, 0, 0, 0, 0, 0, 0, 0, 0, 0, 0, 0, 0, 0, 0, 0, 0, 0, 0, 0, 0, 0, 0, 0, 0, 0, 0, 0, 0, 0, 0, -1, 0, 0, 0, 0, 0, -1, 0, -1, 0, 0, 0, 0, 0, 0, 0, 0, 0, 0, 0, 0, 0, 0, 0, 0, 0, 0, 0, 0, 0, 0, 0, 55, 0, 252, 0, -435, 0, 32, 0, 369, 0, -140, 0, -534, 0, 270, 0, -50, 0, -98, 0, 317, 0, -360, 0, 473, 0, -50, 0, 195, 0, -496, 0, 489, 0, 194, 0, -4, 0, -593, 0, 74, 0, 456, 0, -359, 0, 315, 0, -1021, 0, 322, 0, -437, 0, 858, 0, -56, 0, -356, 0, -57, 0, 120, 0, -233, 0, -44, 0, 833, 0, -892, 0, 1515, 0, -444, 0, -41, 0, 1388, 0, 212, 0, -1404, 0, -1481, 0, 565, 0, -730, 0, 613, 0, -625, 0, -142, 0, 110, 0, 714, 0, 908, 0, -42, 0, 354, 0, -1216, 0, 874, 0, 218, 0, -190, 0, -1142, 0, -406, 0, -131, 0, -278, 0, 1628, 0, 1026, 0, -331, 0, -713, 0, 491]
[0, 0, 0, 0, 0, 0, 0, 0, 0, 0, 0, 0, 0, 0, 0, 0, 0, 0, 0, 0, 0, 0, 0, 0, 0, 0, 0, 0, 1, 0, 0, 0, 0, 0, 0, 0, 0, 0, 0, 0, 0, 0, 0, 0, 0, 0, 0, 0, 0, 0, 0, 0, 0, 0, -1, 0, 0, 0, 0, 0, 0, 0, 0, 0, 0, 0, 0, 0, 0, 0, 0, 0, 1, 0, 0, 0, 0, 0, 0, 0, 11, 0, -13, 0, 3, 0, 8, 0, -9, 0, -9, 0, 25, 0, -14, 0, 7, 0, 23, 0, -23, 0, 6, 0, -6, 0, 5, 0, -46, 0, 12, 0, 0, 0, -1, 0, -30, 0, 44, 0, 38, 0, -28, 0, 29, 0, -35, 0, 31, 0, -5, 0, 12, 0, -42, 0, 8, 0, 28, 0, 0, 0, 0, 0, 36, 0, -7, 0, -83, 0, 60, 0, -86, 0, -3, 0, 41, 0, -74, 0, -33, 0, 54, 0, 110, 0, -18, 0, 72, 0, -49, 0, 37, 0, 15, 0, 2, 0, -38, 0, -143, 0, 28, 0, -66, 0, 81, 0, 18, 0, 19, 0, 24, 0, 49, 0, 66, 0, -58, 0, 9, 0, -70, 0, -127, 0, 8, 0, 95, 0, -17]
[0, 0, 0, 0, 0, 0, 0, 0, 0, 0, 0, 0, 0, 0, 0, 0, 0, 0, 0, 0, 0, 0, 0, 0, 0, 0, 0, 0, 0, 0, 0, 0, 0, 0, 0, 0, 0, 0, 0, 0, 0, 0, 0, 0, 0, 0, 0, 0, 0, 0, 0, 0, -1, 0, 0, 0, -1, 0, 0, 0, 0, 0, 0, 0, 0, 0, 0, 0, 0, 0, 1, 0, 0, 0, 0, 0, 0, 0, 0, 0, 30, 0, 141, 0, -244, 0, 20, 0, 203, 0, -83, 0, -293, 0, 155, 0, -26, 0, -55, 0, 175, 0, -201, 0, 264, 0, -32, 0, 105, 0, -281, 0, 276, 0, 114, 0, 2, 0, -332, 0, 50, 0, 252, 0, -209, 0, 169, 0, -572, 0, 186, 0, -242, 0, 477, 0, -28, 0, -185, 0, -31, 0, 55, 0, -138, 0, -18, 0, 456, 0, -492, 0, 836, 0, -249, 0, -18, 0, 786, 0, 118, 0, -790, 0, -821, 0, 317, 0, -392, 0, 337, 0, -352, 0, -83, 0, 41, 0, 389, 0, 511, 0, -14, 0, 207, 0, -687, 0, 494, 0, 131, 0, -91, 0, -656, 0, -236, 0, -78, 0, -168, 0, 938, 0, 581, 0, -191, 0, -388, 0, 277]
[0, 0, 0, 0, 0, 0, 0, 0, 0, 0, 0, 0, 0, 0, 0, 0, 0, 0, 0, 0, 0, 0, 0, 0, 0, 0, 0, 0, 0, 0, 0, 0, 0, 0, 0, 0, 0, 0, 0, 0, 0, 0, 0, 0, 0, 0, 0, 0, 0, 0, 0, 0, 0, 0, 0, 0, -1, 0, -1, 0, 0, 0, 0, 0, 0, 0, 0, 0, 0, 0, 1, 0, 0, 0, 0, 0, 0, 0, 0, 0, 18, 0, 107, 0, -170, 0, 9, 0, 146, 0, -44, 0, -224, 0, 103, 0, -26, 0, -49, 0, 140, 0, -148, 0, 188, 0, -18, 0, 112, 0, -211, 0, 186, 0, 80, 0, 13, 0, -256, 0, 6, 0, 199, 0, -147, 0, 155, 0, -424, 0, 121, 0, -185, 0, 369, 0, -31, 0, -168, 0, -23, 0, 63, 0, -99, 0, -31, 0, 378, 0, -385, 0, 654, 0, -187, 0, -43, 0, 590, 0, 101, 0, -581, 0, -652, 0, 236, 0, -338, 0, 271, 0, -261, 0, -57, 0, 52, 0, 320, 0, 432, 0, -45, 0, 167, 0, -513, 0, 338, 0, 68, 0, -91, 0, -470, 0, -178, 0, -30, 0, -108, 0, 657, 0, 454, 0, -143, 0, -336, 0, 210]
[0, 0, 0, 0, 0, 0, 0, 0, 0, 0, 0, 0, 0, 0, 0, 0, 0, 0, 0, 0, 0, 0, 0, 0, 0, 0, 0, 0, 0, 0, 0, 0, 0, 0, 0, 0, 0, 0, 0, 0, 0, 0, 0, 0, 0, 0, 0, 0, 0, 0, 0, 0, 0, 0, 0, 0, 1, 0, 0, 0, 0, 0, 0, 0, 0, 0, -1, 0, 0, 0, -1, 0, 0, 0, 0, 0, 0, 0, 0, 0, -3, 0, -36, 0, 58, 0, -3, 0, -52, 0, 19, 0, 74, 0, -38, 0, 7, 0, 18, 0, -47, 0, 50, 0, -64, 0, 9, 0, -36, 0, 63, 0, -60, 0, -26, 0, -7, 0, 87, 0, -3, 0, -66, 0, 55, 0, -46, 0, 144, 0, -43, 0, 55, 0, -119, 0, 6, 0, 53, 0, 5, 0, -20, 0, 39, 0, 3, 0, -125, 0, 132, 0, -211, 0, 49, 0, 20, 0, -196, 0, -32, 0, 194, 0, 213, 0, -75, 0, 108, 0, -93, 0, 89, 0, 23, 0, -17, 0, -96, 0, -147, 0, 9, 0, -61, 0, 172, 0, -109, 0, -23, 0, 27, 0, 163, 0, 68, 0, 4, 0, 42, 0, -222, 0, -164, 0, 44, 0, 108, 0, -68]
[0, 0, 0, 0, 0, 0, 0, 0, 0, 0, 0, 0, 0, 0, 0, 0, 0, 0, 0, 0, 0, 0, 0, 0, -1, 0, 0, 0, 0, 0, 0, 0, 0, 0, 0, 0, 0, 0, 0, 0, 0, 0, 0, 0, 0, 0, 0, 0, 0, 0, 0, 0, 0, 0, -1, 0, 0, 0, 0, 0, 0, 0, 0, 0, 0, 0, 0, 0, 0, 0, 0, 0, 0, 0, 1, 0, 0, 0, 0, 0, 4, 0, 21, 0, -53, 0, 15, 0, 37, 0, -45, 0, -37, 0, 48, 0, 6, 0, 3, 0, 13, 0, -40, 0, 55, 0, -19, 0, -28, 0, -35, 0, 61, 0, 27, 0, -8, 0, -40, 0, 61, 0, 24, 0, -57, 0, -25, 0, -99, 0, 58, 0, -20, 0, 49, 0, 8, 0, 21, 0, 1, 0, -24, 0, -38, 0, 26, 0, 17, 0, -53, 0, 81, 0, -29, 0, 37, 0, 120, 0, -2, 0, -136, 0, -73, 0, 47, 0, 15, 0, 24, 0, -59, 0, -27, 0, -41, 0, 6, 0, 19, 0, 57, 0, 32, 0, -101, 0, 110, 0, 69, 0, 25, 0, -142, 0, -44, 0, -61, 0, -67, 0, 211, 0, 83, 0, -27, 0, 7, 0, 35]
[0, 0, 0, 0, 0, 0, 0, 0, 0, 0, 0, 0, 0, 0, 0, 0, 0, 0, 0, 0, 0, 0, 0, 0, 1, 0, 0, 0, 0, 0, 0, 0, 0, 0, 0, 0, 0, 0, 0, 0, 0, 0, 0, 0, 0, 0, 0, 0, 0, 0, 0, 0, 0, 0, 1, 0, 0, 0, 0, 0, 0, 0, 0, 0, 1, 0, 0, 0, 0, 0, 0, 0, 0, 0, 0, 0, 0, 0, 0, 0, -15, 0, -47, 0, 101, 0, -18, 0, -78, 0, 57, 0, 96, 0, -70, 0, 1, 0, 3, 0, -47, 0, 79, 0, -107, 0, 18, 0, 12, 0, 93, 0, -117, 0, -47, 0, 20, 0, 98, 0, -69, 0, -73, 0, 81, 0, -13, 0, 209, 0, -88, 0, 75, 0, -145, 0, 0, 0, 26, 0, 9, 0, 2, 0, 47, 0, -11, 0, -102, 0, 146, 0, -248, 0, 87, 0, -39, 0, -260, 0, -16, 0, 284, 0, 227, 0, -110, 0, 69, 0, -88, 0, 120, 0, 35, 0, 11, 0, -94, 0, -88, 0, -48, 0, -46, 0, 221, 0, -216, 0, -90, 0, 3, 0, 249, 0, 66, 0, 85, 0, 85, 0, -366, 0, -158, 0, 63, 0, 64, 0, -90]
[0, 0, 0, 0, 0, 0, 0, 0, 0, 0, 0, 0, 0, 0, 0, 0, 0, 0, 0, 0, 0, 0, 0, 0, -1, 0, 0, 0, 0, 0, 0, 0, 0, 0, 0, 0, 0, 0, 0, 0, 0, 0, 0, 0, 0, 0, 0, 0, 0, 0, 0, 0, 0, 0, -1, 0, 0, 0, 0, 0, -1, 0, 0, 0, 0, 0, 0, 0, 0, 0, 0, 0, 0, 0, 0, 0, 0, 0, 0, 0, 14, 0, 66, 0, -121, 0, 14, 0, 99, 0, -53, 0, -136, 0, 83, 0, -10, 0, -20, 0, 77, 0, -99, 0, 130, 0, -19, 0, 28, 0, -125, 0, 136, 0, 55, 0, -5, 0, -149, 0, 46, 0, 112, 0, -104, 0, 56, 0, -273, 0, 99, 0, -107, 0, 213, 0, -9, 0, -70, 0, -12, 0, 15, 0, -69, 0, 3, 0, 191, 0, -223, 0, 373, 0, -111, 0, 8, 0, 362, 0, 45, 0, -376, 0, -361, 0, 147, 0, -155, 0, 147, 0, -163, 0, -45, 0, 8, 0, 161, 0, 204, 0, 20, 0, 92, 0, -316, 0, 246, 0, 81, 0, -32, 0, -317, 0, -111, 0, -59, 0, -94, 0, 458, 0, 260, 0, -84, 0, -153, 0, 124]
[0, 0, 0, 0, 0, 0, 0, 0, 0, 0, 0, 0, 0, 0, 0, 0, 0, 0, 0, 0, 0, 0, 0, 0, 0, 0, 0, 0, -1, 0, 0, 0, 0, 0, 0, 0, 0, 0, 1, 0, 0, 0, 0, 0, 0, 0, 0, 0, 0, 0, 0, 0, 0, 0, 0, 0, 0, 0, 0, 0, 0, 0, -1, 0, 0, 0, 0, 0, 0, 0, 0, 0, 0, 0, 0, 0, 0, 0, 0, 0, -19, 0, -57, 0, 118, 0, -16, 0, -93, 0, 57, 0, 117, 0, -82, 0, 3, 0, 13, 0, -64, 0, 90, 0, -123, 0, 22, 0, -6, 0, 121, 0, -139, 0, -57, 0, 9, 0, 133, 0, -59, 0, -95, 0, 99, 0, -38, 0, 248, 0, -100, 0, 97, 0, -188, 0, 0, 0, 40, 0, 12, 0, 6, 0, 64, 0, -11, 0, -149, 0, 188, 0, -320, 0, 109, 0, -30, 0, -338, 0, -39, 0, 348, 0, 306, 0, -136, 0, 112, 0, -121, 0, 153, 0, 43, 0, 12, 0, -130, 0, -164, 0, -34, 0, -77, 0, 297, 0, -249, 0, -93, 0, 7, 0, 311, 0, 98, 0, 69, 0, 97, 0, -460, 0, -229, 0, 84, 0, 110, 0, -115]
[0, 0, 0, 0, 0, 0, 0, 0, 0, 0, 0, 0, 0, 0, 0, 0, 0, 0, 0, 0, 0, 0, -1, 0, 0, 0, 0, 0, 1, 0, 0, 0, 0, 0, 0, 0, 0, 0, 0, 0, 0, 0, 0, 0, 0, 0, 0, 0, 0, 0, 0, 0, 0, 0, -1, 0, 0, 0, 0, 0, 0, 0, 0, 0, 0, 0, 0, 0, 0, 0, 0, 0, 0, 0, 0, 0, 0, 0, 0, 0, -14, 0, -148, 0, 222, 0, -3, 0, -198, 0, 48, 0, 314, 0, -158, 0, 40, 0, 87, 0, -199, 0, 192, 0, -247, 0, 29, 0, -177, 0, 280, 0, -250, 0, -100, 0, -48, 0, 370, 0, 31, 0, -281, 0, 221, 0, -226, 0, 563, 0, -169, 0, 252, 0, -512, 0, 47, 0, 233, 0, 31, 0, -62, 0, 171, 0, 19, 0, -565, 0, 550, 0, -923, 0, 237, 0, 82, 0, -826, 0, -166, 0, 799, 0, 940, 0, -321, 0, 499, 0, -392, 0, 373, 0, 94, 0, -56, 0, -442, 0, -698, 0, 75, 0, -285, 0, 749, 0, -413, 0, -78, 0, 145, 0, 646, 0, 309, 0, -27, 0, 145, 0, -934, 0, -716, 0, 182, 0, 529, 0, -278]
[0, 0, 0, 0, 0, 0, 0, 0, 0, 0, 0, 0, 0, 0, 0, 0, 0, 0, -1, 0, 0, 0, 0, 0, 0, 0, 0, 0, 0, 0, 0, 0, 0, 0, 0, 0, 0, 0, 0, 0, 0, 0, 0, 0, 0, 0, 0, 0, 0, 0, 0, 0, 0, 0, 0, 0, -1, 0, 0, 0, 0, 0, 0, 0, 0, 0, 0, 0, 0, 0, 1, 0, 0, 0, 0, 0, 0, 0, 0, 0, -69, 0, -325, 0, 563, 0, -41, 0, -477, 0, 177, 0, 690, 0, -360, 0, 61, 0, 132, 0, -408, 0, 461, 0, -610, 0, 70, 0, -248, 0, 636, 0, -640, 0, -250, 0, 1, 0, 768, 0, -91, 0, -589, 0, 472, 0, -404, 0, 1310, 0, -419, 0, 563, 0, -1103, 0, 73, 0, 449, 0, 73, 0, -142, 0, 307, 0, 45, 0, -1079, 0, 1150, 0, -1954, 0, 568, 0, 52, 0, -1790, 0, -282, 0, 1804, 0, 1912, 0, -727, 0, 940, 0, -790, 0, 812, 0, 192, 0, -133, 0, -912, 0, -1194, 0, 51, 0, -471, 0, 1576, 0, -1119, 0, -286, 0, 247, 0, 1477, 0, 544, 0, 152, 0, 361, 0, -2115, 0, -1348, 0, 418, 0, 930, 0, -628]
[0, 0, 0, 0, 0, 0, 0, 0, 0, 0, 0, 0, 0, 0, 0, 0, 1, 0, 0, 0, 0, 0, 0, 0, 0, 0, 0, 0, 0, 0, 0, 0, 0, 0, 0, 0, 0, 0, 0, 0, 0, 0, 0, 0, 0, 0, 0, 0, 0, 0, 1, 0, 0, 0, 0, 0, -1, 0, 0, 0, 0, 0, 0, 0, 0, 0, 0, 0, 0, 0, 0, 0, 0, 0, 0, 0, 0, 0, 0, 0, 89, 0, 499, 0, -821, 0, 45, 0, 707, 0, -242, 0, -1048, 0, 533, 0, -108, 0, -231, 0, 641, 0, -687, 0, 902, 0, -103, 0, 457, 0, -968, 0, 926, 0, 371, 0, 52, 0, -1199, 0, 67, 0, 911, 0, -720, 0, 665, 0, -1977, 0, 616, 0, -856, 0, 1702, 0, -122, 0, -721, 0, -111, 0, 221, 0, -506, 0, -72, 0, 1724, 0, -1788, 0, 3024, 0, -844, 0, -147, 0, 2764, 0, 471, 0, -2749, 0, -3000, 0, 1102, 0, -1514, 0, 1243, 0, -1242, 0, -296, 0, 203, 0, 1424, 0, 1988, 0, -135, 0, 794, 0, -2450, 0, 1621, 0, 376, 0, -399, 0, -2247, 0, -885, 0, -138, 0, -535, 0, 3212, 0, 2162, 0, -647, 0, -1521, 0, 961]
[0, 0, 0, 0, 0, 0, 0, 0, -1, 0, 0, 0, 0, 0, 0, 0, 0, 0, 0, 0, 0, 0, 0, 0, 1, 0, 0, 0, 0, 0, 0, 0, 0, 0, 0, 0, 0, 0, 0, 0, 0, 0, 0, 0, 0, 0, 0, 0, 1, 0, 0, 0, 0, 0, 0, 0, 0, 0, 0, 0, 0, 0, 0, 0, 0, 0, 0, 0, 0, 0, 0, 0, 0, 0, 0, 0, 0, 0, 0, 0, -313, 0, -1415, 0, 2525, 0, -198, 0, -2137, 0, 871, 0, 3001, 0, -1611, 0, 240, 0, 536, 0, -1758, 0, 2046, 0, -2721, 0, 325, 0, -948, 0, 2754, 0, -2855, 0, -1106, 0, 58, 0, 3335, 0, -530, 0, -2544, 0, 2095, 0, -1647, 0, 5779, 0, -1898, 0, 2426, 0, -4767, 0, 253, 0, 1871, 0, 311, 0, -567, 0, 1346, 0, 138, 0, -4571, 0, 5003, 0, -8418, 0, 2442, 0, 144, 0, -7820, 0, -1163, 0, 7939, 0, 8201, 0, -3172, 0, 3936, 0, -3408, 0, 3564, 0, 850, 0, -549, 0, -3861, 0, -4975, 0, 90, 0, -1978, 0, 6881, 0, -5038, 0, -1350, 0, 985, 0, 6555, 0, 2348, 0, 788, 0, 1659, 0, -9390, 0, -5810, 0, 1829, 0, 3853, 0, -2737]
[0, 0, 0, 0, 0, 0, -1, 0, 0, 0, 0, 0, 0, 0, 0, 0, 0, 0, 0, 0, 0, 0, 0, 0, 0, 0, 0, 0, -1, 0, 0, 0, 0, 0, 0, 0, 0, 0, 0, 0, 0, 0, 0, 0, 0, 0, 0, 0, 1, 0, 0, 0, 0, 0, 0, 0, 0, 0, 0, 0, 0, 0, 0, 0, 0, 0, 0, 0, 0, 0, 0, 0, 0, 0, 0, 0, 0, 0, 0, 0, -384, 0, -1634, 0, 2935, 0, -226, 0, -2491, 0, 986, 0, 3486, 0, -1818, 0, 290, 0, 594, 0, -2038, 0, 2369, 0, -3154, 0, 340, 0, -1083, 0, 3190, 0, -3309, 0, -1265, 0, 136, 0, 3836, 0, -604, 0, -2949, 0, 2348, 0, -1946, 0, 6691, 0, -2156, 0, 2837, 0, -5531, 0, 289, 0, 2231, 0, 373, 0, -738, 0, 1458, 0, 227, 0, -5271, 0, 5789, 0, -9754, 0, 2857, 0, 167, 0, -8987, 0, -1316, 0, 9149, 0, 9454, 0, -3671, 0, 4602, 0, -3954, 0, 4091, 0, 934, 0, -772, 0, -4533, 0, -5598, 0, 154, 0, -2145, 0, 7885, 0, -5885, 0, -1523, 0, 1189, 0, 7486, 0, 2588, 0, 943, 0, 1844, 0, -10697, 0, -6536, 0, 2112, 0, 4432, 0, -3177]
[0, 0, 0, 0, -1, 0, 0, 0, 0, 0, 0, 0, 0, 0, 0, 0, 0, 0, 0, 0, 0, 0, 0, 0, -1, 0, 0, 0, 0, 0, 0, 0, 0, 0, 0, 0, 0, 0, 0, 0, 0, 0, 0, 0, 0, 0, 0, 0, 0, 0, 0, 0, 0, 0, -1, 0, 0, 0, 0, 0, 0, 0, 0, 0, 0, 0, 0, 0, 0, 0, 0, 0, 0, 0, 0, 0, 0, 0, 0, 0, -399, 0, -1854, 0, 3233, 0, -212, 0, -2769, 0, 1006, 0, 3959, 0, -2004, 0, 359, 0, 750, 0, -2359, 0, 2644, 0, -3498, 0, 372, 0, -1439, 0, 3620, 0, -3634, 0, -1402, 0, 36, 0, 4409, 0, -475, 0, -3392, 0, 2645, 0, -2367, 0, 7522, 0, -2354, 0, 3229, 0, -6328, 0, 385, 0, 2662, 0, 420, 0, -898, 0, 1692, 0, 304, 0, -6210, 0, 6646, 0, -11203, 0, 3216, 0, 375, 0, -10220, 0, -1598, 0, 10310, 0, 10948, 0, -4147, 0, 5465, 0, -4579, 0, 4635, 0, 1054, 0, -917, 0, -5268, 0, -6765, 0, 370, 0, -2595, 0, 8998, 0, -6425, 0, -1554, 0, 1459, 0, 8396, 0, 3037, 0, 829, 0, 2009, 0, -11960, 0, -7642, 0, 2395, 0, 5325, 0, -3603]
[0, 0, 0, 0, 0, 0, 0, 0, 0, 0, 0, 0, 0, 0, 0, 0, 0, 0, 0, 0, 0, 0, 0, 0, -1, 0, 0, 0, 0, 0, 0, 0, 0, 0, 0, 0, 0, 0, 0, 0, 0, 0, 0, 0, 0, 0, 0, 0, 0, 0, 0, 0, -1, 0, 0, 0, 1, 0, 0, 0, 0, 0, 0, 0, 0, 0, 0, 0, 0, 0, -1, 0, 0, 0, 0, 0, 0, 0, 0, 0, 1, 0, -17, 0, 5, 0, 10, 0, -13, 0, -25, 0, 40, 0, 9, 0, 13, 0, 21, 0, -35, 0, 14, 0, -12, 0, -9, 0, -69, 0, 34, 0, 2, 0, -2, 0, -19, 0, 50, 0, 54, 0, -45, 0, 2, 0, -73, 0, 53, 0, 13, 0, 37, 0, -76, 0, 19, 0, 75, 0, 5, 0, -45, 0, 5, 0, 32, 0, -115, 0, 82, 0, -143, 0, 29, 0, 54, 0, -88, 0, -36, 0, 68, 0, 155, 0, -33, 0, 124, 0, -70, 0, 34, 0, -3, 0, -48, 0, -97, 0, -140, 0, 66, 0, -39, 0, 77, 0, -1, 0, 42, 0, 51, 0, 30, 0, 25, 0, -47, 0, -21, 0, -22, 0, -92, 0, 22, 0, 121, 0, -36]
[0, 0, 0, 0, 0, 0, 0, 0, 0, 0, 0, 0, 0, 0, 0, 0, 0, 0, 0, 0, 0, 0, 0, 0, 1, 0, 0, 0, 1, 0, 0, 0, 0, 0, 0, 0, 0, 0, 0, 0, 0, 0, 0, 0, -1, 0, 0, 0, -1, 0, 0, 0, 0, 0, 0, 0, 0, 0, 0, 0, 0, 0, 0, 0, 0, 0, 0, 0, 0, 0, 0, 0, 0, 0, 0, 0, 0, 0, 0, 0, 59, 0, 229, 0, -398, 0, 22, 0, 344, 0, -104, 0, -498, 0, 222, 0, -52, 0, -90, 0, 301, 0, -328, 0, 431, 0, -31, 0, 196, 0, -462, 0, 446, 0, 169, 0, -22, 0, -545, 0, 35, 0, 431, 0, -291, 0, 330, 0, -933, 0, 268, 0, -423, 0, 805, 0, -55, 0, -373, 0, -61, 0, 154, 0, -172, 0, -75, 0, 787, 0, -834, 0, 1420, 0, -423, 0, -61, 0, 1256, 0, 199, 0, -1267, 0, -1374, 0, 520, 0, -726, 0, 581, 0, -563, 0, -109, 0, 172, 0, 702, 0, 817, 0, -88, 0, 279, 0, -1095, 0, 805, 0, 164, 0, -210, 0, -1000, 0, -329, 0, -103, 0, -209, 0, 1408, 0, 888, 0, -303, 0, -679, 0, 457]
[0, 0, 0, 0, 0, 0, 0, 0, 0, 0, 0, 0, 0, 0, 0, 0, 0, 0, 0, 0, 0, 0, 0, 0, 1, 0, 0, 0, 0, 0, 0, 0, -1, 0, 0, 0, 0, 0, 0, 0, 0, 0, 0, 0, 0, 0, 0, 0, 0, 0, 0, 0, 0, 0, 0, 0, -1, 0, 0, 0, 0, 0, 1, 0, 0, 0, 0, 0, 0, 0, 0, 0, 0, 0, 0, 0, 0, 0, 0, 0, 37, 0, 227, 0, -370, 0, 15, 0, 325, 0, -100, 0, -480, 0, 234, 0, -52, 0, -110, 0, 298, 0, -309, 0, 404, 0, -42, 0, 221, 0, -431, 0, 410, 0, 161, 0, 26, 0, -552, 0, 9, 0, 420, 0, -321, 0, 320, 0, -897, 0, 267, 0, -386, 0, 776, 0, -53, 0, -349, 0, -50, 0, 116, 0, -222, 0, -40, 0, 802, 0, -827, 0, 1380, 0, -370, 0, -91, 0, 1250, 0, 214, 0, -1239, 0, -1374, 0, 495, 0, -712, 0, 582, 0, -563, 0, -130, 0, 119, 0, 661, 0, 919, 0, -85, 0, 356, 0, -1113, 0, 719, 0, 146, 0, -196, 0, -1002, 0, -404, 0, -34, 0, -228, 0, 1422, 0, 990, 0, -287, 0, -714, 0, 435]
[0, 0, 0, 0, 0, 0, 0, 0, 0, 0, 0, 0, 0, 0, 0, 0, 0, 0, 0, 0, 0, 0, 0, 0, 0, 0, 0, 0, 1, 0, 0, 0, 0, 0, 0, 0, -1, 0, 0, 0, 0, 0, 0, 0, 0, 0, 0, 0, -1, 0, 0, 0, 0, 0, 0, 0, 0, 0, 0, 0, 0, 0, 1, 0, 0, 0, 0, 0, 0, 0, 0, 0, 0, 0, 0, 0, 0, 0, 0, 0, 54, 0, 162, 0, -336, 0, 37, 0, 279, 0, -137, 0, -354, 0, 202, 0, -13, 0, -35, 0, 191, 0, -258, 0, 351, 0, -40, 0, 33, 0, -322, 0, 382, 0, 138, 0, -58, 0, -369, 0, 127, 0, 287, 0, -244, 0, 146, 0, -703, 0, 247, 0, -287, 0, 541, 0, -7, 0, -187, 0, -37, 0, 62, 0, -126, 0, -9, 0, 459, 0, -565, 0, 942, 0, -297, 0, 41, 0, 894, 0, 97, 0, -943, 0, -877, 0, 376, 0, -387, 0, 371, 0, -418, 0, -95, 0, 75, 0, 417, 0, 417, 0, 45, 0, 153, 0, -774, 0, 683, 0, 212, 0, -90, 0, -785, 0, -222, 0, -178, 0, -210, 0, 1128, 0, 581, 0, -209, 0, -344, 0, 320]
[0, 0, 0, 0, 0, 0, 0, 0, 0, 0, 0, 0, 0, 0, 1, 0, 0, 0, 0, 0, 0, 0, 0, 0, 0, 0, 0, 0, 0, 0, 0, 0, 0, 0, 0, 0, 0, 0, 0, 0, 0, 0, 0, 0, 0, 0, 0, 0, -1, 0, 0, 0, 0, 0, 0, 0, 1, 0, 0, 0, 0, 0, 0, 0, 0, 0, 0, 0, 0, 0, -1, 0, 0, 0, 0, 0, 0, 0, 0, 0, 163, 0, 768, 0, -1348, 0, 100, 0, 1149, 0, -442, 0, -1629, 0, 853, 0, -141, 0, -301, 0, 961, 0, -1099, 0, 1455, 0, -166, 0, 557, 0, -1483, 0, 1517, 0, 587, 0, -21, 0, -1810, 0, 240, 0, 1388, 0, -1118, 0, 930, 0, -3110, 0, 999, 0, -1316, 0, 2590, 0, -148, 0, -1053, 0, -170, 0, 337, 0, -720, 0, -97, 0, 2518, 0, -2724, 0, 4584, 0, -1317, 0, -119, 0, 4220, 0, 646, 0, -4269, 0, -4476, 0, 1711, 0, -2192, 0, 1869, 0, -1921, 0, -452, 0, 333, 0, 2129, 0, 2753, 0, -98, 0, 1079, 0, -3713, 0, 2675, 0, 685, 0, -568, 0, -3503, 0, -1270, 0, -380, 0, -865, 0, 5001, 0, 3161, 0, -984, 0, -2148, 0, 1479]
[0, 0, 0, 0, 0, 0, 0, 0, 0, 0, -1, 0, 0, 0, 0, 0, 0, 0, 0, 0, 0, 0, 0, 0, 0, 0, 0, 0, 0, 0, 0, 0, 0, 0, 0, 0, 0, 0, 0, 0, 0, 0, 0, 0, 0, 0, 0, 0, 0, 0, 0, 0, 0, 0, 1, 0, 1, 0, 0, 0, 0, 0, 0, 0, 0, 0, 0, 0, -1, 0, 0, 0, 0, 0, 0, 0, 0, 0, 0, 0, -258, 0, -1249, 0, 2170, 0, -163, 0, -1842, 0, 728, 0, 2629, 0, -1388, 0, 230, 0, 491, 0, -1558, 0, 1777, 0, -2351, 0, 272, 0, -913, 0, 2414, 0, -2442, 0, -961, 0, 4, 0, 2938, 0, -403, 0, -2239, 0, 1832, 0, -1495, 0, 5046, 0, -1632, 0, 2121, 0, -4202, 0, 244, 0, 1687, 0, 270, 0, -520, 0, 1197, 0, 142, 0, -4079, 0, 4405, 0, -7423, 0, 2133, 0, 186, 0, -6872, 0, -1045, 0, 6949, 0, 7264, 0, -2777, 0, 3522, 0, -3020, 0, 3113, 0, 743, 0, -481, 0, -3436, 0, -4496, 0, 137, 0, -1798, 0, 6051, 0, -4326, 0, -1122, 0, 890, 0, 5710, 0, 2089, 0, 618, 0, 1430, 0, -8174, 0, -5160, 0, 1608, 0, 3478, 0, -2404]
[0, 0, 0, 0, 0, 0, 0, 0, 0, 0, 0, 0, 0, 0, 0, 0, 0, 0, 0, 0, 0, 0, 0, 0, 0, 0, 0, 0, 1, 0, 0, 0, 0, 0, 0, 0, 0, 0, 0, 0, 0, 0, 0, 0, 0, 0, 0, 0, 0, 0, 0, 0, 0, 0, 0, 0, 0, 0, 0, 0, 0, 0, -1, 0, 0, 0, 0, 0, 1, 0, 0, 0, 0, 0, -1, 0, 0, 0, 1, 0, 0, 0, -60, 0, 93, 0, -8, 0, -80, 0, 42, 0, 116, 0, -80, 0, 10, 0, 32, 0, -71, 0, 78, 0, -103, 0, 24, 0, -54, 0, 101, 0, -101, 0, -46, 0, -25, 0, 147, 0, -20, 0, -98, 0, 113, 0, -57, 0, 229, 0, -87, 0, 80, 0, -183, 0, 9, 0, 53, 0, 8, 0, 6, 0, 94, 0, -20, 0, -196, 0, 204, 0, -333, 0, 73, 0, 17, 0, -340, 0, -59, 0, 330, 0, 351, 0, -121, 0, 150, 0, -142, 0, 158, 0, 50, 0, 20, 0, -131, 0, -272, 0, -8, 0, -136, 0, 310, 0, -172, 0, -57, 0, 21, 0, 299, 0, 147, 0, 3, 0, 94, 0, -435, 0, -315, 0, 75, 0, 175, 0, -106]
[0, 0, 0, 0, 0, 0, 0, 0, 0, 0, 0, 0, 0, 0, 0, 0, 0, 0, 0, 1, 0, 0, 0, 0, 0, 0, 0, 1, 0, -1, 0, 0, 0, 0, 0, -1, 0, 0, 0, 1, 0, 1, 0, 0, 0, 1, 0, 0, 0, 0, 0, 0, 0, 0, 0, 0, 0, 0, 0, 0, 0, 1, 0, 0, 0, 1, 0, 0, 0, 0, 0, 0, 0, 0, 0, -1, 0, 1, 0, 0, 0, 0, 0, 1, 0, 2, 0, 0, 0, 0, 0, 0, 0, 1, 0, 0, 0, -1, 0, 2, 0, 0, 0, 1, 0, 3, 0, 2, 0, -1, 0, 1, 0, 0, 0, -1, 0, 0, 0, -1, 0, 0, 0, 1, 0, 1, 0, -1, 0, 2, 0, -1, 0, 1, 0, 1, 0, -1, 0, 0, 0, -1, 0, 2, 0, 1, 0, 3, 0, 1, 0, 2, 0, 1, 0, -1, 0, 0, 0, 1, 0, 0, 0, 1, 0, 1, 0, 0, 0, 0, 0, 1, 0, 1, 0, 0, 0, -1, 0, 3, 0, 1, 0, 0, 0, 1, 0, 3, 0, 0, 0, 2, 0, 0, 0, -1, 0, 2, 0, 0, 0, 2, 0, -1, 0, -1, 0, 0, 0, 2, 0]
[0, 0, 0, 0, 0, 0, 0, 0, 0, 0, 0, 0, 0, 0, 0, 0, 0, 0, 0, 0, 0, 0, 0, 0, 0, -1, 0, 0, 0, 0, 0, -1, 0, 0, 0, 0, 0, 0, 0, 1, 0, 0, 0, 1, 0, 0, 0, -1, 0, 0, 0, 0, 0, -1, 0, 0, 0, 1, 0, -1, 0, 1, 0, 0, 0, 0, 0, -1, 0, -1, 0, -1, 0, -1, 0, 0, 0, 0, 0, 0, 0, 0, 0, 1, 0, 0, 0, -1, 0, 0, 0, -1, 0, -1, 0, 0, 0, 1, 0, -1, 0, 0, 0, 0, 0, 0, 0, -1, 0, -1, 0, 1, 0, -3, 0, 1, 0, 1, 0, 0, 0, 0, 0, 1, 0, 0, 0, -2, 0, 0, 0, 1, 0, -1, 0, 0, 0, 1, 0, -3, 0, 0, 0, -1, 0, -2, 0, 0, 0, -1, 0, -2, 0, -1, 0, 0, 0, -1, 0, 2, 0, -1, 0, 1, 0, 1, 0, -1, 0, 2, 0, 0, 0, -1, 0, -1, 0, 1, 0, -2, 0, 0, 0, 0, 0, -2, 0, 0, 0, 0, 0, -1, 0, -1, 0, -1, 0, -2, 0, 2, 0, 0, 0, 1, 0, -3, 0, -1, 0, 0, 0]
[0, 0, 0, 0, 0, 0, 0, 0, 0, 0, 0, 0, 0, 0, 0, 0, 0, 0, 0, 0, 0, 0, 0, 0, 0, 1, 0, 0, 0, 0, 0, 0, 0, 1, 0, -1, 0, 0, 0, 0, 0, -1, 0, 0, 0, 1, 0, 0, 0, 0, 0, 1, 0, -1, 0, 0, 0, -1, 0, 1, 0, 0, 0, 1, 0, 0, 0, 0, 0, 1, 0, 0, 0, 0, 0, 1, 0, 0, 0, -1, 0, 1, 0, 1, 0, -2, 0, 1, 0, -2, 0, 0, 0, 0, 0, 1, 0, 3, 0, 2, 0, 2, 0, -2, 0, 0, 0, -2, 0, 1, 0, 0, 0, 0, 0, 0, 0, 0, 0, 1, 0, -1, 0, 0, 0, -1, 0, 2, 0, -1, 0, 0, 0, 1, 0, 0, 0, 2, 0, -4, 0, 2, 0, -1, 0, 0, 0, 4, 0, 5, 0, 2, 0, 0, 0, 1, 0, -4, 0, 0, 0, -2, 0, 1, 0, 0, 0, -1, 0, 1, 0, -2, 0, 2, 0, 0, 0, 4, 0, -2, 0, -1, 0, 2, 0, -1, 0, 1, 0, -2, 0, -1, 0, -4, 0, 4, 0, -1, 0, 7, 0, 7, 0, 1, 0, 1, 0, -6, 0, 0, 0]
[0, 0, 0, 0, 0, 0, 0, 0, 0, 0, 0, 0, 0, 0, 0, 0, 0, 0, 0, 0, 0, 0, 0, 0, 0, 1, 0, 0, 0, 0, 0, 1, 0, 0, 0, 0, 0, -1, 0, 0, 0, 0, 0, -2, 0, 1, 0, 0, 0, 1, 0, 1, 0, 0, 0, 0, 0, 0, 0, 0, 0, 0, 0, 0, 0, -1, 0, 1, 0, 1, 0, 0, 0, 0, 0, 1, 0, 0, 0, 0, 0, -1, 0, 1, 0, -1, 0, 3, 0, -1, 0, 0, 0, 2, 0, 0, 0, -1, 0, 2, 0, 0, 0, -2, 0, 0, 0, 1, 0, -1, 0, 0, 0, 6, 0, -3, 0, 2, 0, -3, 0, 0, 0, 1, 0, -1, 0, 2, 0, 0, 0, -3, 0, 4, 0, 0, 0, -3, 0, 1, 0, -2, 0, 1, 0, 4, 0, 0, 0, 3, 0, 5, 0, 0, 0, -2, 0, -1, 0, 0, 0, 1, 0, 0, 0, 1, 0, 2, 0, -5, 0, 0, 0, -2, 0, 0, 0, -2, 0, 5, 0, -3, 0, 5, 0, 3, 0, -1, 0, 3, 0, -3, 0, -4, 0, 6, 0, 1, 0, -1, 0, 7, 0, -6, 0, 0, 0, -4, 0, -2, 0]
[0, 0, 0, 0, 0, 0, 0, 0, 0, 0, 0, 0, 0, 0, 0, 0, 0, 0, 0, 0, 0, 0, 0, 0, 0, 0, 0, 0, 0, 1, 0, -1, 0, 0, 0, 1, 0, 0, 0, 0, 0, -1, 0, 0, 0, 1, 0, -1, 0, 0, 0, 0, 0, 0, 0, 0, 0, 0, 0, 1, 0, -1, 0, 1, 0, -1, 0, -1, 0, 1, 0, 1, 0, -1, 0, 1, 0, 0, 0, 0, 0, 2, 0, -1, 0, -1, 0, 2, 0, -1, 0, 1, 0, 3, 0, -2, 0, 1, 0, 0, 0, -4, 0, -3, 0, 1, 0, -1, 0, -5, 0, 7, 0, 1, 0, -2, 0, 3, 0, -2, 0, 3, 0, -1, 0, 0, 0, 2, 0, 3, 0, 3, 0, 1, 0, -2, 0, 2, 0, -5, 0, -5, 0, 1, 0, -1, 0, -1, 0, 0, 0, 3, 0, -3, 0, 2, 0, 1, 0, -2, 0, -3, 0, 5, 0, 4, 0, -7, 0, 4, 0, 5, 0, 0, 0, -5, 0, 0, 0, 3, 0, -3, 0, 3, 0, -1, 0, 4, 0, 4, 0, -6, 0, 0, 0, 5, 0, -6, 0, 1, 0, 2, 0, -6, 0, 1, 0, 1, 0, -2, 0]
[0, 0, 0, 0, 0, 0, 0, 0, 0, 0, 0, 0, 0, 0, 0, 0, 0, 1, 0, -1, 0, 0, 0, 1, 0, 0, 0, 0, 0, 0, 0, 0, 0, 0, 0, 0, 0, 0, 0, 0, 0, 0, 0, -1, 0, 1, 0, 1, 0, 1, 0, 1, 0, -1, 0, 0, 0, 0, 0, 0, 0, 0, 0, -1, 0, 0, 0, 1, 0, 0, 0, 1, 0, 0, 0, 1, 0, -1, 0, 1, 0, 0, 0, 2, 0, 0, 0, -1, 0, 1, 0, 0, 0, 0, 0, 1, 0, -1, 0, 1, 0, 0, 0, 1, 0, -2, 0, 0, 0, 3, 0, 0, 0, 2, 0, 1, 0, 3, 0, 0, 0, 0, 0, 1, 0, -1, 0, -3, 0, -1, 0, -4, 0, 4, 0, -1, 0, -4, 0, 5, 0, 4, 0, 1, 0, 3, 0, 0, 0, -4, 0, 1, 0, 3, 0, -3, 0, 2, 0, 3, 0, 4, 0, -3, 0, 3, 0, 7, 0, -8, 0, 0, 0, -2, 0, 2, 0, -1, 0, -1, 0, -6, 0, 4, 0, 2, 0, -3, 0, 6, 0, 5, 0, 1, 0, 1, 0, 3, 0, -3, 0, 1, 0, -1, 0, 2, 0, 1, 0, 2, 0]
[0, 0, 0, 0, 0, 0, 0, 0, 0, 0, 0, 0, 0, 0, 0, 0, 0, 0, 0, 0, 0, 0, 0, 0, 0, 0, 0, 1, 0, -1, 0, 0, 0, 1, 0, -1, 0, 0, 0, 0, 0, 0, 0, 0, 0, 0, 0, 0, 0, 1, 0, 1, 0, -2, 0, 0, 0, 0, 0, 0, 0, 1, 0, -1, 0, 0, 0, 0, 0, 0, 0, 0, 0, 1, 0, 0, 0, 1, 0, -1, 0, 1, 0, 2, 0, 0, 0, -2, 0, -3, 0, -1, 0, -1, 0, 2, 0, -1, 0, 2, 0, 3, 0, 1, 0, 0, 0, 1, 0, 5, 0, -8, 0, -1, 0, 1, 0, -3, 0, 2, 0, -2, 0, 3, 0, 0, 0, 1, 0, 0, 0, -2, 0, -1, 0, 2, 0, -4, 0, -1, 0, 7, 0, 0, 0, 2, 0, 2, 0, 0, 0, -3, 0, 2, 0, -2, 0, -2, 0, 3, 0, -2, 0, -5, 0, -2, 0, 6, 0, -4, 0, -2, 0, 3, 0, 4, 0, 7, 0, 0, 0, 1, 0, -3, 0, -1, 0, -4, 0, -5, 0, 6, 0, -2, 0, -2, 0, 1, 0, 1, 0, 2, 0, 2, 0, -1, 0, -2, 0, 4, 0]
[0, 0, 0, 0, 0, 0, 0, 0, 0, 0, 0, 0, 0, 0, 0, 0, 0, 0, 0, 0, 0, 0, 0, 0, 0, 0, 0, 0, 0, 0, 0, -1, 0, 1, 0, 0, 0, -1, 0, 0, 0, 1, 0, 0, 0, -1, 0, 1, 0, 0, 0, 0, 0, -1, 0, 1, 0, 1, 0, -1, 0, 0, 0, 1, 0, -1, 0, 0, 0, 0, 0, -1, 0, 1, 0, 0, 0, -1, 0, 0, 0, 1, 0, -4, 0, -1, 0, 3, 0, -3, 0, -1, 0, 3, 0, 4, 0, 0, 0, 1, 0, 4, 0, -3, 0, -4, 0, 0, 0, 2, 0, -4, 0, -2, 0, 0, 0, 1, 0, 5, 0, 0, 0, 0, 0, 1, 0, -5, 0, -2, 0, 1, 0, -2, 0, 1, 0, -6, 0, 7, 0, 4, 0, 2, 0, 2, 0, -2, 0, -5, 0, -6, 0, 5, 0, -5, 0, 0, 0, 2, 0, 5, 0, 3, 0, 6, 0, 1, 0, -5, 0, -3, 0, -3, 0, 1, 0, -3, 0, -5, 0, -3, 0, 2, 0, 2, 0, 4, 0, 3, 0, -5, 0, 3, 0, 5, 0, 4, 0, -9, 0, 0, 0, -3, 0, -5, 0, 3, 0, -1, 0]
[0, 0, 0, 0, 0, 0, 0, 0, 0, 0, 0, 0, 0, 0, 0, 0, 0, 0, 0, 0, 0, 0, 0, 0, 0, 0, 0, -1, 0, 1, 0, 1, 0, -1, 0, 0, 0, 1, 0, 0, 0, 0, 0, 0, 0, -1, 0, -1, 0, 0, 0, 1, 0, 0, 0, 0, 0, 0, 0, -1, 0, 0, 0, 0, 0, 0, 0, 0, 0, 0, 0, 1, 0, 1, 0, 2, 0, 0, 0, -1, 0, -1, 0, 1, 0, -2, 0, 1, 0, 1, 0, -1, 0, -1, 0, 1, 0, 1, 0, -3, 0, -1, 0, 1, 0, -1, 0, 0, 0, 3, 0, -5, 0, 3, 0, 3, 0, -1, 0, 2, 0, 0, 0, -2, 0, -1, 0, 2, 0, -2, 0, 0, 0, 1, 0, 0, 0, 1, 0, 1, 0, 0, 0, -1, 0, 0, 0, -1, 0, 0, 0, -1, 0, 0, 0, 3, 0, 0, 0, -1, 0, 1, 0, -2, 0, -3, 0, 3, 0, -3, 0, -1, 0, 1, 0, 2, 0, 1, 0, 0, 0, 4, 0, -3, 0, 2, 0, -5, 0, -1, 0, 3, 0, 0, 0, 0, 0, 2, 0, 2, 0, -2, 0, 0, 0, -1, 0, 1, 0, -2, 0]
[0, 0, 0, 0, 0, 0, 0, 0, 0, 0, 0, 0, 0, 0, 0, 0, 0, 1, 0, 0, 0, 0, 0, 0, 0, 1, 0, 0, 0, 0, 0, 1, 0, -1, 0, 1, 0, 1, 0, 0, 0, 0, 0, 0, 0, -1, 0, 0, 0, 0, 0, 1, 0, 1, 0, 0, 0, 1, 0, 0, 0, 0, 0, 0, 0, 1, 0, 1, 0, 1, 0, 0, 0, 1, 0, 1, 0, 0, 0, 1, 0, 0, 0, 1, 0, 1, 0, 1, 0, 3, 0, 0, 0, 1, 0, 0, 0, -3, 0, 0, 0, 3, 0, 3, 0, -2, 0, 2, 0, 1, 0, 0, 0, 3, 0, 2, 0, 0, 0, 2, 0, 0, 0, 1, 0, 1, 0, -2, 0, -1, 0, 0, 0, 1, 0, 0, 0, 0, 0, 6, 0, 1, 0, 2, 0, 4, 0, -1, 0, -1, 0, 2, 0, 3, 0, -3, 0, 3, 0, 1, 0, 5, 0, 1, 0, 1, 0, 4, 0, -1, 0, -1, 0, -3, 0, 4, 0, -4, 0, -1, 0, 3, 0, -1, 0, 5, 0, 2, 0, 5, 0, 1, 0, 3, 0, 1, 0, 7, 0, -3, 0, -2, 0, 2, 0, 2, 0, 4, 0, 1, 0]
[0, 0, 0, 0, 0, 0, 0, 0, 0, 0, 0, 0, 0, 0, 0, 0, 0, 1, 0, 0, 0, 0, 0, 0, 0, 0, 0, 1, 0, -1, 0, 0, 0, 0, 0, 1, 0, 0, 0, 1, 0, 1, 0, 0, 0, -1, 0, -1, 0, 1, 0, 0, 0, 0, 0, 1, 0, 0, 0, 1, 0, 1, 0, 0, 0, 1, 0, 0, 0, -1, 0, -1, 0, 1, 0, 0, 0, 0, 0, 0, 0, 5, 0, -1, 0, 6, 0, 1, 0, -1, 0, -4, 0, 2, 0, 0, 0, -9, 0, 3, 0, 3, 0, 3, 0, -2, 0, 13, 0, -4, 0, -2, 0, 4, 0, -8, 0, 6, 0, 4, 0, -1, 0, 0, 0, 2, 0, -2, 0, 1, 0, -1, 0, -5, 0, 2, 0, -9, 0, 14, 0, 5, 0, 3, 0, 3, 0, 0, 0, -7, 0, -3, 0, 12, 0, -16, 0, 8, 0, 6, 0, 5, 0, -3, 0, 11, 0, -3, 0, -9, 0, 3, 0, -11, 0, 10, 0, -8, 0, 6, 0, 1, 0, 1, 0, 10, 0, 5, 0, 10, 0, -8, 0, 6, 0, 2, 0, 0, 0, -15, 0, -3, 0, -2, 0, 0, 0, 11, 0, 2, 0]
[0, 0, 0, 0, 0, 0, 0, 0, 0, 0, 0, 1, 0, -1, 0, 0, 0, 0, 0, 0, 0, 0, 0, -1, 0, -1, 0, 1, 0, 0, 0, 0, 0, 1, 0, -1, 0, 0, 0, 1, 0, 0, 0, -1, 0, 0, 0, 0, 0, 1, 0, -1, 0, 1, 0, 0, 0, -1, 0, 1, 0, 0, 0, -1, 0, 0, 0, 0, 0, 0, 0, 0, 0, 0, 0, -1, 0, 0, 0, 0, 0, -3, 0, 0, 0, 4, 0, -1, 0, -1, 0, 3, 0, 0, 0, -2, 0, -5, 0, 2, 0, -5, 0, 0, 0, 6, 0, 0, 0, -6, 0, 4, 0, 5, 0, -4, 0, 4, 0, -9, 0, 5, 0, -3, 0, 3, 0, 3, 0, 1, 0, -5, 0, 5, 0, -3, 0, -2, 0, 0, 0, -8, 0, 3, 0, -1, 0, 2, 0, 2, 0, 7, 0, -3, 0, 2, 0, -1, 0, -4, 0, -5, 0, 0, 0, 2, 0, -2, 0, -4, 0, 3, 0, 2, 0, -5, 0, -3, 0, 10, 0, -7, 0, 5, 0, 2, 0, 3, 0, -2, 0, 2, 0, -3, 0, 4, 0, -2, 0, -1, 0, 5, 0, -10, 0, -4, 0, -2, 0, 4, 0]
[0, 0, 0, 0, 0, 0, 0, 0, 0, 0, 0, 0, 0, 0, 0, 0, 0, 0, 0, 0, 0, -1, 0, 0, 0, 0, 0, -1, 0, 0, 0, 0, 0, 0, 0, 0, 0, 1, 0, 0, 0, 0, 0, 0, 0, -1, 0, 0, 0, 0, 0, 0, 0, -1, 0, 0, 0, -1, 0, -1, 0, 1, 0, -1, 0, 0, 0, 0, 0, -1, 0, 2, 0, 0, 0, -1, 0, 1, 0, -1, 0, -1, 0, 0, 0, 0, 0, -2, 0, -1, 0, -1, 0, -2, 0, 0, 0, -1, 0, -1, 0, 0, 0, 1, 0, -1, 0, 1, 0, 2, 0, -4, 0, 2, 0, 0, 0, -3, 0, 2, 0, -1, 0, -2, 0, 0, 0, 1, 0, -1, 0, -1, 0, 0, 0, -2, 0, -2, 0, 1, 0, -1, 0, 1, 0, 2, 0, -1, 0, -1, 0, -2, 0, -1, 0, -1, 0, 0, 0, -3, 0, 0, 0, -2, 0, -3, 0, 3, 0, -2, 0, -3, 0, 0, 0, 1, 0, -2, 0, 2, 0, 2, 0, -5, 0, 0, 0, 1, 0, -3, 0, 2, 0, 1, 0, -2, 0, 1, 0, 0, 0, -3, 0, 0, 0, 0, 0, -4, 0, -1, 0]
[0, 0, 0, 0, 0, 0, 0, 0, 0, 0, 0, 1, 0, -1, 0, 0, 0, 0, 0, -1, 0, 0, 0, 0, 0, 0, 0, -1, 0, 1, 0, 1, 0, 1, 0, 0, 0, -1, 0, -1, 0, 0, 0, 0, 0, -1, 0, 1, 0, -1, 0, -1, 0, 1, 0, 0, 0, 0, 0, 1, 0, 0, 0, 0, 0, 0, 0, 0, 0, 0, 0, -1, 0, 1, 0, 0, 0, 0, 0, 0, 0, -3, 0, 0, 0, -1, 0, -2, 0, 0, 0, 2, 0, -2, 0, 1, 0, 4, 0, -2, 0, 0, 0, -1, 0, -1, 0, -3, 0, 5, 0, -4, 0, -2, 0, 3, 0, 0, 0, 0, 0, -1, 0, 0, 0, -2, 0, 3, 0, -3, 0, -2, 0, 0, 0, 1, 0, 1, 0, -1, 0, 4, 0, -3, 0, -2, 0, 1, 0, 4, 0, -1, 0, 0, 0, 5, 0, -3, 0, 1, 0, -3, 0, -4, 0, -5, 0, 1, 0, -1, 0, -3, 0, 3, 0, 0, 0, 4, 0, -4, 0, 1, 0, 2, 0, -3, 0, -6, 0, -6, 0, 4, 0, -2, 0, 2, 0, 0, 0, 6, 0, 2, 0, 4, 0, 1, 0, -1, 0, 1, 0]
[0, 0, 0, 0, 0, 0, 0, 0, 0, 0, 0, 0, 0, 0, 0, 0, 0, 0, 0, -1, 0, 0, 0, 0, 0, -1, 0, 0, 0, 0, 0, 0, 0, 1, 0, 0, 0, 0, 0, 0, 0, -1, 0, 0, 0, -1, 0, -1, 0, 0, 0, 0, 0, 1, 0, -1, 0, 0, 0, -1, 0, 0, 0, 0, 0, -1, 0, 1, 0, -1, 0, 1, 0, -2, 0, 0, 0, 0, 0, 0, 0, -1, 0, -2, 0, 1, 0, 0, 0, 1, 0, -1, 0, -4, 0, -1, 0, -2, 0, 2, 0, -1, 0, -1, 0, 3, 0, -3, 0, 0, 0, -3, 0, -2, 0, 1, 0, -1, 0, -1, 0, 3, 0, -1, 0, 1, 0, -2, 0, 0, 0, -1, 0, -3, 0, 5, 0, -3, 0, 3, 0, -1, 0, 3, 0, -5, 0, -5, 0, -6, 0, -6, 0, 8, 0, -4, 0, 3, 0, -3, 0, 1, 0, -2, 0, 2, 0, 5, 0, -4, 0, 2, 0, -3, 0, -5, 0, -1, 0, -2, 0, -5, 0, -4, 0, -5, 0, 9, 0, 2, 0, 5, 0, 2, 0, -6, 0, 2, 0, -7, 0, -5, 0, -3, 0, 2, 0, 5, 0, -2, 0]
[0, -1, 0, 1, 0, 0, 0, -1, 0, 1, 0, -1, 0, 1, 0, 1, 0, -1, 0, 0, 0, 1, 0, 0, 0, 1, 0, 0, 0, 0, 0, 1, 0, 0, 0, 0, 0, -1, 0, 0, 0, -1, 0, 0, 0, -1, 0, 0, 0, 0, 0, 0, 0, 0, 0, 0, 0, 0, 0, -1, 0, 0, 0, 0, 0, 0, 0, 0, 0, 0, 0, 0, 0, 1, 0, 0, 0, 0, 0, -1, 0, 3, 0, 2, 0, 0, 0, 4, 0, -2, 0, -2, 0, -3, 0, -2, 0, 5, 0, 0, 0, 5, 0, 4, 0, 3, 0, 0, 0, 2, 0, 0, 0, -4, 0, -1, 0, 0, 0, -2, 0, -6, 0, 1, 0, -2, 0, 5, 0, 5, 0, 5, 0, -10, 0, 6, 0, 3, 0, -5, 0, 11, 0, -10, 0, -8, 0, 0, 0, 5, 0, -6, 0, -3, 0, 2, 0, 1, 0, 4, 0, -4, 0, -3, 0, -6, 0, -6, 0, 7, 0, 6, 0, 2, 0, 0, 0, 10, 0, -2, 0, 1, 0, 1, 0, -1, 0, -4, 0, -4, 0, -4, 0, 2, 0, 4, 0, -9, 0, 10, 0, 6, 0, 16, 0, 4, 0, 0, 0, -1, 0]
[0, 0, 0, 0, 0, 0, 0, 0, 0, 0, 0, 0, 0, 0, 0, 0, 0, 0, 0, 1, 0, 0, 0, -1, 0, 0, 0, 0, 0, 0, 0, -1, 0, 0, 0, 0, 0, 1, 0, 1, 0, 1, 0, 1, 0, -1, 0, -1, 0, -1, 0, 0, 0, 0, 0, 1, 0, 0, 0, -1, 0, 1, 0, 1, 0, 0, 0, -1, 0, 0, 0, 1, 0, -1, 0, 0, 0, 1, 0, 0, 0, -1, 0, 0, 0, 0, 0, 2, 0, 0, 0, 0, 0, 2, 0, -1, 0, -2, 0, 0, 0, -1, 0, -1, 0, 3, 0, 1, 0, -2, 0, 1, 0, 1, 0, 0, 0, -1, 0, -1, 0, 2, 0, -1, 0, 0, 0, 1, 0, 4, 0, 1, 0, 0, 0, 0, 0, 2, 0, -3, 0, -5, 0, 2, 0, 1, 0, 0, 0, 2, 0, -1, 0, -3, 0, 1, 0, -1, 0, -3, 0, -2, 0, 4, 0, 0, 0, -2, 0, 4, 0, 4, 0, 1, 0, -1, 0, -2, 0, 5, 0, 4, 0, -2, 0, 0, 0, 5, 0, -1, 0, -4, 0, 0, 0, 1, 0, -1, 0, 0, 0, 0, 0, -5, 0, -3, 0, 1, 0, -3, 0]
[0, 0, 0, 0, 0, 0, 0, 0, 0, 0, 0, 0, 0, 0, 0, 0, 0, 0, 0, 0, 0, 0, 0, -1, 0, 0, 0, 0, 0, 0, 0, -1, 0, 0, 0, 1, 0, 0, 0, -1, 0, 1, 0, 0, 0, -2, 0, 1, 0, 0, 0, 0, 0, 1, 0, 1, 0, -1, 0, 0, 0, 0, 0, -1, 0, -1, 0, 0, 0, 0, 0, -1, 0, 0, 0, 0, 0, -1, 0, -1, 0, -1, 0, -1, 0, -1, 0, 1, 0, 0, 0, 1, 0, 1, 0, 0, 0, -2, 0, 0, 0, 1, 0, 0, 0, -1, 0, 0, 0, 1, 0, -3, 0, 1, 0, 0, 0, -2, 0, -1, 0, 0, 0, -1, 0, -1, 0, 1, 0, 0, 0, 0, 0, -1, 0, 0, 0, -2, 0, 1, 0, 0, 0, -1, 0, 2, 0, -2, 0, 0, 0, -2, 0, 0, 0, -1, 0, -1, 0, -2, 0, 0, 0, 0, 0, -2, 0, 2, 0, 0, 0, 0, 0, 0, 0, 2, 0, -2, 0, 1, 0, 1, 0, -2, 0, 0, 0, -2, 0, -1, 0, -3, 0, -1, 0, -1, 0, 2, 0, -4, 0, -2, 0, -2, 0, -1, 0, 2, 0, -2, 0]
[0, 0, 0, 0, 0, 0, 0, 0, 0, 0, 0, 0, 0, 0, 0, 0, 0, 0, 0, 0, 0, 0, 0, -1, 0, 0, 0, 0, 0, 0, 0, 0, 0, 0, 0, 1, 0, 0, 0, 0, 0, 0, 0, 0, 0, -2, 0, -1, 0, 0, 0, 0, 0, 2, 0, 0, 0, 0, 0, 0, 0, 0, 0, 0, 0, 0, 0, 1, 0, -2, 0, -1, 0, 0, 0, -1, 0, 0, 0, 0, 0, -2, 0, 0, 0, 2, 0, 0, 0, 2, 0, 0, 0, -2, 0, -2, 0, -2, 0, 0, 0, 2, 0, 2, 0, 0, 0, 0, 0, -2, 0, 0, 0, -2, 0, 0, 0, 0, 0, -2, 0, 0, 0, -1, 0, 2, 0, 0, 0, 0, 0, 1, 0, -2, 0, 1, 0, 2, 0, 1, 0, -2, 0, -2, 0, -2, 0, -3, 0, 2, 0, 0, 0, 0, 0, 0, 0, 0, 0, -1, 0, 0, 0, 1, 0, -2, 0, 0, 0, 2, 0, -1, 0, -2, 0, 0, 0, -2, 0, 0, 0, 2, 0, -1, 0, 0, 0, 1, 0, -2, 0, -2, 0, 0, 0, -3, 0, 0, 0, 0, 0, -2, 0, 3, 0, 0, 0, 0, 0, 0, 0]
[0, 0, 0, 0, 0, 0, 0, 0, 0, 0, 0, 0, 0, 0, 0, 0, 0, 0, 0, 0, 0, -1, 0, 0, 0, 1, 0, -1, 0, 0, 0, 0, 0, 0, 0, 1, 0, 0, 0, 0, 0, -1, 0, -1, 0, 1, 0, 0, 0, -1, 0, 0, 0, 0, 0, -1, 0, 0, 0, 2, 0, 0, 0, -1, 0, -1, 0, 1, 0, 0, 0, 0, 0, 0, 0, 0, 0, -1, 0, -1, 0, 2, 0, -2, 0, -1, 0, -2, 0, -1, 0, 1, 0, 2, 0, -1, 0, 1, 0, 0, 0, -2, 0, 0, 0, -3, 0, 3, 0, -2, 0, 3, 0, 4, 0, -4, 0, 1, 0, 1, 0, -2, 0, -4, 0, 0, 0, -1, 0, -3, 0, 0, 0, 2, 0, -3, 0, -4, 0, 4, 0, -1, 0, 3, 0, 3, 0, 1, 0, -3, 0, 1, 0, 1, 0, -3, 0, 4, 0, -1, 0, 4, 0, -3, 0, 1, 0, -2, 0, -4, 0, -3, 0, -5, 0, -1, 0, -6, 0, 0, 0, -3, 0, 3, 0, 2, 0, 0, 0, 6, 0, -2, 0, 2, 0, 4, 0, 1, 0, -3, 0, -2, 0, -2, 0, 3, 0, -2, 0, 1, 0]
[0, 0, 0, 0, 0, 0, 0, 1, 0, -1, 0, 0, 0, 0, 0, 0, 0, 0, 0, 0, 0, -1, 0, 1, 0, 1, 0, 0, 0, 1, 0, 0, 0, 0, 0, 0, 0, 0, 0, 0, 0, 0, 0, 0, 0, 0, 0, -1, 0, 0, 0, 1, 0, 0, 0, 0, 0, 0, 0, 1, 0, 0, 0, 0, 0, 1, 0, 0, 0, 1, 0, 1, 0, 2, 0, -1, 0, 1, 0, 0, 0, 1, 0, 0, 0, 0, 0, 0, 0, 0, 0, -1, 0, -1, 0, 1, 0, 2, 0, 0, 0, 4, 0, -3, 0, -2, 0, -2, 0, 2, 0, -1, 0, 1, 0, 2, 0, -1, 0, 3, 0, 0, 0, 1, 0, 0, 0, 3, 0, -2, 0, 2, 0, 2, 0, -1, 0, 2, 0, -3, 0, 1, 0, 1, 0, 4, 0, 2, 0, 4, 0, 4, 0, -3, 0, 0, 0, -4, 0, -2, 0, -1, 0, 3, 0, -2, 0, 1, 0, 4, 0, -4, 0, 3, 0, 4, 0, 2, 0, 1, 0, 1, 0, 0, 0, -1, 0, 3, 0, -6, 0, 0, 0, -4, 0, 3, 0, 0, 0, 8, 0, 4, 0, 3, 0, 1, 0, -7, 0, 0, 0]
[0, 0, 0, 0, 0, 0, 0, 0, 0, 1, 0, -1, 0, 0, 0, 0, 0, 0, 0, 0, 0, 0, 0, -2, 0, 1, 0, 0, 0, 1, 0, -1, 0, -1, 0, 1, 0, 0, 0, 0, 0, 0, 0, 1, 0, 0, 0, 0, 0, 0, 0, 0, 0, 0, 0, 0, 0, -1, 0, 0, 0, 0, 0, 0, 0, 0, 0, 0, 0, 0, 0, 0, 0, -2, 0, 0, 0, 0, 0, 1, 0, -5, 0, 9, 0, -1, 0, -2, 0, 1, 0, 4, 0, -4, 0, -6, 0, -4, 0, -2, 0, 2, 0, 2, 0, 5, 0, -4, 0, -7, 0, 14, 0, 1, 0, -2, 0, 1, 0, -18, 0, -4, 0, 7, 0, -3, 0, 13, 0, 8, 0, -3, 0, 10, 0, -3, 0, 16, 0, -23, 0, -9, 0, -17, 0, 0, 0, 4, 0, 25, 0, 14, 0, -25, 0, 10, 0, -13, 0, -1, 0, -13, 0, 3, 0, -15, 0, -4, 0, 19, 0, 8, 0, 6, 0, -1, 0, 9, 0, 13, 0, 4, 0, 7, 0, -3, 0, -19, 0, -11, 0, -11, 0, -15, 0, 2, 0, -14, 0, 25, 0, 18, 0, 3, 0, 2, 0, -18, 0, -4, 0]
[0, 0, 0, 0, 0, -1, 0, 0, 0, 1, 0, 0, 0, -1, 0, 1, 0, 1, 0, 0, 0, 0, 0, 0, 0, 0, 0, 0, 0, 0, 0, 0, 0, 1, 0, 1, 0, 0, 0, -1, 0, -1, 0, 0, 0, 0, 0, -1, 0, 0, 0, -1, 0, 0, 0, -1, 0, 0, 0, 1, 0, -1, 0, 1, 0, 0, 0, 1, 0, -1, 0, 1, 0, 0, 0, 0, 0, 0, 0, 0, 0, 1, 0, -3, 0, 4, 0, 3, 0, 3, 0, 1, 0, 6, 0, -3, 0, -6, 0, -1, 0, -3, 0, 0, 0, -1, 0, 3, 0, -4, 0, 8, 0, -5, 0, -3, 0, 10, 0, 0, 0, 4, 0, -3, 0, 7, 0, -8, 0, 3, 0, -1, 0, -1, 0, -2, 0, -7, 0, 8, 0, -3, 0, 6, 0, -3, 0, -7, 0, -12, 0, -1, 0, 5, 0, -5, 0, 8, 0, 3, 0, 5, 0, 6, 0, 12, 0, -2, 0, -7, 0, 6, 0, -9, 0, -7, 0, -10, 0, -1, 0, -9, 0, 4, 0, 3, 0, 9, 0, 11, 0, 1, 0, 14, 0, 4, 0, 1, 0, -15, 0, -7, 0, -2, 0, 1, 0, 14, 0, 5, 0]
[0, 0, 0, 0, 0, 0, 0, 0, 0, 0, 0, 0, 0, 0, 0, 0, 0, 0, 0, -1, 0, 1, 0, 0, 0, -1, 0, 1, 0, 0, 0, 0, 0, 0, 0, 0, 0, 0, 0, 0, 0, -1, 0, 0, 0, 0, 0, 1, 0, 0, 0, -1, 0, -1, 0, 0, 0, 1, 0, -1, 0, 0, 0, 1, 0, 0, 0, 0, 0, 0, 0, -1, 0, 1, 0, -1, 0, -2, 0, 1, 0, 3, 0, -1, 0, 2, 0, -1, 0, 0, 0, -2, 0, -1, 0, 1, 0, -4, 0, 1, 0, 0, 0, 2, 0, -1, 0, 1, 0, 0, 0, -2, 0, -1, 0, 0, 0, -1, 0, 2, 0, 1, 0, 1, 0, 0, 0, -4, 0, 2, 0, -1, 0, -4, 0, 4, 0, -1, 0, 6, 0, 5, 0, -2, 0, -2, 0, -2, 0, -7, 0, -6, 0, 4, 0, -3, 0, 4, 0, 0, 0, 2, 0, -3, 0, 1, 0, 3, 0, -5, 0, 4, 0, -1, 0, 3, 0, 2, 0, -2, 0, -2, 0, -2, 0, -1, 0, -3, 0, 5, 0, 2, 0, 4, 0, -6, 0, -2, 0, -8, 0, -6, 0, 2, 0, 0, 0, 11, 0, 0, 0]
[0, 0, 0, 0, 0, 0, 0, 0, 0, 0, 0, 0, 0, -1, 0, 1, 0, 0, 0, -1, 0, 1, 0, 0, 0, 0, 0, 1, 0, -1, 0, 1, 0, 0, 0, -1, 0, 0, 0, 0, 0, 0, 0, 0, 0, -1, 0, -1, 0, 1, 0, -1, 0, 0, 0, 0, 0, 0, 0, 0, 0, 0, 0, 0, 0, 1, 0, 1, 0, 0, 0, -1, 0, 0, 0, -2, 0, 0, 0, 0, 0, -1, 0, 3, 0, 2, 0, 0, 0, 2, 0, -1, 0, -1, 0, -2, 0, -4, 0, 0, 0, 1, 0, 2, 0, 1, 0, 0, 0, 1, 0, -4, 0, -4, 0, 0, 0, 1, 0, -1, 0, 1, 0, 4, 0, 2, 0, 0, 0, 2, 0, -4, 0, -3, 0, 2, 0, -2, 0, 0, 0, 5, 0, 0, 0, -3, 0, -2, 0, -2, 0, 0, 0, 2, 0, -3, 0, 1, 0, 5, 0, -2, 0, -3, 0, 0, 0, 3, 0, -4, 0, 2, 0, -1, 0, 3, 0, 2, 0, -1, 0, -2, 0, -2, 0, -1, 0, -3, 0, -3, 0, 6, 0, 1, 0, -4, 0, -1, 0, -5, 0, -2, 0, 5, 0, 0, 0, 4, 0, 6, 0]
[0, 0, 0, 0, 0, 0, 0, 0, 0, 0, 0, 0, 0, 0, 0, 0, 0, 0, 0, 0, 0, 0, 0, 0, 0, 1, 0, 0, 0, 0, 0, 2, 0, -1, 0, 0, 0, 1, 0, -1, 0, -1, 0, 0, 0, 0, 0, -1, 0, 1, 0, 0, 0, 1, 0, -1, 0, -1, 0, 1, 0, 1, 0, 1, 0, 0, 0, 0, 0, 0, 0, 1, 0, 0, 0, 0, 0, 0, 0, 1, 0, 0, 0, 5, 0, 0, 0, -2, 0, 2, 0, -1, 0, -4, 0, -1, 0, 3, 0, -3, 0, 2, 0, 3, 0, 1, 0, 0, 0, 2, 0, -3, 0, 2, 0, 4, 0, -3, 0, -2, 0, -5, 0, 0, 0, 0, 0, 8, 0, -1, 0, 1, 0, 1, 0, 3, 0, 9, 0, -7, 0, -2, 0, -9, 0, 0, 0, 1, 0, 12, 0, 5, 0, -4, 0, 8, 0, -3, 0, -2, 0, -3, 0, -1, 0, -15, 0, 1, 0, 5, 0, 2, 0, 5, 0, 3, 0, 6, 0, 4, 0, 8, 0, -4, 0, -1, 0, -10, 0, -4, 0, 3, 0, -5, 0, -7, 0, -3, 0, 16, 0, 3, 0, 9, 0, 6, 0, -3, 0, -4, 0]
[0, 0, 0, 0, 0, 0, 0, -1, 0, 1, 0, 0, 0, 0, 0, 0, 0, 0, 0, 1, 0, 0, 0, -1, 0, 0, 0, 0, 0, 0, 0, -1, 0, 0, 0, 1, 0, 1, 0, -1, 0, 0, 0, 0, 0, 0, 0, 1, 0, 0, 0, 0, 0, -1, 0, 0, 0, -2, 0, 0, 0, 0, 0, 0, 0, -1, 0, 0, 0, 1, 0, 1, 0, 0, 0, 1, 0, 1, 0, -1, 0, 1, 0, -1, 0, -1, 0, 2, 0, -4, 0, 2, 0, 3, 0, -1, 0, -3, 0, 2, 0, -3, 0, 0, 0, 2, 0, 3, 0, -4, 0, 1, 0, 5, 0, -4, 0, -1, 0, -2, 0, 2, 0, -1, 0, 0, 0, 3, 0, 4, 0, 0, 0, 0, 0, -1, 0, -3, 0, -1, 0, -6, 0, 0, 0, 2, 0, -1, 0, 0, 0, 1, 0, 0, 0, -1, 0, 2, 0, -4, 0, -2, 0, 2, 0, 2, 0, -3, 0, -1, 0, 5, 0, 1, 0, -4, 0, -3, 0, 7, 0, 1, 0, -2, 0, 3, 0, 4, 0, 5, 0, -6, 0, 2, 0, 2, 0, -1, 0, -4, 0, 1, 0, -10, 0, 0, 0, 2, 0, -3, 0]
[0, 0, 0, 0, 0, 0, 0, 0, 0, 0, 0, 1, 0, -1, 0, 0, 0, 1, 0, 0, 0, 0, 0, -1, 0, 0, 0, 1, 0, 0, 0, -1, 0, 1, 0, 0, 0, 1, 0, 0, 0, 1, 0, 0, 0, 0, 0, 1, 0, -1, 0, 1, 0, 0, 0, 0, 0, 0, 0, 0, 0, 0, 0, 1, 0, 0, 0, 0, 0, 2, 0, 1, 0, 0, 0, 1, 0, -1, 0, 0, 0, -1, 0, 0, 0, 1, 0, 1, 0, 1, 0, 1, 0, 4, 0, -1, 0, -6, 0, 4, 0, -2, 0, -1, 0, 3, 0, 0, 0, 1, 0, 2, 0, 4, 0, 1, 0, 3, 0, -3, 0, 2, 0, 0, 0, -1, 0, -2, 0, 4, 0, -6, 0, 4, 0, 1, 0, -3, 0, 4, 0, 0, 0, 1, 0, 5, 0, 3, 0, -2, 0, 2, 0, 3, 0, -1, 0, -2, 0, -2, 0, 0, 0, 0, 0, 2, 0, 4, 0, -7, 0, 7, 0, 0, 0, 1, 0, -3, 0, 4, 0, -2, 0, 5, 0, 1, 0, 2, 0, 7, 0, 1, 0, 0, 0, 4, 0, 3, 0, -5, 0, 3, 0, -9, 0, -3, 0, 10, 0, -2, 0]
[0, 0, 0, 0, 0, 0, 0, 0, 0, 0, 0, 0, 0, 0, 0, -1, 0, 1, 0, 0, 0, 0, 0, 0, 0, 0, 0, 0, 0, 1, 0, -1, 0, -1, 0, 1, 0, -1, 0, 0, 0, 0, 0, 1, 0, 0, 0, -1, 0, -1, 0, 0, 0, 1, 0, 0, 0, 1, 0, 1, 0, -1, 0, 0, 0, 0, 0, -1, 0, -1, 0, -1, 0, -1, 0, 1, 0, 0, 0, 1, 0, -1, 0, 1, 0, 0, 0, -1, 0, 1, 0, 2, 0, 0, 0, -1, 0, 2, 0, -2, 0, -1, 0, -1, 0, -1, 0, -2, 0, -2, 0, 6, 0, -4, 0, 2, 0, 2, 0, -2, 0, 1, 0, 0, 0, -1, 0, -2, 0, -1, 0, 3, 0, 2, 0, -2, 0, 4, 0, -4, 0, -3, 0, -1, 0, -2, 0, -1, 0, 2, 0, 2, 0, -3, 0, 2, 0, 0, 0, 1, 0, -1, 0, 4, 0, 2, 0, -5, 0, 6, 0, -1, 0, -1, 0, -4, 0, -1, 0, -4, 0, -1, 0, 2, 0, -1, 0, 1, 0, 1, 0, -3, 0, 0, 0, 1, 0, -1, 0, 4, 0, 0, 0, -1, 0, 0, 0, -1, 0, 0, 0]
[0, 0, 0, 0, 0, 0, 0, 0, 0, 0, 0, 0, 0, 0, 0, 0, 0, -1, 0, 0, 0, 0, 0, 0, 0, 0, 0, 0, 0, 0, 0, 1, 0, 0, 0, -1, 0, -1, 0, -1, 0, 0, 0, -1, 0, 0, 0, 1, 0, 2, 0, -1, 0, 0, 0, -1, 0, -1, 0, 0, 0, -1, 0, -1, 0, 1, 0, -1, 0, 0, 0, 1, 0, 0, 0, -1, 0, 0, 0, 0, 0, -5, 0, 5, 0, -2, 0, -2, 0, -1, 0, 2, 0, -3, 0, 0, 0, 3, 0, -5, 0, 1, 0, 0, 0, 3, 0, -5, 0, 2, 0, 2, 0, -3, 0, 2, 0, -1, 0, -11, 0, -7, 0, 4, 0, -2, 0, 10, 0, 3, 0, -3, 0, 6, 0, -3, 0, 9, 0, -15, 0, 0, 0, -14, 0, -2, 0, 4, 0, 17, 0, 9, 0, -19, 0, 14, 0, -13, 0, 1, 0, -11, 0, -1, 0, -17, 0, -2, 0, 10, 0, 1, 0, 10, 0, 0, 0, 13, 0, 5, 0, 3, 0, 4, 0, -4, 0, -23, 0, -17, 0, 0, 0, -12, 0, 1, 0, -11, 0, 21, 0, 13, 0, 7, 0, 0, 0, -15, 0, -1, 0]
[0, 0, 0, 1, 0, -1, 0, 0, 0, 0, 0, 0, 0, 0, 0, -1, 0, 0, 0, 0, 0, 0, 0, 1, 0, 0, 0, 0, 0, -1, 0, 1, 0, 0, 0, -1, 0, 0, 0, 0, 0, 0, 0, -1, 0, 0, 0, 0, 0, 0, 0, 1, 0, -1, 0, -1, 0, 2, 0, 0, 0, 0, 0, -1, 0, 0, 0, 0, 0, -1, 0, 0, 0, 1, 0, 1, 0, 0, 0, 1, 0, 3, 0, 0, 0, 0, 0, -7, 0, -3, 0, -1, 0, -2, 0, 4, 0, 1, 0, -5, 0, -1, 0, 1, 0, -1, 0, 2, 0, 12, 0, -10, 0, -2, 0, 4, 0, -1, 0, 2, 0, -7, 0, -2, 0, 1, 0, -4, 0, -5, 0, -4, 0, 1, 0, 5, 0, -4, 0, 9, 0, 11, 0, -3, 0, 0, 0, 5, 0, -4, 0, -8, 0, 3, 0, 6, 0, 2, 0, 4, 0, 4, 0, -13, 0, -6, 0, 9, 0, -11, 0, -1, 0, 2, 0, 1, 0, 6, 0, -5, 0, -2, 0, 0, 0, -3, 0, -19, 0, -4, 0, 15, 0, 5, 0, -4, 0, 1, 0, 2, 0, -6, 0, 7, 0, -5, 0, 6, 0, 1, 0]
[0, 0, 0, 0, 0, 0, 0, 0, 0, 0, 0, 1, 0, -1, 0, 0, 0, 0, 0, -1, 0, 0, 0, 0, 0, -1, 0, 0, 0, 1, 0, 0, 0, 1, 0, 0, 0, -1, 0, 0, 0, -1, 0, 0, 0, 1, 0, -1, 0, 1, 0, -1, 0, 0, 0, -1, 0, 0, 0, 0, 0, 0, 0, 1, 0, 0, 0, 0, 0, -1, 0, 1, 0, -2, 0, -1, 0, 0, 0, 0, 0, -3, 0, 2, 0, 2, 0, 0, 0, 1, 0, 0, 0, -1, 0, -3, 0, 0, 0, 0, 0, -5, 0, -3, 0, 3, 0, -3, 0, -3, 0, 6, 0, -2, 0, -1, 0, 6, 0, -6, 0, 3, 0, 0, 0, 1, 0, 1, 0, 3, 0, -3, 0, 2, 0, -1, 0, 2, 0, -4, 0, -4, 0, -2, 0, -4, 0, -2, 0, 1, 0, 5, 0, -3, 0, 4, 0, -2, 0, -1, 0, -5, 0, 3, 0, 1, 0, -3, 0, -1, 0, 4, 0, -1, 0, -6, 0, 0, 0, 3, 0, -6, 0, 6, 0, -4, 0, 2, 0, 1, 0, 0, 0, -1, 0, 2, 0, -8, 0, 3, 0, 4, 0, -3, 0, -1, 0, 0, 0, -1, 0]
