27 3 26 9 8
[1, 0, 0, 0, 0, 0, 0, 0, 0, -3, 0, 0, 0, 0, 0, 0, 0, 0, 45, 0, 0, 0, 0, 0, 0, 0, 0, 45, 0, 0, 0, 0, 0, 0, 0, 0, -39, 0, 0, 0, 0, 0, 0, 0, 0, 360, 0, 0, 0, 0, 0, 0, 0, 0, 189, 0, 0, 0, 0, 0, 0, 0, 0, -150, 0, 0, 0, 0, 0, 0, 0, 0, 765, 0, 0, 0, 0, 0, 0, 0, 0, 477, 0, 0, 0, 0, 0, 0, 0, 0, -216, 0, 0, 0, 0, 0, 0, 0, 0, 1800, 0, 0, 0, 0, 0, 0, 0, 0, 585, 0, 0, 0, 0, 0, 0, 0, 0, -510, 0, 0, 0, 0, 0, 0, 0, 0, 2250, 0, 0, 0, 0, 0, 0, 0, 0, 1512, 0, 0, 0, 0, 0, 0, 0, 0, -615, 0, 0, 0, 0, 0, 0, 0, 0, 4320, 0, 0, 0, 0, 0, 0, 0, 0, 1485, 0, 0, 0, 0, 0, 0, 0, 0, -1086, 0, 0, 0, 0, 0, 0, 0, 0, 4680, 0, 0, 0, 0, 0, 0, 0, 0, 2250, 0, 0, 0, 0, 0, 0, 0, 0, -1080, 0, 0, 0, 0, 0, 0, 0, 0, 7920, 0, 0, 0]
[0, 0, 0, 0, 1, 0, 0, -2, 0, 0, -1, 0, 0, 1, 0, 0, 3, 0, 0, 3, 0, 0, -5, 0, 0, 1, 0, 0, -3, 0, 0, -5, 0, 0, 6, 0, 0, 3, 0, 0, 1, 0, 0, -8, 0, 0, -4, 0, 0, 16, 0, 0, -6, 0, 0, 5, 0, 0, 10, 0, 0, -5, 0, 0, -3, 0, 0, -11, 0, 0, -5, 0, 0, -18, 0, 0, -4, 0, 0, 13, 0, 0, 20, 0, 0, -6, 0, 0, 5, 0, 0, 7, 0, 0, -2, 0, 0, 28, 0, 0, 20, 0, 0, -23, 0, 0, -9, 0, 0, -42, 0, 0, -17, 0, 0, 4, 0, 0, -10, 0, 0, 25, 0, 0, -21, 0, 0, 39, 0, 0, 10, 0, 0, -7, 0, 0, -6, 0, 0, 31, 0, 0, -30, 0, 0, -10, 0, 0, 32, 0, 0, -2, 0, 0, -25, 0, 0, -2, 0, 0, 15, 0, 0, 21, 0, 0, 1, 0, 0, -11, 0, 0, 18, 0, 0, -45, 0, 0, 30, 0, 0, -33, 0, 0, 4, 0, 0, -30, 0, 0, 16, 0, 0, -8, 0, 0, 40, 0, 0, -6, 0, 0, -65, 0, 0, -20, 0, 0, -14, 0, 0]
[0, 0, 0, 0, 0, 0, 0, 0, 0, 1, 0, 0, 0, 0, 0, 0, 0, 0, 3, 0, 0, 0, 0, 0, 0, 0, 0, 9, 0, 0, 0, 0, 0, 0, 0, 0, 13, 0, 0, 0, 0, 0, 0, 0, 0, 24, 0, 0, 0, 0, 0, 0, 0, 0, 27, 0, 0, 0, 0, 0, 0, 0, 0, 50, 0, 0, 0, 0, 0, 0, 0, 0, 51, 0, 0, 0, 0, 0, 0, 0, 0, 81, 0, 0, 0, 0, 0, 0, 0, 0, 72, 0, 0, 0, 0, 0, 0, 0, 0, 120, 0, 0, 0, 0, 0, 0, 0, 0, 117, 0, 0, 0, 0, 0, 0, 0, 0, 170, 0, 0, 0, 0, 0, 0, 0, 0, 150, 0, 0, 0, 0, 0, 0, 0, 0, 216, 0, 0, 0, 0, 0, 0, 0, 0, 205, 0, 0, 0, 0, 0, 0, 0, 0, 288, 0, 0, 0, 0, 0, 0, 0, 0, 243, 0, 0, 0, 0, 0, 0, 0, 0, 362, 0, 0, 0, 0, 0, 0, 0, 0, 312, 0, 0, 0, 0, 0, 0, 0, 0, 450, 0, 0, 0, 0, 0, 0, 0, 0, 360, 0, 0, 0, 0, 0, 0, 0, 0, 528, 0, 0, 0]
[0, 0, -1, 0, 0, 1, 0, 0, 1, 0, 0, 5, 0, 0, -5, 0, 0, -6, 0, 0, -5, 0, 0, 4, 0, 0, 10, 0, 0, -10, 0, 0, 15, 0, 0, 5, 0, 0, 16, 0, 0, -20, 0, 0, -25, 0, 0, 2, 0, 0, -16, 0, 0, 9, 0, 0, 5, 0, 0, 10, 0, 0, 1, 0, 0, -10, 0, 0, 30, 0, 0, 30, 0, 0, -20, 0, 0, 25, 0, 0, -11, 0, 0, -1, 0, 0, -50, 0, 0, -30, 0, 0, -20, 0, 0, -16, 0, 0, 24, 0, 0, 65, 0, 0, -10, 0, 0, -63, 0, 0, 45, 0, 0, -8, 0, 0, 50, 0, 0, -30, 0, 0, 76, 0, 0, 41, 0, 0, -31, 0, 0, -5, 0, 0, 10, 0, 0, -46, 0, 0, -25, 0, 0, -50, 0, 0, -65, 0, 0, 25, 0, 0, -16, 0, 0, -1, 0, 0, -14, 0, 0, 20, 0, 0, 100, 0, 0, -26, 0, 0, -54, 0, 0, 59, 0, 0, -55, 0, 0, 75, 0, 0, 50, 0, 0, 20, 0, 0, -10, 0, 0, -10, 0, 0, 85, 0, 0, 69, 0, 0, 16, 0, 0, -50, 0, 0, -170, 0, 0, -80, 0]
[0, 0, 0, 0, 0, 0, 0, -1, 0, 0, -1, 0, 0, -2, 0, 0, -2, 0, 0, -4, 0, 0, -5, 0, 0, -7, 0, 0, -9, 0, 0, -13, 0, 0, -10, 0, 0, -16, 0, 0, -15, 0, 0, -24, 0, 0, -20, 0, 0, -27, 0, 0, -28, 0, 0, -35, 0, 0, -30, 0, 0, -48, 0, 0, -40, 0, 0, -58, 0, 0, -45, 0, 0, -69, 0, 0, -58, 0, 0, -74, 0, 0, -60, 0, 0, -86, 0, 0, -75, 0, 0, -104, 0, 0, -82, 0, 0, -111, 0, 0, -93, 0, 0, -134, 0, 0, -105, 0, 0, -154, 0, 0, -131, 0, 0, -156, 0, 0, -130, 0, 0, -175, 0, 0, -159, 0, 0, -193, 0, 0, -150, 0, 0, -226, 0, 0, -182, 0, 0, -232, 0, 0, -190, 0, 0, -250, 0, 0, -214, 0, 0, -281, 0, 0, -225, 0, 0, -306, 0, 0, -241, 0, 0, -322, 0, 0, -255, 0, 0, -358, 0, 0, -296, 0, 0, -380, 0, 0, -290, 0, 0, -412, 0, 0, -332, 0, 0, -430, 0, 0, -320, 0, 0, -459, 0, 0, -383, 0, 0, -493, 0, 0, -385, 0, 0, -500, 0, 0, -432, 0, 0]
[0, 0, 0, 0, 0, 0, -1, 0, 0, 0, 0, 0, 0, 0, 0, -8, 0, 0, 0, 0, 0, 0, 0, 0, -17, 0, 0, 0, 0, 0, 0, 0, 0, -40, 0, 0, 0, 0, 0, 0, 0, 0, -50, 0, 0, 0, 0, 0, 0, 0, 0, -96, 0, 0, 0, 0, 0, 0, 0, 0, -104, 0, 0, 0, 0, 0, 0, 0, 0, -176, 0, 0, 0, 0, 0, 0, 0, 0, -170, 0, 0, 0, 0, 0, 0, 0, 0, -280, 0, 0, 0, 0, 0, 0, 0, 0, -273, 0, 0, 0, 0, 0, 0, 0, 0, -400, 0, 0, 0, 0, 0, 0, 0, 0, -362, 0, 0, 0, 0, 0, 0, 0, 0, -560, 0, 0, 0, 0, 0, 0, 0, 0, -520, 0, 0, 0, 0, 0, 0, 0, 0, -736, 0, 0, 0, 0, 0, 0, 0, 0, -601, 0, 0, 0, 0, 0, 0, 0, 0, -936, 0, 0, 0, 0, 0, 0, 0, 0, -850, 0, 0, 0, 0, 0, 0, 0, 0, -1160, 0, 0, 0, 0, 0, 0, 0, 0, -962, 0, 0, 0, 0, 0, 0, 0, 0, -1360, 0, 0, 0, 0, 0, 0, 0, 0, -1248, 0, 0, 0, 0, 0, 0]
[0, -1, 0, 0, 1, 0, 0, 3, 0, 0, -5, 0, 0, 6, 0, 0, -1, 0, 0, 4, 0, 0, -25, 0, 0, -20, 0, 0, 37, 0, 0, 21, 0, 0, 30, 0, 0, -32, 0, 0, 5, 0, 0, -18, 0, 0, -20, 0, 0, -40, 0, 0, -26, 0, 0, 25, 0, 0, 50, 0, 0, 96, 0, 0, -79, 0, 0, 54, 0, 0, -25, 0, 0, 7, 0, 0, -64, 0, 0, -66, 0, 0, 100, 0, 0, -30, 0, 0, 25, 0, 0, 22, 0, 0, -10, 0, 0, -27, 0, 0, 0, 0, 0, -78, 0, 0, -45, 0, 0, 4, 0, 0, 123, 0, 0, 20, 0, 0, -50, 0, 0, 4, 0, 0, 79, 0, 0, 49, 0, 0, 50, 0, 0, 108, 0, 0, -30, 0, 0, -96, 0, 0, -150, 0, 0, -50, 0, 0, -28, 0, 0, -69, 0, 0, -125, 0, 0, 108, 0, 0, 75, 0, 0, -194, 0, 0, 5, 0, 0, 113, 0, 0, 178, 0, 0, 100, 0, 0, 150, 0, 0, 148, 0, 0, 20, 0, 0, -150, 0, 0, 80, 0, 0, -183, 0, 0, -280, 0, 0, 247, 0, 0, -325, 0, 0, -100, 0, 0, -54, 0, 0]
[0, 0, 1, 0, 0, 0, 0, 0, 1, 0, 0, 0, 0, 0, 10, 0, 0, 16, 0, 0, 16, 0, 0, 16, 0, 0, 10, 0, 0, 40, 0, 0, 17, 0, 0, 40, 0, 0, 26, 0, 0, 80, 0, 0, 80, 0, 0, 80, 0, 0, 81, 0, 0, 96, 0, 0, 90, 0, 0, 120, 0, 0, 106, 0, 0, 160, 0, 0, 112, 0, 0, 160, 0, 0, 170, 0, 0, 200, 0, 0, 192, 0, 0, 256, 0, 0, 250, 0, 0, 320, 0, 0, 272, 0, 0, 336, 0, 0, 251, 0, 0, 320, 0, 0, 330, 0, 0, 480, 0, 0, 280, 0, 0, 480, 0, 0, 360, 0, 0, 560, 0, 0, 346, 0, 0, 520, 0, 0, 513, 0, 0, 640, 0, 0, 490, 0, 0, 736, 0, 0, 600, 0, 0, 800, 0, 0, 650, 0, 0, 800, 0, 0, 698, 0, 0, 856, 0, 0, 706, 0, 0, 960, 0, 0, 720, 0, 0, 1056, 0, 0, 816, 0, 0, 1056, 0, 0, 960, 0, 0, 1120, 0, 0, 900, 0, 0, 1200, 0, 0, 1072, 0, 0, 1360, 0, 0, 970, 0, 0, 1376, 0, 0, 1121, 0, 0, 1600, 0, 0, 1330, 0, 0, 1680, 0]
[0, 0, 0, 1, 0, 0, 0, 0, 0, 0, 0, 0, 13, 0, 0, 0, 0, 0, 0, 0, 0, 50, 0, 0, 0, 0, 0, 0, 0, 0, 72, 0, 0, 0, 0, 0, 0, 0, 0, 170, 0, 0, 0, 0, 0, 0, 0, 0, 205, 0, 0, 0, 0, 0, 0, 0, 0, 362, 0, 0, 0, 0, 0, 0, 0, 0, 360, 0, 0, 0, 0, 0, 0, 0, 0, 601, 0, 0, 0, 0, 0, 0, 0, 0, 650, 0, 0, 0, 0, 0, 0, 0, 0, 962, 0, 0, 0, 0, 0, 0, 0, 0, 864, 0, 0, 0, 0, 0, 0, 0, 0, 1370, 0, 0, 0, 0, 0, 0, 0, 0, 1224, 0, 0, 0, 0, 0, 0, 0, 0, 1850, 0, 0, 0, 0, 0, 0, 0, 0, 1584, 0, 0, 0, 0, 0, 0, 0, 0, 2451, 0, 0, 0, 0, 0, 0, 0, 0, 2210, 0, 0, 0, 0, 0, 0, 0, 0, 2880, 0, 0, 0, 0, 0, 0, 0, 0, 2520, 0, 0, 0, 0, 0, 0, 0, 0, 3722, 0, 0, 0, 0, 0, 0, 0, 0, 3277, 0, 0, 0, 0, 0, 0, 0, 0, 4490, 0, 0, 0, 0, 0, 0, 0, 0, 3600]
