26 3 5 18 17
[1, -1, 1, -1, -5, 1, 3, 0, 8, 2, 3, -1, -16, -3, 5, 6, -11, 14, -3, 0, -8, -7, -2, 15, 25, 31, 8, -6, -3, -20, -12, 8, -8, -2, 22, -21, -19, -24, -14, -1, 2, 25, 23, 68, 14, 41, 51, -38, -3, 72, 22, 108, -62, -77, -39, -56, -99, 72, 51, -7, -56, -46, 18, -41, -72, 25, 106, 144, 55, 181, 11, 46, -164, -39, 72, 275, -45, 196, 98, -154, -4, -197, -15, 88, -45, -3, 91, -253, -339, -93, -19, -1, 40, 144, 207, 391, -67, 131, 184, -101, 126, 376, 81, 377, 69, -303, -15, -259, -240, 273, 35, -89, -113, -243, -112, 20, -512, 97, 270, 210, 185, 515, -84, 288, -327, -3, 392, 601, -276, 683, 113, -383, -75, -537, -258, 466, -12, -181, 335, -611, -540, -221, 42, 46, 182, 416, 399, 783, -138, 523, 384, -208, 145, 951, 325, 1023, -358, -751, 105, -745, -605, 456, -57, -227, -437, -645, -166, -75, -966, 232, 747, 668, 291, 1111, 75, 596, -190, -210, 723, 1174, -397, 1138, 235, -928, -331, -669, -152, 492, -403, -461, 588, -1132, -872, -371, -133, 466, 282, 547, 926, 1483, 63, 948, 710, -420, 429, 1792, 607, 1774, -719, -1301, 74]
[0, 0, 0, 0, -1, 0, 1, 0, 2, 0, -1, 0, -1, 0, 0, 0, 0, 0, -2, 0, -1, 0, 0, 0, 1, 0, 3, 0, 2, 0, 5, 0, -4, 0, -6, 0, 2, 0, -2, 0, 0, 0, 0, 0, 5, 0, 3, 0, 0, 0, -4, 0, -7, 0, -5, 0, -9, 0, 5, 0, 2, 0, 6, 0, 17, 0, 0, 0, 0, 0, 5, 0, -2, 0, 0, 0, 2, 0, -11, 0, -3, 0, 2, 0, -1, 0, 3, 0, -16, 0, -10, 0, 0, 0, 0, 0, -17, 0, 6, 0, 0, 0, 9, 0, 30, 0, 5, 0, 23, 0, -7, 0, 0, 0, 2, 0, -20, 0, 0, 0, 0, 0, 2, 0, -16, 0, 0, 0, -6, 0, 8, 0, 17, 0, -38, 0, 12, 0, 15, 0, 7, 0, -13, 0, 0, 0, 0, 0, -1, 0, -8, 0, 0, 0, -11, 0, -22, 0, 11, 0, 5, 0, 10, 0, -10, 0, 20, 0, 11, 0, 0, 0, 0, 0, 5, 0, 39, 0, 0, 0, -4, 0, -13, 0, -45, 0, 14, 0, -22, 0, -4, 0, -7, 0, 66, 0, 0, 0, 0, 0, 36, 0, -18, 0, 0, 0, 15, 0, -21, 0, -22]
[0, 0, 0, 0, 0, 0, 1, 0, -2, 0, 0, 0, 0, 0, 1, 0, 3, 0, -2, 0, 1, 0, -4, 0, -1, 0, 2, 0, 2, 0, 0, 0, -4, 0, 6, 0, 0, 0, 0, 0, -5, 0, -7, 0, 5, 0, -3, 0, 15, 0, 4, 0, -9, 0, -5, 0, 0, 0, 5, 0, -2, 0, 0, 0, 0, 0, 2, 0, -9, 0, 5, 0, 2, 0, -9, 0, -2, 0, 10, 0, -3, 0, 0, 0, -1, 0, -3, 0, 0, 0, 0, 0, 24, 0, 23, 0, -17, 0, -6, 0, -20, 0, -9, 0, 7, 0, 5, 0, 0, 0, -7, 0, 0, 0, 0, 0, 0, 0, -28, 0, 13, 0, 2, 0, 16, 0, 14, 0, 6, 0, -12, 0, 17, 0, 0, 0, 12, 0, -15, 0, 0, 0, 0, 0, -30, 0, -20, 0, -1, 0, 8, 0, 6, 0, 11, 0, -6, 0, 11, 0, 0, 0, 10, 0, 10, 0, 0, 0, 0, 0, 27, 0, -15, 0, 5, 0, -39, 0, 26, 0, 4, 0, -13, 0, -45, 0, 0, 0, -22, 0, 4, 0, 0, 0, 0, 0, 38, 0, -4, 0, 36, 0, 18, 0, -45, 0, -15, 0, 51, 0, -22]
[0, 0, 0, 1, 0, -1, 0, 1, -1, -3, 0, -1, 0, 2, 1, 3, 3, 0, -1, 2, -2, -4, 2, 0, 2, 0, -3, -3, -3, -2, 0, 0, 1, 3, -1, 5, 0, -1, 0, -3, -3, -1, -1, 0, 5, -3, 5, 15, -7, 0, -1, 0, 6, 10, 2, -12, 0, 2, -7, -20, 11, 8, 0, 6, 0, 1, 4, -17, -17, 0, 0, -13, -2, -7, 7, 0, -8, 0, -2, -4, 10, 24, 0, 19, 14, 18, -6, 0, 0, 5, 0, -13, -2, 4, 7, 0, -20, 26, -1, -12, 2, 0, -6, 0, 7, -27, 5, 2, 0, -33, -5, 19, -13, -36, 0, -3, 0, 6, -12, 23, 17, 0, 6, 6, 2, -26, -2, 0, 27, 0, 5, 49, -17, 18, 0, -3, -11, -34, 3, -3, 0, -24, 0, 26, 18, 21, 6, 0, 26, -29, -4, 29, -14, 0, 3, 0, -35, 0, -15, -30, 0, -1, 14, 19, -2, 30, 0, -6, 0, 3, 9, -30, 15, 0, -5, 2, 1, 42, -16, 0, -28, 0, 0, -78, -5, -59, 0, -9, -17, 6, 18, 44, 0, 20, 0, 18, -16, 1, -20, 0, 6, 17, -10, -19, 69, 0, 19, 0, -2, 32, -5]
[0, 0, 0, 0, 0, 0, 0, 0, 0, 0, 0, -1, 1, 0, 1, -2, 0, 1, 0, 0, 0, -1, 0, -2, 5, -3, -1, -2, 5, 0, -4, -2, 3, -1, 3, -4, 4, -6, 3, 0, 0, -3, 1, -3, 7, -9, 2, -4, 11, 1, -7, -9, 11, -6, 2, -12, 19, -8, 0, -6, 5, -8, 1, 2, 12, -26, 9, -7, 22, -12, -4, -4, 15, -13, -2, -30, 25, 4, 8, -8, 3, -16, 3, -13, 36, -33, 1, -14, 30, -11, -13, 0, 29, -18, 5, -52, 40, -24, 23, -10, 15, -8, -9, -28, 42, -40, 6, -26, 51, -16, -20, -20, 64, -22, 2, -59, 47, -39, 3, -8, 24, -12, 8, -32, 53, -73, 37, -30, 64, -27, -46, -36, 88, -10, 8, -100, 68, -34, 8, -36, 53, -43, 23, -26, 76, -101, 7, -8, 81, -41, -56, -44, 81, -42, 58, -116, 107, -38, 8, -50, 14, -9, 16, -51, 99, -130, 14, -42, 145, -39, -51, -70, 113, -50, 14, -102, 125, -54, 7, -85, 49, -70, 65, -68, 130, -160, 16, -33, 149, -7, -90, -68, 147, -86, 0, -195, 195, -60, 37, -66, 40, -91, 40, -5, 171, -204, 8, -72, 150, -66, -40]
[0, 0, 0, 0, -1, 0, 1, 0, 2, 0, 0, 0, -2, -1, 3, 0, -2, -2, 2, 0, -2, -2, 6, -2, 3, -4, 4, 2, 3, 0, 4, 0, 0, -4, 2, 2, -3, -4, 2, -4, 2, 0, 21, -12, 6, 0, 17, -8, 5, -14, 4, -18, -6, 6, 27, 4, -19, 0, 33, -16, -16, 8, 18, -18, -3, -8, 58, 0, 23, -30, 45, 0, -26, -20, 59, -38, -13, -34, 42, 8, 0, 16, 24, 0, 17, -30, 33, 14, -55, -36, 12, -16, 20, 0, 97, -50, 7, 0, 62, -48, 30, -62, 51, -58, 23, 20, 105, 26, -32, 0, 93, -54, -13, 22, 44, -60, -74, -27, 146, 0, 31, -86, 138, 0, -59, -74, 208, -98, -50, -108, 96, 36, 47, 36, 30, 0, 24, -84, 117, 36, -90, -94, 66, -38, 87, 0, 232, -138, 36, 0, 76, -88, 57, -150, 139, -144, -20, 38, 231, 50, -143, 0, 274, -104, -77, 50, 94, -110, -130, -64, 279, 0, 105, -176, 305, 0, -16, -136, 330, -184, -145, -190, 249, 68, 15, 48, 132, 0, 51, -158, 128, 68, -162, -140, 160, -90, 144, 0, 478, -242, 15, 0, 194, -164, 171, -250, 229, -288, -70, 86, 398]
[0, 0, 0, 0, 0, 0, 1, 0, -1, 0, -1, -1, 2, 1, 0, 0, 2, 3, -2, 2, 0, -1, -1, -3, -4, 4, 5, 1, 2, 0, 7, -2, 4, 0, -1, 2, -3, -1, 2, 5, 3, 0, -1, 3, 1, 8, -1, 6, 7, -3, 7, 3, 3, 3, -1, 6, -1, 4, 5, -1, 15, 4, 4, 3, -1, 7, 1, 14, -2, -3, 13, 2, 14, 0, 4, 21, 4, 2, -1, 4, 9, 8, 5, 6, -5, 21, 12, 7, 21, 16, 15, 0, 19, 4, 16, 19, 11, -8, -1, 9, 15, 18, 24, -3, -3, 20, 17, 13, 4, 24, 17, 15, -13, 11, 18, 34, 17, 3, 4, -4, 40, 11, 18, 12, 26, 39, 4, 23, 31, 24, 48, 18, 21, 5, -3, 52, 4, 20, 21, 18, 42, 21, -5, 0, 12, 56, 13, -9, 15, 32, 64, 24, 26, 21, -11, 61, 15, 19, 27, 25, 72, 4, 42, 25, 30, 65, 45, 13, 24, 47, 75, 22, 21, 39, 33, 46, -9, 34, 43, 15, 80, -6, -13, 34, 31, 80, 40, 12, 42, 9, 86, 34, -22, 26, 74, 113, 21, 28, 28, 65, 96, 56, 26, 2, 27, 106, 37, 66, 103, 33, 58]
[0, 0, 0, 0, 0, 0, 1, 0, -1, 0, 0, 0, 1, 0, 1, 0, 4, 0, -1, 0, 3, 0, -2, 0, 2, 0, 4, 0, 6, 0, 4, 0, 2, 0, 6, 0, 8, 0, 3, 0, 6, 0, -1, 0, 15, 0, 2, 0, 25, 0, 10, 0, 8, 0, 3, 0, 15, 0, 12, 0, 24, 0, 9, 0, 24, 0, 11, 0, 18, 0, 17, 0, 35, 0, 6, 0, 31, 0, 20, 0, 34, 0, 15, 0, 41, 0, 16, 0, 42, 0, 23, 0, 67, 0, 37, 0, 39, 0, 14, 0, 45, 0, 24, 0, 66, 0, 30, 0, 75, 0, 26, 0, 61, 0, 34, 0, 75, 0, 11, 0, 104, 0, 36, 0, 99, 0, 45, 0, 91, 0, 41, 0, 122, 0, 36, 0, 111, 0, 38, 0, 117, 0, 39, 0, 100, 0, 33, 0, 122, 0, 76, 0, 133, 0, 50, 0, 144, 0, 66, 0, 150, 0, 76, 0, 159, 0, 66, 0, 169, 0, 99, 0, 155, 0, 80, 0, 133, 0, 93, 0, 225, 0, 52, 0, 146, 0, 88, 0, 180, 0, 104, 0, 211, 0, 96, 0, 237, 0, 93, 0, 270, 0, 100, 0, 225, 0, 86, 0, 271, 0, 103]
[0, 0, 0, 0, 0, 0, 1, 0, -1, 0, 0, 0, 0, 0, 2, 2, 0, 0, 1, 4, -1, -2, 0, 0, -1, 0, 1, 4, 7, 0, 0, 6, 9, -4, -1, 4, 0, -4, 0, 2, 2, 12, 2, 0, 16, 18, -8, -8, 14, 0, -9, 0, 1, 12, 23, 8, 0, 28, 26, -16, -19, 16, 0, -18, 0, 8, 22, 36, 16, 0, 41, 36, -26, -20, 16, 0, -26, 0, 18, 16, 45, 32, 0, 56, 59, -30, -35, 28, 0, -36, 0, 16, 38, 72, 50, 0, 73, 68, -41, -48, 28, 0, -57, 0, 26, 40, 92, 52, 0, 92, 84, -54, -45, 44, 0, -60, 0, 30, 26, 110, 64, 0, 120, 128, -58, -74, 78, 0, -67, 0, 19, 72, 154, 72, 0, 154, 133, -84, -94, 72, 0, -94, 0, 42, 76, 164, 66, 0, 169, 170, -106, -88, 76, 0, -82, 0, 51, 76, 192, 100, 0, 200, 240, -104, -106, 100, 0, -110, 0, 44, 114, 240, 98, 0, 258, 230, -132, -136, 122, 0, -158, 0, 55, 136, 252, 96, 0, 264, 273, -158, -148, 136, 0, -140, 0, 68, 152, 296, 150, 0, 304, 352, -156, -164, 150, 0, -174, 0, 87, 172, 353]
[0, 0, 0, 0, 0, 0, 0, -1, 1, 1, 1, -1, -4, 3, 1, 2, -4, 0, 0, 0, 1, 2, -1, -3, 4, 4, -4, 0, -5, 7, -2, 2, -3, -3, 2, 4, 0, -1, 3, 2, -5, 3, -8, 9, -7, 9, 6, -3, -6, 0, -3, 15, -16, 1, -2, 17, -15, 8, 0, 18, -18, 2, 3, 0, -22, 21, 6, 7, -2, 9, 4, 4, -37, 7, -15, 34, -7, -7, 6, 23, -3, 2, 1, 13, -36, 24, -10, 19, -47, 27, 31, 0, -48, 18, -11, 34, -40, 24, 5, 30, -1, 18, -42, 9, -17, 45, -6, 2, -32, 16, 20, 11, -35, 30, -10, 71, -76, 22, -5, 8, -4, 14, -8, 32, -83, 104, -19, 47, -61, 24, 11, 10, -88, -2, -25, 100, -68, 74, -2, 30, -68, 66, 35, 13, -90, 101, -13, 2, -81, 41, 36, 19, -79, 24, -50, 124, -80, 66, -8, 55, -21, 9, -16, 31, -113, 123, -9, 32, -174, 63, 78, 70, -110, 51, -14, 102, -113, 26, -41, 69, -11, 69, -39, 70, -130, 191, -2, 33, -149, 12, 64, 53, -100, 32, -31, 183, -211, 60, -55, 113, -40, 91, 28, 23, -186, 208, -34, 102, -208, 36, 40]
[0, 0, 0, 0, 0, 0, 1, 0, -2, 0, 0, 0, 0, -1, 2, 0, 4, -2, -1, 0, 2, -2, -2, -2, 1, -4, 1, 2, 6, 0, -4, 0, 2, -4, 5, 2, 0, -4, -6, -4, 7, 0, 0, -12, 15, 0, -6, -8, 32, -14, 1, -18, 1, 6, 3, 4, -1, 0, 12, -16, 5, 8, -14, -18, -2, -8, 22, 0, 26, -30, 17, 0, 9, -20, 14, -38, 5, -34, 14, 8, 34, 16, -24, 0, 41, -30, -19, 14, -5, -36, -28, -16, 86, 0, 62, -50, 39, 0, -27, -48, 59, -62, -33, -58, 45, 20, 30, 26, -4, 0, 26, -54, 16, 22, -52, -60, 0, -27, 24, 0, 136, -86, 36, 0, 41, -74, 84, -98, 24, -108, -3, 36, 122, 36, -58, 0, 111, -84, -56, 36, 0, -94, -70, -38, 138, 0, 66, -138, 122, 0, -30, -88, 171, -150, -32, -144, 93, 38, 66, 50, -7, 0, 76, -104, 53, 50, -106, -110, -22, -64, 156, 0, 204, -176, 80, 0, 1, -136, 154, -184, 67, -190, -11, 68, 146, 48, -140, 0, 180, -158, -44, 68, -16, -140, -144, -90, 313, 0, 168, -242, 270, 0, -56, -164, 300, -250, -88, -288, 185, 86, 103]
[0, 0, 0, 0, 0, 0, 0, 1, -1, -1, 1, 1, 2, -2, 1, 0, -3, 2, 0, 2, 1, -2, 1, 2, 3, 3, -3, 3, 0, -7, 1, -2, 8, 4, 3, 2, -1, 6, -2, 3, 4, 0, -2, -3, -4, 8, 6, 13, -4, -4, 9, -3, 8, 8, 4, 1, 5, 4, 0, -13, 15, 10, 4, 1, -3, 12, 5, 14, 5, 0, 8, 2, 4, 6, 11, 17, -6, 5, 11, -11, 12, 22, 7, 6, -4, 30, -3, 2, 11, 0, 21, 0, 5, 4, 23, 37, 28, -8, -9, -11, 33, 8, 3, 16, -2, 15, 12, 37, 0, 24, 24, 24, -3, 3, 14, 22, 31, 20, -8, -4, 49, 9, 16, 12, 22, 8, 2, 6, 23, 27, 44, 44, 4, 17, 31, 52, -8, -20, 12, 24, 42, -2, 21, 13, 38, 56, 19, -3, 16, 32, 64, 49, 4, 39, 6, 53, 27, -9, 16, 20, 52, 4, 32, 45, 28, 72, 7, 23, -4, 23, 84, 22, 24, 38, 28, 46, 18, 62, 27, 31, 68, -5, 0, 32, 76, 49, 32, 12, 64, 4, 126, 49, 18, 80, 22, 125, -19, 28, 8, 18, 60, 56, 24, -16, 60, 102, 60, 36, 44, 63, 80]
[0, 0, 0, 0, 0, 1, -1, 0, -1, 1, 1, -1, 2, -1, -2, -1, 4, 2, 4, -4, 0, -1, 1, 2, -4, 3, 1, -1, 0, 7, 1, 4, -2, 0, -1, 2, -1, -1, -2, 8, 7, 4, 7, -3, -3, 4, -1, 6, 3, -4, 7, -3, 9, -2, 5, 11, 5, 2, 9, -1, 15, -2, 4, 3, -3, 6, -5, 10, 0, 0, 3, 15, 14, 0, 6, 17, 4, 5, 5, 19, 15, -6, 7, -12, -3, 21, 12, 12, 11, 16, 21, 0, 9, 10, -14, 37, 25, 6, -1, 9, 17, 8, 24, 16, -15, 25, -3, -11, 0, 25, 41, 15, -13, 19, 14, 34, 31, 10, 44, -11, 18, 9, 2, 14, 26, 39, -8, 6, 31, 27, 46, -8, 13, -7, 31, 51, 38, 20, 21, 12, 42, 21, 21, -13, 16, 24, 27, -3, 1, 38, 64, 24, 42, 39, -11, 53, 19, 47, 35, 30, 52, 6, -6, 25, 30, 58, 7, 13, -4, 57, 39, 78, 33, 38, 33, 54, -9, 34, 33, 31, 80, -5, 13, 36, 35, 111, 32, 30, 28, 9, 86, 19, 18, 26, 22, 121, 23, 31, 52, 18, 92, 18, 26, 2, 39, 102, 37, 36, 89, 3, 112]
[0, 0, 1, 0, 0, -1, -1, 0, 0, -1, 1, 0, -3, 2, -2, 1, 4, 1, 0, 6, 0, 0, 1, -5, 0, 1, 1, 2, -1, -7, -6, -6, -7, 0, 0, 0, 4, 0, 6, -3, 5, -4, 7, 6, 16, 4, 0, 0, -5, 1, 0, 6, -12, 5, -9, -5, 4, 2, -4, 0, 0, 6, 4, 0, -10, 1, -15, 4, -20, -3, -17, -13, 0, 0, 17, 4, 0, -3, 18, -15, 21, 14, 4, 18, 19, 0, 0, -5, -17, 0, 18, 0, 19, -6, 6, -18, 1, -14, 0, 0, -14, 10, 0, -19, -5, -5, -10, 24, 19, -1, 6, 0, 0, -8, -8, 0, -29, -7, 2, 7, -20, 2, -62, -2, 0, 0, -18, 17, 0, -3, 20, 26, 2, 12, -17, 1, 53, 0, 0, 6, -15, 0, 58, 13, 14, 32, 6, -6, 41, -6, 0, 0, -2, -18, 0, 8, -34, -28, -14, -5, -7, -2, -27, 0, 0, 7, 5, 0, -29, -10, -27, -56, -3, 1, 30, -8, 0, 0, 34, -16, 0, -1, 39, -2, -28, -31, 14, -18, -55, 0, 0, 15, 47, 0, -31, -8, 16, -3, 18, 47, 48, 38, 0, 0, 15, 4, 0, 30, -43, 30, 57]
[0, 0, 0, 0, 0, 0, 1, -1, -1, 0, 1, -1, -3, 2, 0, 4, -2, 0, -1, 1, 1, -2, -5, -2, -4, 8, -2, -2, -4, 0, 6, 3, 0, -10, -4, 2, 0, -4, 0, -2, -6, 6, -21, 8, -1, 22, -8, -9, -9, -8, -1, 18, -24, -6, 1, 12, -23, 18, 12, -9, -20, -8, 6, -35, -20, 36, -19, 21, -32, 10, 29, 9, -57, -20, -33, 64, -47, -20, -6, -8, 34, -16, 4, 29, -33, 18, -50, -14, -40, -18, 62, -33, -57, 38, -24, 88, -27, 44, -81, -47, -15, 14, -90, 22, -40, 20, 24, -26, -33, 44, 78, -62, -141, -22, 4, 44, -57, 8, -76, 14, 2, 4, 28, 70, -143, 68, -116, 54, -143, 32, 60, -36, -52, -88, -19, 226, -29, -40, -124, -36, -15, -58, 20, -37, -184, 230, -100, -40, -32, 98, 12, -89, -157, 36, -244, 230, -136, -38, 58, -50, 104, 20, 60, -101, -245, 110, 3, -133, -207, 12, 93, 151, -227, 68, 66, 227, -339, -158, -128, 108, -75, 72, -181, -68, -76, 176, 18, 72, -86, -288, 44, -68, -113, -136, 17, 284, -399, 134, -248, 126, 220, 210, -216, -298, -369, 398, -252, 112, -219, -126, 223]
[0, 0, 1, 0, -1, 0, 0, 0, -1, 0, 3, -1, -4, 1, 1, -1, 6, 4, 7, -3, -2, 1, 9, -9, -3, 6, 4, 5, 5, 0, -9, -5, 8, -7, -1, 0, 10, 9, -8, 6, -1, 0, 46, -8, 25, -20, 34, 24, 10, -29, -14, 12, -7, 15, 20, -10, 12, 12, 64, -32, -41, 20, 50, 10, -44, -20, 59, 56, 11, -43, 20, -20, 10, -14, 91, -49, -17, 32, 81, 20, -21, 40, 57, -4, 94, -69, 43, 35, -14, 26, -41, 23, 67, 2, 115, -73, 68, -3, 128, 4, -53, -64, 81, -23, 8, 0, 106, 65, 8, 72, 68, -24, 58, 55, 62, -165, -21, 31, 206, 93, -99, -42, 94, 32, 3, -179, 312, -15, 45, -53, 18, 90, 130, 155, 43, -117, 120, -1, 188, 90, -132, 11, 205, -25, 155, -159, 299, -13, 111, 144, -84, 12, 119, -111, 350, -321, 27, 95, 340, 125, -299, 217, 273, -7, 7, -75, 123, -174, 74, 82, 60, 107, 184, -49, 444, -63, 29, -82, 459, 26, -375, -244, 522, 170, 104, -160, 260, 81, 61, 147, -70, 170, -84, 31, 290, -358, 455, -2, 714, -45, -219, 221, 264, 89, 300, -526, 396, -154, 115, 265, 400]
[0, 0, 0, 0, 1, 0, -4, 1, 4, 0, -3, 0, 9, -2, -8, -3, 4, 2, -6, 4, 6, -1, 7, -3, 8, -12, 4, 11, -16, 0, -3, 10, 0, -7, 6, -4, 10, -5, 1, 8, 7, 24, 27, -16, -56, -22, 56, -3, -19, 1, 20, -12, 72, 33, -100, -38, 79, 54, -118, -65, 128, 44, 37, 7, 30, -90, -86, 101, 35, -41, -236, 67, 316, -60, -27, -177, 244, 90, -67, 44, -286, 88, 66, 97, -96, -255, 244, 77, 204, -82, -160, 120, 62, 136, -190, -253, -148, 125, 366, -83, -94, -68, 456, -37, 23, -40, -394, 143, 123, 224, -610, -140, 644, 121, 144, -515, 256, 56, -111, 401, -245, -6, -516, 258, 764, -619, -135, -77, 754, -79, -334, 198, -430, 393, 203, -185, -446, -237, 656, 198, 53, -247, 124, 124, 339, -211, -250, 167, -530, 410, 166, -211, 236, -123, 1034, -761, 310, 209, -846, 275, -291, 771, -1028, -266, 1302, -325, 289, -371, 863, 94, -1203, 492, 345, -119, -1126, 104, 1536, -372, -470, -98, 838, -254, 321, 374, -546, -576, 376, 711, -780, 87, 194, 374, 347, -337, 482, -964, 778, 576, -393, -191, -1936, 773, 1024, 45, 615, -1294, 1328, -254, 559, 623, -2142]
[0, -1, 1, -1, -1, 1, -1, 1, 3, 4, 3, 2, -1, -7, -9, 2, -4, 4, 6, -7, -5, -3, -10, 5, -2, 11, 12, 14, -8, -6, 6, -5, 8, 10, -4, 5, 7, -8, 1, -9, 0, 1, -3, 8, 1, 9, -22, -21, -65, 2, 14, 18, -3, -15, -17, 10, -1, 18, 38, 14, 12, 38, 31, -10, 6, 13, -77, 79, -70, 31, -1, -25, -41, 7, -39, 85, -27, 26, 16, -28, 32, -33, 42, -21, -19, 45, 0, -75, -20, -53, 94, -30, -97, 2, -81, 141, 27, -9, -64, -34, -64, 66, 12, 87, -42, -33, -28, 5, 41, 101, 92, 13, -113, 37, 70, 94, 15, 57, -41, -12, -118, 85, -82, 38, -103, 75, -187, 111, -143, 143, 90, -3, -70, -155, 74, 184, 3, -73, -66, -191, 87, -77, 147, -25, -158, 116, -158, 93, -60, 199, 86, -31, -193, 201, -168, 303, -184, -239, 92, -135, 162, 58, -79, -24, -173, 21, 112, 142, -61, 100, -129, 199, -255, 231, 88, 159, -105, 56, -100, 254, -47, 188, -92, -108, -74, 81, 212, -30, -194, -159, 78, -346, 101, -63, 197, 310, -456, -31, -235, 273, 94, 272, -124, -112, -393, 542, -146, 334, -303, -349, 247]
