25 2 4 16 15
[1, 0, -4, 4, 2, -4, -5, 5, -3, -2, 2, 5, 0, -4, 2, 0, 1, -1, 0, -5, 1, -3, 2, -5, -4, 0, 3, -7, 1, -3, -6, -4, 1, 4, -1, 1, 4, -4, 1, 9, 0, 3, -1, 5, 4, 2, -19, 17, -29, 1, -7, -13, -28, 10, -34, 11, 9, 0, 2, 0, -20, 26, 4, -6, 32, 3, -5, 7, 14, -9, -6, -21, 8, -26, -18, -22, -17, -22, 17, -5, 5, -12, 5, 8, 6, 21, 22, -16, 10, 35, -11, 2, -7, -1, -24, -8, -25, 1, -52, -10, 17, -17, -47, 1, -32, -4, -6, 6, 5, 1, -4, 51, 17, 13, 31, -21, -13, 25, -13, -18, -13, 3, 29, -41, -30, 12, -26, -43, 36, -25, -20, -22, 2, 13, -6, -13, 68, 6, -69, 57, 6, -9, 14, 25, -30, 11, -53, 17, -51, -13, -9, 9, -56, -1, -36, 5, -52, 17, -8, -17, -16, 46, -88, 15, 60, 6, 0, 25, 7, -3, -16, -25, 66, -53, -27, 3, -19, -91, 68, -2, -19, -47, 5, 39, -3, -19, 27, 16, 5, 34, -23, 8, -4, 27, 28, -2, -52, 20, -103, -23, 3, -29, -106, 46, -94, -18, 6, 2, -1, -4, -12]
[0, 0, 0, 0, 0, 0, -1, 0, 0, 0, 0, 0, 0, 0, 0, -1, 0, 0, -1, -1, 0, 0, -1, 0, -1, 0, 0, -1, -1, 0, -1, 2, -1, -1, -1, -1, -1, -1, -1, -1, 1, -1, -2, 1, 1, -2, -2, 1, -2, 1, -2, -3, 0, 0, -4, 0, -1, 0, -1, -1, -2, -1, -1, -2, -2, 1, -3, 0, 0, -1, -1, -1, -2, -1, -2, -2, 0, 0, -2, 2, -2, -5, -3, 0, -1, 2, -2, -3, 0, 0, -8, 1, 0, -6, -4, 1, -1, -3, -2, -5, -1, 2, -6, 0, 1, -2, -2, -1, -4, -1, -3, -1, 0, 0, -4, -1, 0, -4, -4, -2, -4, 1, -2, -1, -1, 2, -8, 0, -3, -7, -3, -1, -3, 0, -4, -6, -2, 3, -8, 2, 0, -5, -4, 2, -6, -2, -4, -5, 1, 2, -6, 1, -2, -8, -4, -1, -2, 0, -5, -4, -3, 0, -13, 0, -2, -3, -5, -1, -2, 5, -6, -10, 1, -2, -6, -1, -4, -5, -3, -2, -4, -2, -2, -5, -2, 2, -10, 2, 0, -10, -3, 0, -6, 1, -6, -3, -1, 1, -15, -2, -3, -5, -2, 3, -4, -2, -3, -11, -1, 2, -9]
[0, 0, 0, 0, 0, 0, 0, -1, 0, 0, 1, 0, 0, -1, 0, 0, 0, 0, 0, 0, -2, 0, 0, 0, 0, -1, 0, 1, 2, -2, -1, -3, 2, -1, 1, -1, 0, 0, 0, -2, 0, 0, 0, -2, -1, 3, 0, -2, 0, -2, 2, 1, -3, -4, 3, -2, 1, -3, 1, -1, -2, -2, -1, 2, 5, -4, 0, -3, 0, -1, 1, -2, 1, -2, 0, -1, -3, -2, -3, -2, 6, 5, 3, -1, -6, -4, 1, -3, 0, -5, 4, -6, 0, 2, -1, -5, 0, 0, -1, 4, -2, -7, 4, -4, -1, -3, 4, -1, -1, -2, 0, -5, 3, -3, -3, -3, 2, 1, 5, 2, -2, -6, -2, -1, -3, -7, 6, -6, 6, 0, -3, -6, -6, -6, 5, 2, 6, -7, -2, -6, 1, 0, 3, -11, 5, -1, 2, 2, -4, -8, 0, -4, 2, 8, 0, -5, -15, -5, 2, 0, 8, -5, 7, -8, 0, -1, 1, -8, -5, -17, 5, 6, -2, -3, -1, -3, 7, -2, 2, -6, -2, -4, -3, -1, 7, -7, -3, -8, 1, 11, -4, -7, -1, -7, 4, -10, 0, -10, 14, -5, 6, -3, 2, -10, -7, -7, 0, 8, 4, -12, 0]
[0, 0, -1, 1, 1, -1, 0, 1, 0, -1, 0, 0, 0, -1, 0, 0, 0, 0, 0, 0, 1, 0, 0, 0, 0, 2, 1, 2, -3, -1, 1, -2, -1, 0, 0, 0, 0, -1, 2, -1, -1, 1, 0, -1, 0, -1, 1, 2, 1, 1, -2, -2, 0, 2, -1, 2, 2, -3, 0, 3, -2, 1, 1, 0, 2, 1, -2, 0, 1, 2, -2, -2, -3, -1, -2, -6, 0, -2, 3, -1, -1, 4, 3, 0, 1, 3, -3, 1, 0, -1, 4, 1, 0, 4, -2, -1, 0, -4, -2, 0, 5, 1, 2, -5, -1, 1, 0, 0, 0, 1, 2, 2, 3, -1, 1, -4, -3, 0, -5, -4, 3, 0, 4, -2, -1, 2, -2, 0, 0, 3, -3, -2, 2, 0, -4, 2, 1, -2, -5, 2, -1, 2, 0, 0, -2, 4, 0, 4, 6, 3, 1, 5, 3, -2, 2, -1, -4, -1, 0, -5, -6, -1, -6, 7, -3, -2, 5, 0, -1, 2, 0, 4, 1, 1, 3, 2, -2, -7, 8, 5, -3, -10, -3, 0, -1, -6, 1, 0, 1, -3, -4, -2, 0, 1, 16, -1, 0, -3, 0, -3, 1, 0, -8, 3, 0, -1, 6, 4, 0, -2, 3]
[0, 0, 0, 0, 0, -1, 0, 0, 0, 0, 0, -1, 0, -1, 0, 0, 0, -1, 0, -1, 0, -1, -1, -1, -1, -1, 0, -1, -1, -2, 2, -1, -1, -1, -1, -2, 1, -2, 1, -2, -2, -3, 1, -3, 0, -3, 0, -1, 0, -1, 0, -4, -1, -3, 2, -3, -2, -3, -2, -4, 0, -2, -1, -2, -1, -3, 1, -4, 0, -2, -1, -3, 1, -4, 0, -5, -1, -4, 3, -5, -4, -3, 1, -5, 2, -4, -3, -2, -4, -5, 2, -4, -2, -3, -2, -3, -1, -8, -1, -7, -1, -3, 2, -5, -4, -3, 1, -7, 3, -5, -1, -5, -2, -8, 3, -6, -2, -6, -1, -8, 2, -8, -1, -5, -2, -4, 4, -7, -6, -3, -2, -8, 2, -5, -1, -4, -5, -9, 3, -7, -1, -6, 0, -9, 0, -9, -1, -7, -2, -7, 2, -9, -4, -9, -2, -8, 2, -9, -1, -8, -5, -7, 5, -4, -4, -11, -3, -5, 0, -8, -4, -4, 0, -9, 7, -10, -8, -8, 0, -8, 3, -13, -2, -12, -6, -12, 9, -13, -2, -9, -1, -8, -2, -8, 1, -9, -2, -9, 4, -12, -8, -8, -1, -6, 2, -9, -1, -7, -8, -11, 6]
[0, 0, 0, 1, 0, -1, -1, 0, 0, 1, 2, 1, 0, -1, 0, 0, 2, 1, -1, 0, -1, 0, -1, 1, 0, 1, 1, 2, 1, 1, 1, -1, 1, 2, 0, 1, -1, 1, 1, -2, 1, 0, 0, 1, 1, 5, 2, 4, 0, 1, 0, 3, -2, -2, 1, 1, 3, -2, -1, 2, -8, 2, 1, 4, 10, 1, -3, 1, 5, 4, -1, 2, 1, 2, 1, 1, -3, 2, -1, -1, 8, 10, 8, 3, -7, 4, -2, 0, 4, -2, 3, -1, -2, 4, -4, 0, -2, 0, 0, 9, 5, -2, 2, -1, 2, 2, 7, 3, -2, 8, 3, 4, 8, 4, -4, 0, 5, 6, 1, 6, -1, 2, -1, 4, -4, 1, 4, 1, 7, 7, -5, -2, -6, 0, 6, 9, 13, 0, -10, 5, 4, 10, 4, -4, 4, 7, 3, 10, -2, 0, -6, 5, 6, 14, 4, 4, -22, 2, 11, 1, 14, 0, -4, 3, -2, 8, 1, 6, -4, -6, 8, 12, 5, 6, -3, 3, 13, 6, 11, 5, -10, -1, -4, 6, 14, -3, -10, 5, 4, 14, -7, 7, 4, 9, 14, 2, 1, -1, 10, 6, 11, 7, 3, 5, -9, 4, 7, 19, 10, -3, -3]
[0, 0, 0, 0, 1, -1, -1, 0, 0, 1, 1, 0, 0, -1, -1, 1, 0, 1, 0, -1, 0, 1, -2, 1, -2, -1, 2, 1, 1, -2, 1, 2, 0, 0, 0, -2, -1, -1, 2, 0, -1, -1, 0, 0, 2, 0, -1, 3, -1, 4, 3, -4, -2, -3, -1, 2, -1, 0, -2, -3, -1, 4, 1, 0, 4, 0, 2, -4, 0, 2, -2, -3, 4, -2, 2, -2, -2, 0, 2, 3, -1, 0, 0, 4, -1, 4, -4, 1, 0, 0, -4, -1, -1, 0, -4, 3, 3, -4, -2, -4, -2, 4, 2, 3, 0, 0, 4, 0, 1, -1, -2, -1, 3, -1, -2, 0, 3, 1, 0, -2, 3, 0, -4, 6, -6, 3, 4, -2, -5, -1, 0, -3, 0, -2, 4, 0, 2, -2, -5, -3, 7, -2, 10, 0, 0, -1, 0, -3, 2, 2, 1, 0, -1, -1, 0, -4, -3, 0, -1, 5, -2, -2, -6, 7, -1, 0, -5, 3, 0, 2, -5, 2, 6, -1, 10, -1, -4, -1, 1, 2, -1, -5, 0, -6, 1, 1, 3, 0, 1, 0, 1, 2, -10, 0, 3, -2, 1, 3, 2, -2, -6, 4, 7, 6, 0, -1, 3, 0, 1, 2, 4]
[0, 0, 0, 0, 0, 1, 0, -1, 0, 0, 1, 0, 1, 0, 1, 0, -1, 0, 1, 0, -2, 2, 1, 1, 1, 0, 1, 2, 1, -2, -1, 1, 2, -1, 2, -2, 2, 0, 0, 1, 2, 2, 1, 0, 1, 4, -2, -1, 1, 0, 3, 1, -2, 0, 4, 0, -1, 3, 5, 0, 4, -3, 0, 4, -2, -1, 5, 0, -1, 2, 5, -1, 2, -1, 0, 2, 0, 0, 2, 6, 3, 3, 0, 1, 0, 0, 6, 0, 0, 0, 3, -2, 4, 2, 1, -1, 7, 3, 0, 5, -5, -1, 8, 0, 1, 2, 6, 1, 2, -2, 1, 2, 2, 0, 6, 1, 1, 5, 9, 2, 0, -1, 2, 7, 0, 0, 6, -2, 3, -1, 2, -1, 1, -1, 6, 4, 0, 4, 7, 1, 1, 2, 3, -2, 7, 0, 4, 5, 1, 1, 13, 4, 1, 8, 0, 1, 1, 1, -3, 10, 1, 2, 12, -4, 3, 7, 4, -8, 3, -4, 4, 6, -1, 1, 9, 1, 2, 4, 3, -4, 12, 2, 5, 10, 2, 5, 7, 0, 5, 10, 5, -2, 3, -2, 1, 0, 3, -1, 17, -1, 4, 5, 9, -3, 4, -4, 3, 7, 3, 0, 9]
[0, 0, 0, -1, 1, 0, 1, 0, 1, -1, -1, -1, 0, 0, 0, 0, 0, 0, 1, 0, 3, -1, 1, -1, 0, -1, 1, -2, 2, -2, 1, -1, 2, -3, 2, -1, 2, -1, 3, -1, 1, -1, 1, -2, 2, -7, 3, -3, 3, 0, 4, -6, 6, -1, 1, -1, 3, -4, 2, -2, 8, 1, 3, -6, 3, -2, 2, -4, 2, -6, 2, -3, 4, -3, 5, -6, 8, -4, 2, -2, 1, -9, 1, -1, 7, -4, 3, -2, 3, -1, 1, -1, 9, -4, 8, 0, 5, -3, 5, -14, 6, 2, 1, 0, 7, -7, 1, -2, 7, -7, 3, -12, 4, -6, 2, -1, 9, -11, 5, -6, 10, -6, 7, -10, 12, -3, 2, -3, 6, -8, 11, -1, 9, -3, 4, -12, 5, -7, 9, -9, 11, -14, 10, -2, 4, -5, 7, -15, 16, -2, 4, -8, 10, -17, 4, -9, 20, -4, 4, -9, 5, -3, 7, 1, 15, -19, 9, -4, 8, 0, 4, -13, 13, -7, 9, -3, 3, -15, 3, -3, 12, -4, 10, -20, 9, -2, 14, -10, 12, -15, 15, -9, 2, -10, 6, -14, 14, -2, -5, -8, 8, -14, 9, -5, 17, -3, 8, -20, 12, -4, 7]
[0, 0, 0, -1, 1, 2, -1, -2, 0, 0, 0, 2, 1, 0, -1, -3, -2, 3, 2, -1, -1, 2, 0, -1, 0, -1, 0, 1, 3, 0, 1, -1, -4, -2, 1, 1, 0, 0, -1, -1, 1, -1, 1, 6, -2, 1, 1, -2, 0, 0, -3, 0, 1, -5, -1, 0, 2, 2, -1, 4, 2, 0, 4, -2, 5, 0, 0, -4, -8, 1, -2, -6, 1, -2, 0, 8, 0, -2, 1, 3, 2, 2, -2, 9, -6, -3, 1, -6, 2, -5, 1, 0, 0, 0, 1, 3, 4, 1, 3, 0, -1, 0, -2, 1, 0, -7, -5, 12, -6, -3, 0, -5, -3, 7, 3, 0, 8, 0, -6, 6, -3, 0, 3, 4, 0, -9, 0, 2, 4, -9, -1, 2, 4, -3, -4, -8, -3, 2, 0, -3, 6, 5, -1, 0, 1, 6, -1, 2, 4, 0, 4, 0, -4, 3, 2, -11, -1, 4, 4, 9, 0, -3, -4, -9, -1, 6, 4, -13, -2, 0, 1, -6, -3, -6, 0, 14, 0, 2, 1, -5, 0, 11, -2, 1, -1, 14, -4, -2, 0, 13, 4, -14, -3, -6, 0, 2, -6, -4, -4, 0, -7, 0, 3, -11, 8, -2, 8, 0, -1, 4, -1]
[0, -1, 1, 0, 0, 0, 2, -1, 0, 0, 0, 0, -3, 1, -1, -1, -1, 3, -2, 2, 1, 1, 0, -1, 1, 3, -2, 1, 3, -2, -1, 0, 1, 0, -2, -3, -1, -2, -1, 1, -3, 0, 2, -2, 0, -1, 3, -1, 6, -1, 4, 0, 2, 0, 3, 2, -2, -4, -5, 1, 4, 3, -1, 0, 2, 0, -2, -4, -1, -4, -3, 3, 1, -3, 3, 1, 3, -2, -4, -3, -5, -4, 3, 8, -5, -1, -1, 9, 0, 1, 2, -1, -4, 7, 4, 1, -7, 8, 2, 0, -7, 2, -4, 3, -1, 3, 1, 3, -4, 6, 0, -3, 2, -7, -3, 5, 8, -1, 5, -2, 4, -7, -11, -12, -9, -8, 6, -6, -4, 7, 5, 2, 2, -2, 6, -1, 1, -2, 7, -5, 12, 5, 0, 0, 0, -3, -1, -1, 2, 6, -12, -6, 4, -1, 0, 0, 6, 0, 12, 0, 5, -1, 9, 8, 2, -8, -7, -4, -1, -3, 3, 2, 0, 0, -9, -2, 0, -2, -9, -4, -4, -1, 1, -4, 4, 3, 2, 4, -11, 3, -2, 0, 0, 1, -11, 3, -6, 2, 2, 7, 1, 6, -1, 2, 10, 8, -14, 0, -3, -2, -2]
[0, 0, 0, 1, -1, -1, 0, 1, -2, 0, 2, -1, 2, -1, 0, 1, 1, -5, 2, -1, -1, -2, 0, 1, 3, -4, 2, -2, 0, 1, -1, 0, 2, -2, 0, -1, 0, -2, 0, -1, 0, 0, 2, -4, 1, 5, -2, -1, -2, -4, 3, 1, -4, -1, 4, -5, -3, 3, 5, -8, 0, -6, 3, 0, -7, -5, 6, 0, 4, 0, 3, -3, 1, 0, 0, -4, -2, 0, 4, -3, 3, 0, -1, -12, 8, -3, 5, -8, -2, 0, 7, -6, 0, -8, -1, -10, 7, -1, -3, 0, 2, -16, 12, -7, -3, 1, 7, -15, 15, -4, -4, 6, -3, -1, 13, -6, -9, 1, 6, -6, -3, -2, -6, 2, -2, -3, 12, -7, -7, -6, 1, -9, -1, -2, 9, 3, -4, -3, 10, -5, -7, -9, 7, -11, 7, -9, 4, 1, -10, -15, 20, -2, -2, -4, 0, 8, 3, -10, -2, -7, -5, -5, 13, -17, 3, -2, -3, -3, 5, -12, -1, 0, 0, -2, 12, -17, -2, -1, 2, -7, 11, -11, 3, 6, -3, -20, 7, -15, 3, -5, 4, 4, 13, -8, 2, -9, 5, -11, 23, -5, -1, -9, 6, -4, -4, -20, 2, 0, -3, -15, 16]
[0, 0, 0, -1, 1, 1, 0, 0, 1, 1, -2, 1, -2, 0, -1, -1, 1, 3, 3, -1, 3, 1, 1, -2, -2, 0, -2, 3, 0, 2, 2, -1, -1, 2, 3, 3, -2, -1, -1, 0, 2, -1, 0, 5, -3, 1, 5, -1, 1, 1, -3, 3, 2, 0, 0, 1, 6, 2, -2, 5, -5, 4, 4, 2, 10, -2, -1, -1, -2, 2, -3, -3, 3, 0, 2, 9, -1, -2, -5, -2, 5, 7, 1, 7, -8, 2, 0, 3, 6, 0, 6, 0, -1, 2, 8, 3, -1, -1, 8, 9, 4, 7, -4, 4, 1, 0, -9, 9, -7, -1, 5, -1, 7, 4, -8, 2, 5, 5, -7, 4, -4, 2, 10, 6, 0, -3, 2, 7, 16, 2, -1, 7, -6, -2, -4, 11, 13, 0, -3, -2, 3, 10, 2, -2, 9, 3, 2, 1, 4, 5, -7, -3, -1, 20, 8, -12, -17, 5, 10, 10, 15, 0, 1, 2, 3, 8, 12, 1, -6, 2, 14, 8, -1, -5, -7, 12, 13, 11, 3, 3, -10, 9, -6, 2, 9, 7, -9, 7, -7, 20, 2, -7, -2, -2, 4, 4, -6, 5, 0, 2, 4, 11, 2, -3, -1, 12, 12, 19, 9, 3, -7]
[0, 0, 1, -1, -2, 1, 1, -2, 1, 1, -2, -1, -2, 2, 2, 0, -1, -2, 0, -2, -1, 0, 3, -7, 1, -3, -1, 3, -3, -1, -1, -1, -1, 2, -6, -3, -1, 6, 7, 3, 6, -19, -6, -9, -3, 12, 2, -10, -5, -3, -1, 17, -11, -5, 9, -11, 11, -4, -4, -25, -22, -5, 19, 40, 11, -19, -25, -11, -17, 6, 5, -4, 11, -15, 20, 13, 6, -18, -17, -13, 16, 29, -18, -21, -63, -8, 10, 35, 40, -2, 18, -55, -20, -12, 20, -18, -16, -12, 7, 50, -13, 3, -12, -11, -7, 6, 7, -27, -28, -51, 7, 21, 66, 21, -10, -12, -55, 10, -25, 10, -26, -18, 14, -13, 21, -18, 54, -25, 39, 5, -15, 2, -89, -38, -48, 50, 32, 31, 48, -3, -18, -35, -20, -67, 51, -28, 0, 6, -24, 0, -18, -9, -3, 79, 0, -28, -76, -39, -7, -42, 48, 0, 106, 28, -13, 12, -53, -38, -76, -36, 32, 39, -23, -44, 19, -21, 96, -9, 5, -27, -21, 6, -76, -2, -50, -20, -2, 56, 46, 100, -7, -92, -24, -49, 9, -19, -23, -24, 24, 0, 25, 37, 1, -35, -70, -18, 23, 52, -10, -120, -25]
[0, -1, 2, -2, 0, 1, 3, -1, 1, -2, 0, -3, 0, 3, -2, 0, -1, 0, 1, 0, 2, 6, -6, 1, 7, -3, -1, -1, -4, 9, -2, -5, 5, 0, -1, -3, -1, 1, 0, 0, -2, -4, 18, -6, -15, 1, 22, -26, 13, -9, 11, 5, 9, -20, 35, -7, -23, 1, 20, -14, 18, -11, 5, 12, -17, -7, 1, 3, -2, -14, 3, 26, -21, 5, 10, 5, 6, 4, -29, 20, -5, -16, -4, 5, 4, -12, 3, 24, -9, -8, 17, -16, 30, 0, -12, -11, 44, -21, 15, 0, -10, -16, 23, -36, 39, 11, -28, -9, 51, -16, -10, -11, -17, 0, 10, 6, 6, 11, 16, -20, 9, 28, -62, -1, -2, -18, 44, 1, -62, 50, 19, -18, -1, 10, 13, 4, -26, 5, 69, -35, -7, -35, 52, -9, -26, -8, 68, -50, 10, -16, 23, -22, 16, -56, 56, -1, -7, -8, 59, -31, -1, -21, 82, -1, -8, -8, -9, 8, 3, -39, 6, 63, -76, 12, 38, -19, -14, 20, -89, 46, 24, -22, 7, 20, 6, -7, 20, 0, -21, 1, 20, -24, 78, -15, -81, -4, 68, -78, 50, -3, -5, 5, 34, -78, 110, -14, -77, -4, 56, -40, 42]
[0, 0, 0, -1, 2, 0, -1, 0, 2, -2, 0, 0, 1, 1, -2, 1, 0, 5, -4, -4, 3, 1, -3, 2, 6, -1, 7, -8, 1, 2, -1, -6, -3, 6, 6, -2, 1, -2, -5, 5, -3, 7, 19, -5, -11, -14, 2, -4, 6, 9, 7, -2, 12, -4, -4, 6, -28, -11, 24, 3, 27, 8, -13, -24, -15, 10, 24, 21, -3, -31, -1, 8, -5, 0, 9, -10, 14, 2, 13, 18, -17, -58, -14, 34, 54, 4, -3, -9, -32, 11, -17, 24, 47, -23, -37, 6, 24, -4, -1, -19, 3, 17, 13, -2, 21, -5, -42, -9, 63, 11, -9, -8, -56, -10, 12, 7, 44, 23, -4, -46, 31, 21, -21, -10, 11, 8, 12, 0, -50, -3, 29, -39, 33, 53, 41, -45, -29, -11, -12, 0, 13, -13, 71, 19, -79, 8, 15, -28, 25, 23, 25, 21, 1, -74, 10, 3, 34, -9, 54, 5, -46, 7, -57, -5, 13, -12, 39, 66, 22, -22, -25, -32, -4, 5, 64, 2, -47, -21, -29, 31, 33, -57, 24, 45, 36, 16, 22, -24, -43, -59, 21, 33, 81, -18, -87, 10, 42, -8, -14, 28, -25, 24, 12, -6, 80, 0, -90, -115, 74, 50, 46]
