32 3 15 12 11
[1, 0, 0, 0, -3, 0, 0, 0, 4, 0, 0, 0, -2, 0, 0, 0, -10, 0, 0, 0, 16, 0, 0, 0, -16, 0, 0, 0, 32, 0, 0, 0, 18, 0, 0, 0, -49, 0, 0, 0, 16, 0, 0, 0, -114, 0, 0, 0, 12, 0, 0, 0, 112, 0, 0, 0, 32, 0, 0, 0, 160, 0, 0, 0, -38, 0, 0, 0, -198, 0, 0, 0, -84, 0, 0, 0, -162, 0, 0, 0, 16, 0, 0, 0, 320, 0, 0, 0, -16, 0, 0, 0, 352, 0, 0, 0, -44, 0, 0, 0, -459, 0, 0, 0, 112, 0, 0, 0, -612, 0, 0, 0, 32, 0, 0, 0, 560, 0, 0, 0, 160, 0, 0, 0, 640, 0, 0, 0, 74, 0, 0, 0, -748, 0, 0, 0, -184, 0, 0, 0, -768, 0, 0, 0, -14, 0, 0, 0, 912, 0, 0, 0, -400, 0, 0, 0, 1120, 0, 0, 0, 16, 0, 0, 0, -1014, 0, 0, 0, 320, 0, 0, 0, -1266, 0, 0, 0, -212, 0, 0, 0, 1456, 0, 0, 0, 352, 0, 0, 0, 1472, 0, 0, 0, 68, 0, 0, 0, -1683, 0, 0, 0, -284, 0, 0, 0, -1924, 0, 0, 0, 112, 0, 0]
[0, 0, 0, 0, 0, 0, 0, 0, 0, 0, 0, -1, 0, 0, 0, 0, 0, 0, 0, -1, 0, 0, 0, 0, 0, 0, 0, -5, 0, 0, 0, 0, 0, 0, 0, -6, 0, 0, 0, 0, 0, 0, 0, -10, 0, 0, 0, 0, 0, 0, 0, -15, 0, 0, 0, 0, 0, 0, 0, -16, 0, 0, 0, 0, 0, 0, 0, -25, 0, 0, 0, 0, 0, 0, 0, -30, 0, 0, 0, 0, 0, 0, 0, -40, 0, 0, 0, 0, 0, 0, 0, -42, 0, 0, 0, 0, 0, 0, 0, -56, 0, 0, 0, 0, 0, 0, 0, -55, 0, 0, 0, 0, 0, 0, 0, -66, 0, 0, 0, 0, 0, 0, 0, -90, 0, 0, 0, 0, 0, 0, 0, -91, 0, 0, 0, 0, 0, 0, 0, -106, 0, 0, 0, 0, 0, 0, 0, -120, 0, 0, 0, 0, 0, 0, 0, -120, 0, 0, 0, 0, 0, 0, 0, -130, 0, 0, 0, 0, 0, 0, 0, -176, 0, 0, 0, 0, 0, 0, 0, -166, 0, 0, 0, 0, 0, 0, 0, -185, 0, 0, 0, 0, 0, 0, 0, -210, 0, 0, 0, 0, 0, 0, 0, -210, 0, 0, 0, 0, 0, 0, 0]
[0, 0, 0, 0, -1, 0, 0, 0, 2, 0, 0, 0, 2, 0, 0, 0, -4, 0, 0, 0, 0, 0, 0, 0, -4, 0, 0, 0, 0, 0, 0, 0, 8, 0, 0, 0, 5, 0, 0, 0, 0, 0, 0, 0, -14, 0, 0, 0, 8, 0, 0, 0, 0, 0, 0, 0, 0, 0, 0, 0, 0, 0, 0, 0, -16, 0, 0, 0, -2, 0, 0, 0, -10, 0, 0, 0, 34, 0, 0, 0, 0, 0, 0, 0, 0, 0, 0, 0, 28, 0, 0, 0, 0, 0, 0, 0, -16, 0, 0, 0, -25, 0, 0, 0, 0, 0, 0, 0, -28, 0, 0, 0, 0, 0, 0, 0, 0, 0, 0, 0, 0, 0, 0, 0, 0, 0, 0, 0, 32, 0, 0, 0, 28, 0, 0, 0, 4, 0, 0, 0, 0, 0, 0, 0, 20, 0, 0, 0, 0, 0, 0, 0, -68, 0, 0, 0, 0, 0, 0, 0, 0, 0, 0, 0, 46, 0, 0, 0, 0, 0, 0, 0, -14, 0, 0, 0, -56, 0, 0, 0, 0, 0, 0, 0, 0, 0, 0, 0, 0, 0, 0, 0, 32, 0, 0, 0, -49, 0, 0, 0, 50, 0, 0, 0, 4, 0, 0, 0, 0, 0, 0]
[0, 0, 0, 0, 0, 0, 0, 0, 0, 0, -1, 0, 0, 0, -2, 0, 0, 0, 0, 0, 0, 0, 0, 0, 0, 0, -7, 0, 0, 0, -10, 0, 0, 0, 0, 0, 0, 0, 0, 0, 0, 0, -20, 0, 0, 0, -22, 0, 0, 0, 0, 0, 0, 0, 0, 0, 0, 0, -35, 0, 0, 0, -40, 0, 0, 0, 0, 0, 0, 0, 0, 0, 0, 0, -57, 0, 0, 0, -70, 0, 0, 0, 0, 0, 0, 0, 0, 0, 0, 0, -91, 0, 0, 0, -92, 0, 0, 0, 0, 0, 0, 0, 0, 0, 0, 0, -117, 0, 0, 0, -122, 0, 0, 0, 0, 0, 0, 0, 0, 0, 0, 0, -155, 0, 0, 0, -182, 0, 0, 0, 0, 0, 0, 0, 0, 0, 0, 0, -220, 0, 0, 0, -210, 0, 0, 0, 0, 0, 0, 0, 0, 0, 0, 0, -244, 0, 0, 0, -260, 0, 0, 0, 0, 0, 0, 0, 0, 0, 0, 0, -290, 0, 0, 0, -350, 0, 0, 0, 0, 0, 0, 0, 0, 0, 0, 0, -400, 0, 0, 0, -362, 0, 0, 0, 0, 0, 0, 0, 0, 0, 0, 0, -425, 0, 0, 0, -442, 0, 0, 0, 0]
[0, 0, 0, 0, 0, 0, 0, 0, 0, 1, 0, 0, 0, 0, 0, 0, 0, 3, 0, 0, 0, 0, 0, 0, 0, 6, 0, 0, 0, 0, 0, 0, 0, 13, 0, 0, 0, 0, 0, 0, 0, 18, 0, 0, 0, 0, 0, 0, 0, 24, 0, 0, 0, 0, 0, 0, 0, 37, 0, 0, 0, 0, 0, 0, 0, 42, 0, 0, 0, 0, 0, 0, 0, 57, 0, 0, 0, 0, 0, 0, 0, 77, 0, 0, 0, 0, 0, 0, 0, 81, 0, 0, 0, 0, 0, 0, 0, 99, 0, 0, 0, 0, 0, 0, 0, 120, 0, 0, 0, 0, 0, 0, 0, 132, 0, 0, 0, 0, 0, 0, 0, 153, 0, 0, 0, 0, 0, 0, 0, 193, 0, 0, 0, 0, 0, 0, 0, 198, 0, 0, 0, 0, 0, 0, 0, 210, 0, 0, 0, 0, 0, 0, 0, 275, 0, 0, 0, 0, 0, 0, 0, 264, 0, 0, 0, 0, 0, 0, 0, 294, 0, 0, 0, 0, 0, 0, 0, 361, 0, 0, 0, 0, 0, 0, 0, 342, 0, 0, 0, 0, 0, 0, 0, 387, 0, 0, 0, 0, 0, 0, 0, 469, 0, 0, 0, 0, 0, 0, 0, 465, 0]
[0, 0, 0, -1, 0, 0, 0, 0, 0, 0, 0, 6, 0, 0, 0, 0, 0, 0, 0, -18, 0, 0, 0, 0, 0, 0, 0, 9, 0, 0, 0, 0, 0, 0, 0, -6, 0, 0, 0, 0, 0, 0, 0, -3, 0, 0, 0, 0, 0, 0, 0, -17, 0, 0, 0, 0, 0, 0, 0, -57, 0, 0, 0, 0, 0, 0, 0, 6, 0, 0, 0, 0, 0, 0, 0, -55, 0, 0, 0, 0, 0, 0, 0, 39, 0, 0, 0, 0, 0, 0, 0, -42, 0, 0, 0, 0, 0, 0, 0, -91, 0, 0, 0, 0, 0, 0, 0, -144, 0, 0, 0, 0, 0, 0, 0, -66, 0, 0, 0, 0, 0, 0, 0, -44, 0, 0, 0, 0, 0, 0, 0, -60, 0, 0, 0, 0, 0, 0, 0, -3, 0, 0, 0, 0, 0, 0, 0, -169, 0, 0, 0, 0, 0, 0, 0, -120, 0, 0, 0, 0, 0, 0, 0, -291, 0, 0, 0, 0, 0, 0, 0, -91, 0, 0, 0, 0, 0, 0, 0, -183, 0, 0, 0, 0, 0, 0, 0, -171, 0, 0, 0, 0, 0, 0, 0, -210, 0, 0, 0, 0, 0, 0, 0, -210, 0, 0, 0, 0, 0, 0, 0]
[0, 0, 0, 0, 1, 0, 0, 0, -1, 0, 0, 0, 0, 0, 0, 0, 6, 0, 0, 0, 4, 0, 0, 0, 10, 0, 0, 0, 8, 0, 0, 0, 4, 0, 0, 0, 11, 0, 0, 0, 16, 0, 0, 0, 32, 0, 0, 0, 20, 0, 0, 0, 28, 0, 0, 0, 32, 0, 0, 0, 40, 0, 0, 0, 56, 0, 0, 0, 50, 0, 0, 0, 69, 0, 0, 0, 32, 0, 0, 0, 64, 0, 0, 0, 80, 0, 0, 0, 58, 0, 0, 0, 88, 0, 0, 0, 120, 0, 0, 0, 121, 0, 0, 0, 112, 0, 0, 0, 160, 0, 0, 0, 128, 0, 0, 0, 140, 0, 0, 0, 160, 0, 0, 0, 160, 0, 0, 0, 144, 0, 0, 0, 180, 0, 0, 0, 190, 0, 0, 0, 192, 0, 0, 0, 226, 0, 0, 0, 228, 0, 0, 0, 298, 0, 0, 0, 280, 0, 0, 0, 256, 0, 0, 0, 242, 0, 0, 0, 320, 0, 0, 0, 320, 0, 0, 0, 372, 0, 0, 0, 364, 0, 0, 0, 352, 0, 0, 0, 368, 0, 0, 0, 400, 0, 0, 0, 433, 0, 0, 0, 359, 0, 0, 0, 480, 0, 0, 0, 448, 0, 0]
[0, 0, 1, 0, 0, 0, -1, 0, 0, 0, 0, 0, 0, 0, 0, 0, 0, 0, 3, 0, 0, 0, 23, 0, 0, 0, 0, 0, 0, 0, 0, 0, 0, 0, 26, 0, 0, 0, -1, 0, 0, 0, 0, 0, 0, 0, 0, 0, 0, 0, 73, 0, 0, 0, 94, 0, 0, 0, 0, 0, 0, 0, 0, 0, 0, 0, 76, 0, 0, 0, 96, 0, 0, 0, 0, 0, 0, 0, 0, 0, 0, 0, 98, 0, 0, 0, 167, 0, 0, 0, 0, 0, 0, 0, 0, 0, 0, 0, 241, 0, 0, 0, 238, 0, 0, 0, 0, 0, 0, 0, 0, 0, 0, 0, 364, 0, 0, 0, 215, 0, 0, 0, 0, 0, 0, 0, 0, 0, 0, 0, 336, 0, 0, 0, 431, 0, 0, 0, 0, 0, 0, 0, 0, 0, 0, 0, 314, 0, 0, 0, 455, 0, 0, 0, 0, 0, 0, 0, 0, 0, 0, 0, 605, 0, 0, 0, 719, 0, 0, 0, 0, 0, 0, 0, 0, 0, 0, 0, 794, 0, 0, 0, 672, 0, 0, 0, 0, 0, 0, 0, 0, 0, 0, 0, 698, 0, 0, 0, 861, 0, 0, 0, 0, 0, 0, 0, 0, 0, 0, 0, 960]
[0, 1, 0, 0, 0, 0, 0, 0, 0, -4, 0, 0, 0, 0, 0, 0, 0, 5, 0, 0, 0, 0, 0, 0, 0, 31, 0, 0, 0, 0, 0, 0, 0, -15, 0, 0, 0, 0, 0, 0, 0, -28, 0, 0, 0, 0, 0, 0, 0, 73, 0, 0, 0, 0, 0, 0, 0, 105, 0, 0, 0, 0, 0, 0, 0, 42, 0, 0, 0, 0, 0, 0, 0, -85, 0, 0, 0, 0, 0, 0, 0, 66, 0, 0, 0, 0, 0, 0, 0, 227, 0, 0, 0, 0, 0, 0, 0, 5, 0, 0, 0, 0, 0, 0, 0, 120, 0, 0, 0, 0, 0, 0, 0, 230, 0, 0, 0, 0, 0, 0, 0, 228, 0, 0, 0, 0, 0, 0, 0, 165, 0, 0, 0, 0, 0, 0, 0, -40, 0, 0, 0, 0, 0, 0, 0, 210, 0, 0, 0, 0, 0, 0, 0, 265, 0, 0, 0, 0, 0, 0, 0, 264, 0, 0, 0, 0, 0, 0, 0, 463, 0, 0, 0, 0, 0, 0, 0, 525, 0, 0, 0, 0, 0, 0, 0, 342, 0, 0, 0, 0, 0, 0, 0, 485, 0, 0, 0, 0, 0, 0, 0, 345, 0, 0, 0, 0, 0, 0, 0, -11, 0]
[0, 0, 1, 0, 0, 0, -2, 0, 0, 0, 0, 0, 0, 0, 0, 0, 0, 0, -5, 0, 0, 0, 14, 0, 0, 0, 0, 0, 0, 0, 0, 0, 0, 0, 2, 0, 0, 0, -34, 0, 0, 0, 0, 0, 0, 0, 0, 0, 0, 0, 25, 0, 0, 0, 28, 0, 0, 0, 0, 0, 0, 0, 0, 0, 0, 0, -28, 0, 0, 0, 0, 0, 0, 0, 0, 0, 0, 0, 0, 0, 0, 0, -46, 0, 0, 0, 14, 0, 0, 0, 0, 0, 0, 0, 0, 0, 0, 0, 49, 0, 0, 0, -4, 0, 0, 0, 0, 0, 0, 0, 0, 0, 0, 0, 68, 0, 0, 0, -82, 0, 0, 0, 0, 0, 0, 0, 0, 0, 0, 0, 0, 0, 0, 0, 62, 0, 0, 0, 0, 0, 0, 0, 0, 0, 0, 0, -142, 0, 0, 0, -50, 0, 0, 0, 0, 0, 0, 0, 0, 0, 0, 0, -11, 0, 0, 0, 158, 0, 0, 0, 0, 0, 0, 0, 0, 0, 0, 0, 146, 0, 0, 0, 0, 0, 0, 0, 0, 0, 0, 0, 0, 0, 0, 0, -94, 0, 0, 0, -70, 0, 0, 0, 0, 0, 0, 0, 0, 0, 0, 0, 0]
[0, 0, 0, 0, 0, 0, 0, 1, 0, 0, 0, 0, 0, 0, 0, 5, 0, 0, 0, 0, 0, 0, 0, 11, 0, 0, 0, 0, 0, 0, 0, 20, 0, 0, 0, 0, 0, 0, 0, 35, 0, 0, 0, 0, 0, 0, 0, 46, 0, 0, 0, 0, 0, 0, 0, 61, 0, 0, 0, 0, 0, 0, 0, 91, 0, 0, 0, 0, 0, 0, 0, 105, 0, 0, 0, 0, 0, 0, 0, 130, 0, 0, 0, 0, 0, 0, 0, 175, 0, 0, 0, 0, 0, 0, 0, 181, 0, 0, 0, 0, 0, 0, 0, 221, 0, 0, 0, 0, 0, 0, 0, 285, 0, 0, 0, 0, 0, 0, 0, 290, 0, 0, 0, 0, 0, 0, 0, 336, 0, 0, 0, 0, 0, 0, 0, 410, 0, 0, 0, 0, 0, 0, 0, 427, 0, 0, 0, 0, 0, 0, 0, 475, 0, 0, 0, 0, 0, 0, 0, 585, 0, 0, 0, 0, 0, 0, 0, 581, 0, 0, 0, 0, 0, 0, 0, 601, 0, 0, 0, 0, 0, 0, 0, 775, 0, 0, 0, 0, 0, 0, 0, 760, 0, 0, 0, 0, 0, 0, 0, 825, 0, 0, 0, 0, 0, 0, 0, 1001, 0, 0, 0]
[0, 0, 0, 0, 0, 1, 0, 0, 0, 0, 0, 0, 0, 7, 0, 0, 0, 0, 0, 0, 0, 20, 0, 0, 0, 0, 0, 0, 0, 35, 0, 0, 0, 0, 0, 0, 0, 57, 0, 0, 0, 0, 0, 0, 0, 91, 0, 0, 0, 0, 0, 0, 0, 117, 0, 0, 0, 0, 0, 0, 0, 155, 0, 0, 0, 0, 0, 0, 0, 220, 0, 0, 0, 0, 0, 0, 0, 244, 0, 0, 0, 0, 0, 0, 0, 290, 0, 0, 0, 0, 0, 0, 0, 400, 0, 0, 0, 0, 0, 0, 0, 425, 0, 0, 0, 0, 0, 0, 0, 495, 0, 0, 0, 0, 0, 0, 0, 637, 0, 0, 0, 0, 0, 0, 0, 626, 0, 0, 0, 0, 0, 0, 0, 724, 0, 0, 0, 0, 0, 0, 0, 920, 0, 0, 0, 0, 0, 0, 0, 925, 0, 0, 0, 0, 0, 0, 0, 1027, 0, 0, 0, 0, 0, 0, 0, 1220, 0, 0, 0, 0, 0, 0, 0, 1247, 0, 0, 0, 0, 0, 0, 0, 1365, 0, 0, 0, 0, 0, 0, 0, 1640, 0, 0, 0, 0, 0, 0, 0, 1617, 0, 0, 0, 0, 0, 0, 0, 1682, 0, 0, 0, 0, 0]
