33 3 5 40 39
[1, -4, 1, 0, 5, -5, 4, 10, -9, 4, 4, -5, -5, -5, 0, -5, 8, 18, -6, 15, -9, 0, -3, -3, -22, -16, -5, -7, -13, -10, 38, 2, -6, 13, -6, -2, 24, 0, -5, 1, 8, 51104, 910313, -1684559, 1309274, -6051379, 7475443, -2404943, 10195275, -8441308, -7486658, -840497, 2362423, 16189787, -4332694, -13487587, -396674, -3558909, 20927883, -5111154, -10918482, 7333086, -4315081, 17639393, -7760738, -20822867, 14583518, -19610022, 25726308, -14316079, -3336915, 15970410, -6402344, 19882292, -18254334, -12991700, 12111100, 9629434, 15765877, -8619359, -34310696, 12060819, -15863522, 3094026, -219012, -10744312, 50921877, -10556415, 4042337, 552595, -30648164, 43188592, -21466447, 16765778, 10474144, -50508814, 21797050, -28618226, -15710047, 13095798, -68957370, 78238565, 22284252, 24703514, 45867148, -88128586, 76768701, -47071108, 18772813, -6060202, -53257605, 31230459, -14246539, -29381853, 18989946, -112821670, 54625797, -265155, 88583312, 87422971, -59338441, 7271503, -27016519, 9605488, 61575576, -85316493, 18606888, -18897784, -28382798, 38840102, -101173896, -6841221, -9258646, -32797619, 117872247, -49898345, 90658461, 71524531, 12965369, 59859480, -153716209, 2530641, 60858652, -7313339, 32725263, -187698032, -67660580, 42568570, -77607963, 82868218, -91968676, 111106307, 207510614, -10262555, 61504979, -146021286, 38552579, 125204473, -73435087, -13024055, -169926431, -3774091, 47121741, -90448318, -68511219, -109753940, 72621101, 197972278, 89408725, 76811672, -70817823, -16022585, 97810822, -63950414, 106018344, -207998351, 89023668, -43292925, -6126004, -119562028, -184772571, -66736329, 107532703, 102896601, 196619875, 49895634, -7975165, 25803559, -84242974, 48214873, 7935440, 7852775, 92361255, -79065569, -69278242, -211172113, -148998757, -18420278, 98656852, 18466245, 104749361, 40812247, 254976673, 81933241, -54750881, -150551721, -99744949, 101851265, 101890373, 69914999, -188818772]
[0, 0, 0, 0, 0, 0, 0, 0, 0, 0, 0, 0, 0, 0, 0, 0, -1, 1, 0, -1, 1, -1, 0, 0, 0, 0, -1, 0, 0, 1, 1, 0, 0, -1, 1, 0, 0, 0, 1, 0, 0, 320, 13652, -24622, 20396, -88717, 107972, -36088, 148255, -121225, -107348, -12876, 34720, 231736, -62724, -195502, -4487, -48532, 301393, -72810, -158462, 103929, -62680, 252312, -109761, -300348, 210341, -281772, 371866, -207531, -48356, 230803, -89588, 286914, -266687, -185427, 172275, 138002, 222361, -123068, -490910, 175244, -226787, 46437, 1500, -157172, 730725, -157849, 58907, 4113, -439398, 620121, -304094, 242768, 151704, -724395, 313000, -409056, -229725, 187837, -995646, 1121607, 319818, 355337, 668260, -1270550, 1107215, -678505, 275063, -89810, -769831, 448505, -199567, -427029, 270794, -1627333, 793175, -2397, 1275326, 1257034, -849482, 102295, -396212, 133003, 885829, -1224425, 269957, -273560, -394200, 559594, -1451252, -106158, -132229, -476071, 1688822, -726060, 1306651, 1028710, 191453, 863754, -2201693, 31322, 875217, -106020, 472584, -2699619, -983021, 624125, -1117227, 1192365, -1328638, 1595013, 2992727, -155413, 887771, -2108656, 569266, 1797972, -1054195, -196238, -2450879, -45567, 670796, -1292505, -983995, -1570944, 1045166, 2840799, 1284684, 1106878, -1017129, -231782, 1409273, -929680, 1536027, -3010272, 1292534, -644419, -71380, -1726989, -2649033, -962456, 1555887, 1492980, 2831748, 711568, -132482, 369550, -1212306, 697574, 107892, 115610, 1352839, -1144482, -998208, -3062023, -2126520, -280866, 1416513, 252204, 1529516, 592797, 3676987, 1193674, -783624, -2172377, -1456095, 1461318, 1462898, 997258, -2717927]
[0, 0, 0, 0, 0, 0, 1, 0, -1, -1, 0, 0, 1, 0, 0, 0, -1, 0, 1, 1, 0, 0, 1, 0, 0, 0, 0, 0, 1, 1, 1, 0, 0, 0, 1, -1, 1, 0, 0, 0, 0, -1866, -3194, 9222, -2287, 30430, -46406, 9634, -57157, 56518, 49340, 1611, -13648, -109979, 26780, 81168, 8624, 34104, -135118, 36140, 63129, -52214, 26785, -120588, 58627, 128874, -88876, 129467, -158534, 84547, 16908, -100731, 51661, -123513, 103874, 91339, -90259, -65335, -123986, 65100, 235974, -66888, 110149, -14869, 20441, 56095, -338395, 40649, -26081, -22924, 205079, -285739, 164949, -98402, -57666, 336592, -145354, 198812, 87062, -88203, 425510, -528816, -144759, -162080, -260808, 554382, -483402, 300736, -99166, 29864, 330165, -204121, 116452, 174380, -133398, 716298, -324342, 11647, -575460, -573412, 398315, -56500, 141742, -88060, -406754, 565343, -108018, 124814, 256663, -242960, 677756, 4124, 61280, 194315, -793745, 283589, -586358, -474512, -58374, -374294, 1045994, -38255, -399142, 43444, -209386, 1227158, 406340, -215108, 501667, -545825, 564756, -737647, -1310440, 29121, -386156, 898082, -178682, -828689, 499667, 41752, 1071168, 64573, -333563, 633839, 454718, 747234, -470734, -1323771, -594350, -482688, 454747, 102205, -634325, 378991, -629662, 1260525, -517150, 178235, 119108, 753046, 1231164, 438588, -663815, -599888, -1276554, -366581, -32986, -165180, 548216, -298184, -95444, -36595, -481800, 499182, 459569, 1250571, 1034757, 37685, -648618, -175924, -580747, -229216, -1612394, -481463, 362273, 945647, 569532, -672303, -692420, -496792, 1215419]
[0, 0, 0, 0, -1, 1, 0, -1, 0, 1, 0, 0, -1, 0, 0, 1, 0, -1, 0, 1, 1, 1, -1, 0, 0, 0, 0, 0, 0, 0, 1, 0, 0, -1, 0, 1, 0, 0, 0, 0, 0, -12282, -166989, 315519, -236992, 1127755, -1410380, 444897, -1911235, 1600728, 1417118, 151668, -444802, -3071623, 817513, 2540230, 86060, 692992, -3958614, 972613, 2050323, -1394368, 815311, -3348143, 1483598, 3925932, -2746250, 3714419, -4851716, 2692797, 620352, -3017542, 1228778, -3750894, 3430221, 2471225, -2314624, -1827362, -3023913, 1650954, 6516532, -2258649, 3014932, -578009, 74794, 2006855, -9648405, 1945194, -766532, -141542, 5809816, -8181014, 4110801, -3150947, -1959268, 9571674, -4131663, 5439279, 2945866, -2483903, 13002693, -14842977, -4213265, -4678928, -8612240, 16637813, -14496525, 8899503, -3510124, 1130074, 10048665, -5910853, 2740109, 5532659, -3611455, 21318858, -10283097, 70936, -16763497, -16553312, 11246517, -1392509, 5049847, -1865556, -11666932, 16161982, -3495845, 3585308, 5508101, -7327123, 19182888, 1216482, 1751669, 6170884, -22351639, 9365418, -17155411, -13557228, -2403446, -11298731, 29174207, -517384, -11524573, 1376942, -6190651, 35533681, 12750197, -7936803, 14680779, -15699130, 17335936, -21052278, -39193354, 1870373, -11612878, 27525631, -7158183, -23718770, 13945783, 2383379, 32090191, 788656, -8961541, 17204182, 12980121, 20828260, -13740669, -37530712, -16946300, -14500371, 13379999, 3030638, -18511894, 12041400, -19943182, 39182850, -16728568, 7998118, 1308105, 22588412, 35010028, 12645905, -20288208, -19337002, -37209155, -9527793, 1349133, -4872180, 15940281, -9096588, -1590259, -1455871, -17254592, 14944120, 13137871, 39728332, 28311563, 3326931, -18678500, -3595566, -19640970, -7646305, -48163695, -15421660, 10361378, 28423358, 18744275, -19285129, -19346956, -13308789, 35702397]
[0, 0, 0, 0, 0, 0, 0, 0, -1, 1, 0, 0, 0, 0, -1, -1, 0, 0, -1, 0, 0, 0, 0, 0, 2, -1, -1, 0, 1, 0, 0, -1, 0, 0, -1, 0, 1, 0, 1, 0, 0, -1117, -6295, 11218, -6031, 41868, -50444, 12859, -70597, 56414, 52785, 5710, -13520, -111513, 28460, 90131, 3934, 27555, -140688, 34569, 75884, -54152, 25984, -121780, 53218, 145888, -103673, 132590, -173016, 96403, 27918, -104456, 47949, -135098, 112517, 88646, -79738, -65113, -107162, 51077, 232665, -85971, 108226, -14660, 8509, 72946, -346321, 69179, -22592, -2746, 209317, -294100, 142785, -116929, -77959, 344255, -147674, 194136, 102527, -88105, 471682, -528009, -159186, -162334, -299862, 603706, -518952, 310881, -123200, 36780, 356244, -213160, 97952, 186186, -130476, 756424, -356607, -3476, -593406, -587329, 415489, -51710, 179215, -66196, -409260, 581330, -126680, 113910, 189308, -274209, 683681, 50666, 67731, 219116, -806882, 334374, -596257, -471508, -87975, -403266, 1040752, -23910, -407487, 46896, -210121, 1259913, 429823, -290679, 522811, -548361, 631158, -753836, -1399719, 69602, -414264, 1008298, -260262, -849144, 475337, 87312, 1150807, 27300, -336271, 605765, 468312, 752261, -488654, -1336666, -599131, -524818, 504453, 102392, -643659, 403947, -726675, 1408248, -602091, 286503, 45715, 779194, 1274426, 430912, -707191, -701449, -1313376, -319256, 50631, -188510, 575074, -319638, -40688, -62440, -616596, 508472, 438038, 1421528, 1026507, 133528, -674304, -138801, -680205, -297838, -1717455, -517014, 397581, 1025144, 623370, -705461, -668117, -475666, 1287499]
[0, 0, 0, 0, 0, 0, 0, 0, 0, 0, 0, 1, -1, 0, -1, 1, 0, 0, 2, -1, 0, 0, 0, -1, 1, -1, 0, 0, 1, -1, 0, -1, 0, -1, 0, 0, 0, 1, 0, 0, 0, -986, 5654, -6622, 8705, -27636, 23681, -11365, 40121, -21651, -21859, -6629, 6716, 42115, -13222, -44704, 4923, -466, 59909, -11612, -40867, 19143, -11611, 45140, -14019, -69338, 51456, -53550, 82142, -50113, -18052, 46314, -10254, 63717, -61045, -29825, 19794, 24272, 21703, -9839, -83715, 49956, -37455, 10102, 15474, -46063, 138199, -59108, 8065, -20004, -81987, 118346, -31598, 61831, 46697, -136778, 57566, -67786, -57940, 33602, -225598, 199461, 68713, 66226, 164710, -275944, 236431, -135612, 75881, -25048, -166048, 89216, -16666, -94233, 45109, -334628, 180823, 13545, 248241, 240273, -164441, 12377, -110423, -277, 161894, -234091, 68177, -41293, -200, 127901, -265184, -65984, -28923, -112797, 311777, -184959, 250099, 183996, 66310, 186840, -386445, -12483, 166054, -24135, 88903, -520292, -210708, 190960, -222191, 218925, -303043, 300129, 630295, -70403, 188836, -483571, 187589, 340888, -170782, -83250, -520914, 30522, 115275, -203377, -185734, -281356, 205818, 520901, 234310, 242198, -223426, -43245, 268684, -204859, 373398, -694614, 320881, -232312, 66957, -349079, -508724, -168569, 331576, 372927, 546793, 83755, -112631, 86184, -239604, 148705, -35655, 42083, 387650, -221045, -167093, -731709, -367012, -146575, 278761, -259, 390145, 168013, 773332, 263048, -165905, -466337, -336382, 288716, 238474, 153616, -555804]
[0, 0, 0, 0, 0, 0, 0, -1, 0, 1, 1, 0, 0, 1, 1, 0, 0, 0, -1, 0, 1, 1, -1, 0, 0, 0, 0, 0, 0, 0, 0, 0, 1, 1, -1, 1, 1, -1, 1, 0, -1, 6, -29056, 53035, -46351, 189653, -232960, 80758, -317533, 262982, 229976, 27332, -77775, -499410, 136348, 422897, 9369, 102332, -652026, 157379, 339575, -219929, 138615, -543512, 236794, 643488, -448188, 608978, -803787, 447541, 98656, -502336, 189742, -618016, 586201, 400756, -376917, -298708, -482360, 274602, 1062116, -372371, 490992, -106654, -8711, 337385, -1578329, 340123, -133173, -11853, 948256, -1339057, 662919, -519321, -317602, 1563546, -677125, 884798, 499571, -406736, 2141401, -2428224, -682359, -772149, -1450665, 2735395, -2389020, 1472836, -596232, 196704, 1666731, -967047, 430495, 933701, -582747, 3522434, -1723903, 12051, -2761821, -2722137, 1821599, -219437, 857299, -290236, -1924436, 2643029, -580148, 607599, 863039, -1196242, 3140125, 220738, 280088, 1027630, -3643594, 1567499, -2841221, -2238154, -409202, -1864573, 4763814, -63956, -1896631, 230925, -1034092, 5844028, 2150218, -1337672, 2416511, -2591457, 2859860, -3446806, -6468080, 330926, -1918066, 4531780, -1223829, -3885313, 2303069, 420073, 5290345, 99769, -1433859, 2804357, 2125032, 3389116, -2261736, -6147746, -2786058, -2381633, 2172225, 507848, -3063327, 2033997, -3302384, 6488657, -2786170, 1386155, 161152, 3759222, 5703027, 2105271, -3379462, -3210694, -6141260, -1562460, 281135, -782781, 2617947, -1514927, -252662, -240730, -2918492, 2502688, 2190473, 6608707, 4578399, 590138, -3052219, -539430, -3323390, -1255070, -7941468, -2614278, 1666500, 4686561, 3192073, -3143645, -3195353, -2158179, 5862126]
[0, 0, 0, -1, 0, 0, 0, 1, 1, 1, 0, 1, 0, 0, 0, 0, 1, 0, 0, 0, 0, 1, -1, -1, 1, -1, 0, 0, 0, -1, 0, 1, 0, 1, 0, 0, -1, 1, 0, 1, 1, 2258, -7292, 8647, -14155, 34536, -29720, 17543, -49387, 27433, 25199, 8763, -11195, -49755, 17524, 57511, -7462, -4223, -75481, 13376, 50065, -18599, 17323, -53176, 15021, 82820, -59863, 66518, -103577, 63092, 18275, -61332, 7294, -78584, 87222, 35557, -25615, -29849, -23309, 17693, 101460, -59533, 45187, -19620, -28400, 58333, -167748, 79738, -14915, 27148, 99154, -144738, 37779, -74562, -52007, 164662, -71750, 81838, 78901, -41695, 277040, -245200, -78365, -85181, -218256, 337821, -294563, 173586, -100268, 36740, 212035, -107707, 14460, 128898, -52406, 424307, -239531, -13912, -314430, -300402, 189782, -11294, 147290, 5212, -208641, 283335, -84787, 65454, -8082, -150928, 326242, 84762, 30311, 145296, -372243, 236625, -325811, -239644, -84379, -233322, 471111, 24813, -209768, 31667, -120357, 652776, 291149, -242214, 278271, -283272, 371922, -368775, -787756, 93366, -238058, 589661, -243032, -419524, 226678, 110595, 649549, -48096, -124969, 251082, 228856, 335310, -258277, -641827, -296530, -294829, 255418, 60043, -348996, 281464, -461625, 872195, -405104, 308921, -98923, 458276, 603215, 231145, -433027, -466012, -698139, -113956, 156074, -92814, 297990, -192404, 34260, -50417, -502835, 304557, 232549, 926529, 424395, 188377, -336098, 21686, -520351, -198239, -968996, -370062, 181422, 580386, 474062, -341116, -314864, -182997, 684688]
[0, 0, 0, 0, 0, 0, 0, 0, 0, 0, 0, 1, -1, 0, 0, 0, 1, -2, 1, 1, -1, 0, 1, 0, 1, 0, -1, 1, 0, 0, 1, 0, 1, 0, 0, 0, 0, 1, 0, -1, 0, -410, 1094, -1392, 2515, -5478, 5248, -3238, 8119, -5404, -4527, -1257, 2433, 9531, -3283, -10276, 980, 358, 14043, -2718, -8392, 3048, -3597, 10166, -3207, -14268, 9693, -12446, 18822, -10943, -2343, 11748, -1489, 13773, -16674, -7146, 6622, 5900, 6251, -5180, -20256, 9178, -9453, 4181, 4702, -9445, 32058, -12479, 3880, -3183, -18809, 27368, -9935, 12263, 6982, -31327, 13845, -16312, -14149, 8123, -47891, 48375, 13295, 16407, 38908, -60164, 52567, -33012, 17544, -6150, -39074, 19944, -3826, -24458, 9633, -78887, 43826, 672, 59216, 57732, -33985, 2629, -25181, 1920, 41283, -53672, 14156, -15061, -5726, 25405, -63399, -11496, -4869, -24739, 71446, -41008, 63144, 47793, 12793, 41638, -93093, -3104, 40294, -5903, 24750, -123506, -55708, 38631, -52086, 55715, -66179, 70122, 145196, -13533, 43027, -103349, 39624, 79493, -47813, -16786, -117565, 5805, 22701, -51788, -43560, -64676, 48716, 124886, 58380, 51615, -44154, -12321, 67365, -53505, 79417, -151816, 70234, -48271, 10487, -87936, -112415, -47838, 80813, 78881, 134474, 28449, -22101, 14826, -55833, 36862, -660, 7145, 84474, -60673, -49165, -162572, -80399, -26715, 61463, 573, 92580, 30220, 174486, 70274, -30716, -105397, -89298, 63371, 68683, 38151, -125107]
[0, 0, 0, 0, 0, -1, 1, 1, 0, 0, -1, 0, -1, -1, -1, 0, -1, 0, 1, 0, 0, -1, -1, 0, 0, 0, 0, 1, 0, 0, 0, -1, 1, -1, 0, -1, 0, 1, 0, 0, -1, -232, 63873, -113673, 99982, -410086, 495222, -172390, 681881, -554389, -488572, -61067, 162500, 1055597, -288668, -899297, -15622, -211967, 1380194, -331561, -727456, 467993, -290949, 1148403, -496620, -1372779, 960257, -1287729, 1707930, -954972, -218563, 1061594, -398941, 1315250, -1240739, -843562, 784360, 629900, 1004448, -565442, -2238415, 803511, -1033236, 221984, 25458, -726685, 3338059, -740305, 275065, 8738, -2005051, 2832508, -1379559, 1113062, 691746, -3307690, 1429550, -1863553, -1063633, 858132, -4561973, 5122430, 1453970, 1629958, 3090503, -5815818, 5074076, -3116198, 1276368, -419852, -3536340, 2049826, -897072, -1977505, 1230040, -7462710, 3660870, -11241, 5840472, 5753862, -3863629, 460364, -1835778, 593551, 4057138, -5592831, 1241472, -1265393, -1765256, 2552895, -6630510, -504192, -599136, -2190087, 7703121, -3349561, 5998397, 4714261, 890299, 3961872, -10047619, 124442, 4006911, -490575, 2177660, -12357664, -4547154, 2887791, -5115720, 5464285, -6090485, 7286658, 13722174, -731607, 4070754, -9657142, 2647852, 8215588, -4833884, -923054, -11230860, -184072, 3033320, -5893614, -4491472, -7158441, 4785678, 12981749, 5876773, 5067981, -4631060, -1068286, 6467665, -4306873, 7052676, -13820848, 5950429, -3013242, -279303, -7949190, -12078416, -4422734, 7161521, 6864165, 12975915, 3251666, -658761, 1677996, -5540758, 3209508, 479947, 526690, 6268125, -5272982, -4595005, -14089139, -9670676, -1322992, 6468805, 1110179, 7088044, 2708069, 16853091, 5529937, -3552925, -9951454, -6763150, 6664600, 6703146, 4535896, -12430706]
[0, 0, 0, 0, -1, 0, 0, 0, 0, 2, 0, 1, 0, 0, -1, 0, 0, -1, 1, 0, 1, -1, 0, 0, 1, 0, 0, -1, 0, 0, 0, -1, 0, 0, -1, 0, 1, 1, 1, 0, 0, -8768, -115695, 220263, -164790, 785268, -986588, 310561, -1333396, 1121954, 991428, 104553, -312233, -2151604, 572373, 1776500, 62451, 487973, -2771893, 681916, 1431199, -975599, 571939, -2345629, 1041533, 2743676, -1917496, 2601742, -3393729, 1881754, 429569, -2113565, 862179, -2623134, 2401189, 1732928, -1627185, -1280721, -2126054, 1163719, 4567871, -1574170, 2113892, -406193, 56545, 1398926, -6757226, 1351515, -539504, -107501, 4069428, -5729482, 2890203, -2199666, -1363010, 6703197, -2894893, 3813576, 2059120, -1740723, 9090904, -10401666, -2945765, -3278636, -6019685, 11637381, -10142838, 6232064, -2449868, 789516, 7031369, -4137628, 1926930, 3872785, -2531496, 14923743, -7193740, 56459, -11740792, -11594308, 7872366, -977370, 3524725, -1316392, -8176700, 11317645, -2441340, 2519648, 3888099, -5120706, 13440216, 833067, 1223725, 4313943, -15655609, 6541224, -12019475, -9504046, -1670944, -7904539, 20445984, -367818, -8073345, 963249, -4339126, 24887695, 8928330, -5529194, 10279328, -11002735, 12119319, -14746032, -27426878, 1293904, -8126268, 19241071, -4981761, -16612825, 9784655, 1651281, 22453856, 566474, -6277353, 12068435, 9091928, 14592539, -9622109, -26294335, -11875640, -10141195, 9352545, 2124725, -12969996, 8429242, -13932530, 27394165, -11686443, 5559848, 947190, 15819335, 24512044, 8869618, -14200790, -13506412, -26063783, -6698398, 911291, -3402025, 11161401, -6366385, -1140891, -1010799, -12034731, 10473759, 9218445, 27766681, 19838576, 2291848, -13076136, -2534043, -13723622, -5328879, -33705470, -10797945, 7243245, 19885764, 13118500, -13498260, -13573444, -9335367, 24988864]
[0, 0, 0, 1, 0, 0, -1, 0, 0, -1, 0, 0, -1, -1, 1, -1, 0, 0, 0, -1, 0, 0, 0, 1, -1, 1, 0, 0, -2, 1, 0, 0, 1, 0, -1, 0, 0, 0, 0, 0, 0, 3827, 92713, -169517, 135416, -610089, 748508, -244502, 1024203, -843253, -747678, -86423, 238432, 1615172, -434365, -1352801, -36324, -347832, 2093100, -508432, -1096092, 728470, -432835, 1759349, -769760, -2084963, 1459827, -1959383, 2577174, -1435712, -335311, 1599618, -632744, 1989990, -1836349, -1294456, 1205196, 961132, 1562440, -858240, -3422054, 1211360, -1582254, 314953, -8006, -1081880, 5085110, -1073613, 406489, 43025, -3059685, 4314445, -2131280, 1681022, 1050004, -5042298, 2177846, -2852895, -1582543, 1307427, -6904166, 7809555, 2226425, 2468457, 4610120, -8819332, 7682044, -4708329, 1891750, -613260, -5335548, 3119580, -1406757, -2948945, 1890595, -11291914, 5482141, -21470, 8858323, 8737637, -5920422, 719957, -2725112, 944810, 6156350, -8520096, 1866611, -1894258, -2793421, 3886949, -10101844, -708862, -922773, -3290739, 11763335, -5012999, 9069214, 7149417, 1310443, 5990848, -15338051, 238266, 6083188, -732931, 3276530, -18761274, -6791556, 4291485, -7760953, 8284956, -9212911, 11097716, 20767422, -1049941, 6157370, -14626110, 3899590, 12507547, -7331830, -1329485, -17006996, -348927, 4690710, -9014820, -6847071, -10948926, 7261555, 19769388, 8934636, 7683261, -7077914, -1605760, 9782764, -6419027, 10632454, -20846766, 8935887, -4393510, -562388, -11969759, -18446025, -6679526, 10775344, 10325402, 19667555, 4967219, -852617, 2575117, -8426776, 4832596, 773928, 796656, 9306588, -7926059, -6927252, -21183016, -14842121, -1893205, 9853208, 1807297, 10537838, 4101207, 25513175, 8235023, -5464452, -15073532, -10032263, 10172178, 10180107, 6964131, -18883543]
[0, 0, 0, 0, 0, 0, 0, 0, -1, 1, 0, 1, -1, -1, 0, 0, -1, 0, -1, 1, 0, 0, -1, -1, 1, 0, 0, -1, 1, 0, 0, 1, 0, 1, 0, -1, -1, 0, 0, 1, 0, -1357, 9454, -14958, 17224, -55023, 61545, -25954, 87866, -66799, -58233, -9842, 22162, 124716, -36403, -113998, 2103, -17308, 168879, -38220, -92711, 51846, -37493, 135085, -54534, -169229, 118186, -155454, 213550, -121282, -27489, 132685, -40310, 162792, -164612, -98002, 89672, 75028, 108398, -66218, -264130, 102856, -121467, 33267, 18048, -96561, 400647, -108618, 36158, -10804, -239339, 340898, -153258, 140211, 86730, -395764, 172005, -218418, -141143, 102685, -565779, 611400, 173737, 198556, 403254, -715742, 625843, -384439, 171356, -58886, -442249, 247305, -92191, -255435, 141703, -921786, 469453, 2565, 713453, 698774, -455968, 48893, -247006, 56322, 493968, -671642, 158111, -159872, -170945, 312153, -794293, -85106, -69722, -278922, 915960, -433814, 738566, 573536, 123590, 490381, -1193183, -873, 487070, -62712, 272021, -1502278, -585642, 387847, -625070, 666263, -758707, 876131, 1694572, -112638, 504294, -1199317, 368167, 989538, -582862, -139778, -1386060, 4593, 345021, -690385, -540771, -845835, 584118, 1558007, 710646, 622366, -557159, -134330, 794649, -557150, 891319, -1736140, 761668, -433553, 17108, -992314, -1440494, -546372, 901044, 874464, 1589787, 377371, -135600, 198747, -674497, 403948, 38184, 71251, 839346, -664665, -566125, -1791093, -1123021, -209813, 777859, 94303, 935556, 344702, 2077408, 721609, -417906, -1230721, -893072, 798423, 809748, 525116, -1516372]
[0, 0, 0, -1, 0, 0, 1, 1, 0, 0, 0, 0, 1, 0, -1, 0, 0, 2, 0, 0, -1, 0, -1, 0, 1, -1, 0, 0, 1, -1, -1, 0, 0, 0, 0, -1, 0, 1, 0, 1, 0, 991, -7770, 10776, -12005, 41897, -42014, 17174, -64454, 42748, 40096, 8544, -13059, -81918, 24074, 77908, -3411, 9140, -111775, 23919, 67180, -36530, 22551, -88661, 33105, 119880, -86269, 102269, -144953, 84654, 25208, -86172, 25981, -111970, 106567, 62181, -50842, -48174, -61391, 32762, 168733, -78505, 76946, -18859, -15202, 71557, -263069, 84554, -18993, 17930, 157497, -224941, 86018, -101857, -70527, 260178, -112081, 138853, 97484, -66131, 393134, -392988, -122954, -127283, -276940, 491051, -424455, 250967, -121214, 40714, 297158, -165174, 51910, 166543, -92074, 613269, -315291, -12072, -468342, -456064, 309553, -29987, 177434, -24135, -316319, 442956, -112788, 91187, 73517, -222453, 514968, 81128, 50598, 193714, -600675, 305509, -475815, -363515, -96359, -332829, 766588, 6420, -317063, 41523, -170344, 984473, 379800, -292194, 413816, -426298, 526191, -574713, -1138104, 94718, -340397, 838593, -279061, -650264, 354914, 113953, 937920, -21595, -231422, 429210, 357060, 551768, -385272, -1009738, -457459, -428108, 394132, 83960, -511996, 362377, -629846, 1202769, -536099, 335857, -49896, 643513, 960724, 338797, -596741, -621926, -1036367, -211052, 129813, -146366, 450152, -267435, 8994, -62454, -609365, 421811, 341929, 1244453, 731866, 188807, -519939, -44529, -645413, -266905, -1399612, -469830, 298030, 836688, 585384, -537058, -495641, -327967, 1021003]
[0, 0, 0, 0, 0, 0, 0, 0, 1, -1, -1, 0, 0, -1, 1, 0, 1, -1, 0, 0, -1, 0, 1, 0, -1, -1, 1, 0, 1, -1, 0, 1, 1, 0, 1, -1, 0, 0, 0, 0, 1, -1898, -14777, 28589, -19171, 102279, -129282, 38350, -174653, 147034, 131251, 13107, -38975, -284171, 74358, 231508, 9299, 67853, -363211, 90496, 187553, -131695, 73279, -310007, 139087, 361380, -253819, 341771, -443803, 246092, 58301, -274904, 117229, -344608, 307385, 228904, -213431, -168436, -282966, 150213, 601872, -207502, 278336, -48596, 14386, 182129, -889512, 171573, -67424, -17036, 536298, -753619, 381852, -289484, -182449, 883508, -379917, 503014, 264712, -228758, 1194502, -1367828, -390653, -429301, -779461, 1529181, -1330865, 815078, -315910, 99760, 918005, -545312, 259513, 500375, -336044, 1952337, -933425, 6251, -1537656, -1520594, 1043275, -131511, 453772, -176832, -1068462, 1490455, -319857, 321706, 520451, -676089, 1767375, 104478, 164185, 562516, -2065124, 851496, -1568625, -1241304, -216630, -1036848, 2691709, -54794, -1057962, 125415, -562849, 3264236, 1152211, -718866, 1347836, -1437714, 1589756, -1939068, -3593713, 163589, -1063935, 2527123, -641480, -2184019, 1277441, 209152, 2944043, 83819, -836931, 1588911, 1194004, 1925997, -1261444, -3455992, -1555610, -1335096, 1239375, 274536, -1693835, 1088368, -1825036, 3585442, -1525638, 710396, 138799, 2060899, 3236081, 1150152, -1848975, -1767262, -3407728, -875909, 103008, -455393, 1463262, -828511, -146724, -131832, -1558168, 1354320, 1195756, 3625921, 2630868, 290195, -1724003, -348822, -1772794, -702415, -4419655, -1387530, 965093, 2605602, 1683232, -1781631, -1769210, -1232550, 3282416]
[0, 0, 0, 1, 0, 0, 0, -1, -1, -1, 1, 1, -2, 0, 0, 0, 0, 0, 1, -1, 0, 0, 0, 1, 1, 0, -1, 0, 0, 0, 0, -1, -1, 0, 0, 1, 0, 0, 0, 0, -1, 1882, 74596, -132032, 108646, -479898, 576627, -191611, 798404, -643530, -574421, -71098, 181939, 1234250, -333765, -1043994, -21228, -256745, 1604837, -386513, -852026, 558000, -330117, 1343724, -581288, -1611313, 1132146, -1499627, 1985588, -1111384, -268354, 1226234, -477414, 1534142, -1414944, -984470, 906305, 733221, 1171580, -638987, -2607615, 948004, -1204235, 240993, 10072, -847315, 3891079, -855643, 306001, 8078, -2340350, 3302896, -1599295, 1306066, 826883, -3858345, 1664504, -2171719, -1227090, 997989, -5328707, 5959858, 1715382, 1886587, 3570359, -6792303, 5910447, -3609466, 1474603, -477916, -4105609, 2392694, -1052194, -2269265, 1440276, -8670184, 4228133, 1559, 6785101, 6687310, -4538268, 543240, -2126337, 692684, 4701833, -6522897, 1448930, -1433308, -2048462, 3003173, -7718066, -597862, -711951, -2544690, 8993431, -3891295, 6938695, 5454825, 1038579, 4611740, -11700152, 161835, 4654243, -565064, 2503343, -14364717, -5219197, 3371001, -5950728, 6328455, -7112180, 8490207, 15964864, -852140, 4735987, -11296187, 3077781, 9571756, -5570785, -1071704, -13081656, -221064, 3579917, -6847697, -5239519, -8361189, 5565325, 15105776, 6824480, 5919674, -5458292, -1226255, 7483611, -4938906, 8235649, -16100925, 6927803, -3491282, -335333, -9178071, -14128843, -5089361, 8283990, 8009666, 15057219, 3735568, -755073, 1993263, -6460877, 3715184, 522715, 635670, 7275016, -6063099, -5267074, -16387495, -11320584, -1561340, 7554188, 1328945, 8175348, 3209706, 19613849, 6336205, -4208451, -11600614, -7736058, 7801264, 7737221, 5287585, -14501050]
[0, 0, 0, 0, 0, 0, 0, 0, -1, 1, 0, 0, -1, 0, 0, 0, -1, -1, 1, 0, 0, -1, -2, -1, 1, 0, -1, 0, 0, 0, 1, 0, 0, -1, -1, 1, -1, 0, 0, 0, 0, -1582, 3750, -4187, 8599, -16734, 13266, -10298, 22881, -11353, -9743, -4717, 5829, 19150, -8031, -26416, 5381, 5769, 32469, -5108, -22562, 5373, -8762, 20082, -4246, -34997, 25406, -27627, 46658, -29401, -7195, 27901, 1111, 34951, -44640, -12947, 8200, 11885, 4086, -7424, -39353, 26946, -16720, 11516, 19307, -28460, 68753, -41815, 7614, -16150, -39832, 59241, -9987, 33426, 22931, -67152, 28998, -31142, -38152, 17030, -122401, 98971, 30203, 37756, 106073, -145703, 129783, -78208, 49825, -19374, -95293, 45088, -67, -63752, 19271, -186326, 114226, 6739, 134967, 127323, -72524, 1689, -71814, -9554, 88213, -116262, 39439, -31023, 21581, 62331, -133356, -44832, -11162, -67610, 147777, -112534, 144556, 102513, 43005, 104291, -186995, -18658, 89190, -15810, 55557, -278394, -141513, 118545, -119404, 121582, -163202, 151284, 346188, -49264, 105084, -256165, 121981, 172982, -97527, -58312, -283980, 30631, 39523, -96484, -91454, -129872, 110521, 263167, 123041, 129068, -100996, -27634, 154570, -139719, 208499, -394380, 188591, -160365, 64175, -212031, -239858, -101814, 199976, 214789, 299814, 43112, -89161, 36140, -122470, 87348, -23307, 20641, 247760, -139914, -106325, -428869, -158664, -97731, 139212, -28396, 257510, 85001, 427006, 181607, -65778, -251058, -238979, 136263, 130134, 65004, -289256]
[0, 0, 0, 0, 0, 0, 0, 0, 0, 1, 0, 0, -1, -1, 1, -1, 1, 0, 0, 1, 1, 1, 0, 1, 0, 1, 0, 0, -1, 1, 0, 1, 0, 1, -1, 0, -1, 1, 0, -1, -1, 237, 3908, -8055, 6390, -27832, 37013, -12054, 48276, -43460, -37135, -3272, 13084, 82177, -21978, -67006, -3274, -18819, 105754, -26197, -52438, 35501, -22948, 89513, -40179, -101515, 69378, -99364, 128203, -69795, -13425, 81663, -32542, 97818, -93486, -66903, 65957, 49456, 84545, -49222, -176487, 55437, -82369, 17663, -2362, -50195, 258353, -47317, 23561, 7901, -155088, 218706, -116420, 79819, 45308, -255690, 111405, -147256, -78161, 67090, -337788, 401521, 108817, 126178, 226592, -436380, 381405, -238616, 91388, -29920, -267308, 156439, -74974, -149235, 95773, -568908, 273439, -6629, 449743, 445358, -295247, 37564, -130581, 55697, 317847, -431574, 89298, -104285, -163130, 188547, -516332, -22687, -44199, -160747, 598374, -242733, 464712, 370264, 57636, 296861, -788570, 16104, 310155, -36379, 170721, -952437, -346083, 196748, -392055, 426882, -453686, 563979, 1040145, -42142, 307249, -716513, 178582, 634956, -386376, -55649, -847622, -26996, 236465, -470174, -348655, -558399, 367509, 1011835, 459553, 377621, -345771, -84180, 500826, -325254, 516324, -1022297, 433363, -194750, -50129, -609121, -929553, -351442, 542940, 497116, 1004727, 272277, -21842, 121649, -426632, 245236, 58827, 33889, 439794, -411750, -366844, -1036095, -753427, -69640, 494207, 101786, 516121, 188377, 1271903, 419668, -266665, -751662, -507246, 511125, 539383, 363666, -945833]
[0, 0, 0, 0, 0, -1, 0, 0, 1, 1, 1, 1, 0, 1, -1, 1, -1, 0, 2, -1, 0, -1, 1, 0, 0, 0, 0, 0, -1, 0, 0, 0, 0, -1, 0, 0, 0, 0, 1, 0, -1, 1860, 21663, -37756, 27014, -139718, 165766, -50449, 232378, -183536, -168134, -20537, 47849, 357505, -94397, -298208, -7109, -79152, 459558, -111788, -247910, 167954, -90073, 389420, -168909, -470207, 333733, -430522, 569476, -319766, -85260, 346486, -144067, 443035, -390281, -283648, 255410, 210353, 337120, -171893, -749633, 279824, -346072, 58691, -7922, -244922, 1121409, -242582, 79361, 1018, -675282, 951200, -454954, 381657, 250808, -1113932, 477086, -624512, -344967, 285902, -1542212, 1709872, 505145, 536318, 1011249, -1964071, 1700625, -1028140, 418427, -130790, -1173080, 691714, -306902, -634822, 418027, -2479837, 1196299, 8578, 1939316, 1914932, -1325720, 160363, -603069, 199676, 1336127, -1881964, 419264, -387143, -583224, 879505, -2215939, -178008, -213576, -728096, 2599498, -1115520, 1967447, 1545534, 301447, 1326156, -3361928, 56116, 1329920, -159910, 701525, -4112876, -1456877, 975780, -1706037, 1796661, -2057394, 2441511, 4583949, -245249, 1358379, -3276014, 884374, 2752153, -1568096, -306997, -3762002, -69223, 1053787, -1957490, -1506921, -2416372, 1594321, 4335431, 1947453, 1714505, -1606517, -341784, 2123553, -1379724, 2383619, -4633928, 1993353, -995749, -100758, -2597243, -4097692, -1423873, 2350918, 2314046, 4292735, 1043776, -211534, 596966, -1856631, 1056141, 124006, 191439, 2082223, -1694604, -1466344, -4705960, -3288191, -460124, 2184928, 401795, 2310391, 951716, 5632653, 1759728, -1249652, -3338794, -2145106, 2266184, 2180143, 1520799, -4179184]
[0, 0, 0, 1, 0, -1, -1, 0, 1, 0, 0, 0, 0, 0, 0, 1, 0, 0, 1, -1, -2, -1, 0, 0, 1, 0, 0, -1, -1, -1, 0, 0, 0, -1, 0, -1, 0, 0, 1, -1, 0, 2019, 59427, -103442, 83288, -378909, 449781, -147379, 627847, -498486, -449253, -57136, 137841, 960489, -258821, -813300, -14767, -200030, 1247437, -300134, -668916, 439560, -252833, 1045598, -450902, -1262727, 891469, -1165574, 1547164, -868933, -218075, 949590, -373580, 1198557, -1091697, -763524, 694408, 568659, 902393, -482259, -2022730, 749847, -932727, 179718, 5943, -666717, 3026144, -675055, 229271, -3367, -1820472, 2568717, -1228266, 1026825, 661437, -3002250, 1291662, -1684265, -953483, 774256, -4167141, 4623641, 1345868, 1462310, 2779865, -5303286, 4608565, -2801846, 1151383, -370578, -3193753, 1864623, -814096, -1756519, 1121438, -6740401, 3285063, 13693, 5268941, 5192362, -3545874, 422510, -1660824, 526866, 3639222, -5075739, 1136148, -1089723, -1556395, 2355926, -5992356, -488599, -562095, -1986656, 6996669, -3042214, 5374170, 4217821, 823182, 3596592, -9079132, 124372, 3611516, -439236, 1930386, -11158054, -4034102, 2656925, -4626406, 4898465, -5557478, 6598938, 12430525, -680432, 3688381, -8835837, 2424083, 7440539, -4292417, -851525, -10193938, -160271, 2797033, -5297577, -4071623, -6501256, 4324650, 11727097, 5288050, 4627101, -4282311, -944071, 5797687, -3821409, 6448200, -12575594, 5417995, -2755624, -228208, -7112728, -11011205, -3918102, 6431644, 6274398, 11677818, 2858618, -618905, 1574846, -5023952, 2883409, 362990, 508093, 5702826, -4675482, -4048139, -12798822, -8814714, -1260670, 5888208, 1025477, 6366665, 2540141, 15280217, 4893200, -3307926, -9040554, -5978881, 6084408, 5957456, 4094700, -11296908]
[0, 0, 0, -1, 0, 1, 0, 0, 0, 0, 1, 0, 0, 0, -1, 2, -1, 0, 0, -1, 1, 0, 1, 0, -1, 0, -1, 0, -1, -1, 1, 0, 0, -1, 0, 0, -1, 0, 0, 0, -1, -1840, -67805, 120649, -99006, 437538, -527445, 175156, -728803, 589246, 525238, 64453, -166585, -1129765, 305339, 954534, 20056, 236003, -1468679, 354301, 777939, -510598, 302600, -1229985, 533422, 1472219, -1034204, 1372721, -1815810, 1015902, 243466, -1122280, 437592, -1403185, 1294656, 901814, -831195, -671322, -1075517, 587805, 2388118, -864879, 1102389, -220846, -7514, 773228, -3561589, 778968, -280603, -10897, 2142049, -3022693, 1468199, -1192854, -754165, 3531758, -1523413, 1989340, 1120710, -913921, 4872470, -5457219, -1567958, -1728203, -3263289, 6211132, -5407230, 3304081, -1346285, 437020, 3754966, -2189438, 967356, 2076769, -1319865, 7932351, -3866818, 1204, -6210382, -6121014, 4152412, -498160, 1940205, -637358, -4304423, 5970112, -1324029, 1314115, 1887064, -2744188, 7065879, 539321, 650927, 2327020, -8232367, 3555087, -6352832, -4995299, -946898, -4219181, 10713880, -149975, -4260257, 517078, -2291962, 13148875, 4776096, -3074620, 5445334, -5794256, 6500318, -7771224, -14603761, 773831, -4332388, 10323478, -2804408, -8760929, 5106071, 973774, 11965497, 209347, -3277059, 6275334, 4794055, 7654457, -5092774, -13829471, -6247095, -5414748, 4988050, 1122683, -6852372, 4520178, -7525270, 14720928, -6329504, 3180062, 317957, 8401707, 12928880, 4660683, -7579265, -7318195, -13780039, -3429079, 677356, -1821069, 5909834, -3397771, -487921, -576092, -6639690, 5549665, 4827878, 14978540, 10368789, 1412491, -6913898, -1221036, -7471110, -2926315, -17946186, -5796746, 3846266, 10607238, 7076599, -7136419, -7085668, -4844516, 13265375]
[0, 0, 0, 1, -1, 0, 0, -1, 1, -1, 0, -1, 1, 1, 1, 0, 0, 1, -1, 0, 0, -1, 1, 0, 0, 0, -1, 0, 1, 1, 1, 0, 0, 0, 0, 1, 0, -1, 0, 0, -1, -6489, -74662, 146436, -108251, 517351, -661588, 207531, -884990, 757987, 664982, 66034, -212059, -1450585, 384907, 1190064, 46758, 335340, -1865678, 462248, 951763, -654688, 388317, -1581700, 708620, 1832199, -1276376, 1752990, -2276311, 1257618, 276313, -1424444, 584332, -1757890, 1616217, 1172755, -1111723, -865159, -1453886, 803731, 3088119, -1039957, 1429921, -276809, 48604, 925846, -4554038, 881663, -370526, -95193, 2742485, -3859063, 1977142, -1463426, -894360, 4517519, -1952196, 2579931, 1374854, -1175592, 6084405, -7025948, -1969886, -2214880, -4025855, 7800891, -6808272, 4200025, -1629972, 526164, 4721248, -2783511, 1319683, 2607010, -1710520, 10035849, -4826907, 57249, -7909467, -7816189, 5290635, -664456, 2340106, -913689, -5521903, 7623988, -1627212, 1719185, 2700842, -3418603, 9070106, 509467, 817197, 2884798, -10554971, 4362662, -8111393, -6425513, -1094877, -5305037, 13812906, -262515, -5444062, 647685, -2935071, 16771907, 6013590, -3648660, 6918648, -7431394, 8109184, -9938691, -18425291, 828183, -5456117, 12864870, -3275764, -11194402, 6642410, 1065082, 15073155, 423024, -4228118, 8181785, 6122582, 9844996, -6478884, -17744087, -8017013, -6798053, 6252513, 1437306, -8753668, 5675528, -9297960, 18330918, -7798591, 3635876, 721042, 10665011, 16496334, 6006539, -9549207, -9004879, -17567238, -4582728, 524708, -2266290, 7505321, -4279945, -834238, -650458, -7981989, 7073281, 6260509, 18564118, 13394949, 1438749, -8797499, -1749453, -9169075, -3513658, -22641098, -7265946, 4842384, 13339235, 8818551, -9074221, -9205977, -6326582, 16789525]
[0, 0, 0, 1, 0, 0, -1, -1, 0, 0, 0, -1, -1, -1, -1, 1, 0, -1, 0, 0, 1, -1, 0, 1, 0, -1, -1, 0, 0, -1, -1, -1, 0, 0, 0, 0, 1, 1, 0, -1, 0, -3340, -14352, 30939, -16865, 108413, -145827, 38919, -190959, 170764, 150968, 11305, -44618, -330401, 84359, 259810, 16688, 87038, -416031, 106038, 207475, -153198, 83758, -361051, 165891, 407778, -283307, 393775, -501284, 273340, 61394, -313903, 142567, -388160, 341708, 269122, -258594, -196261, -344984, 183229, 703518, -224844, 327909, -53367, 32299, 194867, -1027707, 170509, -80511, -37967, 620492, -869844, 464063, -320105, -194124, 1020702, -440674, 589170, 292223, -265495, 1343088, -1590960, -446181, -493273, -861167, 1734307, -1507691, 930493, -342668, 105628, 1040564, -625419, 316084, 560571, -391536, 2227256, -1044638, 18858, -1765713, -1752579, 1203546, -158715, 491651, -229530, -1238384, 1719652, -352552, 378716, 667780, -763798, 2048697, 80620, 186923, 625017, -2394745, 938219, -1801945, -1439498, -221030, -1171429, 3135951, -83584, -1219443, 139531, -648590, 3753130, 1298593, -762310, 1544828, -1662628, 1793643, -2240252, -4089097, 150932, -1207078, 2848706, -670021, -2520596, 1493695, 199423, 3344198, 131355, -981137, 1868015, 1382923, 2241015, -1447893, -4005442, -1804560, -1507874, 1412404, 316782, -1945655, 1219084, -2034213, 4017506, -1691027, 715611, 237460, 2346759, 3736675, 1337869, -2093314, -1955383, -3923511, -1052671, 39813, -513591, 1685116, -942702, -217231, -139288, -1675972, 1555485, 1390747, 4041129, 3065145, 254680, -1978402, -453420, -1944924, -767818, -5016249, -1557495, 1107702, 2963019, 1870964, -2053282, -2081618, -1456815, 3753485]
[0, 0, 0, 0, 0, 0, 0, 0, 0, 0, 0, -1, 2, -1, 1, 0, 1, -1, 0, 1, 0, 1, 2, 0, -1, 1, 0, 0, 0, 0, 0, 0, 0, 1, 0, 0, -1, 0, 0, 0, 1, -2766, -52376, 97798, -76633, 349841, -434781, 140605, -590623, 492489, 434933, 48097, -139085, -942673, 252615, 784795, 23989, 207323, -1219097, 297891, 633039, -424791, 252928, -1027132, 452679, 1208449, -844555, 1142456, -1496771, 831609, 190186, -931725, 372139, -1155542, 1066414, 757644, -709821, -561500, -922286, 508455, 2000593, -696896, 925470, -183366, 12339, 622184, -2965632, 610239, -239022, -36660, 1784784, -2515244, 1257258, -971482, -602149, 2940908, -1270684, 1668933, 914960, -763549, 4006023, -4561556, -1292831, -1440879, -2669001, 5123217, -4465768, 2743299, -1090777, 353500, 3100824, -1817035, 832144, 1714217, -1105824, 6571172, -3181920, 20836, -5162424, -5094835, 3449212, -423581, 1569636, -564778, -3593433, 4967508, -1079476, 1111175, 1669975, -2253236, 5896605, 387604, 535654, 1906912, -6863943, 2898305, -5289127, -4175955, -748113, -3481750, 8961301, -148324, -3547630, 425875, -1912398, 10937173, 3950086, -2462989, 4520294, -4835994, 5343842, -6472480, -12077628, 589688, -3579591, 8481177, -2230652, -7293362, 4293985, 750048, 9887014, 225523, -2739599, 5280359, 3991501, 6392969, -4230554, -11538710, -5215233, -4463361, 4108114, 937130, -5705964, 3731644, -6154778, 12089652, -5170274, 2502473, 371642, 6972838, 10751274, 3903542, -6266208, -5972145, -11464012, -2926386, 449331, -1492096, 4906461, -2809779, -481746, -451230, -5357110, 4621134, 4055099, 12272575, 8674535, 1051414, -5740336, -1079082, -6094477, -2357704, -14838241, -4785159, 3173877, 8758940, 5822890, -5924083, -5958566, -4079896, 10988214]
[0, 0, 0, 0, 0, 0, 0, 0, -1, 0, 1, 2, 0, 1, -1, 0, -1, 0, 1, 0, -2, -1, 1, 0, 1, 0, 0, 0, 0, 0, 0, -1, -1, -1, 0, 0, 1, 0, 0, 0, 0, 2374, 28469, -52423, 38204, -189842, 233533, -72066, 320060, -263232, -235971, -26165, 71422, 507980, -134574, -420387, -13439, -114797, 653269, -160042, -342917, 233614, -131963, 553733, -243601, -655205, 460373, -612853, 803132, -447129, -109109, 495837, -204558, 622136, -560465, -406950, 376717, 301046, 493885, -262914, -1073330, 380826, -496812, 90649, -13758, -335984, 1593733, -327078, 121839, 16955, -960141, 1351821, -669203, 527224, 333966, -1581754, 681398, -895369, -486951, 408933, -2160112, 2444960, 703977, 768207, 1423731, -2761387, 2399390, -1465140, 582897, -185004, -1660745, 978464, -447752, -907120, 595818, -3520051, 1695422, -3796, 2763235, 2729201, -1867918, 230034, -840057, 301876, 1917634, -2671318, 582350, -577443, -886301, 1223950, -3162748, -216602, -294257, -1021952, 3694113, -1556377, 2818355, 2224312, 405074, 1869890, -4807028, 85681, 1898729, -226600, 1012975, -5858697, -2089111, 1332118, -2423933, 2578986, -2882372, 3475344, 6482815, -319656, 1920515, -4581763, 1202745, 3915907, -2276793, -405226, -5312460, -121164, 1488932, -2822942, -2144911, -3440616, 2267890, 6186902, 2789414, 2406489, -2236713, -495120, 3041194, -1973176, 3321080, -6500870, 2781980, -1344622, -197698, -3711398, -5799175, -2066292, 3342492, 3220323, 6129553, 1543660, -243734, 820008, -2636334, 1500655, 235591, 252517, 2877669, -2445854, -2137994, -6593378, -4677721, -581273, 3090880, 592128, 3246908, 1293367, 7963473, 2525346, -1735899, -4710655, -3070020, 3199063, 3165794, 2188608, -5910620]
[0, 0, 0, 0, 0, 0, 0, 0, 0, 0, -1, 1, 0, 0, 1, -1, 0, -1, -1, 0, 1, 0, 0, 0, 0, 1, -1, -1, 0, 1, 1, 0, -1, 2, 1, 0, -1, 0, 1, -1, 0, -431, 522, -678, 1821, -2177, 2228, -2053, 3059, -2566, -1502, -611, 1962, 3599, -1690, -4858, 464, 1317, 6350, -803, -3355, -191, -2316, 3772, -671, -5190, 2826, -5434, 8242, -4456, 191, 6052, 565, 5326, -9726, -2816, 3627, 2563, 2129, -4024, -8435, 2811, -4070, 3797, 4062, -3836, 12956, -6489, 3322, -1554, -7330, 11387, -4833, 4170, 636, -12124, 6350, -6670, -7897, 3584, -18580, 20929, 4105, 7446, 19095, -23995, 21803, -14730, 8735, -4164, -18103, 7379, 188, -12770, 2939, -36032, 21603, -838, 27398, 25730, -10892, 49, -13045, 558, 20760, -21299, 5433, -11123, -2378, 8848, -26713, -4759, -454, -11582, 27526, -18195, 31121, 24171, 5087, 17017, -39097, -2981, 18295, -2419, 13288, -54646, -30714, 15860, -22868, 27576, -26921, 29550, 62402, -6684, 19085, -40555, 18535, 33614, -25078, -8307, -50054, 4673, 5980, -22738, -19631, -24929, 21473, 53890, 27605, 18814, -13458, -7335, 32805, -28213, 32539, -64980, 29774, -23737, 7005, -42342, -41604, -28092, 39067, 32058, 64696, 16561, -12253, 1649, -25671, 18285, 4850, 3069, 38466, -35444, -28425, -70270, -25175, -11428, 23188, -4786, 46128, 10448, 74306, 41189, -7509, -46036, -50867, 23413, 37095, 15964, -52361]
[0, 0, 0, 0, 0, 0, -1, 0, 1, 1, 1, 0, -1, 0, 1, 1, 0, 0, 1, -1, 1, -2, 1, 0, -1, 0, 1, -1, -1, 0, 0, 0, -1, 0, 0, 0, 0, -1, 0, 0, 0, 3834, 14593, -30586, 14614, -108525, 143320, -35717, 190123, -166149, -149676, -11717, 41047, 324577, -81929, -254303, -16440, -87211, 406813, -103635, -206173, 154401, -79003, 354909, -162674, -404909, 283837, -385567, 491032, -269038, -65743, 304068, -142915, 382485, -325778, -263241, 248070, 191525, 335141, -170851, -687072, 226921, -319631, 46411, -35978, -193667, 1006592, -169302, 72965, 33395, -608629, 852452, -447622, 319060, 200737, -1000675, 430595, -575636, -283842, 259096, -1326506, 1552427, 445282, 479231, 838632, -1708955, 1481285, -905171, 334505, -101568, -1016482, 614367, -309848, -539353, 385912, -2176106, 1014937, -11151, 1723707, 1710149, -1191908, 156560, -481956, 220441, 1202269, -1685931, 349066, -354701, -639781, 760856, -2001303, -89280, -188485, -614559, 2349004, -921934, 1748093, 1394595, 222205, 1150337, -3062680, 84104, 1188889, -135195, 622361, -3665728, -1248430, 760179, -1510811, 1613504, -1767765, 2192997, 4004546, -154521, 1183281, -2815547, 664731, 2467688, -1437377, -201004, -3282164, -125448, 974818, -1816809, -1355147, -2198215, 1414835, 3911421, 1756434, 1488008, -1407454, -303481, 1888671, -1171729, 2010594, -3955183, 1665091, -712096, -221910, -2273226, -3677599, -1284801, 2034879, 1933586, 3820139, 1004914, -47621, 518344, -1651930, 915744, 192205, 145904, 1650930, -1494867, -1329043, -3970819, -3016599, -269543, 1945991, 446237, 1891603, 778375, 4920690, 1493930, -1109853, -2909579, -1792305, 2022819, 2002310, 1421251, -3687373]
[0, 0, 0, 0, 0, 0, 1, -1, -1, 0, -1, -1, 1, 0, -1, 1, 0, -1, 0, -1, 0, -1, 1, 0, 0, 0, 0, 1, 0, 0, 1, -1, 1, -1, 1, 0, 1, 0, 1, 0, 1, -9548, -107633, 204551, -148512, 731728, -918486, 283536, -1243337, 1044675, 927195, 96856, -287396, -2008711, 531825, 1652610, 60992, 461154, -2581047, 635762, 1335593, -915895, 528103, -2190085, 972161, 2563064, -1792701, 2423971, -3159657, 1751087, 407702, -1963669, 811398, -2443467, 2219244, 1616619, -1515490, -1193850, -1984808, 1075042, 4259468, -1470789, 1973025, -368624, 65661, 1301455, -6300992, 1251442, -496684, -101732, 3795335, -5342319, 2694088, -2052674, -1277195, 6251608, -2698295, 3555845, 1911063, -1621662, 8472566, -9694718, -2757004, -3047292, -5587744, 10851237, -9445330, 5794695, -2274738, 727298, 6543982, -3858125, 1799344, 3587564, -2361145, 13893094, -6678741, 47156, -10930129, -10799535, 7356316, -915718, 3273784, -1234171, -7610362, 10554480, -2273125, 2328967, 3630946, -4786082, 12525773, 776092, 1147862, 4010580, -14607964, 6084398, -11173918, -8839211, -1552512, -7358544, 19061745, -357461, -7516644, 892891, -4027932, 23174522, 8273131, -5145159, 9574032, -10235415, 11303530, -13745341, -25546014, 1199315, -7565899, 17952092, -4632648, -15484428, 9089983, 1530988, 20916925, 536712, -5877629, 11242180, 8481099, 13616996, -8961270, -24505647, -11060201, -9451546, 8752781, 1971583, -12057599, 7806473, -12988146, 25507650, -10879513, 5153777, 903352, 14692913, 22881881, 8237487, -13196815, -12579687, -24264095, -6222993, 832258, -3189155, 10408887, -5923707, -1050054, -953395, -11184004, 9720773, 8547395, 25842722, 18516122, 2135884, -12193268, -2392074, -12731041, -4990944, -31379776, -9998796, 6791199, 18535616, 12135991, -12606204, -12628705, -8710130, 23295549]
[0, 1, 0, -1, 0, 0, 0, 0, 0, 0, 0, -1, -1, 0, 1, -1, 1, -1, -1, 0, 0, 1, 0, 1, 1, 0, -1, 0, 0, 0, 0, 0, 0, 0, -1, 2, 0, -1, 1, 0, 1, 12542, 43805, -102645, 51195, -350350, 489121, -126980, 627288, -577759, -505222, -32287, 149069, 1115090, -282946, -866355, -62488, -305767, 1401140, -362283, -682483, 518681, -284392, 1220160, -573048, -1353950, 939827, -1330200, 1674503, -910086, -190102, 1056317, -489576, 1301055, -1142748, -915637, 885784, 663893, 1193531, -640614, -2384249, 736454, -1107396, 179115, -128528, -637010, 3463872, -536240, 272062, 158588, -2094995, 2930778, -1600147, 1058977, 636788, -3442386, 1486648, -2002339, -963226, 899065, -4491167, 5380337, 1489495, 1674499, 2858197, -5800634, 5065029, -3137745, 1119999, -350588, -3480039, 2105461, -1108664, -1881107, 1339935, -7478156, 3490220, -82806, 5953650, 5905666, -4056155, 545021, -1606078, 800576, 4179298, -5793992, 1170950, -1288611, -2355804, 2541476, -6923054, -204669, -624950, -2089625, 8078917, -3101015, 6084815, 4872678, 710487, 3934473, -10613229, 297728, 4115151, -469317, 2184944, -12664484, -4359174, 2477014, -5198712, 5619829, -5961069, 7559049, 13702392, -454690, 4049904, -9472537, 2136978, 8502450, -5088105, -607546, -11210896, -502659, 3322589, -6368533, -4651792, -7575940, 4874713, 13525048, 6091179, 5059654, -4700487, -1066795, 6576634, -4091880, 6740172, -13409782, 5599990, -2270729, -899965, -7908065, -12579992, -4522300, 7021207, 6483941, 13204240, 3623999, -5989, 1710502, -5651920, 3142558, 813218, 427683, 5473701, -5232832, -4732895, -13435443, -10422479, -717699, 6671957, 1579011, 6435146, 2498361, 16869203, 5213038, -3693193, -9899909, -6251222, 6888535, 7036818, 4955754, -12603143]
[0, 0, 0, 0, 0, 0, 0, 0, 1, 0, -1, -1, 0, 0, 1, -2, 2, 1, -1, 0, 0, 1, 0, 1, 1, -1, 0, 0, 1, 0, -1, 0, 0, 1, -1, 0, 0, 1, 0, 0, 0, 626, -4404, 5215, -6372, 21948, -18951, 8488, -32108, 17360, 17824, 5147, -4922, -34198, 10445, 35480, -3658, 1370, -47967, 9523, 32690, -16234, 8861, -36815, 11808, 55986, -41776, 43071, -65448, 39964, 14981, -36611, 9258, -51160, 47120, 24372, -16007, -19594, -18447, 7279, 67734, -40335, 30412, -7021, -10725, 36568, -111311, 45997, -5689, 15402, 66499, -95472, 25814, -49794, -38246, 110440, -46374, 55061, 45379, -27008, 181232, -160526, -56126, -52827, -129678, 221899, -189577, 108063, -59379, 19032, 132133, -72177, 14950, 73612, -37194, 267236, -142639, -11229, -198548, -192387, 134463, -10748, 86916, -603, -129022, 188762, -54498, 31142, 2357, -103746, 213801, 51931, 23913, 89459, -252205, 146549, -198551, -146462, -52233, -149631, 311923, 8615, -133198, 19115, -69845, 417153, 164654, -151579, 178245, -174466, 242768, -242015, -503997, 54914, -150944, 388627, -147135, -274694, 135282, 64988, 417659, -22667, -95740, 164561, 149583, 228468, -165250, -418736, -187860, -195154, 182130, 33746, -213496, 159845, -298030, 554664, -255556, 181492, -50036, 276212, 412596, 132405, -262435, -297906, -436202, -66060, 86257, -71305, 192345, -117352, 28960, -34185, -305706, 173011, 130472, 582351, 301199, 115475, -225245, -4265, -305836, -135893, -619440, -204468, 136505, 373664, 261107, -233825, -189336, -125065, 447117]
[0, 0, 0, -1, 0, 0, 0, 2, 1, 0, 1, -1, 0, 0, 0, -1, 0, 1, -1, 0, -1, 0, 0, 0, 2, 0, -2, 0, 0, 0, 0, 0, 0, 1, 0, 0, -1, 0, 1, 0, 0, 8084, 83602, -164857, 119322, -582521, 747598, -231336, 998688, -858421, -753835, -73342, 239153, 1644438, -434938, -1344185, -56014, -384394, 2110785, -523754, -1075309, 743433, -437891, 1793354, -804227, -2073626, 1443502, -1984435, 2572911, -1419413, -313247, 1610071, -666341, 1986491, -1820152, -1330042, 1263151, 980410, 1653268, -910560, -3500513, 1173577, -1622779, 309838, -63909, -1042291, 5157994, -986832, 419133, 114095, -3106699, 4370705, -2246784, 1652962, 1008415, -5116630, 2211688, -2924583, -1550647, 1331440, -6876485, 7960127, 2232598, 2504088, 4538964, -8824378, 7696189, -4747674, 1836014, -589946, -5337279, 3150691, -1499691, -2939430, 1937861, -11350792, 5446917, -67095, 8949520, 8848053, -5995897, 755961, -2636700, 1045708, 6252391, -8634406, 1835829, -1944463, -3082634, 3869741, -10273248, -563981, -926379, -3254765, 11960580, -4921292, 9173488, 7273291, 1228008, 5994868, -15652836, 308780, 6161791, -729870, 3318772, -18979641, -6784857, 4106075, -7828782, 8410939, -9171891, 11255413, 20839234, -923296, 6168525, -14551698, 3683606, 12676273, -7518780, -1189910, -17046309, -491985, 4800724, -9273824, -6938512, -11158976, 7331740, 20098033, 9079948, 7684659, -7085269, -1625364, 9899353, -6398556, 10505203, -20707096, 8803419, -4073763, -848967, -12049393, -18690747, -6798379, 10787749, 10164804, 19883258, 5197404, -563781, 2566969, -8501741, 4840041, 957699, 737391, 8987759, -7996925, -7079206, -20960790, -15181440, -1603975, 9958275, 2007612, 10330629, 3972755, 25595035, 8194694, -5493786, -15092074, -9934829, 10282425, 10435192, 7178556, -19002001]
[0, 0, 0, -1, 1, 0, 0, 1, 0, -1, 0, 0, 0, -1, -1, 1, -2, -1, -1, -1, 0, 0, -1, 0, -1, 0, 0, 0, -1, 0, 0, 0, 0, 0, 1, -1, 0, -2, 0, 0, 0, 6653, 92566, -180033, 137010, -636345, 810238, -258384, 1085659, -926963, -811911, -82600, 262053, 1770978, -472100, -1459511, -54105, -402771, 2283169, -563550, -1166786, 795517, -477408, 1930629, -861940, -2241565, 1560718, -2143498, 2788846, -1542026, -337126, 1746150, -707296, 2151873, -1990183, -1430911, 1356450, 1057088, 1767800, -983386, -3771020, 1274615, -1745852, 345380, -46071, -1138337, 5565465, -1093262, 456853, 107552, -3350607, 4717209, -2408129, 1792481, 1093469, -5519431, 2386843, -3149413, -1692254, 1436828, -7448499, 8585364, 2405053, 2710370, 4947678, -9545905, 8333889, -5142783, 2006719, -650928, -5785254, 3402190, -1600512, -3203056, 2085681, -12288488, 5925856, -68353, 9679196, 9560711, -6456969, 806483, -2882200, 1105172, 6757610, -9317098, 1995153, -2112185, -3271166, 4180009, -11085232, -640380, -995395, -3538976, 12891287, -5356519, 9933291, 7863912, 1350185, 6495075, -16873313, 307045, 6660257, -794813, 3598470, -20517158, -7388215, 4489343, -8465655, 9095392, -9929605, 12148785, 22556604, -1031199, 6681317, -15749271, 4041548, 13685116, -8126537, -1323938, -18451810, -495346, 5149365, -9989680, -7485239, -12020687, 7927275, 21688567, 9805823, 8316887, -7636029, -1763415, 10718249, -6974105, 11394960, -22462605, 9566985, -4499908, -842057, -13071035, -20148671, -7361080, 11708310, 11042226, 21503167, 5596917, -685104, 2763263, -9181663, 5247107, 1010818, 800279, 9822806, -8678856, -7671426, -22765646, -16337271, -1795508, 10751261, 2104850, 11277703, 4304818, 27715713, 8936347, -5904916, -16330963, -10854208, 11085064, 11264124, 7718036, -20538169]
[0, 0, 0, 1, -1, 0, -1, 0, 0, 1, 0, -1, 0, -1, 1, 0, -1, -2, 0, 1, 0, 0, 0, 0, -1, 0, 1, 0, -1, 1, 0, 1, 0, 0, 1, 0, 0, -2, 0, 0, 0, -7802, -59594, 119676, -80488, 422138, -546449, 162376, -727669, 628784, 554454, 51324, -170754, -1209053, 316666, 979191, 45466, 292487, -1544555, 386049, 784376, -553016, 316635, -1319480, 596040, 1519145, -1059541, 1454869, -1877712, 1034668, 231572, -1173252, 499398, -1453356, 1312337, 979270, -928319, -719461, -1225130, 664787, 2571744, -857792, 1192040, -216334, 66603, 755902, -3783518, 702926, -300093, -95045, 2281176, -3205522, 1657922, -1208584, -742519, 3755457, -1621392, 2150690, 1120664, -976548, 5031434, -5839527, -1643504, -1831768, -3290665, 6459737, -5630660, 3467856, -1325431, 422304, 3893519, -2311258, 1118583, 2130352, -1430438, 8294376, -3957415, 49344, -6548311, -6477498, 4415544, -562485, 1904204, -780843, -4572095, 6334475, -1339121, 1407288, 2299186, -2839942, 7534963, 391702, 685170, 2371767, -8785092, 3576063, -6698787, -5317944, -885605, -4383566, 11491285, -245086, -4510308, 530394, -2414648, 13896727, 4918730, -2973956, 5729478, -6149735, 6702652, -8254678, -15232948, 653204, -4508622, 10643322, -2649211, -9294933, 5498168, 843293, 12466985, 389667, -3551780, 6815240, 5087473, 8203092, -5365904, -14736039, -6648360, -5629303, 5209570, 1181028, -7231735, 4635710, -7665884, 15117577, -6409891, 2914014, 672702, 8781873, 13732114, 4953709, -7858160, -7411278, -14535223, -3811487, 353906, -1895468, 6225506, -3523749, -712522, -536529, -6500557, 5812764, 5157732, 15271723, 11190653, 1129739, -7309443, -1517311, -7474635, -2907367, -18722681, -5928013, 4053590, 11034421, 7173182, -7550747, -7624987, -5284390, 13919089]
[0, 0, 0, -1, 0, 1, 0, 1, 0, -1, 0, 0, 1, 0, 1, 0, 1, 1, -1, -1, -1, -1, 0, -1, -1, 0, 1, 0, 0, -1, -1, 2, 0, 0, 0, 0, -1, -1, 0, 1, 1, 3813, -9127, 7575, -18216, 34759, -17797, 19244, -41940, 7736, 10257, 12168, -6772, -12152, 10011, 38259, -16132, -23762, -34164, 45, 39388, -1047, 8803, -11019, -9839, 51585, -41637, 24523, -63260, 46199, 20306, -31072, -16215, -47779, 64374, 614, 16404, -6701, 36025, -15390, 16018, -53123, 3316, -16056, -49627, 55585, -58038, 93748, -3298, 53359, 30778, -51999, -39569, -57306, -50437, 55625, -21886, 8055, 62935, -11295, 174204, -61533, -37768, -32947, -169953, 189864, -163866, 84416, -90658, 35160, 123375, -45675, -41655, 86778, -3773, 215664, -163772, -30006, -133549, -116549, 62363, 13622, 132102, 57790, -69622, 102311, -66188, 14703, -159656, -90480, 96468, 124617, 14403, 104331, -107110, 189592, -139293, -74879, -94856, -135393, 102721, 54974, -79755, 22196, -52180, 263386, 183725, -240419, 124746, -98818, 234884, -126084, -422360, 121801, -132017, 372211, -259213, -149434, 40221, 139645, 353765, -102970, -3460, 7193, 76666, 75959, -111729, -196450, -92340, -170629, 133131, 26058, -146936, 189855, -334548, 580762, -308105, 354664, -213662, 239404, 207826, 73856, -253909, -355817, -289693, 50318, 247459, -54039, 124143, -110941, 118707, -52529, -469888, 144588, 66257, 664569, 57230, 259134, -136958, 126252, -429371, -170813, -521586, -248347, 77090, 319610, 349061, -132083, -49034, 12357, 324355]
[0, 0, 0, 0, 0, 0, 0, 0, 1, 0, 0, -1, 0, -1, 2, -1, 1, 1, 1, 1, 1, 0, 0, 0, 0, 0, 2, -1, 0, 0, -1, 2, 0, 0, -1, -1, 0, 0, 0, 0, -1, 1238, 2998, -6655, 1849, -23655, 32355, -6470, 42400, -38310, -34962, -2107, 8978, 75704, -18454, -57132, -5211, -22186, 92958, -23976, -46623, 36634, -17284, 82886, -38226, -93115, 64889, -88647, 111101, -59914, -15550, 68671, -35151, 86372, -70207, -61564, 58870, 44443, 80164, -39248, -159915, 50746, -75200, 8920, -12412, -42004, 232600, -34083, 16462, 10321, -140750, 196902, -106548, 71857, 44694, -231195, 99765, -134010, -62633, 59803, -300260, 359585, 104004, 108431, 184202, -390330, 335634, -204455, 72830, -20896, -230263, 140984, -73565, -118096, 89346, -495472, 225042, -3309, 394182, 392823, -277512, 37617, -105285, 55689, 276749, -389289, 77537, -80274, -157806, 175451, -462079, -15308, -44103, -136658, 545518, -204200, 397079, 319697, 46248, 259558, -710793, 24711, 272440, -29339, 140711, -839004, -275568, 164285, -345596, 369557, -403366, 506014, 911925, -29610, 268529, -643052, 142425, 568868, -328997, -39482, -746997, -34487, 231299, -422133, -315171, -511674, 323753, 903746, 405339, 337243, -327876, -68800, 428809, -256208, 454209, -890478, 371811, -145574, -64810, -510259, -853409, -294045, 457007, 432067, 876034, 234365, 1955, 120126, -382604, 208168, 49704, 34576, 358259, -338209, -300632, -888603, -701124, -51811, 447227, 114222, 412154, 178324, 1115200, 328510, -261800, -665677, -388331, 470158, 464875, 334042, -846227]
[0, 0, 0, 0, 0, 1, -2, 0, 0, 1, 1, 2, -1, -1, 0, 0, 0, 0, 1, 0, 1, 0, 0, -1, 0, 1, 1, -1, -1, -1, 0, 0, 0, 1, -1, 1, -1, 0, -1, 0, 0, 2450, 1120, -5312, -3112, -17562, 30331, -1469, 36104, -38576, -35401, 522, 6955, 78093, -16981, -51525, -9377, -30178, 90530, -25579, -41125, 40350, -15276, 86133, -43308, -88534, 61234, -88439, 103131, -53205, -13582, 64506, -42545, 81358, -56313, -65368, 64999, 45545, 93389, -42605, -165983, 43502, -78901, 3515, -26820, -32302, 233947, -14163, 14666, 22787, -143032, 197464, -120796, 64645, 39072, -233467, 100592, -140473, -50539, 60686, -281612, 366525, 104335, 106425, 153591, -373578, 319687, -195773, 55243, -12790, -214654, 140152, -88898, -101813, 95179, -474055, 197524, -8383, 385622, 388416, -285090, 43935, -80135, 71963, 274241, -390897, 67929, -76249, -202203, 169215, -467783, 10700, -45439, -120814, 556933, -172848, 383842, 317318, 28124, 245119, -730092, 40398, 269410, -25616, 133279, -827217, -241498, 121526, -337536, 364819, -376810, 508492, 869952, -3850, 254439, -603649, 91522, 569837, -332551, -9998, -713000, -60953, 250056, -444132, -317009, -528267, 317185, 911985, 405776, 322353, -325477, -64666, 415756, -220038, 408827, -814785, 324894, -72279, -117986, -478113, -865688, -286429, 420464, 380685, 855375, 253211, 59679, 120565, -377408, 192379, 74048, 26898, 271218, -315267, -293348, -790950, -739576, 1405, 446447, 154105, 330866, 156859, 1065032, 278955, -268694, -634270, -316230, 473297, 471544, 357228, -826772]
[0, 0, 0, 0, -1, 1, 0, -1, 1, 0, 0, 0, -1, -2, 1, 0, 0, -1, 0, 1, 1, 0, 1, 1, 0, 1, -1, 0, 0, 1, 2, 0, 0, -1, 1, -1, 0, 0, 0, -1, 0, -12778, -148643, 282232, -206449, 1009026, -1264482, 392901, -1712761, 1435351, 1273615, 134380, -394174, -2759238, 731466, 2274218, 80320, 631137, -3549327, 874643, 1837662, -1259469, 726977, -3008374, 1336833, 3523787, -2467833, 3332671, -4346979, 2412558, 560319, -2700580, 1112327, -3364727, 3057488, 2220499, -2076292, -1639902, -2722703, 1475702, 5850787, -2027411, 2706272, -507395, 84396, 1795680, -8659556, 1729784, -679404, -134738, 5216475, -7341781, 3694130, -2827298, -1765331, 8593197, -3706220, 4885292, 2628815, -2228763, 11664602, -13319301, -3788481, -4194496, -7697420, 14925659, -13001164, 7974579, -3133080, 1004614, 9000273, -5306464, 2475042, 4942497, -3249542, 19105448, -9196310, 61031, -15028671, -14843653, 10111969, -1256906, 4507479, -1683230, -10453821, 14507002, -3133512, 3195045, 4967643, -6581073, 17214022, 1077871, 1579136, 5526225, -20071272, 8380548, -15366250, -12146684, -2147949, -10131985, 26187323, -479718, -10333240, 1232119, -5535771, 31866794, 11388467, -7099217, 13164326, -14066968, 15542918, -18891804, -35134463, 1661497, -10409537, 24688405, -6385646, -21283337, 12493047, 2117505, 28773713, 730727, -8070679, 15445499, 11645205, 18707824, -12321032, -33673286, -15193355, -13014280, 12026729, 2707874, -16584270, 10755258, -17874016, 35116869, -14980551, 7123398, 1210310, 20221331, 31445025, 11310446, -18159835, -17327382, -33342783, -8539754, 1166257, -4389973, 14294505, -8139718, -1423969, -1304380, -15417950, 13355756, 11750512, 35581321, 25461399, 2955296, -16771616, -3264577, -17542831, -6864395, -43189449, -13761156, 9326458, 25481088, 16717929, -17318823, -17323554, -11955981, 32029059]
[0, 0, 0, 0, -1, 1, 1, 0, -2, -1, 1, 0, 1, 1, -1, 1, -1, 0, 1, 0, -1, 0, 1, 0, 1, 0, -1, -1, 1, 0, 0, -1, -1, -1, -1, 0, 1, 0, 0, 0, 1, -7523, -92769, 178145, -132088, 633212, -799721, 250676, -1077552, 911270, 804014, 83267, -253467, -1747226, 464101, 1439180, 52774, 399213, -2249137, 554604, 1157430, -791981, 464720, -1904846, 848376, 2221762, -1551835, 2112027, -2750538, 1523504, 344619, -1714828, 702237, -2125994, 1945788, 1408628, -1325542, -1040296, -1733853, 950603, 3711724, -1270986, 1717529, -329469, 51519, 1129315, -5485813, 1085830, -439198, -95820, 3303428, -4650314, 2357054, -1779202, -1099461, 5442065, -2350197, 3099550, 1665372, -1413986, 7365773, -8449403, -2387532, -2662792, -4872072, 9432628, -8224176, 5057132, -1979770, 638592, 5699900, -3357016, 1573209, 3139753, -2057682, 12104381, -5828236, 51882, -9528781, -9411685, 6388430, -795933, 2846207, -1078658, -6639694, 9186985, -1975382, 2049868, 3186745, -4147174, 10913833, 657219, 991982, 3494258, -12712442, 5291825, -9757503, -7719582, -1345543, -6408668, 16609891, -305524, -6553262, 780639, -3522813, 20200770, 7239321, -4459751, 8340159, -8934489, 9817083, -11970695, -22240311, 1034425, -6588952, 15583757, -4012919, -13485287, 7956467, 1322297, 18204932, 476739, -5099483, 9813800, 7379180, 11851406, -7807214, -21353046, -9642620, -8220521, 7578000, 1725240, -10530014, 6833975, -11278613, 22191196, -9456496, 4471077, 799311, 12835975, 19894421, 7205345, -11514789, -10928898, -21153026, -5459988, 705033, -2754473, 9054440, -5161897, -948715, -809845, -9718112, 8500758, 7494846, 22482065, 16118988, 1821215, -10611984, -2073020, -11103580, -4301442, -27334518, -8751900, 5871363, 16118919, 10627706, -10951905, -11031046, -7591826, 20267579]
[0, 0, 0, 0, 0, -1, 1, 0, 0, 1, -1, -1, 1, 0, -1, -1, 0, 1, -1, 0, 0, 0, -1, 2, 0, 0, -1, 0, 0, 0, -2, 0, -1, 1, -1, 1, 1, 1, 0, -1, -1, -2948, -21924, 42772, -27892, 152924, -194795, 56375, -262287, 223081, 199012, 19141, -59587, -431006, 112494, 349264, 16076, 104235, -549423, 136462, 282671, -199000, 110472, -470469, 210444, 546510, -382075, 517430, -669645, 369590, 87794, -415821, 179046, -518595, 462149, 347749, -327048, -255646, -431686, 229186, 913345, -311072, 424313, -73767, 24573, 272079, -1346703, 254880, -103918, -28449, 812519, -1141955, 582782, -435023, -270960, 1336695, -577171, 763211, 400475, -346605, 1798838, -2073872, -591784, -647366, -1171834, 2309586, -2006286, 1229204, -474304, 148962, 1387208, -823660, 392657, 752018, -507642, 2952267, -1405794, 11315, -2327100, -2302245, 1579514, -199944, 684253, -273790, -1622309, 2255649, -479555, 491411, 800113, -1022301, 2677980, 152453, 247146, 845475, -3128792, 1279506, -2372640, -1882827, -320218, -1561072, 4082083, -87923, -1602249, 187361, -852604, 4937904, 1737889, -1073976, 2039075, -2179673, 2401603, -2937547, -5428810, 241084, -1606502, 3818119, -959692, -3307957, 1935714, 309571, 4446614, 129400, -1271738, 2411215, 1815373, 2920807, -1909217, -5236831, -2361716, -2009377, 1876306, 417091, -2560654, 1635503, -2749350, 5400582, -2295516, 1055146, 226118, 3107777, 4900933, 1749943, -2789854, -2656791, -5166246, -1333833, 143560, -685127, 2223592, -1254326, -235298, -204001, -2334387, 2055931, 1810593, 5457405, 3979367, 429411, -2603965, -539645, -2661122, -1061335, -6665339, -2095309, 1463290, 3943620, 2532857, -2699428, -2697932, -1874803, 4967054]
[0, 1, -1, -1, 0, 1, 0, 1, -1, 1, 1, 1, 0, -1, -1, 1, 0, 0, 1, -1, 0, 1, -1, -1, 1, 0, 1, 0, -1, -1, 0, 0, 0, 1, -2, 0, -1, 0, 0, 0, -1, 14750, 113370, -227123, 153290, -801039, 1034286, -308674, 1378917, -1187256, -1047645, -98179, 321033, 2283678, -598364, -1852157, -83108, -551062, 2919475, -730224, -1484641, 1046856, -598210, 2492009, -1126963, -2872739, 2007112, -2749566, 3551419, -1960119, -439240, 2216811, -942419, 2751889, -2482358, -1848754, 1746780, 1358365, 2309832, -1251881, -4856072, 1627363, -2247369, 407089, -122815, -1434536, 7149248, -1336208, 562467, 174864, -4310072, 6055958, -3124259, 2290044, 1414201, -7097725, 3060579, -4061519, -2117448, 1844855, -9525702, 11028474, 3107276, 3464911, 6229064, -12217642, 10655425, -6558829, 2509542, -801340, -7360229, 4370666, -2115551, -4031500, 2706628, -15677560, 7487258, -88355, 12375036, 12237998, -8347761, 1061833, -3602268, 1464714, 8629828, -11971067, 2538637, -2648684, -4323464, 5371766, -14233611, -751043, -1298348, -4493006, 16597546, -6772092, 12658244, 10040497, 1686852, 8298189, -21701893, 455477, 8521022, -1005773, 4557915, -26265201, -9298816, 5644727, -10828829, 11613196, -12674113, 15595617, 28801483, -1246153, 8527088, -20128858, 5023641, 17562256, -10380648, -1605464, -23576477, -731808, 6709091, -12868219, -9602501, -15494444, 10139980, 27835457, 12549989, 10659167, -9848833, -2227876, 13668210, -8772681, 14510178, -28615858, 12135040, -5540332, -1243597, -16607026, -25949972, -9341373, 14859545, 14038381, 27449468, 7184467, -688432, 3591878, -11752227, 6655007, 1323332, 1009886, 12321445, -10968563, -9737375, -28908789, -21159088, -2153948, 13825043, 2848841, 14154129, 5503732, 35424947, 11202282, -7662552, -20853485, -13567963, 14266345, 14366898, 9971367, -26309345]
