30 3 7 32 31
[1, 0, -1, -2, 4, 0, 1, -2, 0, 0, -4, -2, 1, 1, 0, 9, -5, 6, -2, 7, -2, 9, 1, 7, 8, 1, -2, 6, 2, 5, 1, 1, 7, 4, 5, -5, -2, -2, 6, -2, 4, -11, 0, -5, 11, -35, 53, -52, 85, 44, 26, 80, -169, 114, 45, 22, -60, 100, 139, 1, 180, -142, -22, -42, -22, 75, -246, 218, -13, -72, -68, -19, 91, -106, 108, 13, 92, -162, -20, 168, -194, 508, -156, 117, 233, 84, 109, -84, 301, 82, -23, -305, -47, 20, -125, 222, -75, 102, 6, -201, -87, -265, 318, -18, 143, -196, 217, 56, 55, 495, 35, 673, -716, 184, 505, -142, 107, 47, 599, -93, 609, -207, -364, 364, -290, 190, -1330, 310, 150, -605, 463, -344, 763, -654, 375, 242, -121, 442, -430, 701, -730, 1168, -448, -28, 1314, 269, 455, -566, 779, 442, -246, -254, -860, 725, -798, 393, -180, 154, 1190, -830, 77, -1155, 521, -59, -600, 288, 459, 332, -428, 1211, 156, 1609, -707, 206, 1505, -1063, 435, -204, 1150, 1113, 602, -348, -1730, 1016, -609, -185, -984, 732, 915, -2316, 586, -625, 1662, -56, 131, 719, -1060, 996, -1743, 955, 403, 1908, -925, -1772, 3194, 464, 350, 259, 1333, 1464, -1387]
[0, 0, 0, 0, 0, 0, 0, 0, 0, 0, 0, 0, 0, 0, 0, 0, 0, 0, 0, 1, -1, 0, -1, 1, -2, 1, 2, 1, 0, 0, -1, -2, -2, 1, 1, 1, 2, -1, 0, -2, 0, 2, -2, 5, -4, 0, 0, 1, -2, 1, 2, 0, -7, 4, 0, 4, -1, -1, 1, -2, -7, 7, 0, 8, -3, 0, -3, -5, 1, -2, 3, 6, -8, 4, -2, 1, -2, 2, 3, 2, -9, 13, -2, 9, -16, 2, -2, -11, 1, 4, 7, 12, -9, -1, -6, 10, -13, 4, 10, 7, -15, 12, -13, 11, -11, -2, 7, -7, 3, 2, 2, 3, -16, 16, -13, 8, -4, 2, 19, 6, -23, 17, -16, 7, -26, 6, 16, 6, -2, -11, 3, 18, -45, 28, -2, 23, -13, 0, -2, -3, -9, 8, -8, 26, -13, 4, 14, -18, -5, 2, -19, 23, -46, 49, -4, 24, -36, -1, 24, -18, -19, 36, -4, 39, -40, -9, 24, -9, -32, 1, 2, 35, -39, 40, -34, 31, -10, -29, 16, 16, -12, 38, -14, 25, -51, 18, -2, -8, -15, 28, -2, 22, -86, 60, -10, -10, -2, -8, 61, 3, -24, -6, -29, 72, -96, 25, 38, 17, -15, 2, -32]
[0, 0, 0, 0, 0, 0, 0, 0, 0, 0, 0, 0, 0, -1, 0, 1, 0, 0, 0, 0, -1, 1, 0, -1, 1, -1, -1, 0, 0, 0, 1, -1, -1, 2, -1, -1, 2, -2, -2, 2, -2, -2, 4, 2, -3, 0, -3, -3, 4, -4, 1, 2, -4, 0, 2, -1, -1, 9, -6, -7, 6, -4, -4, 3, -4, -5, 5, -2, -2, 9, -3, -4, 1, -8, -3, 7, -4, -5, 11, -3, -10, 7, -6, -9, 13, -8, -9, 6, -6, -3, 7, -4, -6, 14, -9, -8, 15, -10, -12, 7, -12, -10, 21, -15, -8, 26, -9, -9, 5, -11, -15, 23, -8, -15, 18, -14, -15, 4, -6, -8, 25, -17, -14, 23, -14, -9, 14, -16, -16, 20, -15, -18, 30, -12, -23, 13, -22, -18, 28, -18, -9, 35, -20, -16, 14, -19, -14, 51, -22, -32, 30, -26, -26, 17, -16, -27, 34, -24, -14, 48, -18, -15, 8, -22, -26, 34, -25, -27, 54, -27, -29, 8, -28, -25, 55, -27, -27, 51, -40, -25, 18, -26, -28, 61, -34, -40, 66, -32, -42, 33, -38, -38, 63, -22, -30, 60, -28, -35, 28, -50, -31, 52, -44, -29, 68, -36, -44, 25, -48, -44, 91]
[0, 0, 0, 0, 0, 1, 0, -1, 0, -1, 0, 0, -1, 1, 0, 1, 1, 0, 0, -1, 1, 1, 2, -1, 0, 0, -1, -1, 0, 0, -2, 1, -1, 0, 0, -1, -1, 3, 0, 2, 1, 0, 3, 0, 3, -8, -1, 3, -2, 7, 1, -6, -4, 4, -6, 1, 5, 0, 4, 7, 1, -1, 8, -7, 5, -1, -4, 6, 4, -4, 1, 6, -13, -4, -1, 1, 2, 1, -3, -5, 0, -8, 4, 7, 2, 8, 7, -7, 4, -7, -11, 14, 4, -4, 3, 10, -4, 2, 8, -16, 10, 6, -1, 17, 2, 8, 12, -1, -23, 11, 5, 2, 16, 5, -9, 9, -1, -29, 0, 8, -3, 0, -6, -3, 6, 14, -26, -7, 8, -16, 14, 0, -4, 20, 27, -41, 10, 20, -4, 9, 19, -1, 14, 4, -41, 9, 12, 6, 20, 32, -22, 1, 18, -43, 18, 15, -11, 15, 12, 2, 5, 33, -62, -6, 10, -20, 13, 37, 8, 14, 29, -71, 22, 9, 1, 3, 23, -4, 20, 7, -73, 36, 30, -11, 12, 6, 4, 50, 12, -48, 14, 12, -1, 28, 4, -25, 26, 11, -84, 49, 17, -38, -4, 37, -17, 17, 14, -82, 16, 38, 27]
[0, 0, 0, 0, 0, 1, 0, -1, 0, -1, 0, 0, 0, 1, -1, 0, 1, 1, 0, 2, 1, -1, -1, 0, 2, 0, 0, -1, -1, -1, -1, 3, -1, -1, 2, 1, -1, -1, -1, 1, -1, 6, 7, 7, -6, -11, 0, 5, 5, 9, 0, -22, -12, 15, 3, 10, 7, -3, 2, 0, 13, 9, -1, -16, -2, 6, -17, 8, 7, 6, 0, 25, 3, 2, -15, -10, 3, 5, 4, -4, -17, -40, -8, 22, 56, 16, 13, -25, 6, 3, -9, 45, -12, -26, -27, 21, -11, 12, 10, 4, -6, 37, 9, 48, -21, -14, 22, 3, 0, 5, 3, -71, -6, 32, 58, 29, 1, -48, 7, 7, 47, 48, -36, -37, -51, 37, -74, 15, -1, 16, -5, 48, 54, 72, -10, -69, 18, 31, 11, -10, 5, -114, -17, 62, 92, 39, 24, -36, 19, 29, -2, 75, -51, -93, -45, 73, -22, 33, 22, 46, -23, 127, -39, 61, -74, -82, 38, 43, 106, 6, -17, -226, -37, 74, 149, 55, 43, -76, 19, 32, 10, 150, -17, -73, -91, 47, -85, 58, -9, 31, -15, 115, 111, 142, -82, -97, 52, 24, -94, 34, -3, -283, -68, 157, 275, 89, 49, -122, -10, 16, 92]
[0, 0, 0, 0, 0, 0, 0, 0, 0, 0, 0, 0, 0, 0, 0, -1, 0, 0, 2, 0, 0, -1, 0, 0, -1, 0, 0, -1, 0, 0, 3, 0, 0, -3, 0, 0, 2, 0, 0, -4, 0, 0, 4, 0, 0, -2, 0, 0, -3, 0, 0, -6, 0, 0, 17, 0, 0, -10, 0, 0, -4, 0, 0, -7, 0, 0, 14, 0, 0, -12, 0, 0, 8, 0, 0, -15, 0, 0, 19, 0, 0, -12, 0, 0, -12, 0, 0, -16, 0, 0, 46, 0, 0, -21, 0, 0, -11, 0, 0, -16, 0, 0, 29, 0, 0, -31, 0, 0, 22, 0, 0, -32, 0, 0, 40, 0, 0, -19, 0, 0, -23, 0, 0, -39, 0, 0, 86, 0, 0, -40, 0, 0, -22, 0, 0, -27, 0, 0, 58, 0, 0, -53, 0, 0, 34, 0, 0, -63, 0, 0, 70, 0, 0, -37, 0, 0, -24, 0, 0, -68, 0, 0, 156, 0, 0, -67, 0, 0, -58, 0, 0, -40, 0, 0, 88, 0, 0, -82, 0, 0, 62, 0, 0, -87, 0, 0, 98, 0, 0, -60, 0, 0, -47, 0, 0, -97, 0, 0, 232, 0, 0, -97, 0, 0, -52, 0, 0, -65, 0, 0, 108]
[0, 0, 0, 0, 0, 0, 0, -1, 1, 0, 1, 0, -1, 1, -2, 1, 0, 1, 0, -2, -1, 0, 0, 2, 0, 1, 0, 0, 0, -2, 1, 0, 1, -1, 2, -2, 0, 1, -2, 2, -2, 0, 2, -6, 6, -3, 0, 0, -1, 10, 0, 0, 0, -7, 0, -3, 0, -2, -2, 8, -2, 0, 0, 3, -6, 3, 0, 6, -4, -6, -4, 0, 3, 10, 2, 2, 0, -6, 2, -12, 7, 0, -2, 4, 2, 1, 0, 5, 4, -10, -3, 0, -6, -2, 0, 8, 0, -2, 10, 0, 10, 0, -6, -1, -20, -1, 0, -4, 3, -8, 0, 0, 4, 9, -4, 2, 0, 3, 8, 0, 7, 0, -2, 2, 12, -10, 0, -21, 1, 8, 0, 0, -2, -6, 12, 0, 0, 13, -6, 14, -14, 0, 4, -10, -6, 5, 0, -12, -16, 20, 0, 0, 10, -3, -12, -6, 0, 5, -12, 8, -10, 0, 0, 8, 8, 12, 0, 22, -2, 2, -2, 0, -8, 3, 10, -11, 0, -1, -10, -36, -3, 0, 12, -10, 20, -5, 0, 26, 10, -6, 12, 0, 1, -32, -4, -14, 0, -9, 0, 14, -3, 0, 4, -4, 8, -4, 0, 6, 14, 12, 4]
[0, 0, 0, 0, 0, -1, 0, 1, 1, 0, -1, 0, 1, 1, 0, 0, -2, -1, 0, 0, -1, -2, 0, 2, 0, 1, 2, 0, 0, 0, 1, 0, -1, -1, 0, 2, 0, -1, -2, 0, 4, 2, -2, -6, 0, 0, 4, 0, -1, 0, 2, 6, 0, -7, 0, -3, -2, 2, -2, 0, -2, 2, 0, 3, 0, 3, -2, -6, -4, 0, 0, -4, -3, 10, 0, 2, 8, 6, 2, 0, 3, 0, 2, 4, 0, 3, -12, -5, 4, 0, -3, -12, 6, -2, 0, -4, 4, 2, 10, 0, -14, -4, 6, -1, 0, -5, -14, 4, 3, 0, -6, -10, -4, 9, 0, -4, 10, -3, 8, 0, 5, 14, 2, 2, 0, -11, 6, 21, 1, 0, 6, 12, 2, -6, 0, -3, -16, -13, -6, 0, -4, -2, -4, -10, 0, -5, 20, 12, -16, 0, 4, 22, -10, -3, 0, 6, -12, -5, -12, 0, 12, -16, 0, 8, 0, 10, 8, -22, -2, 0, 4, 6, 8, 3, 0, 29, -2, 1, -10, 0, 3, -28, -12, -10, 0, 21, -4, -26, 10, 0, 4, 12, -1, -32, 0, 6, 28, 9, 0, 0, 7, 16, -4, -4, 0, 0, -2, -6, 14, 0, -6]
[0, 0, 0, 0, 0, 0, 0, 0, 0, 0, 0, 0, 0, 0, 0, 1, 0, 0, -2, -1, 0, 2, 3, -1, -1, -2, 1, 1, -1, 1, -2, 2, 0, 2, -2, 0, 1, -1, -2, 1, 1, 2, 1, 0, -5, -1, 5, 0, -1, -1, 7, 6, -5, -2, -17, 2, 6, 15, -1, -13, 3, 0, 9, 4, -6, -5, -7, 10, -4, 6, 6, 8, -11, -14, 0, 14, 9, 6, -15, -17, -13, 24, 14, -7, 1, 2, 16, 14, -9, -12, -37, 16, 7, 4, -3, -1, 21, -2, 6, -5, -15, 8, -3, -12, -19, 38, 28, 11, -40, -17, 5, 46, 15, -18, -49, -10, 6, 22, 8, -18, 15, 14, 26, 20, -31, 7, -38, 9, -25, 4, 23, 12, 29, -10, -6, 21, 4, 5, -57, -39, 7, 78, 38, -34, -73, -14, 68, 99, -30, -46, -57, 24, -7, 16, 7, -10, 36, 8, 7, 26, -4, 50, -111, -41, -62, 47, 73, 16, 24, -46, 42, 64, 16, -41, -94, -3, 36, 92, -9, -57, -77, 44, 76, 53, -89, -31, 3, 28, -66, 18, 40, 36, 66, -33, -18, 70, 62, 22, -220, -75, -14, 122, 59, -21, -39, -7, 93, 89, -80, -66, -25]
[0, 0, 0, 0, 0, 0, -1, 0, 1, 1, 0, 0, 1, -1, 0, -2, 0, 1, 0, 0, -2, 0, 2, -1, 1, -1, 0, 0, 1, 0, 2, 2, 1, -2, 0, -1, 0, 1, -2, -2, 3, -2, -4, -1, 4, 8, -2, -1, -2, -4, 8, -2, 5, -1, 4, -1, 1, -10, -4, 2, 1, -4, 2, -7, 2, 3, 0, 7, 5, -3, -6, -4, 17, -2, 6, -11, 14, -4, -5, 6, 8, -12, 8, -11, 1, -5, -4, 17, 2, 6, -6, -10, 21, -7, 12, -8, 3, 2, -20, 2, 12, -4, -3, -12, 17, -27, -8, 13, 15, -2, -2, -18, 17, -15, 4, 1, 6, 26, 10, -6, 5, -14, 16, -29, 34, 0, -4, -4, 19, 7, 14, -12, 12, -30, -2, 8, 7, 11, -30, 12, 13, -40, 18, -4, 40, 11, 16, -51, -11, -2, 3, -20, 46, -20, 2, -18, 3, 15, 0, -32, 41, -38, 58, -19, 56, -15, -6, 21, -39, 12, 2, 22, 55, -27, -22, -36, 30, -19, -22, 2, 70, -20, 10, -65, 73, -5, -60, 16, 13, -13, -2, -8, 44, -34, 36, -31, 19, 23, 4, -2, 47, -24, 24, -76, 45, -6, -16, 46, 47, 4, -70]
[0, 0, 0, 0, 0, 0, 0, 0, 0, -1, 0, 1, 1, 0, 0, 1, -2, -1, -2, 1, -1, 0, 0, 0, 3, 2, 0, 0, -2, 0, -2, 0, -2, -1, 1, -1, -2, 1, -1, 2, -1, 1, 4, -2, -4, -7, -3, 7, 8, 5, -2, 2, -7, -1, -18, -2, -10, 7, -3, 5, 16, 0, 6, -10, -5, 6, -3, 2, -17, 4, -2, 0, -7, 4, -2, 2, -12, 11, -9, 5, -14, -17, 4, 0, 42, 12, -7, 2, -25, 7, -47, 0, -13, 4, 0, 6, 36, 14, -10, -14, -31, -9, 8, -2, -18, 19, -5, 12, -28, 13, -1, 3, -21, 2, -1, 6, -30, -28, -15, 14, 69, 6, -2, -1, -36, 8, -95, 39, -48, 8, -1, 13, 97, 0, 12, -45, -54, 20, -20, 15, -51, -1, 13, -4, -22, 4, -18, 51, -73, 34, -9, 12, -44, -76, 0, 20, 84, 34, -25, 42, -58, 14, -154, -1, -56, 12, -19, 35, 138, 28, -6, -90, -31, 3, 16, 27, -92, 47, -28, 41, -56, -6, 15, -10, -70, 25, -18, 44, -105, -46, -21, 6, 186, -15, 2, 23, -116, 46, -286, 53, -86, 12, 13, -4, 208, 27, -19, -73, -118, 46, 36]
[0, 0, 0, 0, 0, 0, 0, 1, 0, -1, -2, 0, 1, 0, 1, 0, 0, -1, 0, 2, 1, -1, -1, -1, 0, 0, 0, 0, -1, -2, -2, 2, -1, 0, -1, 3, -1, 2, -1, -2, 2, 2, -4, -3, -4, 1, 2, 3, -1, -8, -4, 4, 4, 3, -11, -2, 3, 3, -4, 0, 2, 6, -1, -8, 5, 3, -4, -9, 1, -3, -4, 2, -4, -2, -17, -1, 9, 10, -16, 8, 3, -2, -2, -3, -6, 2, -7, -4, 0, -2, -17, 0, 14, 1, -21, -10, 9, 14, -18, -10, 0, 14, -5, 9, 11, -6, -13, 7, -13, -2, -11, 4, 4, -5, -25, 7, 19, -10, -31, -12, -2, 20, -12, -9, -19, -4, -24, 33, -5, -23, -12, 24, 12, -4, -30, -25, 20, 5, -37, -22, 9, 13, -17, 6, -26, 8, 2, 15, 9, -8, -36, 30, 21, -41, -47, 24, 18, 16, -38, -22, 20, 6, -53, -11, -10, -10, -12, -1, -7, -24, -39, -2, 37, -15, -73, 25, 37, 20, -33, 16, -28, 20, -41, -25, -11, 37, -33, -2, 9, -59, -53, 54, 19, -6, -72, 13, 50, 37, -120, -12, 25, 35, -32, -24, -31, 10, -25, -30, 4, -40, -78]
[0, 0, 0, 0, 0, 0, 0, 0, 0, 1, 0, -2, 0, 1, 1, -2, 0, 3, 1, -1, -1, 0, 1, -2, 2, -1, 1, -1, 0, 1, 1, 0, 2, -1, 0, 1, 1, -1, 1, 1, 3, -2, -1, -2, 5, 7, 1, -7, -2, -4, 5, -6, 5, -1, 14, 6, -5, -4, 10, 5, 2, -12, -1, -1, 3, -5, 1, 7, 4, 1, 3, -3, 19, -10, 16, -5, -3, -10, 6, 9, 4, -4, 12, -2, 4, -17, 10, 7, -4, 4, 19, -13, 13, -10, 30, -13, -9, -2, 0, 20, 14, -9, 11, 3, 18, -26, -4, 5, 29, 8, 22, -33, 9, -13, 31, -11, -18, 27, 11, 7, 5, -24, 36, -16, 39, -1, 20, -30, 23, 13, 15, -50, 2, -18, 31, 23, -3, 7, 20, 25, 9, -39, 33, -18, 70, 13, 0, -48, 6, 5, 36, -36, 21, 23, 57, -12, -5, -1, 26, -10, 13, -60, 101, -44, 60, -15, 9, -1, -26, 22, 42, 27, 8, -29, 50, -46, 4, -29, 43, 9, 85, -30, 41, -44, 74, -7, -21, -8, 6, 54, 63, -63, 25, -20, 102, -24, -19, -1, 110, 19, 4, -81, 72, -50, 70, -26, 3, 69, 37, 30, -2]
[0, 0, 0, 0, 0, 0, 0, 0, 0, 0, 0, 0, 1, 1, 0, -1, -1, 0, 0, 2, 0, -1, 0, 0, -1, 1, 3, 1, 1, 4, 0, -2, 0, 0, -2, -1, -2, 2, 1, 0, -1, 5, 20, -2, -11, -5, 32, -2, -36, 11, 13, -1, -58, 28, 33, 14, -5, -17, 57, -25, 18, -32, 0, 21, -31, 13, -74, 83, 0, -15, -3, 17, 106, -72, 47, -36, 40, -13, -85, 26, -79, 125, -52, 22, 12, 43, 70, -147, 99, 3, 82, -59, -56, 42, -53, 89, -155, 74, 44, 31, -53, -61, 240, -43, -36, -133, 148, 59, -177, 145, 26, 63, -260, 13, 107, -57, 87, -63, 261, -69, 27, -4, -94, 159, -190, 82, -217, 215, 50, -225, 168, -48, 335, -258, 97, 121, 2, 207, -414, 140, -239, 126, -149, -110, 479, 43, 264, -515, 252, 74, -83, 14, -334, 481, -264, 164, -403, 145, 481, -265, 3, -240, 820, -137, -362, -68, 322, 204, -930, 314, 135, 381, -312, -42, 419, -301, 243, -552, 452, 297, 180, 14, -511, 420, -418, -66, -286, 380, 254, -421, 293, -111, 642, -119, -12, -2, -203, 487, -694, 204, 43, 143, -233, -668, 657, 173, 359, -154, 389, 366, -517]
[0, 0, 0, 0, 0, -1, 0, 1, 0, 1, 0, 0, 1, -1, -1, -1, -1, 1, -1, 2, 0, -1, -1, -1, -1, -2, 3, 1, -2, 1, -1, 1, 0, 2, -1, 1, 3, 1, 2, -1, -1, 1, -18, -11, -15, 5, 10, 10, 24, 3, 3, 3, -7, -17, -27, 0, 5, 2, 5, -11, 14, -3, -6, 9, -23, 2, -9, 24, -7, 13, 3, -3, -25, -26, -9, 6, 18, 32, 18, -4, -17, -3, -4, -37, 16, 4, 24, 5, -11, 12, -69, -9, -19, 3, -18, -6, 71, 42, 24, 24, -31, -9, -108, -58, -58, 5, 33, 64, 68, -7, 9, -11, -28, -65, -66, -9, 37, 14, 35, -3, 69, 4, 0, 17, -102, -5, -93, 101, -32, 47, 13, 0, -23, -94, -40, 25, 34, 73, 49, -16, -40, -10, -12, -108, -42, -9, 82, 15, -33, -12, -79, 9, -72, 40, -54, 1, 181, 113, 46, 43, -35, -13, -372, -125, -176, 32, 100, 112, 313, 0, 11, 0, -67, -163, -173, 11, 67, -1, 60, 11, 17, -26, -18, 45, -226, -10, -74, 142, -45, 111, 40, -1, -52, -202, -70, 34, 102, 187, -57, -26, -57, 2, -9, -208, 57, 1, 147, 49, -79, -14, -146]
[0, 0, 0, 0, 0, 0, 0, 0, -1, 1, 1, 0, 0, -2, 0, 0, 2, 0, -2, 0, 1, 0, 1, 0, 1, -3, -1, -1, 0, 3, 2, -2, 2, 1, -2, -1, 0, 1, 0, -1, -2, -4, 2, 6, 1, -2, -3, -1, 5, -3, 1, -4, 7, -2, 1, 1, 2, 1, -5, -9, 6, 1, 0, -7, 3, -6, 2, 5, 5, 7, -2, -7, 8, -12, 7, 2, -2, -2, 1, -1, 4, -9, 2, -16, 17, -6, -3, 11, 1, 10, -7, -7, 9, -11, 9, 3, 8, -4, -16, -15, 13, -1, 13, -28, 19, 1, -2, 7, -8, -2, -7, 6, 16, -24, 15, 0, 3, -2, -5, -7, 19, -25, 16, -11, 28, -1, -20, -6, 1, 20, -4, -18, 45, -32, -13, -12, 15, 0, -2, -2, 16, 1, 8, -12, 15, -16, -16, 18, 11, -21, 17, -43, 46, -35, 8, -34, 38, 1, -14, 10, 29, -36, 4, -14, 38, 0, -21, 9, 32, 11, -3, -58, 39, -40, 25, -33, 9, 29, -34, -3, 19, -28, 14, 5, 41, -42, 16, 8, -1, -30, -8, -39, 86, -20, 20, 4, -6, 8, -45, -26, 34, -21, 29, -58, 94, -19, -20, -17, -15, 0, 35]
[0, 0, 0, 0, 0, 0, 1, 0, -2, 0, 1, 0, -1, 1, 1, 0, -1, 1, 1, -1, 1, 0, -2, -1, 3, 2, 1, 0, 0, 2, -2, -2, -3, 2, 0, 2, 0, -1, 0, 0, 0, 13, 3, 9, -9, -13, -6, 9, 21, -2, -5, -13, -23, -1, 33, 18, -7, 3, 6, -27, 9, 21, -1, 13, -1, -10, -31, 16, 0, 9, 14, 41, -27, -24, 10, 3, -33, 31, 52, -30, -36, 4, -6, 5, 77, 11, -11, -52, -4, -23, 38, 73, -43, -15, 6, 29, -49, 34, 26, 16, -48, 53, -16, -10, -18, 13, -2, 30, 91, -27, 3, -36, -40, -10, 133, -1, -50, -44, -1, -25, 43, 97, -24, 20, -47, 40, -75, 75, -15, -12, -25, 90, -68, 22, 35, 5, -59, 62, 162, -83, -11, -39, -12, -44, 209, -13, -68, -15, 18, -88, 41, 147, -153, 70, 77, 60, -124, 80, 13, 19, -85, 226, -69, -38, -88, -54, -26, 81, 298, -95, 20, -110, -148, -13, 342, 80, -98, -115, 5, -91, 66, 232, 16, 69, -138, 19, -131, 124, -56, 129, 8, 157, -151, 25, 42, -64, -95, 120, 293, -139, -102, -192, -36, 72, 385, 68, -36, -73, -94, -128, 206]
[0, 0, 0, 0, 0, -1, 0, 1, 1, 0, -1, 0, 0, 0, 0, 1, -1, -2, 0, -1, 0, -1, 1, 2, -3, -1, 0, 0, -1, -2, 2, -1, 0, 1, 2, 0, -3, 3, 0, -2, 0, -6, -8, -16, 8, 6, 4, -2, -7, -2, 0, 22, 13, -18, -12, -17, -7, 0, -3, 7, -16, -5, 5, 9, 5, 0, 13, -13, -8, -13, -3, -29, -16, 6, 11, 11, 1, -3, -9, -1, 22, 26, 10, -20, -58, -9, -17, 18, 1, -7, -11, -53, 13, 19, 24, -22, 7, -8, 2, -23, 11, -29, -15, -34, 19, 1, -30, -5, -23, -8, 0, 61, 3, -25, -64, -16, 3, 16, -2, -15, -55, -42, 34, 28, 47, -54, 42, -6, -6, -23, 21, -36, -63, -76, 35, 16, -22, -29, -31, 5, -18, 104, 22, -56, -139, -32, 0, 24, -20, 3, -17, -67, 61, 29, 31, -57, 2, -28, -29, -56, 31, -145, -23, -49, 80, 68, -34, -38, -123, -6, 17, 158, 50, -86, -163, -40, -39, 63, -5, -25, -92, -162, 16, 41, 103, -29, 65, -54, 34, -112, 24, -83, -135, -165, 82, 72, -44, -19, -2, -3, 18, 263, 73, -166, -303, -86, -53, 19, 24, -14, -118]
[0, 0, 0, 0, 0, 0, 1, 0, -1, -1, 0, -1, -1, 2, 1, 0, -2, 1, 1, -1, 1, 2, 0, -2, -2, 1, -1, -2, -3, 1, -2, 0, 1, -1, 0, 0, 0, 0, 2, -3, -1, -1, 3, -8, 1, -4, 0, 0, -5, 4, -7, 10, 0, -5, -10, 1, -15, 4, 10, 10, -5, -15, 3, -2, -1, -2, 21, 7, -19, -20, 4, -5, -18, -8, 10, 1, -27, 3, 1, 6, -9, 18, 10, 0, -40, -2, 9, -7, -32, 1, 5, -15, -12, 2, 24, -9, 17, 6, 0, -43, -14, -26, 9, 2, -6, 6, -8, 11, -25, 21, 21, 37, -13, -12, -41, -14, -50, -29, -33, 21, -28, -21, 34, 5, -5, 1, 53, 7, -42, -75, -3, -43, -30, -16, 47, -28, -51, 16, 34, 31, -46, 74, 36, -44, -134, 2, -48, 12, -51, 39, 23, -27, -23, -12, 59, 2, 55, 19, -23, -88, -67, -44, -27, -65, -12, -1, -28, 22, -44, 37, 32, 80, -39, -39, -78, -14, -108, -4, 21, 32, -98, -54, 60, -14, -18, 5, 163, 28, -97, -157, 46, -71, -68, -61, 78, -6, -152, 30, 3, 71, -105, 143, 90, -50, -232, -18, -38, -77, -113, 70, 42]
[0, 0, 0, 0, 0, 0, 0, 0, 1, -1, -1, 0, 0, 1, 0, 1, 0, -1, 1, -2, 0, -1, 0, 0, 3, 1, 0, -2, 2, -4, 0, 1, -1, -1, -1, -1, 1, 1, 1, 2, 3, -1, -1, -9, 6, -3, 3, -4, 6, -5, -2, 3, 5, -5, -4, -10, 6, -4, 3, 6, 10, -2, -2, -4, 3, -1, 5, -14, 7, -9, -4, -7, 3, 8, -8, -3, 16, -12, 5, -9, 21, -10, -6, 0, 15, -8, -1, -10, 19, -26, -5, -15, 9, 12, -6, -17, 30, -16, 8, -14, 23, -7, 2, 2, 6, -7, -5, -25, 28, -20, -5, -2, 7, 1, -1, -14, 34, -32, 1, -27, 40, -7, -16, 8, 24, -31, -1, -37, 41, -22, 3, -6, 37, -16, -6, -39, 38, -34, 25, -22, 23, 0, -23, -14, 11, -17, 14, -24, 47, -22, 15, -10, 38, -35, -24, -29, 75, -48, 3, -13, 38, -39, -42, -18, 44, -4, 3, -52, 97, -55, -4, -29, 29, -12, 10, -36, 64, -22, 26, -70, 38, -40, -45, -9, 62, -15, 30, -68, 109, -83, -9, -9, 70, -53, -34, -8, 88, -71, -12, -46, 55, 20, -47, -47, 101, -59, -1, -108, 132, -74, 21]
[0, 0, 0, 0, 0, 0, -1, 0, 1, 1, 0, 1, 0, -1, 0, -1, 0, -1, 2, -1, -1, -1, 3, 0, 1, 0, -1, -2, 2, 1, 2, 1, 0, 3, 0, -1, 0, 3, -2, 1, 2, -2, -12, -1, 5, 6, -1, 2, 11, 1, 7, -5, 3, -3, 12, -5, 6, -27, -7, 2, 0, -1, 8, 22, 5, 2, -8, 5, 3, 2, 0, -6, -8, 2, 7, -10, 14, 5, 27, 1, 10, -12, 8, -8, 11, 6, -9, -31, 9, 1, 8, -6, 19, 34, 9, 2, -6, 0, -4, 29, 9, -9, -57, -18, 15, -18, -2, 10, 86, 5, -9, -29, 28, -8, 13, 0, 15, -34, 11, 8, 5, -12, 12, 51, 36, 2, -4, 8, 11, 16, 20, 1, -77, -16, 11, 23, 3, 7, 68, 15, 30, -64, 18, -14, 97, -3, 24, -144, -1, 5, -12, -17, 54, 131, 24, -21, -34, 11, 0, -3, 47, -11, -58, -9, 54, -16, -3, 24, 126, 14, 19, -13, 69, -14, 17, 0, 25, -184, -28, 0, 101, -30, 32, 113, 69, -7, -90, 32, 25, 103, 2, -6, -156, -40, 32, -44, 46, 28, 255, 13, 60, -79, 21, -37, 82, -1, -14, -135, 37, 24, -49]
[0, 0, 0, 0, 0, 0, 0, 0, 0, 0, -1, -1, 0, 2, 0, -2, -1, 0, 1, 0, 1, -2, -3, 0, 0, 1, -2, 0, -1, -2, -3, -1, -1, -2, 0, 0, -4, -1, 0, 0, 0, -2, -11, -8, 4, 5, -4, -3, -4, 2, -12, -5, 1, -2, 0, -4, -9, -16, 3, 13, -7, -9, -13, 2, 5, 0, -19, -12, -2, -7, -11, -10, 4, 6, -9, -10, -15, -11, -21, 6, 5, -14, -20, 8, -9, -7, -19, -12, 1, -3, -12, -24, -13, -8, -6, -13, -32, -8, -6, 20, 5, -19, -55, 20, 9, -44, -44, -20, 22, 10, -14, -55, -23, 9, -22, -7, -23, 1, -36, 4, -31, -22, -40, -17, 13, -21, -48, -25, 9, -3, -41, -37, -57, 0, 1, 0, -22, -23, -46, 18, -22, -79, -58, 0, 40, -2, -88, -105, 18, 39, -71, -33, -19, 22, -25, 1, -71, -32, -45, -35, -25, -73, -37, -9, 32, -41, -98, -43, -48, 18, -59, -3, -44, 2, -81, -23, -57, -99, -9, 23, 18, -70, -104, -64, 49, 7, -205, -60, 36, 38, -60, -66, -116, -13, -30, -72, -80, -57, -18, 58, -29, -122, -103, -10, -24, -36, -149, -19, 40, 34, -211]
[0, 0, 0, 0, 0, 0, 0, 0, 0, 0, 0, 0, -1, -1, -1, 1, 1, 0, 0, 2, 1, -3, -2, 1, -1, -2, -2, 1, -1, -1, -2, 1, 2, 1, -1, -2, -4, 2, -1, 0, 1, -4, -10, -3, 6, 7, -8, 2, -11, -2, -8, -5, 14, -2, 10, -5, -5, -3, -7, 8, -22, 1, -12, -3, 8, 8, -13, -3, 8, 1, -25, -12, 5, 6, -10, -2, 4, -11, -20, 10, 21, 2, -16, -11, -47, -4, -22, 1, 7, 17, 19, -28, 12, -1, -3, -7, -62, 4, -46, 31, 31, 0, -35, -2, 37, -40, -47, 7, -2, 2, -23, -17, -2, -9, -21, 20, 10, 42, -37, -22, -81, -22, -26, -14, 48, -14, -24, -1, 30, 21, -37, -12, -89, -46, -35, 31, 29, 3, -60, 18, -10, -31, -45, 28, 23, 13, -82, -67, 24, 36, -53, -37, 70, 16, -78, -9, -139, 13, -71, 25, 44, -99, 72, 14, 94, -14, -112, 12, -227, 44, -90, 21, 56, -24, -62, -55, 10, 4, -62, 40, -8, -52, -115, -29, 127, 9, -142, -12, 72, 11, -99, -14, -187, -19, -42, 19, -47, 5, 80, 46, 66, -54, -75, -104, -189, -4, -146, 95, 93, 32, -262]
[0, 0, 0, 0, 0, 0, 0, 0, 0, 0, 0, 0, -1, 1, 1, 0, -1, 0, 1, -2, -1, 0, 2, 0, 0, 1, 0, -2, 1, 2, -1, 2, -3, -1, -2, 1, -3, 0, 4, 2, 0, 1, -2, 2, 0, -1, 3, -4, -4, 1, 4, -3, -8, 4, 5, 2, -4, -5, 12, 5, -8, -4, 1, 4, -6, 1, -1, 3, -3, -3, 7, 3, -18, 10, 11, -7, -7, -3, 8, 4, -6, -3, 2, 16, -18, 5, 12, -17, -4, -1, 8, 5, -20, 7, 21, 3, -23, -12, 26, 1, -14, -3, -6, 19, -14, -2, 14, -3, -9, 15, 12, -15, -25, 25, 0, -1, -23, -20, 31, 21, -36, 4, 8, 8, -7, 18, 9, -21, 7, -19, 25, 0, -64, 38, 26, -6, -31, -13, 32, 28, -19, -23, 2, 22, -37, 15, 28, -30, -3, 12, 4, 10, -55, 22, 55, 2, -70, -21, 65, -9, -32, 20, -15, 31, -26, -21, 33, -14, -38, 24, 61, -11, -79, 60, 19, 19, -41, -62, 87, 7, -66, 10, 10, 5, -36, 18, -1, -12, -3, 9, 62, 11, -128, 55, 62, -33, -50, -19, 71, 34, -67, -42, 2, 82, -93, 21, 42, -61, 13, 50, 13]
[0, 0, 0, 0, 0, 0, 0, 0, 0, 0, 0, -1, 0, -1, 0, 1, 1, 2, -3, -1, -2, 1, 1, -2, 2, -2, 2, -1, -2, -3, -2, 0, 1, 1, -2, -1, -2, 1, -2, 1, -1, -2, -1, -5, -2, 0, 2, -4, 0, -12, 4, 5, 6, -8, -20, -2, -2, 13, -3, -7, 6, -1, 3, -11, -11, -7, -3, 2, -7, 2, -5, -3, -2, -18, -3, 9, 5, -8, -21, -10, 0, 3, 14, -26, 4, -23, 11, 26, -21, -18, -51, -9, 14, 3, 0, -20, 22, 2, -28, -15, 3, 6, 1, -34, -16, 13, 8, 3, -50, -37, 6, 35, 6, -46, -38, -17, 1, 14, -12, -45, 28, -13, 34, 1, -15, -29, -82, -21, -23, 13, 7, -19, 55, -72, -29, -10, 13, 9, -68, -43, -25, 63, 38, -54, -78, -17, 32, 63, -55, -68, -35, -23, 31, -56, -33, -44, 68, 4, -29, 21, -8, -46, -117, -84, -28, 43, 36, 4, 7, -75, -1, 12, 21, -103, -91, -78, 27, 110, -39, -91, -89, -10, 40, 6, -36, -47, -25, -4, -75, -76, 4, -17, 128, -115, -18, 73, 3, 4, -306, -119, -33, 103, 77, -169, 39, -70, 57, 41, -71, -128, -87]
[0, 0, 0, 0, -1, 0, 1, 0, 1, -1, 2, 0, -2, 2, -1, 2, -1, -2, 0, -1, 0, 0, -2, 2, -1, 0, 0, 2, 0, 3, 2, 1, 1, -1, 1, -2, 1, 3, 2, 0, -1, -3, 5, -4, 10, 1, -3, 1, -20, 4, -6, 16, 14, -2, -1, -5, -16, 15, 14, 19, -27, -4, -8, -9, 1, 7, 31, -7, 6, -15, -9, -13, 4, 20, 26, 16, -10, -14, -3, 10, 25, 42, -12, 16, -78, 9, -1, 29, 4, 14, 40, -33, -30, -7, 35, 2, -9, -12, 0, -31, 19, -13, 39, 30, 0, -3, -23, -3, -48, 35, 12, 73, -46, 28, -45, 21, -16, 60, 32, -1, -65, -21, 10, -13, 64, 4, 103, -16, 59, -48, -1, -18, -24, -4, 37, 19, -10, -24, -18, 57, -42, 123, -20, 48, -152, 12, -54, 71, 6, 86, 57, -32, 22, -33, 16, 1, -2, -19, 32, -48, -3, -103, 166, 48, 104, 46, -55, -13, -293, 101, 6, 175, -44, 50, -62, -33, -64, 167, 74, 67, -92, -72, -64, -53, 150, 37, 222, -40, 70, -187, 38, -31, -86, 44, 102, 90, -145, -32, 78, 145, -37, 249, 22, -4, -404, 14, -49, 157, 142, 140, -38]
[0, 0, 0, 0, 0, 1, 0, -2, -1, 0, 3, 1, 0, 0, -1, -1, -2, 1, -1, 2, 0, 4, 0, -1, 2, -1, -1, 0, 1, 0, 0, 0, 0, 1, 1, 0, -1, 2, 1, 4, 0, -3, 5, -11, -4, -13, -8, 16, 37, 46, -6, -10, -30, -5, -29, -2, 4, -8, 21, 7, 34, -19, 6, 7, -22, 2, 4, 43, -16, 19, 17, -2, -38, -28, 7, 4, -10, 47, 39, -9, -36, -58, -12, -17, 110, 34, 26, 13, -31, 15, -81, 24, -52, 2, 9, 30, 84, 38, 61, -5, -35, -41, -78, -29, -72, 75, 31, 43, 58, 39, 21, -30, 10, -36, 16, -6, -32, -89, 31, 112, 142, -37, -36, 25, -92, 19, -100, 85, -41, 94, -17, -41, 51, 20, 47, -88, -10, 112, 146, 52, -2, -73, -7, -118, -28, 6, -17, 86, -52, 116, 15, -47, -126, -62, 104, 38, 204, 125, 59, 110, -114, 96, -452, -102, -164, 32, 20, 178, 624, 73, 59, -257, -124, -113, 48, 114, -76, -44, 98, 109, -46, -40, 99, 64, -232, -37, 0, 272, -90, 191, 29, -88, 110, -141, -7, -66, 49, 178, -146, 164, -139, -128, -43, 36, 412, 42, 68, -223, -185, 176, 312]
[0, 0, 0, 0, 0, 1, 0, -1, -1, 0, 1, 0, 0, -1, 0, 0, 2, 1, -1, 0, 0, 3, 2, -2, 0, -2, 2, 0, -2, -1, 2, 1, 0, 3, -2, -3, 1, 2, 2, -1, 0, 0, 8, 4, -4, -2, 0, 3, 2, -4, 4, 2, -1, 3, -3, 3, 1, 4, 6, -6, 6, 5, 11, -11, -7, -3, 23, 8, 0, 1, -2, 10, -1, -16, -3, 11, 5, -5, 13, -12, -6, 2, 16, -12, -1, -4, 29, 27, -18, -9, 3, 18, 5, 4, 6, 3, 21, 6, -16, -29, 4, 22, 37, -7, -13, 17, 40, 6, -28, -20, 22, 48, 2, -24, 24, 9, 5, 2, 5, -38, 13, 6, 24, 9, -29, 7, 18, -6, -10, 11, 27, 12, 36, -26, -5, -18, 32, 26, 46, -36, -18, 65, 52, -2, -58, -1, 48, 33, -22, -28, 72, 7, 15, -43, -19, -5, 77, 27, 21, -2, -14, 29, 37, -31, -48, 36, 74, 45, 5, -36, 39, 3, 20, -41, 37, -52, 41, 78, 27, -46, -39, 72, 64, 38, -69, -24, 165, 46, -58, -101, 30, 40, 92, -1, -6, 55, -1, 18, -21, -56, -24, 108, 76, -64, -4, -2, 135, -5, -52, -68, 131]
[0, 0, 0, -1, 0, 0, 1, 0, 0, 1, 0, 1, 0, 0, 0, 1, -1, -1, -5, -1, 0, -4, 1, -1, 1, 1, 0, 0, 0, -1, 1, 2, -1, 2, 0, 0, 1, -2, 0, 0, -3, 4, 5, 0, -8, -20, 6, 1, 6, 0, 2, -24, -10, 1, -5, -1, 6, 5, -1, -11, 2, 1, 7, -5, -11, -2, -35, 3, -11, 7, 13, 11, 1, -4, -5, 6, 1, 10, -13, -16, -18, -11, 6, 1, 57, 8, 19, -29, -11, -20, -29, 25, -14, -81, -18, 0, -11, -4, 20, -1, -27, 2, 5, -6, -42, -11, 38, -2, -27, -19, 6, -70, -2, -1, 34, -16, 3, -23, 6, -5, 55, 27, 10, -49, -63, 7, -110, 13, -43, 30, 13, 31, 77, 22, -7, -51, -9, -6, -58, -43, -7, -102, 20, -26, 55, -16, 60, 27, -35, -50, -80, 47, -53, -71, 3, 0, -43, -7, 21, -4, -44, 96, -93, -19, -112, -89, 76, -5, 80, -69, 29, -228, -39, 0, 47, 34, 1, -41, 9, -63, -8, 54, 66, -82, -146, -18, -103, 12, -75, 83, 34, 53, 136, -15, -46, -90, 41, -1, -226, -83, -59, -322, 35, 43, 266, 0, 103, -32, -105, -84, 43]
[0, 0, 0, 0, 0, 0, 0, 0, -1, 1, 1, 0, 0, 1, 1, -3, -1, 1, 0, 0, 1, 1, 1, 0, -1, 0, 2, 0, 0, 2, -1, 2, 1, -2, 2, 0, 1, 2, 1, 5, 3, 12, -30, 3, 0, -15, 10, 4, 49, -2, 8, -1, -30, 13, -39, 17, -15, 9, 34, -30, 43, 4, 10, -37, -1, 6, -32, 54, 6, 22, 4, 39, -75, -45, 52, 1, -2, 4, 72, -12, -43, -8, -6, 12, 29, 27, 26, 2, 50, -18, -113, 17, -30, -16, 23, 58, 95, 57, 18, -45, -28, 27, -141, -21, 23, -32, 56, 57, 93, 37, 37, 20, -137, 1, -12, -14, -2, -49, 128, -91, 159, 78, -2, 34, -38, 66, -356, 145, 45, 2, 100, 60, -16, -138, 131, -67, -41, 144, 162, 0, -118, 46, -11, -56, -33, 30, 74, -78, 148, -37, -88, 128, -182, -61, -18, 116, 279, 129, 237, -23, 3, 14, -654, -76, -86, 40, 114, 164, 441, 79, 122, -95, -162, -30, 10, -137, 40, -46, 232, 50, -80, 198, -163, 121, -115, -8, -146, 264, 138, -327, 203, 123, -15, -38, 178, 67, -242, 325, -195, -26, 25, 46, 10, -341, 369, 141, 122, -135, 213, 52, -302]
[0, 0, -1, 0, 1, 1, 0, -1, -1, 0, 1, 0, 2, -1, 0, 3, -1, -2, 0, -5, -2, 1, -1, 0, 1, -1, -1, -1, -1, 2, -1, -1, 1, 1, 1, -2, -2, -1, 1, 1, -2, -18, 55, 11, 6, 20, -37, -20, -60, -4, -19, -3, 10, 2, 74, -18, -18, -14, -34, 39, -31, -11, -5, 35, 25, -13, 59, -65, -21, -20, -3, -46, 122, 65, -48, -3, -29, -43, -84, 17, 29, 14, 20, 16, -6, -34, -42, 22, -82, 11, 169, -22, 40, 24, -10, -56, -145, -119, -58, 46, -11, -34, 249, 59, 26, 37, -111, -110, -132, -19, -25, -1, 114, 49, 134, 14, -109, 87, -185, 102, -148, -120, -26, -35, 93, -50, 425, -279, -74, 4, -94, -96, 126, 210, -53, 94, -45, -230, -167, 45, 81, -37, 81, 148, 164, -26, -219, 81, -195, 38, 218, -193, 111, 77, 81, -173, -380, -261, -294, 27, -109, -53, 1056, 179, 156, -26, -263, -272, -617, -45, -172, 151, 145, 173, 257, 81, -271, 91, -285, -73, 199, -228, 173, -123, 212, -24, 253, -402, -239, 328, -271, -172, 271, 215, -65, -52, -63, -515, 240, 57, -66, -20, -24, 501, -171, -165, -260, 211, -308, 10, 512]
[0, -1, 0, 1, 2, -2, 0, 2, -2, -2, -2, 4, 1, 1, 1, 0, 0, 0, 0, -3, -2, 1, -2, 0, 0, -1, -2, 1, -1, 0, -1, -2, -1, -1, 1, -2, 0, -1, 3, -3, -2, 80, -10, 37, -32, -88, 108, -44, 27, -83, 36, 33, -276, 86, 53, 84, -84, 37, 149, -278, 213, 5, 4, -67, -54, 65, -343, 340, 70, -47, -55, 265, 101, -310, 238, -123, 58, -116, -61, -96, -395, 492, -234, 58, 155, 93, 72, -486, 533, -222, 45, -59, -228, 177, -187, 388, -260, 296, 46, -202, -241, 73, 524, -262, 98, -492, 419, 161, -274, 191, -31, 499, -1268, -12, 479, -267, 156, -382, 957, -939, 555, 496, -422, 617, -558, 372, -1738, 901, 280, -1026, 677, 394, 1031, -1304, 519, 201, -284, 843, -822, -99, -1120, 994, -701, -366, 1660, 31, 702, -1653, 1316, -613, -407, 717, -1622, 1204, -1132, 640, -647, 454, 1761, -1071, 68, -480, 1014, -546, -1134, -94, 792, 660, -1684, 414, 354, 1222, -1492, -191, 1930, -1574, 718, -1662, 1460, 136, 409, 1154, -2491, 1690, -1348, -397, -1318, 1464, 1298, -3128, 979, 633, 2040, -383, 274, 407, -1711, 2052, -2540, -703, 418, 1396, -1055, -3167, 3511, 752, 652, -893, 1979, -34, -2346]
