32 3 3 36 35
[1, 1, 2, -5, -3, -1, -3, 8, 8, -2, 1, -9, -4, 2, 5, -7, -9, -2, -3, 8, -7, 14, -3, 10, -5, 3, 2, 1, -9, 11, -14, -1, -3, -2, -12, 9, 0, -4, 5, -11, -4, -283, 409, -251, 683, 745, -1809, 980, -1029, -1692, 1622, -2139, 462, 1430, 1659, 2028, 217, 2422, -2790, 1051, -4109, -6176, 2820, -6318, 5595, 4058, -3149, 9994, 1878, 1466, -1767, -4691, -4650, -5934, 2285, -7436, 3050, 7340, -313, 11839, -5338, -2402, 6274, -8905, -88, -5099, -2579, 4918, 2936, 7278, -4759, 4563, -559, -6948, 1706, -11108, 5219, 4428, -2676, 6604, -4491, 5946, -692, -4979, 4081, -14304, 3743, 4305, -1080, 14921, -993, 5742, -8773, -11484, 2252, -15569, 1982, -3663, 6103, 13963, -5527, 18808, 1540, -1135, 12128, -23183, -10898, -8059, 5589, 19852, -16483, 15128, -5313, -7164, 12177, -30314, 6314, -4731, 9335, 13755, -12692, 23554, 4927, 24177, -9329, -38706, 2854, -28154, 7707, 10525, -20212, 26720, 8209, 12331, 3865, -15076, -2609, -13460, 9946, -29348, -1544, 34026, -545, 38163, 3377, -17306, -3385, -13986, -5676, -26419, -16346, -2607, 2909, 30754, 6199, 14054, 12640, -25628, 18416, -17407, -18184, 12933, 5493, 24567, -5405, 13169, -18114, -6456, 15012, -50052, -18594, -17385, -7193, 57644, 28890, 7049, 11976, 5763, 484, -22412, -24213, -36284, 9429, 10509, -1958, 23849, -3617, 45210, 30127, -37328, -57222]
[0, 0, 0, 0, 0, 0, 0, 0, 0, 0, 0, 0, 1, 0, -1, 0, -1, 1, 1, 0, 1, -1, 0, 0, -1, 0, 1, 1, 1, 0, -1, 0, -1, 2, 1, 0, 2, -1, 0, 0, -1, 1, 2, 1, -2, 0, 3, 1, 3, -3, -2, 1, -1, 5, 0, 1, 3, 3, -1, -3, 1, 0, 4, 2, 2, -5, 1, 3, -2, 5, 0, 3, 3, 1, -2, 1, 1, 2, 5, -1, 3, 6, 2, 2, 0, -3, 2, 2, 4, -2, 1, 5, -3, 6, 2, 1, 10, 5, -2, 1, -2, 3, 8, 1, 8, 1, 0, -2, 10, 4, -9, 8, -4, 3, 7, 1, 7, 2, 10, 3, -1, -1, 7, 16, 0, 4, 3, 2, -2, 15, 2, -4, 14, -3, 6, 1, 2, 2, 14, 10, -6, 10, 3, 8, 12, -4, 3, 7, 3, 12, 6, 6, 7, 17, 2, -15, 21, -2, 6, 13, -8, -5, 19, 17, 2, 9, -4, 14, 2, 8, 0, 23, 8, 2, 29, -12, 7, 27, 9, 5, 11, 0, -10, 9, 1, 5, 18, -1, 20, 14, -9, 6, 20, 9, 15, 24, 14, 6, 12, 6, -6, 29, 14, -10, 30, -14, 9, 26, -1, -5, 6]
[0, 0, 0, 0, 0, 0, 0, 0, 0, 0, 0, 0, 0, 0, 1, 0, -1, 0, -2, 1, 2, 0, 2, -2, -1, 0, -1, 1, 0, 1, 0, 1, 0, -1, 1, 0, 0, 0, 0, -1, 1, 1, -2, 1, 2, 0, 0, -1, 0, 1, 4, -2, -4, 0, -3, 9, 2, -1, 2, -3, 2, -2, 2, -7, 2, 5, -5, 4, 0, 2, 3, 4, -5, -3, 7, -1, -2, 1, -8, 6, 12, -3, 8, -4, -4, 4, -7, -10, 3, 8, 2, 7, -2, -4, 3, 16, -6, -2, 6, -9, 8, -2, -3, 0, 9, 1, 1, 0, -10, 7, 9, -9, -8, 5, -12, 21, 12, -6, 14, 2, 2, -5, 3, -12, 4, 18, -17, 3, 4, -8, 16, 5, -12, 0, 1, -3, 10, 18, -16, 8, 24, -16, 17, 10, -17, 12, -4, -17, 6, 4, 7, 12, -3, -19, 10, 17, -14, 8, 7, -22, 32, 17, -19, 11, 4, 8, 1, 8, -22, 0, 27, -13, 10, 4, -18, 25, 16, -22, 10, 3, 4, 16, 4, -26, 0, 43, -34, 23, 14, -32, 50, 11, -30, 0, 13, 2, 20, 10, -11, 10, 25, -43, 7, 14, -32, 50, 11, -51, 14, 26, -6]
[0, 0, 0, 0, 0, 0, 0, 0, 0, 0, 0, 0, 0, 0, -1, -1, 1, 1, 1, 1, -1, -2, -1, 0, -1, 1, 2, 0, 1, -1, -2, -1, -1, 1, 0, 0, 0, -1, 0, -1, 1, 0, 0, 2, -3, -2, 2, 2, -3, -3, -2, -5, 3, 6, -1, -2, 3, -3, -5, 0, -5, 1, 4, 2, 2, -4, 0, 1, -2, -2, -3, -1, -7, 1, -1, -10, 8, 2, 0, 1, -3, -3, -4, 6, -6, -3, 6, 0, 0, -4, -9, -4, 1, -2, -1, -6, -4, 1, -2, -10, 0, 7, -3, 7, 4, -9, -1, 4, -6, 0, -9, -12, 4, 5, -5, -6, 1, -19, 1, 1, -23, 5, 16, 0, 2, 0, -11, 5, 0, -10, -12, -1, -6, -2, 7, -22, 8, -7, -14, 8, -20, -8, 1, 3, -8, -3, 11, -16, 3, 11, -28, 2, 11, -8, -2, -12, -11, -3, 5, -14, -10, -1, -8, 16, -6, -34, 5, 6, -30, 7, -3, -22, 15, 0, -10, -8, 7, -20, 5, 16, -39, 9, -10, -29, 13, -6, -28, 0, 12, -34, -22, -9, -26, 27, 22, -34, 12, 4, -37, 8, -6, -3, 23, 4, -28, -26, 1, -16, -3, -6, -54]
[0, 0, 0, 0, 0, 0, 0, 1, 0, -1, -1, 0, 1, -1, 0, 1, 0, 1, 1, -1, 0, 0, 1, 1, 0, 0, -1, -1, 0, 0, 0, 1, 0, 2, 0, -2, 0, 0, 2, -2, 0, 5, 4, -1, -3, 5, 1, -1, 0, -3, -4, 2, 2, 2, -2, 0, 0, 2, 4, 1, 4, 1, 4, 2, 0, -5, 2, 6, 4, 2, -4, 1, 2, -2, 0, 3, 1, -3, 3, -2, 4, 4, 4, 6, -2, -4, 2, -1, 6, 1, 4, 11, -6, 4, -5, -5, 10, 3, 0, 9, -2, 2, 3, 7, 4, -5, -4, 8, 18, -4, -4, 12, 0, 9, 17, -1, 6, 10, 9, 2, 0, -2, -7, 2, 2, 0, 3, 1, -6, 19, 6, -13, 0, 6, 17, -3, 2, 10, 12, 4, -8, 22, 2, 1, 8, -4, -3, 3, 8, 12, 3, 9, 4, 14, 6, -17, 26, 7, 21, 23, -2, 1, 18, 3, 12, 8, -3, 13, 10, 6, -1, 5, -9, -1, 29, -8, 10, 15, -7, 1, 2, -2, 7, 23, 4, 9, 24, 7, 6, 18, -6, 11, 34, -1, -10, 28, 18, -4, 10, 15, 2, 36, 24, -12, 28, 0, 10, 38, -8, 3, 0]
[0, 0, 0, 0, 0, 1, 0, 0, -1, -1, 0, -1, -1, 1, 1, -1, 1, 1, 1, -1, 1, 0, 1, -1, -1, 1, -1, 0, 0, 0, -1, 0, 0, -2, -2, 1, 0, 1, -1, 1, 0, -60, -9, 46, 19, 53, -29, 67, -9, -32, 18, -253, 41, 7, 90, 80, -155, 340, -96, 62, -81, -299, 108, -266, 359, -245, 6, 665, -93, 190, -503, -184, -19, -368, 347, -143, 103, 391, 225, 71, -358, 341, -15, -898, -94, -256, 140, 609, 131, 737, -391, -177, 196, -854, 88, -27, 141, -425, -311, 1327, -48, 231, 207, -412, 101, -1425, 77, 99, -75, 1764, -375, -375, -620, 769, 884, -2107, 131, 237, 246, 282, -254, 1006, -105, 485, 268, -2776, -991, 1480, 884, -167, -942, 2607, -6, -1300, 693, -2177, 610, -677, 853, 84, -2067, 3830, 267, -993, -275, 350, 70, -3403, 907, 829, -381, 1715, 5, 873, -743, -628, 1072, -3329, 466, 2589, -1246, -1957, 229, 4172, 831, -1334, -474, -1036, -729, -1015, -911, -582, 715, 5103, 1231, -5079, 375, 2345, 1112, -3926, -2335, 1559, -1167, 3297, 1039, 466, 208, 1687, 510, -7610, -1215, 2558, 1600, -1361, 404, 3767, -2057, 169, 1207, -1478, -1376, 30, 771, -2299, 1162, 4296, 75, -2113, 964, 2293, -4726]
[0, 0, 0, 0, 0, 0, 0, 0, 0, -1, 0, 1, 1, 1, -1, -1, -1, 0, 0, 0, 0, -1, 1, 0, -1, 0, 0, 1, 2, 0, -1, -1, -2, 0, 0, 0, 0, 1, 0, -3, -1, 2, 0, -2, -3, -3, 3, 2, 2, -2, 0, 0, 2, 5, -6, -2, 0, -3, 0, -4, -8, 1, 2, 0, 4, -4, -2, 2, 2, -5, -2, 7, -3, 3, -2, -6, -1, -3, -1, -1, -2, 2, -2, 0, -10, -7, 3, -2, 7, 3, -6, 0, 4, -8, -2, 2, -2, 6, 2, -12, -10, -1, -4, 1, 7, -16, -2, 5, 0, 4, -13, -6, -2, 0, -10, -8, 4, -16, 13, 7, -20, 5, 4, 2, 2, -2, -9, -3, -6, -6, -6, -4, -10, 9, 4, -32, 4, 0, -4, 6, -4, 0, 1, 3, -7, -10, 14, -14, 2, 12, -29, 0, 1, -25, -2, -16, -20, 9, 0, -18, -8, -8, -22, 22, 12, -27, 4, 14, -32, 10, -2, -14, 5, -3, -1, -18, -6, -10, 4, 12, -32, 12, -8, -33, 14, -6, -28, 3, 22, -24, -7, -1, -20, 6, 20, -32, 14, 0, -34, 12, -21, -23, -2, -16, -34, -30, 9, -18, 6, -6, -66]
[0, 0, 0, 0, 0, 0, 1, -1, 0, 0, -1, 1, 0, 0, 1, 0, 0, 1, -3, 1, 0, 1, 2, 0, 2, 0, 0, -1, -1, 0, 0, 1, 0, 1, 1, 0, 0, 0, 0, -1, -1, 8, 24, 34, -36, -63, 15, -74, 36, 120, -64, 84, 70, -52, -23, -44, -25, -122, -9, -116, 71, 266, 34, 364, -143, -276, 170, -368, -191, 101, -36, 51, 201, 206, -12, 354, 34, -355, -71, -541, 77, 291, -317, 410, 139, -58, 163, -56, -114, -182, 227, -335, -85, 408, -94, 512, -190, -379, 219, -325, 26, -72, 145, 137, -70, 496, -214, 91, 92, -636, -229, -465, 524, 640, -17, 593, 52, -120, -339, -306, -32, -620, -8, -66, -426, 959, 986, 535, -372, -957, 259, -943, 124, 831, -490, 902, -32, -142, -216, -41, 488, -968, -353, -1090, 471, 1488, -109, 1629, -308, -942, 705, -1000, -332, 150, -78, -369, 185, 630, -474, 1660, -121, -1306, 435, -1673, -266, 1049, 119, 471, 431, 616, 159, 716, -48, -1572, 17, -1195, -460, 1377, -719, 1277, 593, -1098, -52, -434, 125, -418, 900, -397, -528, 2878, 240, 745, 491, -2693, -1221, -1094, 0, 492, 157, 527, 306, 1136, -112, 1100, 192, -1775, 233, -1765, -1275, 1845, 2106]
[0, 0, 0, 0, 0, 0, 0, 0, -1, 1, 1, -1, 0, 0, 1, 0, -1, -1, -1, 0, 2, 1, 0, 0, -1, -1, -1, 0, 0, 1, 1, 1, 0, -2, 0, 0, 2, 0, -2, 1, 1, -3, -4, 1, 4, 0, -4, 1, 0, 4, 2, 1, -6, -5, 2, 1, 2, 3, 2, -1, 2, -5, -4, -5, -2, 7, 0, -3, -6, 1, 6, -2, 6, -5, 2, 9, -10, 0, 0, -2, 6, -4, 2, -10, 4, 6, -5, -4, -5, -1, 2, 1, -6, 6, 3, 8, 0, -5, -4, 7, 0, -4, 1, -10, -9, 16, 4, -17, -10, 0, 13, -7, -2, -8, -1, 17, -6, 3, -10, 2, 16, -7, -9, -4, 0, 2, 0, -7, 6, -8, 4, 0, 6, -7, -17, 25, -12, 3, -4, -10, 28, -10, -9, 4, -7, 11, -21, 7, -2, -13, 18, -6, -13, 0, 4, 9, 2, -19, -11, -6, 6, 0, 8, -21, 0, 17, -9, -12, 14, -19, 7, 15, -4, 0, -16, 21, -16, 2, -5, -35, 38, -7, 9, 0, -26, 1, -4, -2, -18, 20, 23, 11, -16, -17, -18, 16, -12, -2, 12, -30, 12, -17, -30, 4, 0, 28, -13, -17, -10, -4, 60]
[0, 0, 0, 0, 0, 0, 0, 0, 0, 0, 0, 0, 0, -1, 0, 1, -1, 0, 0, 0, 1, 1, 0, -2, 1, -1, -1, 0, -3, 1, 0, 0, 1, 0, 1, 0, 0, -2, -2, 0, -1, 0, 0, -2, 1, 3, -1, -4, 1, -1, -2, 0, -5, -5, 2, 6, -5, 3, 0, -2, 11, -6, -2, -3, -6, -2, -5, -4, -4, 7, 2, -2, 1, -5, -1, 6, -8, -3, -1, -4, 5, 0, 0, -8, 2, -2, -13, -2, -4, -4, 6, 0, -13, 0, -1, 3, 4, -6, -6, 6, 0, -12, 5, -10, -4, 5, -11, -14, 2, -8, -2, 13, -20, -9, 6, 8, -1, 13, -4, -22, 19, -19, -19, -6, -18, 8, -3, -12, -12, 13, 10, -12, 8, -23, -19, 18, -16, -7, 2, -10, 4, -4, -10, -15, 2, -3, -24, -2, -17, -17, 32, -10, -23, 16, -14, -4, 15, -18, -17, 5, -2, -21, 3, -28, -22, 37, -31, -20, 12, -21, 5, 18, -27, -19, 5, -15, -9, 11, -26, -28, 23, -31, -33, 20, -35, -4, 24, -18, -26, -2, 2, -24, 22, -46, -37, 48, -40, -20, 22, -36, -4, 9, -25, -34, 18, 12, -28, 1, -31, -31, 40]
[0, 0, 0, 0, 0, 0, 0, 0, 0, -1, 0, 2, 1, 0, -1, -1, 0, 0, 1, 0, -2, 0, 0, 0, 2, 1, 0, 1, 0, 0, 1, -2, 0, 1, 0, 2, 0, 1, 0, -2, 0, 3, 2, -5, -3, 2, 2, 3, 2, 0, 0, 3, 8, 2, 0, -3, -6, -3, 1, 1, 0, 3, -2, 7, 2, -3, 2, -3, 4, 0, 2, 7, 2, 5, -1, 1, 1, -3, 8, -1, -2, 5, -6, 0, -2, -1, 3, 14, 8, 3, 5, -5, 6, -2, 1, 2, 4, 6, 4, 5, -6, -1, 3, 5, 6, -8, -5, 10, 14, 1, -7, 13, 2, -2, 9, -9, -4, 3, 8, -1, 4, 15, 0, 12, 2, 2, 18, -4, -2, 15, 0, -2, 12, 12, 1, -5, -2, -3, 16, 8, 0, 24, -7, -5, 14, 3, 27, 13, 6, 7, 4, -6, 2, 4, -8, 1, 6, 13, -3, 12, -4, -10, 0, 9, 12, 10, 13, 6, 8, 19, 19, 13, 3, -4, 30, -15, 2, 27, -9, 23, 4, 11, -7, 21, 22, -11, 26, 7, 6, 10, -5, -4, 34, 4, 12, 30, -6, 0, 14, 6, 4, 37, -1, -14, 8, -16, 9, 43, 12, -11, -10]
[0, 0, 0, 0, 0, 0, 1, 0, 0, -1, -1, 0, 0, 0, -1, 1, 0, 2, 2, 1, 0, 0, 0, 0, 0, -1, 1, 0, 0, 1, -1, -1, 0, 2, 0, 0, 2, -1, -1, 1, 2, 4, 4, 2, 0, 2, 5, -2, 4, -7, -6, -3, 2, 4, 2, 2, 2, 8, -1, 2, 6, -1, 8, 10, 0, -4, 4, 5, -2, 10, -4, 1, -2, 4, 3, 0, 4, 0, 5, 1, -4, 10, 6, 10, 0, -5, 2, 6, 6, -3, 7, 6, -4, 8, -2, -8, 20, 8, 6, 4, 4, -1, 18, 11, 8, -1, 1, 4, 18, 4, -13, 22, 0, 19, 24, 4, 18, 13, 10, -1, 2, -6, 9, 14, -4, 8, 5, 3, -8, 21, -2, -3, 22, -6, 15, -2, 16, 1, 10, 12, -14, 28, 13, 7, 36, -7, -2, 14, 4, 19, 20, 16, 12, 43, -4, -16, 44, 7, 22, 40, -12, 3, 22, 22, 4, 34, -1, 18, 16, 9, -6, 42, 4, 2, 49, -20, 16, 25, 4, 10, -2, 9, -6, 27, 10, 4, 46, 14, 32, 30, -13, -1, 60, 12, 22, 42, 16, 12, 27, 28, 0, 68, 47, -10, 60, -16, 17, 50, 0, -9, 16]
[0, 0, 0, 0, 0, 0, 0, 0, 0, 1, -1, -1, 0, -1, 1, 0, 1, 0, -1, 0, 0, 1, 0, 0, -1, -1, -1, 0, -2, -1, 3, -1, 0, -1, -2, 0, 0, -1, 0, 1, -1, -3, 0, 1, 0, 2, -4, -1, -4, 0, 0, -1, -4, -8, 2, -1, 2, 3, 0, -3, 4, -2, -10, 3, -4, 3, 2, -7, -6, -1, -2, -8, 3, -7, 2, 3, -6, -2, -2, -2, -4, -7, -2, -6, 8, 5, -9, -6, -9, -7, -2, -1, -6, 8, -9, -12, 0, -14, -6, 9, 4, -5, -5, -6, -15, 10, -6, -13, -2, -12, 1, -5, 2, -2, 5, -5, -18, 9, -22, 0, 6, -17, -11, -10, -12, -23, 16, -11, -4, -3, -8, -10, -6, -9, -15, 23, -22, -9, -8, -22, -4, -4, -11, -18, -3, -5, -27, 17, -18, -31, 18, -20, -23, 4, -4, 1, 6, -26, -13, 10, -22, -2, 10, -35, -24, 7, -13, -40, 30, -27, -23, 3, -22, -17, -12, 1, -22, -13, -37, -41, 26, -33, 5, 4, -32, -7, -4, -16, -52, 36, -21, -15, -6, -40, -48, 12, -16, -38, 20, -46, -5, 3, -38, -2, 10, -3, -43, 1, -40, -23, 50]
[0, 0, 0, 0, 0, 0, 0, 0, 1, 0, -1, 0, 0, 0, -1, 0, 2, 1, 1, 1, -1, 0, 0, 0, 0, 0, 2, 1, -1, 0, 1, -1, 1, 2, 1, 2, 0, 1, 2, 1, 0, 1, 4, 3, -1, 1, 5, 1, -1, -1, 0, -2, 3, 3, 2, 3, 5, 5, 0, 1, 5, 4, 2, 11, 2, -1, 3, 0, 4, 2, 0, 2, 1, 7, 5, -1, 10, 7, 5, 6, -3, 4, 2, 14, 10, 3, 8, 4, 5, 2, -2, 7, 11, 8, 2, -8, 10, 7, 6, 7, 12, 11, 8, 14, 7, 3, 5, 12, 14, 4, -3, 13, 16, 19, 15, -3, 11, 12, 8, 12, -3, 5, 20, 10, 2, 3, 21, 17, 10, 19, 10, 15, 8, 14, 18, 9, 16, 4, 10, 12, -6, 16, 23, 6, 25, 10, 21, 17, 5, 18, 12, 18, 20, 27, 26, 15, 19, 20, 24, 30, -2, 17, 23, 25, 10, 8, 24, 12, 32, 30, 6, 21, 23, 26, 23, 11, 27, 9, 15, 35, 3, 16, 24, 22, 39, 23, 28, 25, 24, 34, -3, 13, 38, 27, 29, 16, 40, 28, 30, 30, 22, 51, 45, 44, 38, 11, 25, 47, 23, 25, 20]
[0, 0, 0, 0, 0, 0, 0, 1, -1, 0, 0, -2, 1, 1, 1, 1, 0, -2, -1, 1, 1, -1, 0, 0, 0, 1, 0, 1, 1, 0, 1, 1, -1, -2, -1, -2, 0, 0, 0, -1, -1, 37, -8, -16, -23, -54, 85, -80, 30, 99, -81, 245, -59, -72, -132, -134, 129, -307, 182, -79, 200, 427, -176, 441, -463, 10, 112, -833, -16, -199, 432, 285, 200, 455, -318, 375, -199, -504, -173, -503, 447, -144, -229, 919, 105, 366, 8, -614, -221, -746, 442, -4, -121, 806, -106, 419, -312, 124, 331, -1085, 174, -410, -130, 451, -242, 1521, -196, -268, 121, -1744, 269, -2, 819, -63, -670, 1973, -159, 36, -422, -612, 359, -1414, -8, -321, -694, 2661, 1173, -693, -795, -693, 1263, -2238, 170, 1219, -944, 2578, -678, 606, -1010, -637, 1943, -3446, -371, -261, 599, 1229, -200, 3314, -881, -924, 962, -2112, -382, -1005, 494, 1007, -639, 2645, -682, -633, 833, 97, -99, -4205, -667, 1423, 430, 1165, 812, 1630, 1196, 486, -571, -4469, -1153, 2984, -789, -685, -1450, 3134, 2232, -1502, 768, -3128, -461, -827, 474, -824, -956, 7124, 1469, -1045, -840, -1330, -1427, -2766, 1099, -348, -736, 1679, 1795, 1263, -894, 1301, -834, -3731, 47, -324, -1860, -95, 5444]
[0, 0, 0, 0, 1, 0, 0, -1, -1, -1, 0, 1, 0, 0, 1, 0, -1, 1, -2, 2, -1, 0, 0, 0, 1, 2, 0, -1, 1, 0, 0, 1, 1, -1, 1, -1, -2, 0, 1, -1, 0, -15, -88, -47, 10, 25, 216, 36, 37, 34, -133, 139, -183, -109, -153, -268, 91, -108, 450, 153, 353, 335, -498, 208, -516, 30, 77, -677, 125, -480, 372, 565, 291, 436, -292, 208, -538, -196, 82, -489, 554, -326, -192, 402, -159, 890, 42, -620, -253, -633, 118, 196, 331, 86, 65, 406, -369, 223, 60, -204, 436, -796, -336, 475, -407, 973, 38, -895, 32, -761, 509, 121, 378, 287, -337, 832, -383, 945, -149, -1046, 690, -1356, -216, 347, -832, 1027, -157, -143, 63, -890, 1674, -42, 380, -484, -694, 2320, -870, 1118, -1078, -1986, 878, -1440, 125, -1080, 457, 2083, -79, 714, -363, 691, 995, -1656, -517, -2002, -82, 2973, -81, 717, -381, 494, 192, -1637, -779, -1789, 116, -436, 375, 987, 161, 2580, 1756, -1217, -186, -922, -1126, 885, -803, 502, -1101, -259, 1062, 717, -29, -2618, 623, -1393, 548, 2010, -1066, 1716, 1820, 845, -98, -2311, -1443, 755, -1065, -2036, -270, 2031, 2472, 2588, -1132, -3355, -330, -63, 135, -2519, -1500, 1296, 3692]
[0, 0, 0, 0, 0, 0, 0, 0, -1, 1, 1, 1, 1, -2, 0, 0, 0, 0, 1, -1, 0, 3, 0, 1, 1, 1, 0, -1, 1, 1, 0, 1, 1, 1, 1, 1, 1, 0, 1, 2, 0, -12, 60, 29, 15, 16, -165, 33, -36, -49, 95, -183, 141, 89, 166, 176, -106, 200, -316, -21, -299, -373, 348, -300, 499, -25, -82, 755, -73, 351, -399, -425, -211, -438, 315, -296, 379, 366, 31, 500, -511, 246, 203, -666, 75, -642, -12, 637, 230, 698, -284, -77, -111, -432, 57, -419, 347, -168, -149, 693, -358, 604, 236, -443, 348, -1232, 103, 577, -38, 1268, -434, -69, -524, -104, 526, -1439, 281, -443, 279, 905, -561, 1407, 110, 23, 778, -1904, -345, 403, 386, 793, -1527, 1145, -267, -269, 822, -2457, 788, -842, 1054, 1351, -1380, 2474, 108, 692, -477, -1707, 184, -1897, 688, 133, -1052, 1885, 445, 1592, -136, -2080, 413, -1667, 561, 117, -614, 896, 551, 3004, 311, -609, -363, -1026, -359, -2079, -1544, 433, 431, 2744, 1173, -1941, 802, 161, 1294, -1404, -1676, 439, -198, 2974, -42, 958, -442, -540, 1022, -4164, -1778, 111, 540, 1854, 1443, 907, 153, 1218, 609, -1850, -2255, -1856, 1035, 1251, 624, 1764, -10, 1573, 1717, -601, -4518]
[0, 0, 0, 0, 0, -1, 0, 2, 0, 0, 0, -1, 2, 0, -2, 0, 0, 1, 2, 0, 0, 0, 0, 1, -1, 2, 0, 0, 1, 1, 0, -2, -1, 1, 1, 1, 0, 0, -1, 1, 0, -26, 121, 76, 10, 12, -289, -2, -74, -33, 169, -327, 270, 137, 272, 341, -181, 330, -622, -128, -515, -595, 682, -369, 864, -196, -97, 1247, -231, 696, -767, -791, -330, -750, 578, -361, 722, 524, 11, 652, -927, 611, 231, -1054, 205, -1253, 52, 1135, 371, 1215, -417, -300, -275, -634, 7, -529, 574, -551, -227, 1146, -634, 1098, 522, -811, 587, -2055, 66, 1119, -44, 2054, -914, -434, -758, 151, 976, -2412, 542, -934, 331, 1567, -1080, 2297, 188, -71, 1210, -3112, -219, 1084, 513, 954, -2722, 1688, -474, -106, 1308, -4198, 1436, -1723, 1833, 2477, -2338, 4158, 16, 712, -689, -2379, 202, -2924, 1054, -232, -1606, 3049, 615, 3073, -241, -4067, 795, -2949, 761, 1029, -1151, 911, 1226, 4873, 410, -532, -711, -1800, -533, -3724, -2808, 1134, 724, 4402, 2117, -4214, 1220, 920, 2024, -2139, -2795, 178, -444, 5308, -85, 1788, -518, -1343, 1588, -6584, -3122, 618, 1165, 2003, 2027, 1265, 300, 2531, 1181, -3410, -4043, -3078, 1862, 2899, 1122, 2610, -38, 1874, 2527, -162, -7412]
[0, 0, 0, 0, 0, 0, 0, -2, 1, 2, 0, 0, -1, 1, 0, -1, 0, -1, -2, 1, -1, 0, 1, 0, 0, -1, -1, 1, 0, -1, 1, -1, -1, -1, 0, 0, 0, -2, -1, -1, 2, 7, 6, 4, -5, -4, -40, 3, 0, -50, 51, -15, 13, 23, 31, 79, -24, 22, -88, -33, -55, -92, 66, -128, 98, 100, -44, 143, 29, 94, -44, -120, -115, -108, 31, -81, 89, 36, -2, 224, -92, -42, 102, -71, -24, -166, -74, 114, 73, 111, -20, -32, -64, 24, -24, -201, 118, 91, -58, -81, -58, 202, 43, -136, 90, -197, 5, 208, -65, 80, 26, 186, -199, -333, -11, -29, 53, -281, 72, 198, -63, 347, 75, -141, 256, -51, -189, -283, -55, 490, -294, -140, -54, 20, 149, -453, 122, -202, 254, 501, -135, 62, 12, 613, -206, -849, -3, -82, 11, -159, -190, 418, 192, 322, -36, -535, -132, 138, 116, -807, 190, 813, -20, 201, -113, 262, -62, -294, -119, -677, -295, 290, -59, -167, 192, 620, 231, -680, 289, 290, -31, -215, -84, 400, -328, 491, -280, -688, 294, -258, -251, -749, -249, 1301, 562, -320, 243, 410, -158, -454, -397, -872, 163, 635, 12, -111, -152, 1210, 503, -1046, -788]
[0, 0, 0, 0, 0, 0, 0, -1, 0, 0, 1, 2, 0, 1, 0, -2, -2, -1, 0, 1, 0, 1, -1, -1, 1, -1, 0, 1, 3, 1, -1, 1, -1, 0, 1, 0, 0, -1, 0, 0, -1, 1, -2, -1, 0, -4, -1, 1, 7, 0, 2, 4, 3, 2, 3, -2, -5, -2, 1, -1, -10, 2, 0, -5, 4, -1, -5, 4, 4, 1, -1, 9, 1, 2, 0, -11, 2, 2, 7, 8, -3, 12, -2, -12, -9, -9, -4, 13, 8, 8, -3, -5, 7, -10, 11, 8, -4, 5, 16, -13, -11, 7, 5, -1, 4, -12, -4, 4, -1, 8, -14, 5, -6, -12, -12, -9, 7, -3, 17, -4, -1, 16, 12, 14, 8, 1, -6, 5, 4, -4, -18, 11, 7, 1, -3, -29, 10, 9, 18, 22, -5, 4, 8, -2, -1, -17, 22, 15, 10, 9, -22, -1, 1, -15, -18, -11, -7, 14, -11, -14, 4, 6, -13, 21, 10, -23, 7, 23, -10, 13, -3, 9, 10, -1, 17, -35, 5, 30, 26, 25, -20, 27, -10, -5, 7, -37, 0, 5, 28, -4, -7, 11, -16, 13, 39, -34, -2, 14, -1, 25, -34, -12, -4, -8, -2, -37, 6, -5, 43, 0, -58]
[0, 0, 0, 0, 0, 0, 0, 0, 1, 0, -1, -1, -1, 0, 0, 1, 0, 1, 2, -1, -1, 1, 0, -1, 0, -1, -1, -1, -1, 1, 0, 2, -1, -1, 0, -1, 1, -1, -1, 3, -1, -51, 6, 9, 60, 116, -124, 118, -58, -191, 138, -332, 11, 97, 176, 213, -112, 452, -230, 131, -280, -688, 214, -716, 623, 176, -243, 1210, 133, 225, -463, -427, -370, -704, 376, -634, 229, 817, 216, 954, -583, 4, 487, -1316, -154, -483, -151, 777, 323, 1004, -602, 220, 125, -1128, 156, -866, 531, 91, -493, 1438, -259, 581, 103, -675, 329, -2034, 320, 325, -153, 2347, -190, 345, -1258, -402, 800, -2600, 177, -24, 661, 1039, -393, 2054, 11, 287, 1068, -3634, -1822, 358, 1058, 1529, -1701, 3037, -268, -1737, 1397, -3596, 800, -737, 1358, 950, -2463, 4498, 612, 1119, -915, -2600, 194, -4638, 1157, 1460, -1536, 3183, 622, 1345, -408, -1241, 615, -3368, 1076, -502, -850, 1030, -14, 5757, 831, -2017, -642, -1802, -1017, -2591, -1653, -649, 600, 5892, 1388, -2349, 1188, -251, 2140, -4285, -2761, 2116, -727, 4062, 264, 1389, -1128, 766, 1428, -9490, -1950, 458, 630, 3441, 2422, 3729, -953, 340, 859, -2588, -2444, -2470, 1132, -1579, 862, 5166, -344, 1949, 2953, -1359, -7412]
[0, 0, 0, 0, 0, 1, -1, -1, 0, 1, 0, 0, 0, 0, 0, -2, 2, -1, 1, -1, -1, 0, 0, 0, -1, 2, 0, 0, 0, 0, 1, -3, -2, 0, 0, 1, 1, 0, -1, -1, 0, -53, 1, 48, 9, 54, -70, 74, -12, -78, 67, -263, 57, 31, 127, 154, -178, 362, -186, 29, -135, -391, 172, -386, 461, -149, -38, 805, -62, 280, -539, -305, -122, -476, 372, -220, 192, 431, 236, 291, -447, 302, 81, -967, -107, -421, 70, 734, 205, 838, -409, -199, 136, -824, 58, -228, 265, -339, -373, 1270, -109, 442, 246, -547, 186, -1610, 78, 310, -123, 1837, -344, -185, -807, 428, 887, -2150, 165, -36, 314, 492, -304, 1369, -38, 358, 528, -2836, -1137, 1195, 831, 348, -1238, 2452, -54, -1260, 845, -2604, 718, -879, 1135, 581, -2199, 3912, 264, -392, -477, -489, 85, -3457, 921, 682, -569, 2116, 195, 1217, -753, -1175, 960, -3193, 574, 1794, -1072, -1146, 257, 4363, 729, -1072, -531, -1337, -806, -1692, -1196, -274, 655, 4938, 1438, -4435, 609, 1702, 1387, -3632, -2322, 1324, -1227, 3728, 706, 941, -40, 984, 778, -7802, -1493, 1827, 1387, -55, 956, 3489, -1795, 563, 1080, -1951, -1774, -798, 920, -1636, 1202, 4174, -96, -823, 1464, 1224, -5462]
[0, 0, 0, 0, 0, 0, 0, 0, -1, 1, 1, -1, 1, 0, -1, 0, 0, 0, 0, 0, 0, -2, 2, 2, -1, 1, -1, 0, 0, 0, 0, -1, -1, 0, 1, 0, 3, -1, 2, -1, 1, 11, -3, -17, 19, 19, -48, 43, -18, -89, 65, -41, -7, 61, 29, 71, 9, 48, -64, 33, -104, -184, 64, -257, 146, 214, -106, 279, 102, 26, 7, -116, -186, -162, 22, -235, 81, 185, -4, 438, -98, -184, 242, -204, -62, -107, -127, 88, 114, 159, -111, 167, -38, -130, 51, -400, 173, 278, -122, 31, -90, 183, -37, -114, 138, -341, 124, 127, -70, 320, 99, 347, -334, -571, -38, -211, 45, -180, 220, 336, -83, 537, 95, -82, 412, -391, -507, -531, 108, 839, -355, 230, -133, -264, 359, -759, 132, -38, 245, 460, -220, 366, 167, 1106, -374, -1421, 88, -699, 174, 324, -569, 766, 345, 178, 103, -291, -228, -30, 361, -1522, 219, 1435, -188, 811, 53, -346, -49, -320, -278, -744, -301, -111, 5, 442, 98, 1261, 426, -1305, 554, -137, -295, 352, 130, 370, -309, 519, -684, -356, 536, -1192, -340, -1035, -493, 2448, 1055, 4, 429, 146, -273, -502, -443, -1230, 242, 238, -182, 509, -115, 1937, 996, -1771, -1516]
[0, 0, 0, 0, 0, 0, 0, -1, 1, 1, -1, -1, 0, 1, -1, -1, 0, 1, -1, 0, 0, 0, 1, -1, -1, -2, -1, 0, -2, -1, 0, -1, -1, 1, 0, 0, 1, 3, 0, 0, -2, -47, 4, 65, -43, -30, 24, -35, 39, 111, -60, -77, 75, -83, 31, -10, -157, 133, -50, -95, 93, 109, 36, 222, 55, -520, 208, 5, -276, 220, -425, -27, 253, -17, 216, 359, 26, -161, 162, -648, -142, 579, -420, -186, 51, -177, 302, 367, -58, 270, -38, -565, 100, -156, -89, 607, -119, -783, -60, 645, 70, 43, 311, -187, -89, -449, -208, 95, 31, 527, -463, -790, 75, 1335, 671, -889, 53, 110, -247, -318, -103, -67, -149, 346, -368, -949, 253, 1779, 263, -1286, -250, 874, 239, -218, -151, -341, 274, -636, 416, -222, -1069, 1740, -225, -2237, 348, 2259, -143, -707, 240, -446, 754, -39, -457, 639, -812, -619, 1068, -1845, -303, 4075, -1088, -3427, 598, 1057, 298, 320, -259, -273, -66, 121, -355, 331, 397, 1981, 932, -5422, -402, 3596, -139, -1689, -914, -134, -1238, 1899, 925, -203, 1366, 900, -414, -2578, -434, 2977, 1881, -4559, -1336, 1868, -2002, 462, 1099, -447, -462, 1671, 232, -1114, 1256, 1309, 203, -4008, -923, 4022, -818]
[0, 0, 0, -1, -1, 1, 2, 0, 0, 0, 0, 1, 0, 0, 0, 0, 1, 0, 0, -1, -2, 1, -1, 1, 0, 2, -1, -1, -1, -2, 0, -1, -1, 0, 0, -1, -1, 0, 2, -2, 0, 29, 174, 44, 55, 8, -471, 34, -118, -221, 300, -320, 313, 276, 336, 539, -88, 264, -852, -137, -877, -936, 970, -808, 1127, 410, -373, 1679, 4, 831, -542, -1188, -840, -1050, 527, -926, 1062, 830, -263, 1787, -1146, 126, 823, -1108, 248, -1733, -346, 1187, 610, 1399, -454, 139, -633, -502, 95, -1636, 922, 312, -153, 453, -1074, 1642, 379, -994, 984, -2323, 209, 1713, -80, 1894, -788, 573, -1100, -1751, 418, -1936, 769, -1823, 715, 2714, -1464, 3362, 525, -838, 2170, -2678, -411, -1109, 83, 3223, -3605, 644, -1009, 603, 1899, -5580, 1690, -1888, 2094, 4277, -1758, 3028, 156, 4220, -1345, -6797, 364, -2420, 1026, -425, -3177, 4421, 1488, 3834, 688, -5717, -449, -1156, 1423, -4306, -112, 6337, 950, 4674, -125, -481, -663, -2328, -502, -5855, -3799, 1878, 365, 2472, 1873, 1689, 2190, -3973, 2972, 143, -2619, -411, 927, 5051, -1640, 3009, -2480, -4081, 2874, -4488, -4124, -3915, -984, 9230, 4646, -1689, 3378, 3657, 70, -4530, -5384, -7084, 2415, 6816, -100, 704, -452, 8711, 4564, -6211, -9164]
[0, 0, 1, 1, -1, -1, -1, -1, 2, 0, -2, -1, -1, -1, 0, 1, -1, 0, -1, 0, 1, -1, 1, 1, -1, -1, 0, 1, -2, 0, 2, -1, 2, 0, 0, 0, 0, 0, 0, 0, -1, -1, -252, -59, -156, -164, 790, -219, 278, 560, -617, 843, -426, -543, -678, -986, 200, -836, 1439, -24, 1586, 2166, -1582, 2058, -2323, -980, 889, -3786, -261, -1329, 1183, 2095, 1661, 2266, -1127, 2174, -1747, -2189, 160, -3834, 2220, 47, -1867, 3070, -131, 2887, 740, -2431, -1278, -3055, 1395, -660, 718, 1998, -376, 3467, -1988, -810, 812, -2202, 1825, -2930, -551, 2069, -1795, 5501, -827, -2663, 394, -5333, 1130, -1408, 3071, 3297, -1354, 5493, -1262, 2544, -1894, -5096, 2515, -7173, -818, 853, -4460, 7791, 2912, 1603, -1396, -6637, 6953, -4309, 1777, 1251, -4394, 11939, -3268, 3200, -4338, -7066, 5010, -9060, -1078, -7979, 3143, 13153, -896, 8799, -2819, -1528, 6537, -9927, -2981, -6622, -730, 8985, 194, 5084, -3416, 7945, 836, -11041, -1091, -13214, -831, 3451, 1495, 5187, 2073, 11131, 6991, -1477, -1206, -10107, -3902, -1208, -4619, 6883, -6792, 4407, 6757, -2318, -885, -11251, 2134, -5843, 5290, 4750, -5874, 17068, 7824, 5683, 1249, -18446, -9906, -1538, -4162, -5177, -682, 9059, 10115, 13178, -4659, -7659, -456, -6973, 974, -15548, -10335, 11397, 21496]
[0, 0, 0, 0, 0, 0, 0, 0, -1, 2, 0, -2, 2, -1, -1, 0, 0, 1, 1, 0, 0, 0, 0, -1, -1, 0, 0, -1, -1, 2, 0, 2, 1, 0, 1, 0, 2, -1, -1, -1, 2, -42, 6, 67, -38, -18, 20, -30, 38, 110, -66, -75, 72, -87, 41, -9, -157, 143, -46, -89, 113, 105, 38, 225, 52, -519, 211, 3, -285, 232, -414, -29, 265, -21, 222, 377, 22, -158, 178, -652, -123, 580, -416, -188, 57, -167, 302, 377, -53, 265, -24, -553, 81, -134, -83, 613, -98, -781, -66, 681, 80, 51, 328, -185, -91, -426, -214, 80, 42, 520, -443, -774, 76, 1342, 711, -859, 58, 136, -253, -317, -66, -69, -156, 352, -370, -929, 273, 1780, 273, -1250, -222, 866, 284, -224, -154, -282, 266, -634, 436, -206, -1044, 1762, -239, -2228, 363, 2297, -157, -673, 272, -432, 809, -33, -459, 687, -808, -617, 1127, -1873, -281, 4107, -1081, -3418, 659, 1031, 318, 384, -269, -258, -13, 115, -304, 381, 394, 1987, 970, -5394, -388, 3660, -137, -1711, -831, -128, -1229, 1970, 917, -198, 1438, 929, -430, -2524, -410, 3002, 1939, -4555, -1357, 1988, -1996, 480, 1150, -472, -402, 1761, 242, -1120, 1324, 1365, 211, -3938, -939, 4018, -694]
[0, 0, 0, 0, 0, -1, 1, 0, 0, 1, 0, 0, 0, -1, 0, 1, -2, 1, 0, 2, 0, -1, 1, 0, -2, 2, 0, -1, 0, 0, 1, 0, 0, -1, 0, 1, -1, 1, -2, -2, 2, -15, 50, -49, 134, 168, -313, 194, -153, -401, 323, -405, 30, 269, 289, 414, 14, 479, -480, 204, -693, -1203, 478, -1319, 1011, 886, -615, 1911, 433, 291, -272, -828, -938, -1137, 388, -1389, 534, 1378, 5, 2362, -893, -605, 1259, -1691, -148, -904, -595, 902, 609, 1314, -842, 864, -132, -1298, 317, -2177, 1047, 1035, -575, 1157, -715, 1153, -112, -940, 784, -2659, 694, 794, -257, 2794, 20, 1423, -1891, -2435, 357, -2733, 346, -727, 1236, 2430, -833, 3543, 320, -290, 2324, -4137, -2518, -1852, 1028, 4150, -2849, 2837, -842, -1615, 2353, -5572, 1120, -778, 1806, 2671, -2335, 4336, 994, 4977, -1867, -7559, 479, -5424, 1414, 2013, -3566, 5128, 1660, 2105, 554, -2586, -546, -2367, 2003, -6245, 41, 6789, -370, 7072, 601, -2847, -666, -2628, -1259, -4979, -2780, -445, 418, 5583, 1231, 3467, 2450, -5318, 3549, -3255, -3078, 2437, 685, 4378, -1174, 2767, -3504, -1355, 2946, -9794, -3115, -3822, -1548, 11699, 5668, 1819, 1993, 1061, -135, -4066, -4082, -6889, 1764, 1444, -302, 4827, -778, 9201, 5864, -7832, -10646]
[0, 0, 0, 0, 0, -1, 1, 0, 1, 0, -1, 0, -1, 1, -1, 0, 1, 0, 0, 1, -3, 2, 0, 0, 0, 0, -1, -2, 0, -1, 0, -1, 0, 1, 0, -2, -2, 0, 2, 1, 0, -36, 58, 57, 12, 30, -184, 26, -35, -62, 119, -296, 169, 82, 203, 242, -187, 348, -407, -48, -332, -493, 428, -377, 654, -177, -67, 1040, -145, 494, -676, -551, -239, -614, 475, -298, 461, 467, 126, 481, -705, 466, 157, -1009, 43, -851, 52, 948, 288, 1023, -409, -263, -70, -732, 23, -399, 424, -456, -293, 1186, -378, 766, 394, -681, 383, -1861, 71, 724, -78, 1949, -655, -297, -797, 289, 929, -2308, 353, -483, 325, 1001, -702, 1831, 75, 155, 874, -2991, -697, 1131, 659, 654, -2015, 2068, -258, -718, 1087, -3436, 1094, -1297, 1500, 1529, -2326, 4054, 149, 146, -582, -1478, 125, -3197, 969, 217, -1113, 2584, 410, 2149, -554, -2652, 880, -3057, 671, 1433, -1126, -109, 724, 4604, 548, -806, -634, -1558, -683, -2714, -2070, 429, 652, 4631, 1816, -4403, 902, 1324, 1697, -2871, -2602, 749, -887, 4525, 295, 1320, -258, -193, 1186, -7232, -2340, 1197, 1301, 970, 1486, 2326, -786, 1537, 1115, -2654, -2968, -1940, 1399, 577, 1208, 3327, -71, 513, 2026, 504, -6502]
[0, 0, 0, 0, 0, 0, 0, 0, 0, 0, -1, -1, 1, 1, -1, -1, 1, 0, -1, 0, -2, -1, 2, -1, -2, 0, 0, -1, -2, -1, 0, -1, -1, 1, 0, 1, -1, 1, 0, 0, -3, -57, -32, 12, 17, 54, 31, 68, -4, -28, -20, -156, -25, -26, 39, -23, -88, 245, 40, 91, 26, -166, -74, -169, 138, -155, 15, 346, -26, 1, -291, 0, 57, -181, 183, -86, -87, 268, 209, -23, -153, 133, -35, -605, -108, 45, 100, 307, 20, 383, -304, -59, 258, -638, 76, -3, 51, -238, -267, 984, 52, -39, 40, -216, -39, -876, 97, -187, -50, 1176, -155, -192, -425, 578, 587, -1476, -43, 449, 154, -30, -22, 448, -158, 498, 16, -1977, -844, 973, 710, -229, -331, 2013, 103, -1205, 368, -1082, 194, -207, 412, -491, -1440, 2596, 259, -947, -122, 591, 23, -2507, 578, 885, -109, 905, -120, 124, -606, 303, 784, -2382, 266, 1925, -956, -1798, -46, 2797, 643, -1243, -286, -620, -506, -156, -330, -798, 449, 3695, 655, -3506, 71, 1779, 559, -3192, -1525, 1409, -921, 1863, 896, -67, 254, 1783, 82, -5500, -554, 2021, 1177, -1372, 2, 3099, -1853, -512, 831, -686, -517, 635, 207, -2770, 840, 3261, 19, -2006, 432, 1781, -2782]
[0, 0, 0, 0, 0, 1, -1, 0, 0, 0, -1, 0, 1, -1, 1, -1, 1, 0, 1, -1, 0, 0, 0, 0, 1, 1, 0, 0, 0, -1, 0, 1, -2, 0, -1, 0, -2, -3, 3, 1, -1, 0, 4, 2, -5, 4, -3, 4, -4, -1, -2, 5, 2, 0, 1, 0, -4, -5, 0, 0, 0, 4, 0, -4, 8, 0, 3, -1, 6, -2, 1, -5, 3, -1, -1, -10, 7, -2, -1, -3, 4, 4, -4, -6, -6, 0, -2, 0, 3, 6, 0, 0, 0, -2, -2, 2, -6, 0, 0, 6, 2, 9, -8, 7, 1, 5, -13, 12, 2, -8, 7, -2, 2, -1, 5, -6, -2, 0, -4, 1, 6, 7, 0, 0, -2, -7, 6, 7, -10, 1, -6, -11, -14, 6, 1, 0, -8, -5, 10, 12, -10, 6, 1, -5, -7, -11, 13, 12, 16, 0, 7, -6, -9, -18, 2, 0, 8, 2, 2, -2, 12, -5, 5, 0, -4, -8, 3, -2, 2, -11, 14, -26, 5, 1, 3, 2, 12, 3, 1, 4, -2, 0, 7, 11, 2, 6, -6, 0, -4, 2, -16, -3, -8, 4, -3, 18, 2, -21, 4, 0, -1, 19, -5, 0, -8, 9, -17, 22, -12, 13, -32]
[0, 0, 0, 0, 0, -1, 0, 1, 0, 1, 1, -1, 1, 0, -2, 0, -1, 0, 1, 1, 1, 1, 0, -1, -2, -1, -1, 1, 1, 2, 2, 0, -3, 0, 0, -1, 1, 0, 0, -1, 1, -23, 86, 39, 39, 50, -272, 53, -79, -131, 197, -324, 176, 152, 254, 336, -130, 362, -525, -37, -504, -708, 560, -604, 830, 90, -220, 1326, -44, 541, -598, -732, -455, -806, 487, -580, 601, 698, 40, 1029, -840, 266, 458, -1170, 81, -1063, -122, 1005, 410, 1159, -499, -2, -211, -774, 82, -899, 646, -122, -322, 1096, -582, 1030, 342, -806, 567, -2077, 197, 929, -99, 2112, -594, 82, -1037, -513, 776, -2346, 434, -783, 536, 1613, -892, 2439, 197, -99, 1380, -3188, -880, 304, 640, 1693, -2520, 1933, -507, -593, 1454, -4235, 1230, -1370, 1724, 2288, -2225, 4004, 266, 1658, -943, -3441, 228, -3436, 1071, 367, -1918, 3373, 800, 2564, -100, -3333, 437, -2700, 1014, -783, -783, 2181, 708, 5117, 448, -1059, -690, -1905, -704, -3752, -2566, 629, 577, 4492, 1776, -2144, 1408, -621, 2264, -2427, -2667, 783, -256, 4746, -334, 1907, -1196, -1162, 1796, -7180, -2846, -470, 448, 4168, 2752, 1521, 504, 1925, 802, -3357, -3711, -3740, 1659, 2053, 754, 3146, -270, 3452, 3161, -2019, -7718]
[0, 0, 0, 0, 0, 0, -1, 1, 0, 0, 1, 0, 0, -1, 0, 0, 1, 0, 0, -2, 0, -1, 0, 2, 1, 1, 0, 1, -1, -1, 0, -1, 0, 0, -3, -3, -1, 1, 1, -1, -2, 20, 62, 3, 14, -6, -156, 6, -57, -61, 113, -76, 102, 112, 96, 164, 3, 20, -278, -40, -304, -282, 316, -254, 352, 192, -145, 488, 32, 217, -104, -363, -294, -298, 123, -325, 354, 238, -130, 619, -346, -37, 308, -251, 89, -525, -134, 276, 192, 354, -134, 113, -231, -60, 28, -552, 297, 172, -36, -36, -357, 513, 76, -237, 327, -570, 107, 542, -47, 412, -182, 205, -301, -720, -17, -358, 228, -641, 222, 878, -491, 1009, 200, -336, 750, -539, -56, -577, -50, 1108, -1104, -137, -398, 345, 585, -1590, 494, -470, 556, 1390, -291, 460, 40, 1632, -499, -2378, 179, -439, 234, -153, -1128, 1222, 543, 1062, 378, -1727, -359, 102, 428, -1954, 176, 2462, 263, 1077, -117, -159, -123, -579, -158, -1760, -1120, 517, 54, 203, 362, 1381, 740, -1764, 879, 630, -605, -223, 562, 1124, -681, 920, -990, -1541, 916, -596, -1186, -1651, -673, 3458, 1591, -1197, 1473, 1106, -249, -1217, -1607, -2438, 703, 2554, -314, -295, -114, 3247, 1503, -2432, -2578]
[0, 0, 0, 0, 0, 0, 0, 0, -1, 1, 1, 0, 0, -1, 2, 0, 0, 0, -3, 0, 1, 0, 1, 1, 2, 0, -1, 2, 1, 0, 1, 0, 0, -2, -1, 0, -3, 0, -1, 1, -1, 46, 48, -16, -6, -64, -53, -55, -14, 57, -4, 156, 53, 23, -21, -20, 107, -266, -51, -78, -81, 178, 90, 211, -131, 132, 5, -362, -17, -6, 280, -14, -18, 190, -163, 56, 108, -245, -269, 27, 103, -139, 16, 608, 197, -80, -73, -315, -62, -372, 255, 80, -267, 642, -27, -48, -74, 234, 324, -950, -165, 16, -72, 240, 68, 866, -63, 168, 86, -1163, 14, 124, 558, -556, -605, 1374, 55, -409, -192, 170, -144, -462, 153, -478, -28, 1821, 1104, -1016, -694, 174, 200, -2002, -170, 1380, -378, 1001, -184, 204, -480, 506, 1442, -2620, -286, 956, 189, -746, 21, 2624, -533, -907, -108, -937, 90, -38, 734, -506, -803, 2368, -249, -1890, 717, 1986, 153, -2788, -644, 918, 325, 636, 659, 185, 104, 812, -382, -3649, -719, 3452, -108, -1840, -587, 3208, 1320, -1377, 1207, -1835, -841, -230, -280, -1740, -108, 5856, 225, -2102, -1175, 1384, -37, -3476, 2156, 530, -758, 634, 191, -654, -219, 3192, -934, -3603, 76, 2122, -467, -1816, 2704]
[0, 1, 0, -2, 0, 1, -1, 1, 0, 1, 0, -2, 0, -1, 0, -1, -1, 1, 0, 0, 0, -2, 1, -2, 1, -1, 3, 0, -1, 0, 1, -1, 0, 0, 0, 1, 1, -1, 0, 1, -2, 8, -100, -95, 43, 73, 77, 139, -41, -211, 60, 64, -211, 29, -75, -45, 185, -28, 293, 225, 78, -161, -328, -473, -167, 699, -300, -4, 451, -446, 482, 212, -308, 18, -306, -492, -358, 321, 17, 762, 338, -896, 540, -50, -272, 618, -333, -520, 87, -303, -103, 749, 199, -174, 143, -812, 65, 1089, -218, -353, 138, -279, -572, 172, -115, 233, 292, -462, -149, -230, 868, 1226, -448, -1597, -596, 629, -291, 323, 474, -5, 526, 34, 33, -119, 334, 414, -1382, -1999, 152, 1585, 782, 88, -131, -898, 155, 471, -664, 1115, -586, -701, 669, -1178, 576, 2267, -569, -2226, 116, -687, -68, 1407, -630, 272, 449, -1607, 530, 2130, -1067, 1233, 527, -4562, 1116, 3053, -1400, -238, 38, -1218, 280, 171, -387, 423, 982, -1307, -381, -731, -1235, 5830, 373, -4027, 218, 112, 617, 1251, 699, -2165, -647, 116, -1616, 419, 320, -74, 1007, -2739, -1916, 5089, 1564, -111, 772, -1593, -1199, 603, 1339, -1230, -590, -1937, -1188, 622, -424, 3504, 1148, -4427, 256]
[0, 0, 0, 0, 0, -1, 0, 0, 1, 1, 1, 1, -1, -1, -1, -1, 0, 2, -2, 1, 0, -1, 2, -1, 0, 2, -2, 0, -2, 0, 0, -1, 1, -1, 1, -1, -2, 0, -1, -2, -1, -16, 116, 62, 30, 21, -336, 32, -91, -122, 236, -376, 265, 196, 297, 421, -181, 366, -680, -90, -630, -779, 742, -643, 1006, 23, -226, 1526, -117, 717, -762, -902, -540, -916, 605, -627, 811, 721, -18, 1111, -1028, 415, 481, -1268, 127, -1361, -94, 1207, 480, 1384, -550, -142, -302, -800, 73, -917, 711, -282, -319, 1130, -719, 1278, 458, -916, 732, -2434, 185, 1253, -146, 2376, -819, -104, -1120, -426, 880, -2624, 599, -1137, 573, 1880, -1186, 2838, 292, -203, 1626, -3494, -787, 557, 631, 1749, -3083, 1953, -665, -379, 1668, -5028, 1592, -1738, 2022, 2947, -2570, 4460, 213, 1789, -1112, -3817, 314, -3670, 1214, 65, -2229, 3831, 964, 3186, -162, -4333, 492, -2939, 1099, -571, -908, 2364, 947, 5709, 429, -955, -751, -2140, -889, -4453, -3122, 944, 736, 4847, 2138, -2974, 1691, -461, 2600, -2235, -3202, 541, -331, 5599, -387, 2304, -1306, -1707, 2126, -7892, -3438, -425, 558, 4438, 3111, 1137, 715, 2675, 838, -3864, -4497, -4456, 2121, 3155, 834, 3112, -161, 3668, 3558, -1887, -9092]
