39 3 31 24 23
[1, 1, 0, 0, 1, 1, 2, 1, -5, -5, -3, -1, -3, -4, -8, -2, -5, -4, -4, 6, 2, 5, -5, 6, 2, -1, 3, 1, -3, 0, 0, 3, -1, 2, -5, 0, -2, -1, -1, 2, 0, 6, -81, -34, -32, -56, -68, -31, -74, -21, -19, 111, 57, -15, -53, -36, -24, -4, 18, 3, -96, -126, -99, 82, 27, -2, -131, 54, 40, 206, 129, 126, -70, -173, -105, 146, -54, -89, -210, -92, 32, -2, 113, 85, -160, -170, -76, -15, 78, -248, -218, -178, -178, 30, -158, -152, -337, 105, 46, 307, 22, 74, -123, -51, -22, 15, 45, -267, -282, -33, 45, 97, -202, -167, -101, -181, 187, 332, -25, 97, -594, 135, 339, 130, -358, -376, -595, 11, -286, 484, -151, -475, -714, -285, 121, 75, 75, -319, -190, -78, 250, 455, 244, 71, -587, 159, -15, 654, 15, -180, -528, -433, -173, 489, -586, -140, -648, -238, 343, 42, 218, 43, -1074, -577, -244, -98, 4, -687, -68, -182, -445, 159, -225, -95, -1069, 180, -270, 394, -650, -376, -554, -8, -210, -140, 528, -318, -192, 318, 649, 1022, -299, -477, -375, -687, 83, 53, -444, 308, -1657, -465, 193, 480, -609, -908, -1443, 228, -647, 1157, -34, -566, -1557]
[0, 0, 0, 0, 0, 0, 0, -1, 1, 0, 0, 1, -1, 1, -1, 0, 0, 0, 0, 0, 0, 0, 1, -1, 1, -1, -1, 0, 0, 0, 1, 0, 0, -1, -1, 1, 0, 1, -1, 1, 0, 0, 1, 0, 0, 0, 4, -4, 0, 1, -3, 3, -4, 2, 0, 1, 0, 0, 0, -1, -1, -4, 4, -3, 2, 4, -1, 0, 2, -4, 0, 0, 3, 4, -4, 0, -2, 4, -4, -1, 0, -3, 2, 0, 0, -5, 3, 1, -5, 1, 0, 2, 5, 0, -3, 1, 0, 0, 3, 3, 1, -2, 0, 5, -1, 3, 0, -8, 3, 0, 0, 0, -3, 4, 0, -4, -4, 3, 2, 0, -1, -8, 0, 0, 4, 3, -3, 5, 1, -4, 9, -10, 0, 0, -4, 0, 0, -1, 2, 14, -9, 5, -11, -11, 0, 0, 5, 4, 0, 0, -4, -3, 0, 0, 8, -3, 4, 4, 0, 7, 6, 0, 0, -2, 1, 0, 9, -1, -2, -8, -6, 0, 4, 3, 0, 0, -1, -9, -14, 9, 0, -5, 3, -4, 0, 14, -1, 0, 0, -3, 0, 2, -1, 2, 8, -1, -7, 0, 3, 9, 0, 0, -20, 0, 3, -10, 18, -3, -7, 3, 0]
[0, 0, 0, 0, 0, 0, 0, 0, 0, 0, 0, 0, -1, 0, 1, 1, 0, 0, 0, 0, 0, 0, -1, -1, 0, -1, -1, 0, 1, 0, 1, 2, 2, 0, 0, -1, 0, 0, -1, -1, 0, -1, -1, 0, 1, 0, 0, 0, 0, 1, 0, 3, -1, -2, -3, -1, 0, 2, 0, 0, 0, 4, 4, 0, 2, 3, 1, -4, -2, -4, -7, -8, 0, 0, 4, 0, 0, 4, 3, 1, 4, 3, 2, -1, 0, 0, 0, -1, -5, 0, 0, 2, -5, -2, 3, 1, -6, 0, 0, 0, -1, -2, 0, 5, 0, -3, 4, 8, 3, 1, 4, 0, 0, -4, 0, 0, -4, 0, -2, -1, 1, -8, -8, 1, 0, 0, 3, 5, 0, -4, 4, 10, 11, 0, -4, 0, 1, 0, 0, -14, -9, 0, -11, -4, 0, 2, -5, 4, 17, 17, 0, 0, 0, 0, 0, -3, -4, -4, -10, -7, 6, 10, -3, 0, 0, 0, 9, 0, -2, -6, 6, 0, -4, 3, 6, -2, 0, 0, 14, 9, 0, -5, -2, 4, -8, -14, -1, -8, -12, 0, 0, -2, -1, 0, 8, -2, 7, 0, -3, 9, 10, 0, 0, 0, -3, -10, 0, -3, -10, -3, -8]
[0, 0, 0, 0, 0, 0, 1, 0, 0, -1, 0, 0, -2, 0, 0, 1, 0, 0, 1, 0, 0, 0, 0, 0, 0, 0, 0, 2, 0, 0, 1, 0, 0, 0, 0, 0, -1, 0, 0, -3, 0, 0, -2, 0, 0, -5, 0, 0, 4, 0, 0, 6, 0, 0, -2, 0, 0, 2, 0, 0, 0, 0, 0, 0, 0, 0, -5, 0, 0, -3, 0, 0, 0, 0, 0, 4, 0, 0, 7, 0, 0, 5, 0, 0, 9, 0, 0, -5, 0, 0, -2, 0, 0, -6, 0, 0, -17, 0, 0, 0, 0, 0, 0, 0, 0, -5, 0, 0, 2, 0, 0, 0, 0, 0, -2, 0, 0, 11, 0, 0, 3, 0, 0, -2, 0, 0, 1, 0, 0, -3, 0, 0, 16, 0, 0, 10, 0, 0, 0, 0, 0, 0, 0, 0, 17, 0, 0, -6, 0, 0, 0, 0, 0, -9, 0, 0, -30, 0, 0, -5, 0, 0, -23, 0, 0, 7, 0, 0, 0, 0, 0, -2, 0, 0, 20, 0, 0, 0, 0, 0, 0, 0, 0, -2, 0, 0, 16, 0, 0, 0, 0, 0, 6, 0, 0, -8, 0, 0, -17, 0, 0, 38, 0, 0, -12, 0, 0, -15, 0, 0, -7]
[0, 0, 0, 0, 0, 0, 0, 0, 0, 0, 0, 0, -1, 0, 0, 0, 0, 0, -1, 0, 0, 0, 0, 0, -1, 0, 0, -1, 0, 0, -2, 0, 0, -2, 0, 0, -3, 0, 0, -2, 0, 0, -4, 0, 0, -4, 0, 0, -6, 0, 0, 0, 0, 0, -8, 0, 0, -3, 0, 0, -11, 0, 0, -6, 0, 0, -10, 0, 0, -5, 0, 0, -10, 0, 0, -6, 0, 0, -17, 0, 0, -8, 0, 0, -15, 0, 0, -7, 0, 0, -26, 0, 0, -9, 0, 0, -24, 0, 0, -9, 0, 0, -27, 0, 0, -12, 0, 0, -33, 0, 0, -15, 0, 0, -33, 0, 0, -10, 0, 0, -37, 0, 0, -15, 0, 0, -42, 0, 0, -19, 0, 0, -42, 0, 0, -23, 0, 0, -43, 0, 0, -14, 0, 0, -56, 0, 0, -20, 0, 0, -65, 0, 0, -33, 0, 0, -59, 0, 0, -25, 0, 0, -75, 0, 0, -33, 0, 0, -61, 0, 0, -34, 0, 0, -75, 0, 0, -39, 0, 0, -91, 0, 0, -34, 0, 0, -83, 0, 0, -31, 0, 0, -85, 0, 0, -53, 0, 0, -105, 0, 0, -36, 0, 0, -99, 0, 0, -53, 0, 0, -117]
[0, 0, 0, 0, 0, 0, 0, 1, -1, 1, 0, -1, -1, -1, 1, 0, 0, 0, 0, 0, 0, 1, -1, 1, 2, 1, 1, -2, 0, 0, 0, 0, 0, -3, 1, -1, -1, -1, 1, 1, 0, 0, 1, 0, 0, 0, -4, 4, -4, -1, 3, 3, 4, -2, 0, -1, 0, 0, 0, 1, -4, 4, -4, -4, -2, -4, 6, 0, -2, 1, 0, 0, 12, -4, 4, 4, 2, -4, -5, 1, 0, -2, -2, 0, 0, 5, -3, 4, 5, -1, -2, -2, -5, 0, 3, -1, 0, 0, -3, -1, -1, 2, -9, -5, 1, 2, 0, 8, -1, 0, 0, -9, 3, -4, -2, 4, 4, 7, -2, 0, -2, 8, 0, 0, -4, -3, 2, -5, -1, 1, -9, 10, 0, 0, 4, 0, 0, 1, 22, -14, 9, 18, 11, 11, -17, 0, -5, -10, 0, 0, -16, 3, 0, -9, -8, 3, 3, -4, 0, -2, -6, 0, 0, 2, -1, -7, -9, 1, 2, 8, 6, 0, -4, -3, 0, 0, 1, -19, 14, -9, 13, 5, -3, 6, 0, -14, 17, 0, 0, 17, 0, -2, 7, -2, -8, -11, 7, 0, 14, -9, 0, 0, 20, 0, 9, 10, -18, -12, 7, -3, 0]
[0, 0, 0, 0, 0, 0, 0, 0, 0, -1, 0, 0, 2, 0, 0, -1, 0, 0, 1, 0, 0, -3, 0, 0, 0, 0, 0, -1, 0, 0, 1, 0, 0, 0, 0, 0, 1, 0, 0, -4, 0, 0, 1, 0, 0, -3, 0, 0, 6, 0, 0, -15, 0, 0, 5, 0, 0, -10, 0, 0, 15, 0, 0, -7, 0, 0, 4, 0, 0, -14, 0, 0, -3, 0, 0, -15, 0, 0, 18, 0, 0, -19, 0, 0, 9, 0, 0, -26, 0, 0, 27, 0, 0, -26, 0, 0, 18, 0, 0, -40, 0, 0, 21, 0, 0, -33, 0, 0, 29, 0, 0, -27, 0, 0, 24, 0, 0, -59, 0, 0, 37, 0, 0, -46, 0, 0, 25, 0, 0, -43, 0, 0, 34, 0, 0, -50, 0, 0, 18, 0, 0, -81, 0, 0, 49, 0, 0, -71, 0, 0, 69, 0, 0, -57, 0, 0, 38, 0, 0, -80, 0, 0, 51, 0, 0, -60, 0, 0, 29, 0, 0, -94, 0, 0, 54, 0, 0, -66, 0, 0, 79, 0, 0, -104, 0, 0, 52, 0, 0, -152, 0, 0, 56, 0, 0, -67, 0, 0, 58, 0, 0, -126, 0, 0, 75, 0, 0, -128, 0, 0, 97]
[0, 0, 0, 0, 0, 0, 0, 0, 1, -1, 0, -1, 1, 0, 1, -1, -2, 0, 2, 0, 0, -1, 2, 1, 0, 1, -3, -1, 0, 0, -1, 1, 0, 3, -2, 1, 0, 0, 1, 2, -1, 0, -2, 0, -8, -1, 2, 2, 2, -1, -3, -3, 5, 8, 5, 7, 0, -3, -3, -5, 0, -14, -4, 2, -2, 0, -2, 2, 10, 4, 5, 6, -9, 2, 2, 0, 3, -4, 0, -9, -2, 2, -2, 8, 0, 1, -5, 1, 5, 11, 0, -10, -15, -4, -8, -1, 0, 10, 9, 2, 20, 2, 0, -5, 11, 0, -7, -26, -3, -11, -6, 6, 2, -6, 0, 0, 4, -7, 25, 2, 5, 8, 20, 5, -20, -5, -2, -5, -1, 4, -4, -12, -8, -2, 4, -1, -13, 1, 3, 22, 9, -9, 11, 5, 23, 4, 5, -4, -16, -30, 3, 10, -10, 0, -15, 3, -6, 4, 2, 7, -6, 2, -4, 18, 1, -4, -9, -5, 2, 16, -8, 2, 12, -3, -4, 1, 7, 6, -51, -9, 1, 5, -9, -8, 18, 26, 1, 16, 38, -1, -13, 8, 1, -6, -8, 2, -24, 12, -26, -9, -26, 8, 14, -8, 0, 10, 4, 3, -18, 35, 13]
[0, 0, 0, 0, 0, 0, 0, 0, -1, 0, 0, 1, 1, 0, -1, 0, 2, 1, 0, 0, -1, -2, -2, 0, 0, -2, 0, 0, 0, 1, 1, 0, 0, 1, 4, 3, 0, 0, -2, -1, 0, 0, -2, -4, 0, 0, -2, 1, 2, 2, 2, -3, 2, 1, 0, -6, 0, 0, 0, 1, 5, 6, -3, 0, 4, 1, -1, 0, -5, 0, 0, 0, -3, -6, -9, -2, -4, 5, 3, 4, 0, 6, 8, 0, 0, 4, 6, -5, -6, -15, 0, -4, 4, 0, 4, -7, 0, 0, 10, 3, -4, 10, 6, 6, -7, 1, 0, 4, -9, 0, 0, 0, -12, 2, 5, 8, 5, 0, -10, 0, -3, 4, 0, 0, 6, -12, -3, 4, 7, 6, -4, 0, 0, -2, 2, 0, 0, -21, -18, -2, -1, -17, -8, 14, 6, 0, 12, 12, 0, 0, 5, 6, 11, 3, 2, -13, -8, -2, 0, 1, 2, 0, 0, -6, 9, 14, -2, 19, -3, 2, -4, 0, 6, 8, 0, 0, 7, 13, 4, -29, -3, -14, -4, -10, 0, -13, -4, 0, 0, 0, 22, -5, -9, 8, -14, 9, 10, 0, -6, -22, 0, 0, -18, 2, -3, 6, 2, 0, 16, -21, 0]
[0, 0, 0, 0, 0, 0, 0, 0, 1, 0, 0, -1, 0, 0, 1, -1, -1, -1, 1, 0, 1, 1, 4, 0, 0, 1, 0, 0, 0, 2, -1, 0, 0, -1, -2, 3, 0, 0, -1, -2, 3, 0, 9, 2, 0, -3, 4, 5, 11, -4, -2, -12, -1, 8, 5, 15, -6, -10, 0, 5, 10, 9, -3, -5, -11, 2, 18, 0, 17, -20, 0, 0, 12, 18, 24, -20, 8, -11, 15, 19, 0, -3, -22, 0, 9, 10, 0, 6, -9, 27, 7, 11, 20, -26, 22, -5, 18, 0, 2, -17, 29, -25, 27, -18, 13, 8, 0, 35, 10, 0, 0, -9, 18, 40, -8, 20, -32, -40, 50, 0, 76, -23, 0, -46, 12, 42, 72, -29, 17, -73, 14, 63, 34, 64, -41, -50, 0, 57, 54, 64, -41, -10, -38, 7, 95, 0, 54, -107, 0, 0, 76, 42, 52, -102, 32, -23, 63, 88, 0, 6, -58, 0, 51, 54, 9, 11, -56, 47, -22, 29, 88, -94, 78, -47, 54, 0, 23, -25, 88, -22, 116, -32, 25, 27, 0, 127, -16, 0, 0, -60, 4, 125, -7, 74, -70, -49, 100, 0, 192, -25, 0, -126, 54, 88, 192, -69, 46, -188, 7, 165, 97]
[0, 0, 0, 0, 0, 0, 1, 1, -1, -1, -1, -1, -2, -1, 1, 1, -1, -1, 2, 0, -2, 0, 0, 0, -1, -2, -2, -1, -1, -1, -2, -2, 0, -2, -1, 1, 2, -1, -1, -1, 2, -3, -9, -19, -13, -11, -10, -8, -7, -17, 1, 18, 22, 13, 15, -1, -3, 8, 2, -25, -38, -37, -36, -14, -7, -17, -10, 2, 17, 25, 37, 18, -18, -48, -10, 8, -12, -44, -43, -35, 8, 29, 2, 7, 13, -27, -19, 24, 5, -45, -67, -64, -18, 30, -7, -62, -29, 8, -1, 34, 50, -13, -66, -68, 3, 34, 6, -87, -102, -51, 12, -25, -35, -42, -47, -64, 25, 91, 44, -17, -54, -25, 94, 79, -86, -127, -53, -77, -61, 11, -39, -92, -68, -68, 19, 104, 7, -147, -83, 1, 43, 13, 31, -26, -32, -12, 38, 21, -5, -129, -182, -109, 11, -54, -136, -110, -106, -72, 82, 108, -13, -68, -53, -118, -35, 74, -66, -169, -46, -67, -3, 138, 51, -143, -49, -38, -61, -81, -92, -226, -196, -150, -56, 59, 134, -45, -100, -18, 184, 87, -60, -92, -135, -244, -76, -22, -29, -36, -179, -299, 44, 253, -96, -282, -123, -101, -150, 13, -2, -86, -50]
[0, 0, 0, 0, 0, 1, 0, 0, 0, -1, 0, 0, 0, -2, 0, -1, -2, 1, 1, 2, 0, 0, 3, 1, 0, -1, 0, 2, 1, -1, 1, 2, -4, 0, 0, -2, -1, 0, -1, 1, 0, 0, 1, -4, -4, -2, 0, 0, 2, 1, 0, 0, 3, 1, 4, 7, 0, -4, 0, 0, 0, -10, -7, 0, 2, 3, -5, 0, 7, 1, -5, 15, 0, 0, 5, 2, 0, 1, -3, -5, 3, -4, 6, 0, 3, 0, 0, 1, -1, 0, -2, 6, 1, -4, -7, -8, 0, -14, 0, 0, 5, 12, 0, 1, -7, -3, -10, -12, -10, 5, -12, 0, 0, 2, 3, 0, 9, 5, 12, -15, 5, 12, 14, 8, 0, 0, 1, -1, 0, 7, -4, -10, -2, 2, 6, 13, 5, 0, 0, 16, 8, 0, 3, -7, 11, 8, -7, 2, -17, -18, 0, 0, -11, -6, 0, -10, -8, 6, 12, 1, -4, -6, -14, 0, 0, -7, -11, 0, -1, -12, -2, 4, -2, 5, -2, 8, 0, 0, -18, -38, 0, -9, 22, 4, 22, 27, 13, 18, 33, 0, 0, 7, -2, 0, -22, -4, -17, 35, -8, -31, -13, 4, 0, 0, -6, 16, 0, -12, -4, 24, -3]
[0, 0, 0, 0, 0, 0, 1, 1, -1, -2, 0, -1, -1, -2, 1, 1, 1, 0, 0, -2, 0, -1, 1, 0, -3, -1, 0, -4, -3, 0, 2, -1, -1, 0, 0, 0, 1, 2, -2, 0, -1, -10, -26, 3, -5, -4, -10, 5, -27, 2, 6, 12, -23, -2, -8, 37, 8, 11, -35, 7, 12, 53, -20, -35, -71, -35, -73, -6, -8, 3, -54, 10, 36, 89, 50, 49, -12, 11, 52, 57, -86, -168, -147, -76, -16, 54, -26, -149, -54, 105, 177, 98, 50, -14, 44, 47, 10, -81, -117, -170, -53, -51, -15, -48, -106, -230, -55, 173, 220, 40, -53, -53, 21, 128, 160, 56, -158, -75, 9, -40, -172, -94, -227, -86, 61, 142, -244, -111, -20, 106, -46, 208, 112, 186, -106, 0, -116, 149, 21, 107, -242, -198, -262, -53, -369, -100, -25, 108, -136, 104, 81, 169, 29, 294, 80, 5, 4, 206, -295, -557, -380, -92, -7, 260, -54, -558, -291, 301, 360, 65, 69, -68, -23, -85, 78, -133, -155, -213, 227, 57, 47, -84, -151, -595, -256, 282, 490, -72, -363, -478, -202, 295, 570, 261, -465, -119, 180, -84, -592, -27, -290, -104, 55, 388, -585, -281, -82, 379, -85, 413, 41]
[0, 0, 0, 0, 1, 0, -1, -1, 0, 0, -1, 2, 2, 0, -1, -1, 0, -2, 1, 0, 0, 0, 1, 3, -2, -3, -1, 0, 1, 0, 1, 3, 2, 0, 1, 1, -2, 1, -3, 1, 0, -1, 1, 0, -7, 4, 2, -6, 0, -1, 0, -6, -2, 2, 4, 1, 2, -3, -3, 4, 4, -4, 2, 2, 7, 9, -1, -2, 2, 2, -2, -2, -3, 2, -4, -3, -5, 6, -2, -1, 2, -3, -3, 7, -9, -6, 8, 1, 2, -10, 2, 4, 5, 0, -3, -7, 11, 10, -6, -1, 1, -8, 9, 13, -16, 3, -3, -8, -11, -10, -2, 3, -5, 4, 10, -4, 10, -12, 2, 1, -1, -4, 12, 8, 24, 8, -3, 7, 2, 5, 6, -10, -13, 0, 26, -11, -12, -2, -25, 14, -17, -9, -40, 2, 0, 6, 5, 19, 1, -13, 13, -13, 0, 21, 23, -19, 28, 4, -8, 7, 7, 12, 16, -20, 0, 0, 2, 4, -5, -20, -6, 4, 4, -5, -18, -1, -8, 13, -14, -11, -14, 11, 0, -4, 10, 14, -33, 8, 26, -16, 13, 2, -22, 8, -10, 4, -7, 12, 3, 3, -16, -30, -34, 8, 3, 14, 14, 15, 8, 3, 12]
[0, 0, 0, 0, 0, 0, -1, -1, 0, 2, 2, -1, 2, -1, 0, 0, 2, -1, -2, 0, 3, -1, -2, -2, 0, 1, 1, 3, 2, 0, -1, 0, -3, -2, -1, 3, -1, -1, 2, 0, 0, 12, 14, 9, 6, 5, -26, -8, 10, 13, -9, -18, -18, 13, 19, 28, -18, -2, 3, 13, 5, 18, -14, -19, -34, 7, 38, 20, -3, -25, -7, 15, 34, 41, 17, -37, -19, -17, 14, 24, -3, -20, -41, 21, 30, -21, -39, 20, -2, 12, 38, 25, 30, 5, 26, 14, 74, 23, -48, -67, -25, -38, 21, -7, -19, 27, 6, 83, 31, 73, 9, -45, -52, 91, 1, 7, -65, -41, 18, 48, 106, -36, -21, -18, -46, 27, 127, -47, -77, -108, -5, 98, 88, 111, -104, -10, 27, 65, 56, 115, -111, -56, -109, 37, 92, 57, -4, -135, 2, 114, 59, 25, 22, -120, -85, 6, 148, 126, 3, 29, -123, 117, 217, 47, -92, 19, -124, 61, 7, 55, 4, -51, -10, -47, 168, 121, -182, -116, 85, 35, 122, 16, -58, 56, -28, 213, 18, 136, -30, -200, -236, 193, 60, 59, -208, -24, 99, 135, 361, 17, 0, -102, -119, 72, 306, -148, -173, -260, -41, 292, 290]
[0, 0, 0, 0, 0, 0, 0, 0, 0, 0, 0, 1, -2, 0, 0, 1, 0, 1, -2, -1, 0, 2, -2, 1, 2, 0, -2, 0, -1, 0, 1, -1, -4, 1, 2, -2, 1, 5, -2, -1, -1, -1, -2, 3, -8, -8, 4, 6, -6, 6, 3, 12, -6, -1, -11, -3, -1, -3, -13, 11, 1, 0, 1, 8, 0, 4, -4, -7, -9, 6, -25, -11, 15, 15, -10, 10, 5, 17, -11, -1, -23, -3, -3, -10, -21, 21, 13, -2, -9, 22, -13, 12, -11, -14, -12, 13, -42, -17, 15, 35, -19, 18, 12, 24, -16, -6, -42, 1, -14, -10, -44, 33, 17, -1, -9, 37, -13, 27, -27, -25, -25, 24, -62, -20, 22, 43, -21, 30, 22, 24, -23, -8, -61, -5, -15, -23, -59, 53, 34, -5, -26, 73, -24, 19, -36, -41, -34, 48, -76, -25, 16, 70, -29, 24, 42, 29, -30, -10, -100, -5, -27, -23, -101, 80, 33, -6, -15, 89, -12, 23, -52, -50, -48, 58, -110, -48, 44, 81, -40, 52, 37, 51, -30, -16, -130, -25, -21, -48, -129, 125, 45, -7, -24, 117, -27, 8, -55, -57, -60, 78, -152, -53, 46, 136, -60, 54, 61, 66, -48, -17, -184]
[0, 0, 0, 0, 0, 0, 0, 0, 1, 0, 0, 0, -1, 1, 1, 0, -1, 0, 0, 1, 1, 1, 2, 1, 1, 3, 1, -1, 1, 2, 0, 3, 2, -2, -2, 1, 0, 5, 3, 0, 2, 5, 3, 9, 4, -1, 6, 5, -1, 6, 1, 0, 0, 7, 0, 12, 5, -2, 5, 10, 0, 9, 10, -5, 3, 12, 4, 13, 8, -7, 5, 13, 5, 21, 14, -2, 9, 18, 2, 18, 7, -14, 3, 20, 3, 17, 7, -3, 12, 37, 8, 33, 9, -7, 10, 32, 6, 29, 5, -17, 10, 23, 0, 30, 18, -10, 18, 36, 19, 38, 16, -9, 29, 39, 4, 29, 9, -20, 23, 47, 14, 39, 16, -15, 16, 55, 9, 51, 15, -20, 23, 55, 15, 59, 22, -22, 25, 74, 27, 59, 17, -5, 30, 50, 3, 59, 20, -31, 32, 77, 15, 64, 23, -27, 40, 78, 23, 78, 32, -24, 27, 85, 15, 86, 24, -28, 45, 70, 13, 84, 36, -38, 30, 89, 21, 90, 37, -37, 48, 132, 28, 111, 55, -23, 40, 102, 24, 106, 33, -58, 23, 118, 28, 109, 71, -28, 45, 117, 27, 147, 46, -39, 64, 134, 33, 111, 59, -55, 42, 148, 32]
[0, 0, 0, 0, 0, 0, 0, -1, 1, 0, 1, 0, -1, 0, -1, 1, 0, 1, -1, -1, 0, 1, 1, 1, -1, 0, -3, 0, 2, 0, 2, -1, -2, -2, 0, 1, 5, -4, 1, -3, 0, 4, 1, 3, -3, -4, 3, -1, 0, 4, -6, 6, -6, 2, 2, 1, -1, 1, -1, -3, -2, -4, 10, -8, 2, 1, -1, 2, 2, 0, -4, -1, 6, 7, -4, -1, -1, 2, -5, -1, 0, -3, 0, 3, 3, -5, -1, 1, 1, -3, -2, -1, 5, 1, -3, 7, -6, -2, 6, 7, 1, -12, 6, 5, 4, 3, -3, -8, -7, 11, 5, -6, -11, 4, 0, 1, -4, 12, 2, -9, -1, -10, -2, 4, 9, 5, -3, -15, 15, -9, 18, -10, -7, 0, -12, 11, 7, 0, -5, 14, -8, 13, -12, -7, 0, -5, 5, 9, -7, -2, -2, -1, 0, -24, 17, -1, 11, 4, -3, 7, -3, 13, 2, -10, -5, 0, 7, 9, -3, 5, -6, -7, 4, -5, -1, 9, 0, -9, -14, -14, 14, -11, 13, -4, -13, 14, -9, 9, 11, 10, -6, 2, 3, 8, -6, -4, -7, 0, 3, 25, -9, 2, -12, -1, 3, -28, 29, -3, -2, 3, -9]
[0, 0, 0, 0, 0, 0, 0, 0, -1, 0, 0, 1, 1, 0, 0, 1, 2, 0, 0, 0, -1, -2, -2, -1, 0, -2, 1, 3, 3, 1, -1, 0, 2, 1, 1, 0, -2, 0, 0, 3, 6, 5, 0, -7, 5, 7, -5, -8, -2, -4, 2, 0, 5, 4, 8, -3, 1, 14, 12, -8, -10, 0, -4, 4, 4, -1, 3, 9, 5, 8, 21, 10, -18, -24, 0, 3, -10, -12, -6, 1, 23, 24, 11, 13, 15, -17, -3, 21, 3, -33, -14, -10, 21, 41, 19, -20, 18, 15, -8, 4, 20, -8, -33, -18, 3, 31, 39, 1, -24, 21, 49, 0, -21, 9, -10, -34, 18, 40, 17, 16, -10, -20, 60, 70, -21, -57, 3, -26, -29, 25, 14, -13, 20, -5, 17, 84, 66, -75, -63, 16, 25, -17, 16, 3, -2, 36, 48, 35, 69, 23, -82, -66, 54, 36, -49, -42, -22, -2, 97, 90, 29, 36, 52, -78, -18, 94, 13, -80, -20, -16, 49, 137, 57, -50, 55, 57, -38, -2, 58, -81, -133, -65, 28, 84, 117, 5, -35, 57, 140, 14, -17, 10, -41, -115, 13, 76, 64, 57, -12, -100, 143, 181, -72, -133, -3, -48, -70, 62, 64, -8, 78]
[0, 0, 0, 1, 0, 0, -1, 0, 0, -2, 0, 0, 1, 0, 0, 2, 0, 0, -5, 0, 0, -4, 0, 0, 5, 0, 0, 3, 0, 0, -3, 0, 0, 1, 0, 0, -2, 0, 0, -2, 0, 0, -5, 0, 0, -11, 0, 0, -23, 0, 0, -6, 0, 0, 0, 0, 0, -3, 0, 0, -2, 0, 0, 9, 0, 0, 7, 0, 0, -2, 0, 0, -19, 0, 0, -10, 0, 0, -30, 0, 0, -16, 0, 0, -14, 0, 0, -2, 0, 0, -24, 0, 0, 1, 0, 0, -19, 0, 0, -30, 0, 0, -45, 0, 0, -34, 0, 0, -35, 0, 0, 4, 0, 0, -31, 0, 0, 3, 0, 0, -13, 0, 0, -7, 0, 0, -22, 0, 0, -16, 0, 0, -85, 0, 0, -9, 0, 0, -34, 0, 0, -38, 0, 0, -58, 0, 0, -14, 0, 0, -77, 0, 0, -24, 0, 0, -46, 0, 0, -50, 0, 0, -37, 0, 0, -10, 0, 0, -61, 0, 0, -44, 0, 0, -110, 0, 0, 3, 0, 0, -133, 0, 0, -110, 0, 0, -99, 0, 0, -61, 0, 0, -91, 0, 0, -27, 0, 0, -94, 0, 0, -57, 0, 0, 0, 0, 0, -38, 0, 0, -125]
[0, 0, 0, 0, 0, 0, 0, 1, -1, 1, 1, -2, 0, -3, 1, 0, 2, 1, 0, -3, 0, 3, 3, 1, -1, 0, 0, -1, -2, 0, 0, 1, 2, -1, -2, 1, 5, 0, 3, 0, -2, -10, 12, 13, -1, -12, -19, 3, 8, 12, 6, -30, -45, -2, 30, 75, 27, -5, -53, 5, 69, 102, -18, -73, -126, -63, 9, 10, -14, -80, -82, 43, 165, 173, 96, -16, -29, 36, 154, 113, -142, -228, -266, -119, 29, 89, -59, -153, -77, 195, 304, 205, 105, -73, 85, 125, 162, -118, -240, -280, -105, -84, 126, -67, -187, -236, -53, 338, 340, 139, -41, -77, 25, 260, 236, 85, -266, -179, 20, -17, 124, -160, -378, -276, 113, 259, 68, -187, -49, -143, -42, 406, 378, 372, -146, -111, -141, 262, 316, 228, -408, -283, -444, -89, -71, -105, -45, -228, -171, 308, 510, 289, 58, 18, 143, 81, 432, 416, -461, -657, -651, -63, 393, 462, -131, -622, -459, 545, 521, 167, 132, -387, -42, -97, 468, -119, -340, -353, 440, 202, 688, -87, -229, -606, -355, 578, 693, 19, -553, -794, -436, 592, 888, 448, -768, -230, 353, 6, 299, 65, -391, -593, 62, 685, 192, -464, -183, -207, -89, 829, 696]
[0, 0, 0, 0, 0, 0, 0, 1, -2, 1, 0, 0, 0, -1, 0, 2, 1, 1, -1, 0, -3, 1, -4, 3, 0, 1, -1, 2, 2, 3, 0, 1, -3, -3, -3, 0, 3, -1, -3, 1, 0, 12, 4, 1, -2, 5, -14, 2, -5, 2, -9, 6, -6, 6, 12, 0, -7, 17, 0, 0, -12, 15, -13, -2, -11, -2, 11, 22, -15, 13, -2, 21, 1, -13, -15, 9, -30, 3, -6, 20, -5, 21, -21, 29, 21, -2, -34, 28, -14, -15, -7, 18, -9, 47, -10, -1, 21, 33, -48, 7, -32, 7, -30, 2, -32, 36, -1, 42, -15, 62, 3, -6, -54, 39, -3, -13, -32, 56, -41, 50, -2, 21, -1, 77, -70, -28, 23, -5, -75, 27, -63, 39, 28, 47, -46, 99, 14, -24, -37, 47, -50, 18, -48, 61, 0, 61, -36, 36, -14, 84, -75, -15, -24, 15, -106, -1, 9, 56, 5, 97, -95, 119, 88, -25, -131, 100, -91, -12, -1, 66, -72, 137, -60, 13, 76, 122, -135, -6, -28, -17, -72, 15, -61, 107, -10, 39, -8, 152, 8, 41, -187, 99, -9, -25, -127, 80, -55, 147, 53, 13, -26, 196, -199, -10, 33, 11, -229, 65, -68, 93, 102]
[0, 0, -1, 0, 0, 1, -1, 0, -2, 2, 2, 2, 3, 1, -3, 3, -1, 3, -2, 2, -3, 2, 1, 0, -2, -1, 0, 0, -5, 6, 3, 2, 0, -3, -1, -2, 1, 0, 4, 2, -1, 26, 12, 6, 12, 22, -11, -1, -13, 30, -9, 12, 7, -8, 20, -15, -1, 28, -1, 7, -8, 31, -8, 1, -3, 10, 1, 1, -24, 31, -8, 44, 4, -5, -30, 18, -33, 29, -14, 45, 11, 16, 20, 35, 30, -1, -23, 27, 21, -19, 31, 62, -8, 100, -40, 41, 62, 48, -48, 19, -63, 57, -15, 66, -61, 30, 27, 59, 13, 108, 16, 6, -56, 40, 40, -3, 22, 69, -101, 90, -34, 65, 35, 117, -37, -5, -14, 65, -61, 96, -40, 50, 31, 58, 8, 137, 19, -8, -53, 27, -5, 36, -8, 85, -47, 115, -69, 159, 19, 170, -56, -4, -63, 153, -66, 107, 66, 82, 40, 87, 18, 165, 135, -21, -122, 92, 20, 25, 92, 56, -107, 238, -107, 149, 95, 250, -128, 34, -55, 144, -69, 168, 48, 115, 103, -10, 98, 247, 29, 71, -161, 115, 114, 24, -33, 188, -156, 279, 16, 161, -23, 251, -215, 43, -33, 123, -191, 245, -40, 27, 105]
[0, 1, 0, 0, 0, 0, 0, 0, -1, -1, 0, -1, 2, -1, -6, -1, -2, 2, 1, -1, 5, -2, -3, 3, -1, 1, -3, 5, -2, 4, 1, 2, 4, -4, 4, 0, 2, 0, 1, -1, 2, -11, -23, 1, -19, -14, -15, 10, -5, 8, -4, 3, 8, -47, 1, -24, 5, 2, -27, 42, 6, -13, -4, 15, 7, -10, -5, 4, 23, 20, -4, 38, -27, -3, -27, 15, 14, 20, 7, 12, -61, -28, 15, -47, -42, -19, 7, -32, 10, -35, 7, -6, -105, -10, -78, 16, -18, -40, 70, 6, -35, 47, 21, 32, -47, 4, -22, -2, -1, 3, -13, -30, -15, -51, 23, 50, 27, -1, -42, -20, -108, 63, -82, -55, -20, 31, -86, 49, 11, 62, -21, -160, -35, -73, 34, 1, -79, 101, -17, -84, 33, 23, 36, 14, -28, -56, 6, 76, -86, 13, -9, 20, -75, 69, -28, 58, -32, -6, -155, -113, 19, -94, -125, -33, 18, -95, 23, -12, 43, -12, -215, -50, -181, 99, -104, -103, 66, 37, -191, 56, 6, 93, -123, -71, -27, -133, 49, -5, -72, 3, 58, -170, 41, 112, 27, -33, -124, -21, -251, 85, -163, -65, 10, 57, -204, 143, 42, 132, -6, -242, -126]
