35 3 26 20 19
[1, 0, 0, 1, 0, 0, 0, -1, -1, 2, -4, -4, 1, -2, -1, -12, 8, -2, -1, 2, 9, -3, 9, 5, 2, 16, 6, 0, -5, -2, -9, 0, -4, 2, 9, -15, 0, -2, 9, -4, 1, -21, 10, -1, 1, -109, 20, -3, 21, -11, -87, 5, 1, 3, 13, 71, 22, 1, -7, 4, 144, -15, 33, 13, 19, -60, 32, 3, 21, -3, -18, -17, 3, -38, 22, -46, 50, -5, 41, -19, -276, 8, 19, -30, 67, -393, -8, 15, 31, -33, 256, -27, 4, 13, 6, 231, 46, -30, 63, -11, -119, -30, 80, -48, 38, -125, 68, -11, 99, 8, 85, 2, 33, -33, 73, -709, 2, 20, 69, -19, -438, -19, 81, -11, 69, 427, 115, -56, 41, 26, 635, -19, 62, -91, 97, -286, 22, -58, 126, -84, -92, 33, 143, -45, 108, -295, 99, -12, 67, -13, -985, -44, 69, -4, 23, -1299, 151, -93, 82, 19, 652, -90, 213, -31, 82, 904, 113, -88, 153, -81, -361, 34, 73, -36, 239, -416, 97, 27, 149, -156, 365, -78, 173, 3, 169, -1840, 234, -98, 72, 41, -1185, -126, 201, -40, 172, 1111, 87, -79, 312, -84, 1304, 11, 204, -70, 201, -551, 222, -25, 139, -109, 43]
[0, 0, 0, 0, 0, 0, 1, 1, -1, -1, 0, -2, -1, 1, 0, 0, 0, 0, 2, 1, 0, 1, 0, 1, 0, 0, 1, -1, -2, 1, 0, 0, 0, -2, -2, -1, 1, 0, 0, 0, 0, -6, -5, 4, 5, 0, 8, 7, -4, 0, 0, 0, 0, -6, -5, 0, -3, 1, -3, 0, 2, -5, 5, 7, -4, 0, 0, -2, 9, 9, 4, -4, -1, 0, -2, 0, 9, 6, -3, -6, 0, -4, -15, 1, 1, -1, -1, 0, -4, 5, 0, -1, -4, -3, 0, -8, 7, -4, 0, 1, 0, 0, 6, -8, -5, -2, 3, 5, 0, 10, -1, 10, 8, -5, -6, 0, -18, 2, 13, -4, 4, 3, 0, 22, 12, 0, 8, 1, 13, 0, 4, 1, -16, -19, 11, 1, 0, 4, -14, -26, -8, 4, -7, 0, -14, 4, -32, -21, 8, 13, 0, 16, 25, -10, 1, -2, 2, 0, -2, -24, 1, -4, 13, 5, 0, 16, -5, 24, 5, -3, -4, 0, -18, 18, 23, 5, -3, -1, 0, -2, -2, 5, 7, -10, 0, 0, 12, -10, -15, 12, -8, -10, 0, -12, 2, -4, 7, -10, -18, 0, -10, 1, 15, 13, -14, 2, 0, -14, 1, 31, 3]
[0, 0, 0, 0, 0, 0, 0, -1, 2, -1, -1, 1, 1, 0, -1, 0, 0, 1, -1, -1, 0, 1, 0, 1, -1, 0, -1, 0, 1, -2, 0, 2, 0, 2, 0, 0, -2, 0, -1, 0, 0, 0, 6, -8, 5, 4, -4, -7, 0, 5, 0, 0, -3, 3, 5, 0, -5, -2, -3, 4, -1, 5, 0, -4, 8, 0, -6, 1, -9, 0, 0, 8, -1, 1, 1, 0, 0, -10, 6, -6, -2, 2, 15, 0, -6, 2, -1, -3, 2, -5, 0, 4, 8, -3, -1, 4, -7, 0, 1, -2, 0, -3, -3, 8, 0, 0, -6, 5, 8, -5, 1, 0, -5, 10, -6, -8, 9, -2, 0, -6, -8, 3, 14, -11, -12, 0, 13, -2, 13, -11, -2, -1, 0, 12, -22, 1, 16, -2, 14, 0, 0, -8, -7, -8, 7, -4, 0, 24, -16, 13, 5, -8, -25, 0, 14, 4, 2, 0, 1, 24, 0, -11, -26, 5, 6, -8, 5, 0, -8, 6, -4, 7, 9, -18, 0, 0, 6, -1, -14, 1, 2, 0, -4, 20, 0, 3, -6, 10, 0, -5, 16, -10, -11, 6, -2, 0, -23, 20, -18, 2, 5, -1, 0, -6, 28, 2, -7, 7, -1, 0, 1]
[0, 0, 0, 0, 0, 0, 0, -1, 1, 1, 0, 0, 1, -1, 0, 0, 1, 1, 0, -1, 1, 0, 1, 1, 1, 0, 1, 0, 0, 0, 3, 0, 1, 2, 2, 0, 3, 3, 3, 1, 2, 1, 7, -3, 1, 3, 2, -3, 9, 1, 5, 1, 0, 3, 11, -2, 5, 1, 4, 2, 7, 2, 8, 5, 10, -2, 13, 2, 3, 1, 10, -2, 5, -1, 10, 5, 12, -1, 18, -1, 9, 9, 19, -5, 18, 1, 11, 9, 15, -4, 25, 2, 17, 6, 13, 3, 18, 2, 21, 1, 15, -8, 29, 4, 21, 9, 25, -2, 27, 3, 22, 1, 15, 2, 36, -3, 22, 11, 26, 0, 31, 4, 36, 1, 18, 0, 46, -1, 22, 15, 33, 2, 39, -7, 28, 20, 30, -9, 59, 6, 29, 17, 46, 8, 48, -3, 46, 28, 30, 6, 65, -8, 23, 24, 39, -3, 57, -17, 49, 33, 34, -5, 66, 8, 47, 14, 54, -8, 65, 9, 55, 45, 47, -13, 82, -5, 41, 34, 50, -7, 80, -4, 61, 34, 49, 1, 94, 0, 48, 22, 78, 2, 88, 7, 76, 30, 35, 3, 119, -17, 60, 28, 85, 3, 107, 0, 74, 46, 63, -26, 125]
[0, 0, 0, 0, 1, 0, 0, 0, -1, 0, 0, -1, -2, -1, 1, 1, 0, -1, -1, 4, 1, -1, 4, 0, 1, 0, 0, 3, -1, -4, 0, 1, -2, 0, -3, 0, -2, 0, 1, -1, -2, -1, -1, 0, 0, -1, 6, -2, 2, -3, 0, 0, 1, 7, -6, -2, 6, -1, 0, -1, -2, 2, -3, 7, 1, 0, -6, 1, 10, 3, -1, 7, 0, -3, -5, 0, 2, 0, 5, 0, 2, -11, 10, -1, 0, -5, 0, 3, -12, -10, 0, -10, -16, 0, -2, 5, -4, -6, -15, 17, 0, 14, 11, -24, 8, 3, -6, 0, 6, 5, 14, 4, 9, -3, 0, 1, 7, 16, 5, 6, 0, 0, -4, 3, 14, 0, -3, -5, 0, -2, -1, -2, -8, 9, 7, 0, -11, -8, -12, 2, -3, -7, 0, -16, 10, -6, -13, -9, 6, 0, 0, -9, -26, -10, 3, 5, 0, 6, -7, 6, 0, 18, 11, 0, 0, 0, -2, 10, 5, -21, 0, -11, -3, 44, -7, 5, 21, 0, 16, -8, -18, 10, -5, -10, 0, -7, 13, -8, 7, -11, 2, 0, -3, 20, -16, 1, 0, 28, 0, 16, -5, 22, 29, -15, -33, 0, 24, -15, 14, -23, -5]
[0, 0, 0, 0, 0, 0, 0, 1, -1, 0, 0, 0, -1, 1, -1, 1, 0, -2, 0, 2, -1, -1, 4, 1, 2, 0, 0, -3, -2, -4, -1, 2, 0, 0, 3, 2, -2, -2, 2, 0, -1, 1, 3, 0, 1, -2, 0, -1, -2, -3, 0, 1, 2, 0, -3, 2, 4, -1, -3, -2, 0, 1, 3, 5, 1, 4, -12, 0, 5, -3, -4, 7, 5, -6, 0, 0, -2, -10, 5, 1, 4, 0, 5, 1, 9, -5, -4, 6, 0, -5, 0, -5, -16, -1, -4, 0, -2, 6, -6, 17, -5, 28, 0, -12, -8, -1, -6, -5, 12, 0, 7, -4, -2, -3, -7, 2, 0, 8, -5, 9, 0, 3, -8, 0, 7, 0, -1, -5, 13, -4, 0, -1, 8, 15, 7, -2, -22, 0, -6, -2, 0, -7, 11, -32, 0, -3, 13, -1, 6, -9, 0, 0, -13, 10, -7, 5, 9, 12, 0, 3, 0, 4, 11, -9, 0, 0, -1, -10, -13, -21, 13, -22, 0, 22, 7, 5, 21, 1, 32, 0, -9, -10, 11, -10, 23, -14, 0, -4, -7, -21, 2, -20, -6, 0, -8, -1, 13, 28, -30, 32, 0, 11, -29, -11, -33, -9, 48, 0, 7, 23, 4]
[0, 0, 0, 0, 0, 0, 0, 0, 0, -1, 0, 0, 1, 0, 1, -1, -1, -1, 0, 0, 0, 1, -1, -2, 0, -5, 1, 0, 2, -1, 4, -1, 0, 1, 0, -8, -2, -4, -1, -1, -1, 0, 3, -3, 2, -6, -1, -5, 0, -4, 2, -1, 4, -2, 2, -21, -2, 1, 4, -5, 10, -5, -1, -9, -1, -28, 1, -5, -4, -3, 8, 3, 10, -3, 1, -28, -4, -15, 6, -7, -1, -3, 3, -7, 2, -49, 8, -13, 1, -15, 41, -14, -1, -6, 10, -61, -1, -10, 2, 1, -9, -9, 8, -14, -2, -45, -5, -13, 9, -14, 18, -7, 3, -10, 12, -91, 2, -7, 1, -20, 41, -24, 1, -15, 1, -127, 16, -20, 1, -19, 28, -12, 10, -10, -3, -64, 7, -26, 21, -18, 3, -18, -5, -37, 11, -147, 8, -3, -16, -33, 91, -31, -7, -12, 14, -160, 8, -7, 8, -1, 0, -25, 18, -40, -12, -115, 8, -31, 11, -49, 51, -38, 1, -34, 22, -245, 10, -30, 13, -37, 109, -41, 9, -12, -10, -235, 26, -37, 2, -15, 53, -43, 9, -42, 12, -145, 7, -48, 25, -32, -41, -29, 6, -48, 31, -294, 10, -20, 2, -56, 214]
[0, 0, 0, 0, 0, 0, 0, 1, 1, -3, -1, 1, -1, 2, -1, 1, 2, 1, -1, 1, -2, -3, -3, 2, -1, 0, 1, 6, 2, -2, 1, 2, -4, 0, 2, -3, 6, -5, -1, -4, 2, -18, 5, -5, 11, 4, 8, 1, -7, 13, 0, 4, -3, 3, -9, -1, -9, -3, -9, 4, 7, 1, 7, -6, -2, 1, -6, 1, 0, 10, 1, 2, -1, 1, 9, -5, 12, 0, 5, -12, -2, -10, 0, 8, -20, 1, -11, -3, -8, 17, 5, 10, 10, 2, -1, -14, 7, -20, 8, 14, 0, -3, -5, -5, -10, 10, -12, 23, 8, -17, 1, 42, -15, -1, -16, -8, -23, -7, 11, -4, -9, 1, 14, 21, 0, 0, 41, 12, 20, -11, 0, -29, -32, -10, -14, -11, 16, 42, 17, -52, -9, -26, -8, -8, 43, 11, -16, -18, 5, 33, 5, 32, 19, -32, 0, 2, 4, 0, -25, -22, 11, -21, -13, 10, 6, 8, -5, 18, 16, 10, -6, 7, -3, -15, 24, 10, -2, -12, -14, -43, -17, 16, 8, 1, 22, 3, -22, 8, 0, 25, 5, -34, -11, 14, 8, 4, -9, 7, -23, 2, -5, 51, 18, -13, 8, 18, -7, -69, -17, 68, -5]
[0, 0, 0, 1, 0, 0, 0, 0, 0, -2, 0, -1, 0, 1, -1, -1, 5, -1, 1, 0, -1, 1, 4, 2, -2, 0, 2, 6, 1, 2, 5, 2, -1, 0, 4, 0, -3, -7, 2, -1, 2, -17, -1, 2, 8, 6, 12, 4, 2, 4, 5, 9, 3, 0, 6, -3, 4, 4, -5, 12, 12, -3, 15, -2, 12, 0, 17, 1, 12, 11, 11, -4, 6, -15, 13, 5, 24, 12, 13, -7, 3, 1, 4, 3, 18, 0, -8, 2, 8, 1, 30, 2, 7, 19, 0, -10, 25, -18, 36, -13, 15, -17, 31, -4, 11, 12, 37, 29, 56, 2, 21, 43, 22, 3, 22, -1, -3, 13, 37, -6, 40, -3, 47, 28, 30, 0, 51, -13, 23, 24, 36, 3, 7, -16, 42, -5, 28, 15, 45, -46, 13, 43, 51, 3, 59, 1, 30, -4, 25, 33, 60, 20, 48, -8, 17, -5, 59, -2, 35, 9, 45, -34, 79, 13, 29, 30, 49, 10, 60, -1, 55, 22, 32, 5, 106, 5, 43, 13, 57, -30, 78, 12, 82, 33, 93, 12, 92, -10, 48, 99, 73, -36, 69, 5, 78, 34, 68, -4, 127, 21, 50, 29, 103, 5, 99, 30, 85, 1, 64, 42, 135]
[0, 0, 0, 0, 0, 0, 1, -2, 2, -1, -1, -2, 2, -2, 0, -1, 0, 0, 2, -5, 1, 1, 0, -2, 0, 0, 1, -4, -2, -5, 1, -6, 0, -2, -2, -2, 1, -6, 0, -6, -2, -12, 10, -20, 5, 4, 2, -20, 8, -12, 3, -12, -6, -18, 19, -7, -9, -14, 0, -18, -1, -23, 8, -14, 8, -9, 18, -32, -6, -15, 6, -34, 8, -36, 4, 3, 9, -48, 30, -54, -5, -22, 18, -56, 19, -7, 11, -36, 2, -67, 5, -55, 8, -42, 12, -8, 19, -64, 18, -53, 9, -90, 54, -68, 1, -15, 21, -76, 42, -74, -3, -56, 2, -80, 54, -28, -6, -52, 28, -112, 0, -99, 42, -68, -6, -3, 92, -116, 10, -78, 4, -107, 32, -136, 5, -9, 18, -152, 94, -140, -9, -80, 20, -138, 52, -33, 10, -66, -22, -131, 39, -170, -26, -88, 37, -35, 68, -186, 46, -78, -11, -196, 106, -172, 0, -28, 37, -180, 74, -189, -10, -84, -12, -234, 155, -10, -9, -124, 18, -224, 22, -235, 46, -112, -24, -38, 168, -250, -24, -132, 16, -262, 96, -264, 68, -40, -41, -268, 174, -300, 26, -185, 84, -272, 154, -55, 36, -134, -8, -341, 28]
[0, 0, 0, 0, 0, 0, 0, 1, -1, -1, 1, 0, -1, 1, 0, 1, -1, -1, 0, 1, 2, 0, -1, -1, -1, -1, -1, 0, 0, 0, 10, 0, -1, -2, -2, 0, -3, -3, -3, -1, 10, -1, -7, 3, -1, 7, -2, 3, -9, -1, 17, -1, 0, -3, -11, 1, -5, -1, -4, -2, 35, -2, -8, -5, -10, 2, -13, -2, -3, -1, 39, 2, -5, 1, -10, 11, -12, 1, -18, 1, 40, -9, -19, 5, -18, 0, -11, -9, -15, 4, 95, -2, -17, -6, -13, -4, -18, -2, -21, -1, 48, 8, -29, -4, -21, 40, -25, 2, -27, -3, 95, -1, -15, -2, -36, 4, -22, -11, -26, 0, 138, -4, -36, -1, -18, -26, -46, 1, -22, -15, 135, -2, -39, 7, -28, 70, -30, 9, -59, -6, 118, -17, -46, -8, -48, 3, -46, -28, -30, -6, 234, 8, -23, -24, -39, 4, -57, 17, -49, -33, 161, 5, -66, -8, -47, 97, -54, 8, -65, -9, 238, -45, -47, 13, -82, -44, -41, -34, -50, 7, 310, 4, -61, -34, -49, 0, -94, 0, -48, -22, 280, -2, -88, -7, -76, 138, -35, -3, -119, 17, 191, -28, -85, -3, -107, 0, -74, -46, -63, 26, 512]
[0, 0, 0, 0, 0, -1, -1, -1, 2, 2, 0, 4, -3, 0, -4, 0, 1, 2, 1, -6, -1, -3, 3, 1, -1, 0, -8, 1, -3, -1, -2, 0, 3, -6, 0, 0, 4, 3, 0, 1, 1, 5, -6, -5, -10, -3, -14, -1, -5, 11, -5, -3, -15, -4, 6, 2, -4, -16, -8, 4, -8, 15, -13, 2, 6, -1, -7, -11, -3, -10, -13, -26, -21, -8, -6, -5, -21, 17, -17, 5, -8, -11, 11, 4, -25, 2, -22, 12, -19, 17, -25, 23, -1, -4, -37, 3, -7, 2, -24, -42, -15, -10, -36, 28, -16, 2, 4, -4, -33, -39, -27, -11, -34, -7, -34, 0, 8, -25, -39, 4, -37, 7, -18, -2, -54, 0, -66, 2, -38, 3, -41, -39, -23, 20, -31, -16, -42, 19, -63, 20, -35, -5, -20, 34, -20, 2, -14, -29, 6, -1, -65, -6, -57, -14, -48, -15, -53, -55, -30, -57, -35, -17, -89, 8, -11, -22, -55, -16, -78, 66, -53, 27, -30, -53, -105, -10, -82, -14, -80, 53, -78, -1, -80, -44, -37, 3, -96, -8, -33, -54, -36, 10, -67, -33, -84, -26, -66, 27, -87, -37, -45, -41, -100, -36, -105, 7, -86, -7, -85, -5, -115]
[0, 0, 0, 0, 0, 0, 1, 2, -1, -4, 0, 0, 0, 3, 2, 0, -3, -2, 5, 0, 0, 5, -1, -4, 1, 0, 2, 2, 5, 1, 1, 0, 5, 0, 0, 0, 0, -9, 0, 3, 2, 1, 1, 3, 14, 3, 6, 4, -7, 1, 5, 5, 15, -10, 6, 4, -6, 9, 15, -4, 10, -3, 4, -7, 0, 4, 7, -11, 12, 16, 12, 10, 38, 8, 10, 5, -3, -9, 16, -3, 8, -1, 4, 11, 7, -1, 34, -12, 3, 1, 16, -5, 7, 5, 37, -7, 25, -2, 12, 22, 15, 10, 34, -4, -2, 4, 12, 5, 33, -13, 21, 35, 36, 2, 38, 0, 16, 13, 30, -16, 36, -21, 18, 44, 30, -5, 54, -1, 41, -3, 33, 3, 35, 25, 35, 11, 42, 9, 45, -14, 26, 13, 1, -34, 48, 1, 20, 12, 16, -17, 65, 10, 48, 20, 80, 5, 47, 55, 64, 9, 47, 7, 84, -29, 11, 38, 49, 34, 59, -30, 55, -27, 28, 5, 105, 5, 60, -5, 80, 35, 78, -5, 71, 34, 25, -3, 116, -10, 54, 68, 53, -12, 67, -43, 78, 32, 108, -17, 73, 37, 55, 29, 67, -7, 99, -16, 86, 57, 64, 41, 126]
[0, 0, -1, 0, -1, 0, 0, 0, 0, 3, 0, 1, 2, 2, 3, -1, -3, 1, 1, -7, -2, -1, -5, -9, -6, 0, 1, -1, -7, 4, 2, 1, 2, 6, -7, 5, -1, 0, 4, -4, -5, 4, -2, 3, 13, -7, -6, 1, 5, 12, -5, -11, -5, -2, -15, -6, -19, 0, -21, -11, -10, 4, -15, -21, -11, 7, 1, -8, -4, -16, -9, -5, -15, 13, -11, -5, -2, -14, -23, 27, -11, 8, -15, 8, 2, 4, -9, 1, -2, -2, -15, 16, -1, -11, -23, -3, -24, 40, -10, -18, -15, -18, -23, 16, -41, -7, -19, -3, -45, -10, -36, -41, -10, 1, -38, 7, -49, -36, -57, -18, -31, -12, -36, -25, -14, 0, -67, 6, -12, 11, -27, 18, -75, 3, -35, -25, -7, 1, -53, 52, -36, -10, -29, 1, -26, 14, 27, -29, -36, -58, -65, 43, -5, -2, -70, -2, -33, -14, -29, -5, -34, 47, -77, 31, -11, -24, -94, -8, -24, 12, -65, -56, -69, -64, -63, -5, -62, -11, -78, 17, -57, -110, -19, -24, -127, 6, -133, -6, -91, -85, -80, 32, -82, -23, -20, -31, -73, -31, -64, 5, -55, -40, -100, 28, -74, -30, -112, 9, -91, 37, -145]
[0, 0, -1, 1, -1, 1, 0, -2, 0, 4, -1, -4, 5, 1, 1, -4, 5, 2, -9, 2, 0, -2, 0, -2, -9, -4, 6, -8, 1, 0, 3, 6, 4, 2, -1, 0, 4, -3, 3, -4, -2, -57, 6, 1, 23, -19, 57, -10, 69, -28, -14, -27, 9, -61, 26, -4, 9, -3, -1, -18, -38, -64, 15, -2, 5, 2, 106, 13, 7, -21, -28, -37, -28, -74, 32, -3, 18, -15, 49, -47, -54, 69, -20, 22, 91, -1, -19, 7, -37, -44, -16, -63, 49, -1, -2, -52, 51, -92, 108, -69, -24, -101, 140, -46, 28, -30, 66, -35, 31, -1, -70, -120, 16, -87, 125, -32, 43, -61, 151, -147, -90, -118, 133, -153, 29, 28, 153, -151, 94, 41, -111, -103, 64, -222, 125, -67, 126, -114, 226, -168, -108, 25, 97, -141, 122, -32, 57, -72, 28, -174, -145, -56, 178, -24, 125, -35, 217, -259, 12, -31, -98, -222, 304, -105, 133, -117, 166, -321, 281, -199, -218, -50, 83, -153, 283, 39, -9, 27, 67, -340, -190, -292, 220, -87, 122, -45, 346, -294, 79, -66, -239, -270, 323, -214, 144, -133, 9, -370, 543, -278, -125, -130, 362, -300, 387, -7, 145, -185, 120, -187, -382]
[0, 0, -1, 0, -1, 0, 0, 0, 2, 2, -1, 2, 1, 2, -2, -1, -3, 3, 0, 0, -2, 2, -4, -8, -11, 0, -4, -2, 2, -2, 2, 5, 1, -8, -3, 0, -1, 0, 11, 0, 5, 2, 1, 3, 18, -8, -12, 2, -3, 3, -10, -11, -12, -7, 10, -1, -14, -7, -24, -17, -6, -7, -10, -8, -9, 7, 3, -2, -31, -10, -14, 9, -16, 23, -4, -5, -8, -15, -16, 21, -13, 4, -28, 7, -26, 11, -10, 11, -1, 25, -20, 16, 26, -14, -36, -4, -11, 22, -12, -30, -15, -33, -43, 32, -35, -2, -41, 2, -49, -13, -35, -23, -6, 6, -44, 4, -20, -20, -44, -12, -44, -9, -26, -15, -62, 0, -54, -24, 1, 24, -34, -19, -53, -4, -29, -24, 21, 15, -27, 22, -31, 16, -36, -14, -51, 0, -3, -34, -53, -45, -60, 9, -14, -8, 4, 12, -31, -39, -41, -49, -34, 26, -83, 36, 31, -22, -5, -5, -51, 24, -69, -71, -35, -16, -69, -5, -132, -12, -104, 16, -65, -58, -46, -36, -127, 9, -113, 32, -73, -46, -69, 22, -90, -21, -102, -31, -134, -44, -82, 11, -50, -61, -107, -17, -16, -28, -133, -24, -64, 43, -114]
[0, 0, 0, -1, 0, 0, 2, 3, -1, -4, -1, 0, -1, 5, 3, 0, -4, 0, 5, -1, 3, 2, -11, 1, 2, 0, 0, 7, 5, -9, 5, 0, 4, -7, 8, -3, 0, 6, -3, 2, -7, 12, 11, -17, 33, 1, 14, -15, 10, 7, -15, 22, 9, -7, -21, 28, -15, -22, 35, -12, 21, -33, 38, -2, -41, 38, -16, -9, -19, 63, 14, -23, 70, 24, 24, -45, 46, -23, -29, 40, 3, 2, -36, 66, -8, -59, 89, -17, 13, -53, 86, -1, -45, 62, 36, -13, -29, 74, 5, -27, 75, 24, 62, -99, 76, 5, -105, 90, -15, -16, -50, 147, 25, -105, 110, -7, 22, -99, 148, -15, -97, 104, -15, 61, -59, 120, 93, -107, 169, -38, 67, -154, 168, 11, -127, 170, 30, 22, -45, 128, 34, -214, 105, -45, 114, -160, 174, 14, -140, 167, 10, 22, -83, 226, 96, -181, 193, 57, 100, -200, 242, 26, -153, 188, -12, 60, -122, 271, 83, -257, 224, -42, 69, -244, 384, 10, -170, 254, 9, 6, -126, 255, 64, -268, 209, -12, 202, -279, 307, 30, -241, 281, -13, -32, -140, 365, 80, -324, 255, 18, 110, -247, 399, -14, -241, 307, -6, 65, -212, 406, 116]
[0, 0, 0, 0, 0, 0, 0, 1, 1, -4, 0, 1, 0, 1, 1, 2, -3, 1, -1, 0, -3, 4, 1, -4, 4, -5, -2, -3, 6, 5, 1, 9, -5, 0, -8, 0, 4, -9, 9, -12, -2, -10, 3, 11, 14, 21, -21, -4, -24, 4, 15, 5, 29, -26, -6, -20, -10, 30, 15, 25, -29, 3, -30, -16, 25, 4, 28, -44, -12, -31, 0, 59, 38, 53, -42, -5, -52, -18, 41, -3, 47, -64, -4, -44, -17, 59, 34, 49, -66, -1, -54, -3, 53, 5, 90, -72, -25, -78, -9, 95, 15, 92, -92, 4, -80, 0, 49, 5, 104, -118, -21, -77, 9, 113, 38, 102, -87, -13, -88, -12, 81, -21, 115, -121, -30, -130, 11, 129, 41, 125, -139, -3, -98, 44, 91, 11, 165, -139, -45, -156, 0, 146, 1, 123, -156, -1, -134, 17, 106, -17, 200, -185, -48, -186, 50, 205, 47, 252, -188, -9, -148, 7, 137, -29, 181, -237, -49, -203, -6, 205, 55, 210, -219, -5, -174, 0, 210, -5, 265, -223, -78, -265, -4, 290, 25, 273, -294, 10, -199, 17, 217, -12, 282, -323, -78, -301, 31, 318, 73, 357, -300, -29, -265, -16, 269, -16, 341, -363, -64, -324, 1]
[0, 1, -1, -1, 0, -1, 0, -3, 4, 5, -2, 3, 2, -5, -1, 0, -8, 1, 17, -6, -5, -6, 5, -14, -6, 5, 7, 5, 1, -8, -2, 3, -6, -1, -2, -4, 3, 1, -3, 6, -4, 75, 18, -21, -8, -35, -85, 17, -51, 32, 1, -19, -29, 140, 39, -62, -46, -10, -65, -27, 55, 114, -8, 42, 23, -85, -70, -5, -17, -18, 16, 52, -36, -3, 8, -14, 35, -80, -12, 27, -40, -50, 113, -93, -53, -97, -37, -22, 210, 56, -13, 17, 42, -95, -88, 44, 74, 158, -18, 53, -122, -4, -64, 76, -41, -76, -17, -96, -133, 58, 66, 46, 19, 58, -200, -275, -31, 246, -230, 119, 47, -29, -136, 278, 125, -251, -162, 59, -161, -107, 167, 256, -104, 245, -98, -297, -129, 139, 35, 230, 11, 16, -148, -117, 84, -95, 118, 12, -13, -134, -37, 109, -113, 18, -147, -291, -274, -108, 304, 237, -130, 212, -132, -71, -133, 1, 163, 256, -138, 204, -163, -202, 114, 203, -182, -500, 31, -253, -286, 499, 356, 42, -32, 93, -457, -721, -70, 629, -183, -15, 162, -63, -377, 461, 390, -340, -159, 313, -616, -117, 107, 410, -401, 246, -54, -965, -355, 633, 304, -27, 308]
[0, 0, 1, -1, 0, -1, -2, 0, 4, -1, 3, 6, -3, -5, -11, 7, -3, 2, -1, 11, 0, -3, 1, 4, -3, -8, -5, -6, 0, 5, 22, -8, -11, 2, -6, 10, 7, -3, -8, 14, -18, 35, -15, 17, -68, 101, -68, 52, -104, 24, 15, -23, -57, 93, 13, 23, -4, 17, -87, 0, -52, 117, -58, 20, 19, 151, -147, 63, -7, -42, 27, 83, -132, 42, -29, -96, -76, 49, -37, -45, 238, -15, 48, -74, -158, 170, -172, -35, 65, 233, 17, 96, 38, -153, -133, -114, 22, 20, -140, 112, 303, 3, -253, 278, -147, 149, -32, -115, -182, 151, -235, -26, -110, 221, -459, 632, -27, 271, -362, 207, 44, -39, -258, 209, 49, 59, -299, 297, -398, -139, -315, 378, -351, 196, -53, 740, -280, 334, -88, 20, 180, 181, -455, 77, -256, -185, -408, 46, 79, -73, 696, 274, 66, -252, -255, 562, -729, 7, -119, 387, 132, 218, -291, -203, -289, -519, 149, 111, -519, 562, 988, -126, -17, 731, -956, 381, 45, -547, -464, 596, -730, 179, -446, 355, -674, 1623, -617, 1006, -544, 16, 298, -234, -727, 674, 68, 297, -313, 750, -1471, -6, -803, 753, -1031, 394, -202, 1634, -632, 325, 300, -36, 270]
