45 3 7 56 55
[1, 1, -2, 0, 0, 7, -5, -6, 0, 3, 6, -7, 9, -6, -1, 0, -8, 8, -16, 10, -9, 4, 1, 6, 2, -4, 5, -11, 16, 3, -9, 5, 13, 5, 3, 1, 5, -10, -5, 5, 11, -1, -3, 4, -1, -2, -5, -16, 7, -2, -10, 0, 3, 2, -6, 6, 1, 5, -6, -4, -4, -3, -4, -4, -494, -538, 1675, 522, 1314, -679, -3019, -4045, 1226, 3955, 4077, -3638, 314, -3143, -2161, 6344, 7460, -4020, -8228, -5696, 6927, 5251, 7339, 2357, -14919, -9747, 3954, 4785, 8899, -4764, -11328, -7771, 7910, 25395, 3173, -9752, -2381, -18460, -2732, 18456, 11844, 1365, -19430, 952, 10879, -8639, -465, -7235, -16350, 13402, -9134, 5212, 11183, -3030, 7962, 7051, 7148, 9126, -37753, 2909, 31318, -2753, 2353, -18031, -2382, 12132, -12746, 19084, -12495, -59592, -12424, 2041, 46933, 48293, -21586, -7548, -18357, 5061, 41587, -16714, 16409, -2170, -48387, 33618, 44296, -1657, -17930, -64884, 9895, -6732, -25604, 30058, -22692, -32000, 38612, -6032, 38367, 24054, -28139, 8870, -4306, 11855, 29778, -24305, 50852, 29684, -29357, 10518, -47058, -69551, -1547, -22508, 48275, -4880, -35949, 8905, -20384, 1929, 41728, -37652, 23135, 6988, 14642, 110671, 3433, 3875, 1056, -64846, 34086, 26036, -53930, 8018, -90504, -23461, 15867, -46424, 66256, -33320, -90004, 74423, -32892, -3362, 57299, 10134, 109114, 72909, -5388]
[0, 0, 0, 0, 0, 0, 0, 0, 0, 0, 0, 0, 0, 0, 0, 0, 0, 1, 0, 0, 0, 0, -1, 0, 0, 1, 0, 0, 0, 0, 0, 0, -1, 1, 1, 0, 0, 1, 0, 0, -1, 1, 1, 1, 0, 0, 0, 0, -1, 0, 0, 2, 2, 1, 0, 0, 0, 0, -1, 1, 2, 2, -4, 0, 0, 2, -1, 4, 1, 4, -2, 1, 0, 2, 1, 0, -1, 6, -1, -1, 1, 1, -3, 2, -1, 5, -3, 1, 0, 3, 1, 3, 3, 6, -2, 4, -3, -2, -2, 2, 3, 4, 0, 5, -1, 2, 0, 6, 3, 6, -5, 7, -2, 2, -7, 4, 1, 5, -3, 4, 1, 8, -2, 4, 2, 5, 1, 7, -1, 11, -4, 8, -3, 3, -3, 5, -2, 1, -4, 16, -5, 7, -1, 9, 3, 5, -1, 12, 1, 9, -13, -2, 8, 5, -6, 13, -1, 8, -2, 6, 3, 9, 0, 11, -6, 19, -4, -6, -4, 9, -4, 11, 4, 14, -6, 13, 5, 14, -2, 12, 1, 11, -6, 9, -6, 14, -5, 17, 1, 9, -10, 6, -6, 14, -6, 27, 5, 8, -4, 12, 6, 10, -5, 20, 9, 8, -11, 10, 1, 20, -16]
[0, 0, 0, 0, 0, 0, 0, 0, 0, 0, 0, 0, 0, 0, 0, 0, 0, 0, 1, 0, 0, 0, 0, 0, -2, 0, 1, 0, 0, 1, 0, 1, -1, 1, 1, -2, 1, -2, 1, 1, 0, -1, 0, 1, 2, 0, -1, 2, 0, 1, -2, 1, 1, 1, -1, 0, -1, -1, 1, 0, -1, 0, 0, 1, 7, 7, 4, -9, -10, -2, 4, 6, 6, 0, 4, -3, -12, -2, -9, 10, 8, 7, 19, 6, 0, -13, -28, 4, 4, 1, 15, -9, 8, -7, -12, 5, -6, 11, 21, -13, 15, 10, 5, 8, -16, 15, -2, -19, -14, -12, -7, 17, -15, 16, 20, 3, 2, -17, 22, 22, 11, 11, -5, -1, 9, -24, -26, -27, 3, -2, -22, 15, -2, 38, 40, 3, 26, 4, 7, -7, -48, 33, 14, -12, 43, -27, 11, -36, -83, -29, -24, 50, 83, 7, 57, 30, -32, 6, -62, 28, 24, -25, 31, 6, 0, 5, -112, -38, 21, 7, 82, 4, 64, 75, -2, 31, -23, -49, -11, -81, -51, 16, 20, 69, -38, 3, -12, -29, 3, 1, 54, 50, 69, 54, 23, 1, -19, -78, 10, -24, 21, -25, -27, 12, -84, 33, 58, -23, 11, 38, 26]
[0, 0, 0, 0, 0, 0, 0, 0, 0, 0, 0, 0, 0, 0, 0, 0, 1, 0, -1, 0, 0, -1, 1, 0, 1, 0, 0, 0, 0, 0, 1, -3, 1, 1, 0, 0, 1, 0, 0, -1, 1, -1, 1, 0, 0, 0, 1, 0, 1, -1, 2, 0, 0, 0, 0, -1, 1, 0, 0, 0, 1, -2, 1, 4, 2, -1, 4, -5, 0, -3, 3, 0, 0, 0, 2, -6, 13, -4, -1, 2, 2, -3, 1, 1, 5, -6, 7, -2, 3, 1, 1, -3, 1, -6, 6, -10, 6, 4, 3, 0, 7, -2, 3, 0, 4, -1, -2, -3, 0, -7, 10, -3, 8, 3, 6, -7, 5, 2, 6, -7, 16, -11, 7, -5, 0, -5, 4, -1, 4, -5, 15, -11, 6, -3, 5, 0, 7, 2, 17, -10, 23, -15, -1, -6, 9, -7, 4, -9, 9, -9, 10, 11, 13, -7, 15, -16, 7, 2, 5, -5, 8, -8, 6, -12, 19, -12, -2, 3, 25, -5, 14, 0, 14, -14, 11, -6, 14, -10, 3, -14, 11, -3, 11, -6, 22, -6, 21, -16, 18, -9, 8, 1, 27, -15, 23, -24, 11, -15, 14, -5, 11, -8, 17, -22, 18, 3, 20, -8, 24, -7, 13]
[0, 0, 0, 0, 0, 0, 0, 0, 0, 0, 0, 0, 1, 0, -1, 0, -1, -1, 0, 1, 1, 1, 0, 0, -1, -1, 1, -1, 2, 0, 0, 0, -1, 0, 0, 0, -1, 0, 1, 2, -3, 1, -1, 0, 2, -3, 1, 0, 0, 0, -1, 0, 1, 1, -2, 1, -1, 0, 1, 1, -1, 0, 0, -1, 6, 5, 4, -10, -10, -4, 2, 5, 5, -3, 5, -1, -13, -5, -8, 10, 3, 9, 18, 5, 0, -6, -37, 7, 5, -2, 20, -14, 12, -5, -13, 2, -4, 5, 19, -16, 12, 9, -7, 4, -15, 12, 2, -15, -7, -16, -12, 9, -16, 12, 15, 9, 2, -13, 16, 23, 4, 18, 0, -1, 10, -31, -24, -42, 0, -10, -27, 20, -7, 34, 41, 0, 20, 0, -2, -3, -54, 28, 20, -14, 47, -28, 6, -32, -83, -28, -27, 42, 83, 6, 55, 30, -34, 3, -63, 25, 27, -28, 29, 1, -7, 1, -124, -47, 16, 3, 87, -4, 66, 76, -10, 23, -22, -58, -12, -83, -52, 23, 14, 60, -51, 1, -18, -26, -1, -1, 44, 44, 67, 56, 7, 5, -20, -96, -1, -36, 25, -29, -32, 13, -77, 15, 46, -35, 13, 33, 22]
[0, 0, 0, 0, 0, 0, 0, 0, 0, 0, 0, 0, 0, 0, 0, 0, 0, 0, 0, 0, -1, 0, 0, 1, 0, 1, -1, 1, -2, 0, -1, 2, 1, 0, -1, 0, -1, -1, 1, 0, 1, -1, -1, -1, 0, 2, -1, 1, 0, 1, -2, 0, -1, 1, 0, 2, -1, -1, -1, 0, -3, 1, 0, 3, -2, 3, -1, 0, -4, -1, -3, 4, -2, 5, -1, 3, -6, -2, -3, 5, -4, 7, -2, -2, -2, 0, 2, 3, 0, 0, -7, 4, -5, -1, -1, 6, -5, 2, -3, 4, -11, 2, 2, 4, -3, 8, -5, 3, -11, 4, -4, 2, -1, 5, -2, 3, -7, -1, -4, 4, -3, 2, -11, 10, -11, 13, -14, 14, -6, 4, -8, 3, -7, 8, -6, 5, -11, 8, -4, -6, -7, 14, -3, 1, -15, 12, -4, 0, -8, 10, -4, 7, -17, 10, -6, 7, -8, 4, -8, 12, -13, 2, -8, 6, -14, -1, 0, 32, -17, 8, -17, 5, -17, 10, -6, 4, -20, 9, -17, 17, -7, 14, -16, 18, -7, 7, -18, 7, -15, 9, -2, 11, -12, 7, -20, -3, -17, 16, -12, 17, -23, 18, -20, 7, -24, 17, 1, 23, -22, 19, -13]
[0, 0, 0, 0, 0, 0, 0, 0, 0, 0, 0, 0, 0, 0, 0, 1, 0, -1, 0, 0, 0, 1, -1, 0, 1, 1, 0, -1, 0, 0, -2, 1, 1, 1, 1, 1, -1, 0, 0, -1, -2, 2, 0, 1, 2, 1, 0, 0, -1, 0, -1, 1, 2, 1, 0, 2, 0, 1, -1, -1, -2, 2, 3, 0, 0, 2, -3, 3, 1, 0, -2, 0, 5, 2, 1, 8, -6, -1, -1, -1, -3, 5, 2, 2, 2, 9, -7, 4, 0, -4, -2, 2, 3, 6, 0, 7, 0, -2, -2, 3, -6, 4, -2, 5, 4, 4, 0, 6, 3, 5, -5, 2, 3, 2, -3, 4, 4, -2, -3, 4, -5, 15, -2, 4, 2, 10, -2, 1, -1, 10, -6, 13, -2, 3, -1, 3, 1, 1, -4, 7, -5, 8, -1, 9, 0, 13, -1, 9, 1, 16, -3, -2, -12, 5, -2, 13, 9, 2, -2, 7, 3, 8, -2, 11, -6, 9, -1, 14, -4, 9, -8, 7, 0, 14, -7, 4, 1, 5, -2, 25, 12, 14, -6, 9, 1, 10, -13, 17, 1, 9, 4, 6, -1, 14, -26, 16, 5, 16, -4, 10, 6, 16, -13, 20, 6, 8, -11, 18, 1, 20, -5]
[0, 0, 0, 0, 0, 0, 1, 0, -1, 0, -1, 0, 0, 1, 0, 1, 0, -1, -1, 0, 0, -1, 1, 1, 0, 0, 0, -1, 2, 0, 1, -3, 1, -1, 0, 2, 1, 2, 0, 0, -3, 1, -1, 0, 0, 1, -1, 0, -1, 0, 0, -3, 0, 1, 0, -1, 0, -1, 1, 0, -3, 0, 2, 1, 0, 0, 4, 0, -4, 0, 0, 5, 2, -3, 0, -1, 9, -5, 1, 0, -1, 0, -5, 0, 0, 7, -7, 2, 0, 0, 0, 0, 0, 1, 0, -4, 0, 0, 2, 0, 9, 0, 2, -10, 0, 2, 0, 0, 7, 0, 0, 2, -10, 4, 0, 0, -15, 5, -4, 0, -4, -2, 9, 4, 0, -15, -10, 1, 0, 0, 1, 11, 2, 0, 0, -8, 4, 0, 5, 0, 14, 4, 0, 6, 0, 1, 0, 3, 1, 0, 0, 0, 5, -9, 0, 0, -19, 12, 3, 0, 0, 2, -15, 0, 0, -3, -7, -5, 1, 0, 15, 3, 1, 0, 0, 0, 11, -2, 0, 0, 2, 7, 0, -6, 0, -4, 7, 0, -11, 0, -14, 0, -10, 14, 0, 1, 0, -14, -10, 0, 0, -1, 2, -5, 0, 0, 18, 7, 2, 0, 17]
[0, 0, 0, 0, 0, 0, 0, 0, 0, 0, 0, 0, 0, 0, 0, 0, 0, 0, 0, 0, -1, 0, 0, 0, 0, 1, 0, 1, -1, 0, -1, 0, 2, 0, 0, 0, -1, -2, -1, -1, 1, -1, 0, 2, 0, 2, -3, 2, 0, 1, -1, 1, -2, -2, -2, 1, 2, -2, 2, -1, -1, -2, 1, 2, 1, 3, 0, -3, -5, -2, -4, 3, -2, 7, -2, 2, -5, -5, -2, 6, -2, 9, 1, -1, -2, -7, 10, 0, -1, -4, -6, 0, -9, -7, 6, 4, -2, 6, -2, 8, -14, -1, 6, 5, -3, 3, -9, 0, -13, 1, 3, 1, 7, 7, -1, -2, -2, -3, -2, -3, 5, -5, -13, -1, -10, 13, -15, 11, -4, 6, 0, -9, -4, 8, -2, 4, -4, 11, 7, -19, 1, 4, -5, 3, -19, 10, -4, -9, -8, 1, 5, 14, -17, 10, -2, -3, -4, -1, -8, 9, -13, -5, -4, -3, 2, -16, 13, 42, -3, -1, -18, 3, -14, -2, -4, 4, -25, -1, -22, 13, -3, 10, -10, 9, 5, -3, -16, -6, -6, 11, 11, 8, -1, -11, 2, -24, -8, 13, 0, 2, -32, 11, -15, -4, -21, 29, 3, 19, -25, 9, -2]
[0, 0, 0, 0, 0, 0, 0, 1, 0, -1, 0, 0, 0, 0, -1, 0, 0, 0, 0, 0, -1, 0, -1, 1, 2, 0, 0, 1, 0, 1, -2, 0, 1, 1, 0, 0, -1, 0, -1, -1, -3, 0, 0, 2, 0, 0, -1, 0, -1, -2, 0, 2, -3, 0, 0, 1, -1, -1, -3, 2, 2, 2, -1, 0, -2, 4, -2, 1, -5, -2, 2, 0, -5, 0, -2, 7, -4, -3, -4, 4, -2, 2, -1, 3, -2, 8, -2, 2, -7, -1, -3, 3, -5, 0, 3, 0, -6, 2, -3, 10, -7, 3, -4, 5, -3, -5, -6, 3, -6, 7, -7, 2, 0, 6, -13, -2, -5, 2, -6, -4, -13, 6, -7, 7, -15, 5, -5, 1, -6, 9, -5, 5, -7, 5, -5, 5, -7, 12, -2, 0, -9, 2, -7, 6, -19, 7, -10, 15, -1, 12, -7, 1, -13, 12, -15, 3, -5, 1, -10, 11, -25, 8, -1, 12, -8, 10, -5, 19, -17, 6, -14, 10, -14, 1, -7, -11, -20, -2, -11, 14, -15, 3, -13, 9, -17, 11, -13, 10, -18, 0, -8, 9, -20, -3, -28, 12, -19, 15, -21, 5, -21, 11, -19, 11, -6, 34, -20, 15, -24, 19, -12]
[0, 0, 0, 0, 0, 0, 0, 0, 1, 0, -1, 0, 0, 0, 0, -1, 0, 0, 0, 0, 0, 1, 0, 0, 0, 1, 0, 1, 1, -1, -1, 1, -1, 0, -1, 1, 0, 0, 1, 2, 0, 2, 0, -1, -4, 1, 0, -1, -3, 2, -1, -1, 1, -1, 2, 2, 0, 2, 1, 0, 3, 1, -1, 0, 1, 2, -4, 2, 2, 2, -4, -1, -2, -5, 3, 2, -4, 4, 0, 6, 0, 3, -1, 0, -6, 4, -8, 1, 4, 15, -2, -1, 3, 10, -7, 7, 3, -2, -6, -4, 5, 3, -7, 0, 0, 2, -3, 5, 2, -3, -4, 6, -4, -3, -6, 6, 5, 4, 5, 2, 3, 11, -1, -1, -8, -4, -6, 5, -6, 8, -12, 11, -1, 4, -6, 3, 5, 7, -3, 14, -9, 6, 1, 12, 4, -3, -6, 12, -6, 8, -6, 8, -3, 3, 3, 4, -1, 8, -1, 8, 1, 7, -8, 16, -8, 8, -11, -2, 7, 8, -3, 6, 4, 11, -7, 20, 6, 11, -17, -18, 1, 10, -17, 6, -9, 8, -12, 11, 5, 4, -18, 12, -6, 26, -14, 3, -2, 11, -5, 18, -2, 14, -11, 17, 7, 10, -23, 15, -12, 27, -23]
[0, 0, 0, 0, 0, 0, 0, 0, 0, 0, 0, -1, 1, 0, 1, 0, -1, 0, -1, 0, 1, 0, 1, 0, -1, 0, -1, 1, 0, -1, 1, 1, 0, -2, -2, 0, 1, 0, 2, 1, 2, -1, -1, -2, 1, 0, 1, -1, -2, 1, -2, -1, 0, 3, 2, -1, 1, -2, 2, -2, -1, 2, -1, 0, -1, -5, 6, -2, 5, -2, -1, -2, -2, -2, 7, -1, 0, -2, 0, 2, -3, 3, 0, 2, -3, -4, -5, 0, 3, 1, 4, 0, 3, 1, -4, 0, 7, -7, 2, -11, 7, -8, -1, -7, 6, 4, 7, 0, 3, -2, -2, -8, 1, -2, 6, -1, 0, -2, 3, -3, 3, 2, 5, -2, 4, -5, -1, -2, -5, -8, 2, 1, 5, -7, 4, -4, -3, -4, 1, 1, 2, -2, 18, -7, 7, -9, 10, 1, -4, -7, 3, -15, 10, -13, 6, 5, -1, -6, -1, -3, 17, -4, 3, -11, -8, -6, -9, -3, 13, -4, 13, -21, 7, -1, 13, -2, 12, -4, 16, -19, 0, 1, 4, -6, 1, -3, -4, -5, -3, 1, 0, -3, 2, 6, 1, -10, 4, -18, 15, -1, 12, -13, 7, -15, 8, -25, 21, -5, 18, -7, 0]
[0, 0, 0, 0, 0, 0, 0, 0, 0, -1, 0, 0, 1, 0, 1, 0, 1, 1, 1, 0, -1, -1, 0, 0, 0, 0, -1, -1, 0, 1, 0, 0, 0, 1, -1, 0, 3, 1, 1, 1, 3, 0, 3, -1, 2, 0, 2, 1, 0, -1, 0, -1, 1, 2, 2, 2, -1, 1, 3, 0, 1, 0, -2, 1, 1, 3, 8, -3, 7, 1, 8, -1, 2, -4, 7, 1, 9, 0, -5, 5, 3, 2, 4, 4, 0, -7, -2, 0, 5, 6, 8, -2, 4, -6, 5, -2, 15, 3, 11, -2, 11, -4, -1, 1, 9, 13, 2, 5, 2, 6, 5, 2, 13, 6, 3, -13, 12, 5, 17, -5, 20, 5, 15, -1, 9, -11, 5, -1, 16, 1, 18, 1, 3, 2, 6, 5, 12, 3, 27, 5, 18, -4, 13, -1, 24, -16, 23, 4, -1, -6, 1, 18, 20, -11, 4, -7, 5, 14, 5, 14, 24, -2, 24, 6, 8, -6, -21, 2, 50, -3, 36, -11, 25, -2, 28, 15, 40, -1, 25, -17, 9, 22, 16, 9, 29, 15, 23, -9, 11, 4, 23, 14, 32, 13, 37, -14, 16, -4, 33, 18, 34, 9, 21, -22, 23, 9, 36, 9, 20, 16, 7]
[0, 0, 0, 0, 0, 0, 0, 0, 0, 1, 0, -1, 0, 0, 0, 0, -1, 1, -1, 0, 1, 0, 0, 1, 0, 1, -2, 1, 0, 1, 0, 2, 1, -1, 1, 0, -1, 0, -1, 0, -1, -2, 2, 0, 3, 0, -2, 0, 0, 3, 1, 1, 0, 0, 2, 1, 1, -1, -2, 0, 0, 1, -1, -4, 20, -15, 19, 3, 95, -4, -139, -163, 80, 82, 72, -49, 100, -126, -129, 228, 294, -158, -298, -169, 202, 151, 241, 110, -365, -327, -33, 54, 376, -74, -414, -220, 407, 745, -20, -208, 18, -629, -256, 587, 517, 77, -724, -7, 447, -144, -252, -297, -277, 359, -540, 215, 579, -112, 73, 474, 462, 167, -1266, -5, 840, -40, 73, -517, -8, 450, -591, 419, -166, -1730, -726, 54, 1759, 1532, -721, -89, -363, -23, 1145, -533, 671, -121, -1714, 849, 1688, 139, -783, -2069, 650, -276, -1200, 1020, -508, -1239, 1189, 201, 1431, 613, -872, 118, -276, 381, 1008, -952, 1733, 1222, -1140, 14, -1199, -1946, -413, -621, 2046, -145, -1664, 329, -388, -40, 842, -1202, 1023, 195, 459, 3551, 241, 183, -272, -2111, 1684, 994, -1959, 15, -2697, -671, 255, -1260, 2194, -1255, -2984, 2420, -1010, -48, 1806, 188, 3496, 2946, -451]
[0, 0, 0, 0, 0, 0, 0, 0, 0, 0, 0, 0, 0, 1, 0, -1, -1, -1, 0, 1, 1, 1, 0, -1, 0, -1, 1, 0, 0, 0, 1, 0, 0, -2, -2, 1, 0, 2, -1, 1, 0, 0, -1, 0, -1, 1, 0, -1, 2, -1, 1, -2, -2, 0, -2, -3, 1, 2, 1, 2, 3, 1, 3, 0, 0, -4, -2, 1, -1, -2, -2, -4, -3, 0, -1, 0, 1, 1, 4, 4, -2, -2, -1, 4, 0, 1, 0, -1, -2, 2, -5, -1, -1, -4, 3, -5, 5, 2, -2, 6, 9, -1, -4, -10, -5, -7, -1, -3, -3, -6, 5, 0, -2, 9, 3, 10, 2, 10, -1, -3, -7, -5, -3, -1, -4, -3, 3, -13, -4, -8, -1, -2, 7, 3, -1, 4, 4, 8, -4, -3, 5, -6, 2, 2, -7, -4, -12, -3, 3, -6, 8, 7, -1, 4, -1, -3, -1, -5, -6, -3, -4, 6, -10, -1, 14, 1, 3, -6, 0, 6, 0, 2, 0, -11, 1, -14, -3, -5, -7, -1, 0, -11, -2, 0, -1, -6, 5, 4, 4, 2, -11, 13, -5, 0, 12, 5, -6, 0, -2, -4, -13, -11, 2, -8, 5, -3, -21, -14, 0, -11, -1]
[0, 0, 0, 0, 0, 0, 0, 0, 0, 0, 0, 0, 0, -1, 0, 1, 1, 0, 0, 0, 0, -1, 1, 0, 0, -1, -1, -1, 0, 1, 1, -1, 1, 1, 0, -1, 0, 1, 1, -1, 2, -2, 0, -2, 2, -1, 3, 0, 2, -3, 0, -1, 0, 0, 0, 2, -2, -1, 1, 3, -3, 0, 1, 1, -2, -3, 5, -4, 3, 0, 8, 1, 2, -6, 0, -4, 11, -5, 1, -5, 2, -4, -1, 0, 8, -7, 3, 0, 0, -3, 2, 1, 2, -4, 4, -8, 3, 2, 12, -1, 3, -2, 6, -8, -1, -1, 5, -5, 3, 0, 7, -13, 4, 0, 7, -8, -2, 0, 6, -2, 5, -8, 10, -5, 7, -6, 8, -3, 8, -14, 20, -5, 4, -7, 5, 0, -2, -8, 12, -2, 22, -10, 0, -20, 12, -9, 10, -12, 12, -15, 8, -4, 16, -7, 4, -10, 14, -1, 6, -11, 7, -9, 10, 0, 11, -10, -1, -5, 11, -4, 13, -8, 7, -13, 17, -14, 9, -11, 25, -5, -1, -6, 22, -21, 12, -17, 23, -14, 3, -15, 14, -8, 22, -7, 35, -6, 4, -23, 10, -6, 22, -9, 23, -29, 11, -19, 41, -19, 14, -24, 26]
[0, 0, 0, 0, 0, 0, 0, 0, 0, -1, -1, 0, 1, 1, 1, 2, 1, -1, -1, 0, -3, -1, -1, 1, 1, 0, 0, 0, 0, 1, -2, -1, 2, -2, -2, 1, -1, 1, -1, 0, 1, 0, 1, 1, -1, 0, 0, 1, 1, -1, -1, 1, -2, -1, 2, 1, -2, -2, 2, -1, 2, 0, 0, -2, -8, -34, 43, 5, 37, -35, -92, -101, 71, 117, 165, -128, -15, -119, -98, 225, 271, -130, -257, -191, 235, 158, 167, 82, -511, -354, 159, 185, 297, -144, -362, -261, 282, 862, 76, -364, -65, -613, -99, 658, 439, 28, -724, 61, 316, -352, 1, -209, -544, 525, -291, 154, 377, -133, 261, 219, 296, 332, -1313, 120, 1109, -145, 5, -617, -83, 372, -492, 678, -424, -2027, -410, 86, 1692, 1617, -773, -251, -677, 241, 1438, -613, 723, -81, -1759, 1126, 1399, -91, -645, -2159, 563, -273, -883, 1001, -956, -1096, 1305, -277, 1381, 963, -965, 270, -55, 425, 712, -945, 1834, 930, -954, 440, -1477, -2367, 52, -713, 1605, -209, -1240, 5, -830, 297, 1408, -1192, 1010, 229, 358, 3619, -96, 86, 47, -2150, 1352, 1062, -1640, 209, -3312, -716, 458, -1808, 2461, -1036, -3191, 2651, -1153, -141, 1961, 288, 3617, 2402, -282]
[0, 0, 0, 0, 0, 0, 0, 0, 0, 0, 1, 0, 0, -1, -1, 0, 0, 0, 1, 0, -1, 1, 0, 2, 0, -1, 0, -1, 0, 1, 0, 2, -1, 0, 2, 0, -1, -1, 2, 0, -1, 0, 0, -3, 0, -2, 2, 1, 1, 3, 0, 1, 0, 2, 0, 0, 0, 2, -2, 0, 1, 0, 1, -4, 1, 4, -3, 2, 1, 0, 4, -1, 5, 2, -4, 4, -7, 2, 1, -5, 0, 2, 6, -8, 3, 5, 0, 2, 6, 1, 9, -2, 1, 3, -6, 8, -2, 2, -3, -2, -4, 0, -4, 13, 8, -1, 4, 2, 4, 0, -4, 6, -3, -17, 3, -1, 7, -7, 2, 10, -8, 7, 9, 6, 4, 2, 8, -4, 14, 0, -3, 5, 0, 10, 5, -7, -1, -6, -11, 4, -20, 6, 1, 2, 15, 3, 11, 9, 6, 8, 4, -4, -6, 9, 5, 11, -1, 4, 15, 7, 4, 2, 12, -8, 0, 6, 11, -11, -12, 2, 11, -5, 2, 7, -6, 7, 8, 4, -2, -4, 6, 4, 12, 15, -3, 15, 1, 4, 6, -6, 12, -4, -1, -8, -19, 8, 9, 15, 8, 3, 4, 9, 6, 30, -9, -5, -4, 7, 13, -9, 18]
[0, 0, 0, 0, 0, 0, 0, 0, 0, 0, -1, 0, 0, 1, 1, 0, 0, 1, 1, -1, 0, 0, 1, -2, -2, 0, 0, 0, 1, 1, 0, -1, 0, 1, 0, 0, 2, 1, -2, 0, 1, 3, -1, 1, -1, 4, -1, 0, 0, 3, 0, -2, 1, 0, 1, -1, 1, 0, 1, -1, 0, 1, -3, -1, 3, 2, 0, 1, 5, 7, 0, 1, 3, -3, 0, 0, 6, 2, -1, 0, 5, 0, -6, 6, -1, 1, -9, 1, 1, 10, -7, 1, 4, 3, -6, 1, 8, 3, -2, 1, 16, 4, 0, -3, 1, 7, -1, 3, 6, 3, -1, 5, -5, 8, -3, 3, 4, 3, 3, -2, 6, 6, 3, -5, 9, -6, -8, 14, 6, 14, -3, 9, 12, 3, -10, 2, 11, 1, 1, 6, 11, 5, -7, 16, 8, -5, -8, 12, -4, 2, -10, 9, 14, -6, -4, 2, 4, 15, -7, 5, 12, 6, -10, 16, 8, 10, -21, -4, 26, 5, 0, 12, 16, 5, -9, 16, 23, 11, -7, -3, 12, 14, -3, 6, 20, 6, -5, 15, 14, 2, -20, 13, 8, 29, 2, 14, 13, 4, 0, 19, 19, 4, -6, 3, 20, 7, -10, 14, 4, 21, -16]
[0, 0, 0, 0, 0, 0, 0, 0, 0, 0, 0, 0, 0, 0, 0, 1, 0, 0, 0, 1, 0, 1, 1, 0, -1, -2, 0, -2, 1, 1, 3, -1, 1, 0, 1, 0, 1, 3, 1, 0, 0, 1, -1, -1, 1, 1, 2, 1, 3, 2, 1, 1, 0, 1, -1, 1, 1, 2, 2, 2, 0, -1, 3, 0, 2, 2, 2, 1, 3, 4, 6, 3, 7, 2, -1, -2, 7, -1, 3, -2, 4, 0, -2, 0, 8, 2, 1, 5, 7, 3, 4, 1, 5, 0, 2, 2, 4, 8, 6, 6, 7, 6, 5, 2, 5, 1, 10, 0, 9, 0, 5, 1, 0, 3, 7, 7, 5, 7, 4, 9, 2, 3, 14, 6, 14, 6, 8, 4, 12, -1, 14, 8, 14, 6, 6, 2, 9, -1, 6, 3, 15, 7, 2, 2, 19, 5, 8, 3, 13, 1, 12, 9, 16, 9, 9, 7, 10, 16, 12, 10, 15, 7, 9, 5, 18, 7, 10, 1, 15, 8, 10, 12, 14, 11, 9, 9, 23, 7, 15, 13, 18, 9, 27, 9, 25, 8, 17, 13, 20, 7, 13, 4, 23, 11, 26, 20, 23, 7, 18, 14, 29, 10, 22, 12, 16, 2, 25, 5, 26, -1, 35]
[0, 0, 0, 0, 0, 0, 0, 0, 1, 0, -1, 0, 0, -1, 0, 0, 0, -1, 0, 1, 1, 0, 0, -1, 0, 0, 0, -1, 1, 0, 1, 0, -1, 0, -2, 1, 0, 2, -1, 0, -1, 0, 0, 1, -3, -3, 2, -1, -2, -2, -1, -1, 0, -1, 1, 2, -3, 0, -1, 3, 1, 2, 0, -2, -4, -6, -1, 2, 5, 2, 1, -4, -1, -11, 2, -4, 2, 0, 2, -2, -3, -8, -2, 7, 2, 0, -9, -1, -9, 8, 4, 0, 0, 9, -6, -2, -1, -4, 1, -8, 7, 0, -5, -5, -7, -8, 3, 0, 3, -7, 1, -6, -13, -5, -5, 0, -4, 6, 2, -5, -11, 3, 9, -7, 3, -13, 9, -16, -10, -10, 9, 6, -4, -14, 1, 3, -1, -4, -10, 12, -6, -9, 0, -9, 5, -11, -5, 6, -1, -11, -7, -11, 6, -1, 4, -5, 0, 2, -4, -14, -5, 4, -12, 11, -8, 21, -14, -34, -6, -1, 4, -4, 0, -6, -3, -11, 0, -7, 24, -24, -30, -18, -1, -21, -13, -7, 8, -2, -9, -1, -21, -5, -23, 2, 11, 14, -16, -21, -11, -6, 7, -10, 6, -7, 9, -17, -12, -14, -4, -8, -13]
[0, 0, 0, 0, 0, 0, 0, 0, 1, 0, -2, 1, 0, 1, 0, -1, -1, -2, 1, 2, 1, 0, 0, -1, 1, 1, 0, 0, 1, -1, -1, 0, -1, 1, -1, 3, 1, 0, -1, 2, 1, 1, 0, -2, -1, 2, 0, -2, 0, -1, 0, 1, 2, -2, 1, -1, 0, 2, 1, -2, 1, -1, 0, -3, 146, 38, -298, -122, 36, 194, 152, 295, -5, -526, -625, 542, 307, 283, -49, -455, -448, 260, 701, 544, -830, -589, -647, -50, 1771, 748, -911, -910, -509, 885, 932, 894, -179, -2811, -733, 1333, 624, 1656, -308, -1674, -735, -112, 1473, -521, -833, 1299, -858, 449, 2671, -1422, -185, -383, -20, 128, -1364, 627, 249, -1419, 3540, -686, -3914, 438, -100, 1769, 193, -1020, 395, -2780, 2267, 6585, -152, 31, -3200, -4976, 2120, 1442, 2438, -1179, -4584, 1775, -1062, -56, 3945, -4629, -3550, 1120, 672, 6371, 746, 345, 804, -2684, 3028, 2216, -3894, 2385, -3021, -2901, 3030, -1596, -572, -1189, -2651, 1706, -4584, -1595, 2255, -2269, 5834, 7996, -1294, 2967, -2831, 300, 1255, -1314, 2882, -541, -5941, 4135, -1276, -894, -1283, -11133, 116, -195, -1082, 6270, -601, -1507, 4540, -1826, 9280, 1980, -2912, 4924, -6003, 2328, 8570, -6760, 2610, 443, -4883, -2079, -10696, -4263, -363]
[0, 0, 0, 0, 0, 0, 0, 0, 0, 0, 1, -1, 0, 0, 0, 0, 0, 0, -1, 0, 0, 1, -1, 1, 1, 0, 1, -2, 0, 0, 2, 0, 0, -1, 1, -2, 1, 0, 1, -1, -1, -1, 1, -1, 2, -1, 1, 1, 0, -1, 0, 1, 0, 1, 0, -3, 4, -1, -1, -2, 4, 0, 2, 1, 2, -2, -4, 2, 0, -3, 1, -6, 7, 2, 1, -4, 0, 1, 4, -5, 5, -6, 5, -2, 5, 3, 3, -5, 5, -7, 5, -3, 0, 1, 3, -1, 2, 0, -1, -3, 4, -4, 5, -1, 8, -12, 5, -6, 5, -5, 7, 5, 5, -9, 6, -4, 12, -7, 0, -4, -3, -5, 4, -2, 11, 2, 12, -15, 3, -5, 2, -3, 14, -5, 8, -10, 13, -10, 1, -3, 7, -10, 4, -4, 12, -4, 5, -3, 18, -3, 8, -17, 7, -5, 10, -4, 9, -12, 13, -11, 13, 0, 9, -18, 14, 6, 22, -21, 4, -8, 5, -6, 13, -8, 5, -12, 19, -13, 5, -4, 20, -31, 23, -9, 14, -10, 7, -6, 20, -9, 14, -13, 5, -21, 0, 6, 24, -1, 11, -19, 14, -21, 12, 1, 21, -15, -11, -17, 43, -19, 24]
[0, 0, 0, 0, 0, 0, 0, 0, 0, 0, 0, 0, 1, 0, -1, 0, 0, -1, -1, 0, 0, 0, 0, 1, 2, 0, 0, 0, 1, -1, -1, 0, 2, -1, -1, 0, -1, -1, 0, -1, -1, -1, 0, 1, 4, -2, 0, 0, 0, -3, 1, 0, 0, -2, 1, 4, 0, -3, 1, 1, -1, -1, 2, 1, -2, -1, 2, -4, -4, -5, 1, 0, 0, -2, 4, 3, -1, -8, 1, 1, -2, 1, 5, 0, 4, 2, 4, 1, -2, -17, 5, 0, -1, -4, 10, -6, 0, -5, 8, -2, -16, -3, 2, -7, 3, 0, 3, 1, 1, 4, 4, -11, 12, 1, 0, -5, -2, -6, -3, -6, -1, -4, 0, 3, 4, 4, 3, -10, -3, -9, 3, -6, -3, -10, 11, -6, -2, -4, 11, -14, 8, -5, 12, -12, -10, 7, 6, -8, 10, -2, 6, -8, -2, 0, 4, -13, 11, -16, 5, -9, -1, -8, 10, -2, -4, -16, 14, 19, -3, -13, -2, -10, -1, -6, 11, -25, -10, -16, 19, 16, 1, -7, 9, -18, -1, -14, 4, -10, -8, 2, 25, -12, 9, -18, -1, -16, 2, -19, -4, -25, 6, -8, 6, -16, 14, -4, 23, -8, 6, -6, 22]
[0, 0, 0, 0, 0, 0, 0, 0, 0, -1, 0, 1, 0, 1, 0, -1, 1, 0, 0, 0, -2, 0, 0, 1, 1, -1, 0, 0, 0, 0, 0, -1, 0, 1, -1, 0, 1, 0, 0, 0, -1, -1, 0, 0, 0, 1, 0, 0, 2, 0, 2, 1, 0, 0, 3, 0, -4, 0, -5, -2, 2, -3, 0, 0, 0, 7, -1, 0, -4, -2, 5, 0, 0, 0, 2, 0, 5, 0, -7, 4, 0, -5, 0, -1, -1, 4, 4, 0, 0, 0, -2, 0, 0, -9, 2, -7, -3, 0, 0, 1, 0, 4, 0, 7, 5, 4, -4, 0, 0, 0, 0, 4, 0, 4, -4, -5, 0, 0, 0, -5, 1, -7, 0, 13, -2, 0, 5, 0, 3, 2, -1, -5, 0, -1, 0, -4, 0, 0, 8, -9, 2, -2, 0, 0, -7, 0, 0, 0, 3, 7, -6, 19, 0, 2, 0, -20, -4, 0, 0, 7, -10, 0, 0, 0, -5, -2, -3, 0, 5, -7, 0, 8, 0, -2, 6, -12, 4, 0, 3, 0, 6, 0, 0, 15, 7, 13, 13, 0, 0, -3, 0, 0, 0, -16, -20, -10, -5, 0, -7, 0, 6, 1, 0, 1, 6, 16, 0, 0, 0, 13, -4]
[0, 0, 0, 0, 0, 0, 1, 0, 0, 0, -1, 0, 0, -1, 0, 0, 0, 0, 0, 0, 1, -1, -1, 1, 1, 2, 0, 0, 2, 0, 0, 0, 1, 1, 1, 0, -1, 2, -1, -1, 1, -1, 2, 1, 0, 0, 0, -1, -1, -1, -2, -2, 3, 0, 0, 1, 3, -1, 2, 1, 3, 4, 1, 0, 2, -1, 4, 1, 1, 1, -2, 3, 0, -3, 3, 0, 1, 1, 3, 1, 5, 6, -4, 3, 4, -2, 5, -2, 1, 4, 3, 0, 6, 5, 4, 6, 5, -5, 3, 2, 10, -5, 8, 1, 3, 0, -3, 0, 5, -1, 2, 1, 10, -3, -1, -3, -1, 9, 2, -3, 6, 1, -2, -7, 2, -5, 1, 6, 12, 6, 6, 2, 7, 6, 2, 1, 14, 6, 8, 6, 16, 1, 11, 6, 12, 0, 7, -3, 17, 0, 1, -1, 16, 6, 9, 6, 3, 2, 8, 1, 18, 4, -2, 6, 13, 7, 19, 8, 14, 4, 8, -6, 15, -5, 5, 11, 14, 2, -1, -2, 13, 1, -3, -9, 16, -8, 6, 2, 12, 0, -3, 17, 15, 1, 17, 2, 19, -6, 4, 7, 11, 15, 4, 5, 27, 5, 17, 4, 23, 13, 16]
[0, 0, 0, 0, 0, 0, 0, 0, 0, 0, 0, 0, -1, -1, 1, 2, 1, -2, 0, 0, 2, 0, 0, -1, 0, -2, -1, -2, 0, 1, 0, 0, 0, 1, 1, 0, 0, 1, -1, 0, 1, 1, 0, 3, -3, -3, -1, 1, 0, -2, 1, -1, -2, 0, 0, -2, 0, 3, 1, 2, -2, 1, -1, 0, -5, -13, 1, 6, 8, -4, 15, -3, 0, -13, 7, 1, 7, 5, 2, -15, -10, -6, -10, 8, 2, -2, -4, 2, -4, -5, 5, 3, -2, 8, 7, 1, 3, 12, -10, -9, -10, -1, -8, 9, 6, -23, 7, -2, 5, -20, 34, -6, -15, 10, 27, -15, -33, 12, -6, -33, -7, 24, 2, -8, 44, -21, 4, -22, 27, -19, 34, 33, -22, -30, -11, 5, -39, -1, -10, 5, 15, -1, -3, -14, 20, -15, 12, 17, 12, -12, 38, 14, -71, -11, -18, -32, -12, 45, 21, -72, 20, 25, -28, -16, 90, -9, -28, 18, 31, -49, -30, 31, -64, -67, 45, 16, -21, 16, 113, -56, -28, -7, 48, -18, 41, 24, -25, -33, -49, -26, -45, 14, -69, 12, 61, 8, -1, 24, 33, -55, 52, 64, -9, 7, 61, -27, -116, 1, -47, -119, 18]
[0, 0, 0, 0, 0, 0, 0, 0, 0, 0, 0, -1, 0, 1, 1, 0, 0, 0, -1, -1, 0, 1, 1, 0, -1, -1, 0, -1, 1, 1, 2, -1, 0, -2, -1, -2, 4, 0, 0, -1, 1, -1, -1, -1, 2, 3, 0, 0, -2, 1, -1, -1, -1, 3, 0, -4, 1, 0, 0, -2, 2, 0, 1, 0, 2, -4, 0, -1, 4, -2, 3, -8, 5, -5, 3, -3, 8, -1, 0, -2, 4, -7, 1, 7, 1, -1, -6, -4, 2, 0, -2, -2, 1, -1, -4, -7, 11, 3, -2, -6, 17, -5, -1, -11, 8, -4, 1, -6, 5, -3, 5, 1, -2, 1, 7, -5, 10, -5, 3, -12, 0, -6, 7, -6, 9, -9, 2, -9, -1, -3, 2, -1, 19, -7, 0, -11, 16, -7, 5, -3, 16, -14, -4, 2, 12, -16, -2, 0, 8, -12, 3, -1, 10, -17, 3, -8, 4, -4, -3, -11, 17, 1, -4, -12, 17, -1, -12, -23, 30, -3, 8, -8, 18, -17, 2, -13, 33, -12, 5, -24, 13, -24, 14, -9, 17, -6, 3, -6, 12, -12, -4, 0, 10, -3, 1, -8, 12, -8, 9, -8, 18, -28, 7, -20, 28, -21, -9, -15, 40, -19, 4]
[0, 0, 0, 0, 0, 0, 1, 0, -1, 0, 1, 1, -2, -1, 0, 0, 0, 0, 0, 0, -2, -1, 1, 3, 0, 1, 0, 3, 1, 1, 1, -1, -1, 0, -1, 1, -1, 0, 2, 0, -1, 0, -1, -1, -1, 1, 1, -1, 1, 2, 1, -2, 0, -1, 3, -1, 1, 3, 0, -1, 2, 0, -4, 0, -41, -18, 83, 79, 56, -41, -114, -155, -34, 143, 198, -100, -26, -95, -23, 162, 192, -118, -329, -260, 300, 290, 346, 114, -545, -390, 133, 291, 266, -269, -402, -283, 99, 976, 270, -377, -183, -651, -129, 594, 443, 69, -581, 164, 595, -355, 41, -214, -878, 292, -93, 163, 257, 88, 314, -12, 1, 401, -1412, 23, 1386, 37, 31, -459, -23, 365, -180, 836, -555, -2350, -406, -97, 1235, 1950, -607, -432, -510, 225, 1332, -583, 235, 17, -1530, 1558, 1915, -38, -381, -2375, -650, -220, -694, 909, -489, -841, 1459, -456, 1014, 894, -1174, 268, 245, 382, 1350, -304, 1488, 822, -1096, 546, -1957, -2835, -50, -1022, 1142, 96, -638, 729, -436, -112, 1629, -1651, 551, 370, 576, 4246, 662, 97, 135, -2384, -37, 299, -2163, 501, -2768, -407, 1079, -1508, 1776, -943, -3366, 2254, -310, -117, 1655, 930, 3983, 2006, 184]
[0, 0, 0, 0, 0, 0, 0, 0, 0, 0, -1, 1, 0, 0, 0, 1, 1, 0, 0, 0, 0, -2, 0, 0, 0, 0, 0, 2, 1, 0, 0, 0, 0, 1, 1, 0, -1, -1, -1, -1, -1, 1, 3, 4, 2, 3, 1, 0, -1, 0, 1, -1, 1, -1, -1, 3, -2, 2, 2, 3, 1, 2, -1, 2, 0, 0, 3, -2, -1, 1, 0, 7, -1, -2, 5, 6, 6, 1, 0, 5, 1, -1, 0, 7, -2, -1, 4, 3, -6, -2, 3, 6, 0, 3, 7, -3, -2, 0, 8, 6, -6, 8, 6, 1, 0, 10, 1, 9, 1, 12, 5, -2, 7, 12, -2, 4, -8, 6, 4, -1, 6, 3, 0, 5, -4, 3, 4, 13, -2, 12, 10, 5, -5, 1, 9, 9, 0, 14, 15, 7, 11, 8, 4, 6, -8, 13, 2, 0, 1, 1, -1, 12, -2, 9, 0, 1, 10, 7, 2, 11, -3, 7, 7, 22, 3, 2, 1, 27, 6, 12, 9, 19, 4, 9, 14, 15, -11, 7, 22, 14, -15, 15, 0, 3, -6, 12, 24, 15, -8, 25, 19, 15, 10, 15, 26, -2, -8, 16, 3, 9, 11, 26, 19, 4, 10, 28, 27, 11, -11, 16, 0]
[0, 0, 0, 0, 0, 0, 0, -1, 0, 0, 1, 0, -1, 1, 3, 0, -1, -2, 0, 0, -1, 2, 0, -1, 1, 1, 1, -3, 0, -3, 0, 0, -1, 0, -1, 3, -2, 0, 1, 3, -2, 3, -1, 2, -2, 1, 0, -1, 0, 0, 0, 0, -1, 1, 1, 1, -2, 0, 0, -1, 0, -1, -1, 1, 5, 0, -1, -7, 122, 23, -161, -196, 92, 85, -4, -43, 186, -124, -132, 244, 304, -185, -320, -161, 161, 147, 307, 80, -357, -299, -107, -28, 394, -5, -429, -220, 489, 685, -76, -150, 60, -632, -275, 582, 520, 70, -750, -129, 465, -55, -342, -346, -107, 377, -723, 260, 696, -168, 38, 653, 544, 91, -1206, 9, 607, -58, 182, -628, -79, 476, -648, 307, -47, -1608, -883, 109, 1900, 1432, -733, 36, -235, -157, 1107, -441, 604, -159, -1767, 635, 1798, 220, -898, -2082, 828, -239, -1447, 1075, -375, -1457, 1228, 445, 1426, 456, -859, 187, -624, 383, 1308, -1137, 1710, 1441, -1229, -144, -1211, -1744, -564, -554, 2450, -227, -2057, 409, -274, -198, 654, -1154, 1000, 133, 638, 3542, 284, 241, -465, -2150, 2026, 1197, -2029, -64, -2621, -950, 48, -1106, 2144, -1450, -2727, 2548, -1334, -21, 1905, -92, 3471, 3322, -611]
[0, 0, 0, 0, 0, 0, 0, 0, 0, 0, 0, 0, -2, 1, 1, 0, -1, 1, 2, 0, -2, 1, -2, -2, -2, 0, 2, 0, 2, 0, -1, -1, -1, 1, 2, -2, -1, -3, 0, 3, -1, 0, -1, -1, -2, -2, 0, 0, -2, 1, -1, 1, -1, 0, -2, -1, 0, -1, 0, 2, 0, -2, -2, -1, 54, -9, -97, -46, 120, 96, -157, -135, 91, -38, -119, 148, 253, -63, -216, 182, 301, -114, -185, -127, -78, -1, 132, 133, 53, -285, -429, -243, 415, 255, -240, 28, 470, 101, -136, 231, 274, -308, -478, 182, 382, 35, -569, -406, 337, 210, -756, -258, 585, 34, -807, 204, 952, -82, -261, 1090, 775, -275, -583, -335, -269, 94, 3, -290, -195, 170, -751, -398, 672, -113, -1182, 84, 1478, 531, -127, 471, 421, -429, 58, 54, 439, -258, -1162, -695, 1050, 622, -962, -693, 1052, -277, -1518, 493, 565, -1040, 157, 1288, 801, -186, -7, -190, -662, 34, 542, -675, 620, 1314, -740, -773, 333, 115, -1166, 245, 1696, -272, -2255, -92, 538, -315, -748, -134, 715, -113, 263, 1144, 750, 197, -622, -799, 2189, 1023, -1175, -526, -526, -724, -789, -210, 666, -1083, -1080, 1033, -705, 84, 1082, -738, 1214, 2853, -583]
[0, 0, 0, 0, 0, 0, 0, 0, 0, 0, 0, 0, -1, 0, 1, 0, 0, 1, 1, -1, 0, 0, -1, -1, -1, 1, 0, 0, 0, 1, -1, 2, -2, 1, -1, -1, -1, 0, -1, 4, 1, 2, 0, -1, -4, 1, 1, 1, 0, 0, -2, -3, -1, 0, 2, 0, 0, 2, -1, -1, -2, 3, -2, 1, 0, 0, -7, 6, 1, 5, -3, 2, 0, -5, -6, 1, -4, 9, 3, 0, 6, -2, -3, 0, -10, 3, -8, -2, -3, 14, -10, 1, -4, 12, -9, 9, -4, 5, -7, 0, 4, 6, -1, -2, -10, -1, -2, -1, 1, 4, -1, 9, -12, -1, -1, 8, -4, 2, 0, 7, -10, 8, -9, -1, -3, -9, -7, 8, -2, 9, -16, 14, 0, 6, -14, 11, 0, 5, -19, 21, -9, 12, -13, 11, -2, -2, -15, 8, -13, 11, -8, -1, -11, 1, -16, 8, -9, 9, -3, 3, -12, 10, -12, 18, -7, 20, -11, -12, -15, 11, -3, 14, -10, 10, -11, 26, -6, 16, -17, -7, -9, -1, -14, 6, -14, -1, -10, 13, -6, 1, -23, 12, -25, 38, -11, 29, -15, 31, -23, 21, -13, 17, -18, 15, -25, 9, -35, 12, -24, 18, -24]
[0, 0, 0, 0, 0, 0, 0, 0, -1, 0, 1, 0, 0, 0, 1, 1, -1, 0, -1, 0, 0, -2, 0, 1, 1, 0, 0, 1, -2, -1, 3, 1, 0, -3, -1, -2, -1, 1, 0, -2, 2, 0, 1, 0, 4, 0, -1, -2, 2, -2, -1, -1, 0, 0, 2, 1, 4, -1, 0, -1, -1, -1, 0, 0, -11, -13, 0, 10, 7, -1, -2, 1, -5, 8, 0, 1, 6, 2, 13, -14, -7, -12, -14, -9, 2, 11, 42, -5, -7, -18, -6, 14, -12, 2, 17, -5, -5, -18, -10, 9, -27, -11, 10, -9, 20, -13, 17, 13, 12, 22, 10, -19, 22, -17, -7, -2, -17, 11, -26, -19, -18, -22, 3, 12, 0, 36, 35, 27, -2, -9, 26, -24, 4, -46, -25, -11, -27, -9, -5, -1, 50, -18, 8, -4, -50, 39, 4, 24, 87, 23, 35, -78, -81, -7, -56, -20, 30, -30, 75, -31, -26, 21, -19, -19, -11, -6, 155, 48, -45, -11, -74, -8, -74, -69, 31, -41, 2, 49, 52, 101, 43, -38, 4, -72, 36, -7, 28, 21, -18, 10, -23, -77, -78, -74, -7, -3, 28, 84, 3, 14, -6, 16, 54, -17, 68, -50, -16, 16, 2, -63, 13]
[0, 0, 0, 0, 0, 0, 1, 0, 0, 0, -1, -1, 1, -1, -1, 0, 2, 1, 0, -2, 0, -1, 1, 2, -1, 0, 1, -1, 2, 1, 1, 1, -1, -1, 1, 1, -1, 0, 0, 2, 2, 2, 0, -1, -2, -1, -1, 2, -1, 0, -3, 0, 0, 1, 0, 1, -2, 2, 2, -1, 1, 0, 4, -3, -103, 0, 242, 85, -189, -218, 90, 37, -23, 333, 440, -478, -481, -96, 259, 60, -40, -3, -120, -114, 506, 247, 55, -193, -991, 16, 1007, 750, -196, -735, -227, -497, -373, 1377, 517, -992, -551, -505, 748, 653, -81, 29, -244, 690, -72, -979, 1277, 128, -1992, 818, 976, 14, -1069, -103, 1097, -1516, -894, 1083, -1170, 845, 2291, -508, -45, -768, 102, 358, 468, 1981, -1966, -3237, 1563, -108, 272, 1962, -1123, -1214, -1917, 1204, 2455, -995, 379, 268, -954, 3142, 328, -1496, 642, -2550, -965, 180, 1379, 999, -2626, -139, 1749, -2738, 864, 1851, -1528, 1349, 910, 688, 410, -663, 1918, -619, -173, 2134, -3298, -4110, 2114, -1798, -139, -76, 1441, 491, -2445, 939, 3990, -1918, 3, 502, 261, 4468, -1219, -142, 1331, -2391, -1445, 36, -803, 1560, -4790, -521, 2226, -2550, 2730, -63, -3222, 2625, -1142, -293, 1531, 1630, 4366, -862, 592]
[0, 0, 0, 0, 0, 0, 0, 0, 0, -1, 2, -1, 1, -1, 1, 0, -1, -1, 0, 1, -2, 1, 0, 2, -1, 0, 3, -1, -1, 1, 0, 1, 0, -2, 0, 0, 0, 1, 0, 1, -2, 0, -2, -1, 0, -1, 2, 2, 0, 2, 1, 2, 2, 1, 4, 0, 0, -1, -3, -1, 0, -1, 0, -3, -212, -78, 489, 233, 45, -291, -369, -611, 52, 869, 1055, -912, -435, -514, -44, 937, 941, -582, -1337, -1013, 1510, 1121, 1215, 242, -3080, -1490, 1450, 1426, 1087, -1449, -1843, -1545, 585, 4953, 1144, -2309, -943, -3114, 219, 3195, 1648, 251, -2828, 818, 1747, -2155, 1089, -929, -4448, 2438, -213, 725, 563, -280, 2187, -506, -84, 2340, -6543, 1009, 6806, -671, 310, -3144, -295, 2003, -1103, 4617, -3651, -11752, -419, 39, 6515, 9012, -3840, -2307, -4223, 1783, 8070, -3286, 2214, -26, -7525, 7951, 7056, -1398, -1789, -11733, -643, -873, -2242, 5055, -5120, -4380, 7188, -3376, 5874, 4972, -5509, 2293, 462, 2276, 5041, -3341, 8599, 3587, -4445, 3442, -10073, -14060, 1552, -5060, 6124, -498, -3171, 2226, -4744, 648, 9744, -7404, 2954, 1660, 2515, 20346, 196, 503, 1455, -11582, 2154, 3038, -8855, 2770, -16638, -3579, 4848, -8739, 11236, -4804, -15972, 12579, -4884, -738, 9290, 3539, 19776, 9381, 281]
[0, 0, 0, 0, 0, 0, 0, 0, 0, 0, 0, 0, 0, 1, -1, -1, 0, -1, 0, 1, 0, 0, -1, 2, 1, -1, 0, 0, -2, -1, 0, 2, -2, -3, -1, 2, 2, 0, 0, 0, 0, 1, -1, -2, -2, -1, -1, 1, 1, -3, -2, -1, -4, 0, -1, 0, 2, 1, -2, 1, -2, 2, 2, -1, -3, -5, 1, 12, -6, -3, -10, -7, 0, 2, 6, 0, -22, 3, -2, 7, 1, -15, -1, -9, -2, 25, 0, 8, 4, -15, 8, 4, -13, -7, -15, 3, -4, -7, 8, -7, -19, -3, -17, -4, 0, 5, 24, 13, 0, 1, -9, 10, -17, -19, -11, -4, -12, 2, -7, 0, -25, -2, -6, 11, -8, 18, 16, 6, 8, 1, -24, 0, -31, -28, -12, -11, 10, 17, -2, 1, -48, 4, 3, -31, -17, 15, 20, 33, 7, 27, -9, -47, -35, -26, -9, 4, -27, 7, 19, 9, 13, 3, -17, -24, -62, 26, 36, 8, -8, -7, -34, -12, -60, -4, -42, -33, 21, 29, 38, 50, -29, -44, -49, -18, -22, 28, 27, 37, -9, 31, 1, -34, -64, -55, -94, -4, -9, 28, 11, -2, 22, -25, -39, -16, -58, -2, 27, 36, 55, 31, 8]
[0, 0, 0, 0, 0, 0, 0, 0, 1, -1, -1, -1, 2, 0, 1, 0, 1, -1, 0, 0, 0, 1, 0, -1, 0, 1, 0, -1, 0, -1, -1, 2, 1, 1, -3, 0, 0, 2, 4, 1, 1, 2, -2, 1, 2, -2, 0, 3, 1, 0, -1, 0, -1, -2, 0, 3, 0, -3, 0, -2, 1, -1, -1, 1, -43, 2, 161, 33, -29, -114, -45, -117, 60, 226, 261, -309, -154, -151, 21, 229, 198, -136, -276, -151, 411, 233, 221, -16, -785, -209, 521, 371, 175, -452, -463, -437, 168, 1263, 222, -700, -271, -741, 222, 832, 334, 99, -635, 331, 282, -589, 487, -187, -1213, 741, 15, 159, -111, -200, 627, -400, -82, 685, -1545, 466, 1742, -339, 118, -842, 102, 582, -229, 1333, -1187, -2963, 272, 42, 1561, 2116, -1171, -695, -1347, 581, 2207, -997, 728, 0, -1714, 2234, 1393, -664, -327, -2871, 224, -109, -223, 1349, -1809, -1070, 1814, -1189, 1640, 1306, -1460, 744, 27, 661, 1012, -1165, 2473, 650, -941, 1056, -2646, -3520, 773, -1369, 1732, -198, -520, 458, -1661, 385, 2670, -1851, 762, 425, 608, 4993, -589, 86, 436, -2834, 750, 886, -1964, 753, -4559, -939, 1342, -2237, 3290, -1104, -3915, 3292, -1692, -139, 2338, 917, 4959, 1985, -85]
[0, 0, 0, 0, 0, 0, 0, 0, 0, 0, 0, 0, -1, 0, 1, 0, 0, 0, 1, 0, 1, -1, -2, 0, 0, 1, 0, 0, -1, 0, -3, 0, -2, 2, 2, 0, 4, 1, -2, -1, 0, -1, 1, 0, -2, 2, -2, -2, -3, 1, -1, 1, 1, 0, -2, 1, 1, 2, 2, 1, -1, 0, -2, -3, 18, -11, -65, -17, 103, 80, -70, -74, 13, -69, -110, 130, 181, 2, -118, 60, 103, -60, -74, -36, -107, -18, 91, 97, 163, -124, -316, -212, 181, 222, -60, 92, 248, -192, -160, 251, 170, -68, -307, 9, 174, -2, -152, -238, 156, 263, -465, -149, 522, -123, -503, 38, 544, 7, -294, 656, 407, -287, -52, -271, -465, 159, 90, 61, -79, 50, -326, -509, 533, 404, -775, 84, 513, -114, 156, 386, 458, -403, -358, 175, 40, -119, -238, -712, 480, 566, -457, 62, 425, -174, -904, 19, 680, -360, -80, 932, 178, -351, 186, -378, -432, -106, 302, -61, -34, 637, -362, -680, 531, 570, -801, 391, 689, -1, -978, -26, 645, -334, -938, 211, 293, -68, 112, -219, 468, 126, -515, 12, 910, 331, -410, -470, 609, -75, -614, 373, -147, -407, 32, 27, -33, 45, 200, -461, -209, 1287, -304]
[0, 0, 0, 0, 0, 0, 0, 0, -1, 0, 2, 0, 0, -1, 0, 0, -1, 2, 0, -1, -1, -1, -1, 2, 3, 1, -2, -1, 0, 1, -1, -1, 1, 0, 1, 0, 0, 1, -3, -2, 0, -2, 2, 1, 1, -1, 1, -1, 0, 2, 1, 1, -1, -2, 0, 1, 3, 0, 0, 3, 4, -1, 1, 1, 13, -10, -77, -20, 107, 78, -64, -74, 3, -61, -128, 137, 206, -5, -96, 44, 97, -48, -87, -39, -101, -26, 143, 81, 151, -131, -338, -205, 170, 229, -21, 86, 245, -189, -194, 285, 148, -74, -285, 9, 187, -30, -175, -235, 157, 280, -435, -173, 561, -127, -504, 49, 558, 23, -317, 635, 396, -312, -50, -264, -467, 177, 99, 78, -89, 43, -290, -543, 577, 407, -789, 88, 465, -129, 141, 368, 555, -428, -368, 221, -25, -87, -278, -720, 573, 579, -412, 55, 343, -122, -954, -22, 742, -393, -20, 888, 107, -325, 183, -385, -354, -144, 440, 7, -95, 638, -422, -673, 513, 488, -754, 368, 632, 6, -1013, 48, 739, -329, -885, 175, 338, -101, 96, -216, 468, 103, -521, 0, 878, 298, -359, -450, 631, -6, -665, 366, -236, -349, 90, 41, 99, 37, 124, -469, -273, 1194, -297]
[0, 0, 0, 0, 0, 0, 0, 1, 0, -1, 0, 0, 0, -1, 0, 1, 0, 0, 1, 1, 0, -1, -1, -1, 1, 1, 0, 2, -1, 1, -2, 1, 2, 3, 0, 1, -2, 2, 1, -1, -1, 0, -1, -1, 0, 1, 2, 1, 4, 1, 0, 2, -2, -1, -1, 3, 2, 2, 0, 0, -3, 2, 0, -2, -2, 4, 8, 5, 6, 2, 2, 4, -7, 3, -2, 10, -2, -1, -2, 7, -3, 8, -7, -5, 0, 3, 8, 15, 7, 6, -4, 3, -3, -11, -2, 7, 3, 7, 11, 16, -3, -2, -3, 8, -1, 11, 11, 17, 6, 8, -8, -9, -3, -5, -15, -3, 3, 17, 10, 9, -3, 9, -12, -9, -15, 19, 14, 33, 21, 20, 13, 1, -20, -4, -17, 16, -1, 33, 19, 5, -6, 4, -3, -16, -12, 10, 28, 30, 16, 31, 5, -10, -27, -8, -18, 24, 22, 33, 13, 36, 1, -1, -4, -13, -21, 3, 26, 73, 27, 23, -12, -8, -31, -10, -19, 6, -1, 37, 22, 44, 16, 20, -33, -9, 0, 25, 22, 47, 32, 16, 2, -1, -25, -29, -50, 1, 21, 57, 38, 48, 3, 17, -35, -15, -20, 44, 58, 73, 30, 58, 10]
[0, 0, 0, 0, 0, 0, 1, 1, -1, -2, 1, 0, 0, -2, 0, 1, 0, 1, 1, 0, -1, -1, -3, 2, 2, 1, -1, -1, 1, 2, 0, 2, 0, -1, 0, 1, 0, 1, 0, 1, 0, -2, 1, 0, -1, -2, 0, 2, 0, -2, -2, 2, 0, -1, 0, 2, 1, -3, 0, 1, 1, -4, 0, -3, -67, 16, 63, 66, -153, -68, 205, 208, -133, -5, 40, -63, -291, 140, 275, -295, -435, 193, 312, 198, -82, -81, -238, -192, 188, 448, 340, 181, -590, -168, 482, 161, -663, -573, 143, 3, -248, 627, 562, -560, -655, -84, 939, 327, -542, -54, 743, 393, -282, -303, 982, -307, -1142, 173, 182, -1180, -970, 97, 1293, 276, -348, -27, -51, 577, 160, -388, 1010, 32, -461, 1205, 1389, -131, -2373, -1390, 578, -252, -65, 348, -806, 359, -866, 312, 2067, 39, -1907, -523, 1319, 1796, -1460, 430, 1928, -1057, -76, 1685, -896, -1147, -1649, -225, 589, 146, 701, -264, -957, 1240, -1692, -1803, 1268, 550, 379, 1149, 1184, 187, -2755, 352, 2871, 16, -127, 250, 47, 817, -1261, 4, -519, -3178, -672, -209, 677, 1889, -3028, -1571, 2185, 498, 2238, 1061, 480, 1041, -2112, 1691, 2874, -2471, 1252, -21, -2044, 539, -3194, -4177, 785]
[0, 0, 0, 0, 0, 0, 0, 0, 0, 0, 0, 0, -1, 0, 1, 1, 0, 1, 1, -2, -2, 2, 1, -2, 0, 0, 1, -1, 2, -1, -1, -2, 3, 0, 3, -2, -1, 0, 3, -1, 1, 0, 1, 0, 2, -2, 0, 1, 1, 0, -1, 2, -1, -2, 3, 0, 2, -1, 0, -2, 0, -3, 1, 1, 66, 5, -73, -49, 48, 53, -50, -23, 70, -82, -118, 103, 162, -9, -130, 40, 143, -19, -9, -10, -89, -81, -24, 75, 189, -77, -271, -211, 176, 197, -51, 70, 251, -158, -153, 180, 221, -7, -257, -21, 169, 3, -204, -234, 89, 192, -433, -78, 534, -79, -401, 60, 485, -70, -241, 569, 485, -233, -17, -246, -422, 39, -45, 11, -20, -7, -382, -392, 553, 491, -559, 61, 563, -176, 61, 311, 383, -264, -345, 115, 280, -165, -310, -730, 169, 343, -461, 259, 853, -137, -630, 39, 423, -337, -278, 799, 258, -300, 240, -290, -320, -88, -119, -265, 82, 439, -110, -517, 793, 691, -627, 417, 695, -133, -1056, -350, 462, -79, -858, 304, 391, -173, -34, -406, 301, -20, -369, 184, 1313, 479, -120, -484, 385, -170, -635, 206, 31, -315, 69, 15, -180, 71, 168, -552, -250, 1007, -336]
[0, 0, 0, 0, 0, 0, 0, 1, 1, -1, 0, -1, -1, -2, 0, 0, 2, 1, 1, 0, 0, 0, 0, -1, 0, -2, 0, 0, 0, 2, 1, 1, 0, 0, 1, 0, 0, 1, -1, 1, 0, 0, 2, 1, -1, -1, -3, 1, -1, -6, 0, -1, 2, -3, 2, 0, -1, -1, 1, -1, 2, 1, -3, 0, -102, -22, 243, 127, -81, -178, -40, -141, -44, 350, 522, -431, -368, -155, 137, 188, 160, -121, -366, -331, 644, 437, 311, -23, -1218, -353, 841, 790, 139, -770, -540, -622, -205, 1899, 673, -1068, -534, -948, 391, 982, 330, 61, -702, 614, 517, -1040, 924, -103, -2264, 850, 683, 150, -538, 21, 1077, -1097, -634, 1185, -2135, 555, 2988, -331, -66, -1005, -1, 531, 197, 2236, -1856, -4499, 782, -186, 1249, 3233, -1320, -1285, -1818, 1057, 2956, -1261, 503, 159, -2104, 3659, 1957, -1161, 85, -3987, -1298, -104, 476, 1502, -2238, -848, 2457, -2360, 1520, 2053, -2097, 1224, 994, 854, 1384, -769, 2657, 263, -1065, 2023, -4014, -5530, 1459, -2251, 880, -23, 489, 1018, -2140, 431, 4425, -2888, 413, 666, 657, 7077, -154, -15, 1108, -3876, -1128, 302, -2540, 1627, -5871, -833, 2603, -3154, 3513, -979, -5413, 3845, -913, -335, 2413, 1978, 6695, 1172, 653]
[0, 0, 0, 0, 0, 0, 0, -1, -1, 1, 0, 1, -1, 2, 0, 2, 0, 0, -1, 0, -1, 2, -2, 1, -1, -1, -1, -1, 0, -1, -1, -1, 0, 0, 1, 0, 1, 1, 0, 2, 0, 1, -2, 0, 0, 2, -1, 2, -2, 4, -3, 1, 4, 0, -1, -2, 1, -1, 2, 1, 2, 1, 1, 2, 173, 39, -461, -169, 36, 308, 226, 443, -50, -746, -870, 856, 443, 433, -74, -717, -659, 439, 1003, 696, -1271, -835, -897, -50, 2552, 933, -1425, -1226, -688, 1343, 1425, 1335, -382, -4044, -949, 2017, 843, 2424, -468, -2513, -1114, -229, 2102, -839, -1146, 1855, -1270, 665, 3830, -2093, -99, -548, 45, 324, -2011, 952, 317, -2043, 5048, -1109, -5553, 778, -294, 2615, 78, -1658, 640, -4007, 3427, 9543, -382, -22, -4832, -7122, 3259, 2110, 3792, -1654, -6745, 2795, -1830, -21, 5685, -6853, -5055, 1706, 1055, 9327, 473, 514, 1042, -4098, 4837, 3318, -5793, 3405, -4684, -4106, 4507, -2246, -416, -1913, -3797, 2928, -7132, -2398, 3213, -3149, 8497, 11496, -1940, 4363, -4767, 495, 1903, -1834, 4490, -771, -8372, 6058, -2137, -1329, -2024, -16229, 553, -322, -1455, 9184, -1477, -2264, 6617, -2440, 13855, 2972, -4271, 7031, -9296, 3612, 12463, -9993, 4363, 555, -7313, -3005, -15911, -6568, -199]
[0, 0, 0, 0, 0, -1, 0, 0, 1, 1, 0, 0, -1, 0, 0, 0, 1, -1, 0, 0, 0, 0, -2, 2, 2, 4, 0, -3, -4, -2, -2, -1, 1, 0, 2, 2, -1, -2, -1, 0, 2, -1, 1, 1, -2, -1, -1, 2, 1, -1, 1, 2, 1, 2, -2, 0, 0, 0, -2, -1, 0, 0, 1, 1, -99, -5, 244, 79, -46, -158, -118, -219, 37, 423, 439, -512, -269, -206, 78, 387, 312, -215, -469, -353, 652, 419, 418, -41, -1364, -374, 839, 599, 286, -682, -702, -672, 112, 2065, 498, -1067, -452, -1168, 393, 1292, 421, 107, -1011, 383, 418, -989, 771, -284, -1995, 1181, 144, 282, -194, -232, 1152, -532, -262, 1122, -2438, 720, 2753, -509, 169, -1459, -162, 847, -268, 2144, -1882, -4825, 496, 80, 2327, 3537, -1706, -1097, -2132, 934, 3546, -1398, 933, 12, -2793, 3491, 2234, -1042, -484, -4700, -113, -210, -183, 2158, -2766, -1625, 2953, -1851, 2300, 2004, -2238, 1322, 59, 1063, 1855, -1617, 3574, 1160, -1447, 1734, -4441, -5772, 1194, -2210, 2413, -385, -929, 923, -2571, 335, 4453, -2901, 902, 690, 1052, 8141, -533, 262, 866, -4580, 796, 1279, -3125, 1354, -7258, -1855, 2123, -3550, 4739, -1870, -6013, 5223, -2674, -255, 3692, 1424, 8047, 3200, 86]
[0, 0, 0, 0, 0, 0, 0, 0, -1, -1, 1, 1, 2, 0, -1, -1, -1, 1, 1, 0, -2, 0, 2, 0, -1, -2, 0, 0, 0, 0, 0, 0, 3, -1, -3, 0, -2, 0, -2, 1, 0, 0, 2, 0, 0, -3, 1, 1, 1, 0, 4, 0, 0, -2, -3, 0, -1, -1, 0, -3, 2, -3, -1, -1, -3, 11, 4, -19, -11, -9, 12, 16, -3, 3, -15, 1, 20, -9, -7, -4, -9, 28, 11, -2, -9, -30, 11, -7, -14, -4, 0, -3, 8, -16, 18, -9, 9, 13, -18, 0, -3, 9, 14, 3, -13, -2, -24, -11, -32, -15, 8, 5, 33, 20, 0, 2, 12, 1, -11, -17, 19, 6, 18, 3, -16, -28, -22, -21, -20, -41, 14, 3, 33, 36, 6, 4, -11, -9, -18, -58, 32, 23, 23, 20, -22, -14, -12, -40, -51, -63, 9, 95, 41, 33, -17, -31, 6, -8, -47, -25, -43, 10, 47, 1, 30, -56, -30, 14, -45, -49, 49, 29, 69, -12, 28, 17, -24, -43, -85, -93, -8, 94, 74, 36, -20, -27, -13, -58, -64, -66, 15, 78, 88, 23, 77, -30, 4, -36, -64, -66, -68, 72, 67, -13, -27, 9, -7, -37, -148, -101, -10]
[0, 0, 0, 0, 0, 0, 0, -1, 1, 0, -2, 1, 1, 2, -1, -1, 3, -1, 1, 0, -1, 0, -2, 0, 1, -1, 2, -3, 1, 0, 1, 0, 0, 2, -1, -3, 1, 0, 0, -1, 2, 0, 3, 3, 2, 0, 1, 2, 3, -1, -2, -1, 1, -1, -2, 1, 1, -1, -1, 1, 1, -2, 1, 0, 155, 52, -303, -161, -19, 180, 191, 340, 49, -523, -614, 533, 273, 262, -57, -492, -438, 282, 764, 590, -847, -636, -721, -109, 1802, 765, -864, -852, -536, 865, 968, 851, -180, -2796, -723, 1287, 580, 1708, -241, -1721, -762, -105, 1463, -477, -904, 1261, -770, 512, 2658, -1375, -79, -380, -114, 47, -1376, 486, 275, -1396, 3562, -591, -3829, 397, -166, 1741, 276, -1082, 378, -2695, 2211, 6645, -3, -27, -3206, -5060, 2050, 1371, 2376, -1084, -4529, 1735, -970, -19, 3989, -4592, -3788, 900, 743, 6503, 935, 446, 934, -2727, 2851, 2145, -4031, 2176, -2945, -2787, 3075, -1376, -438, -1209, -2909, 1496, -4578, -1816, 2366, -2079, 5921, 8123, -1093, 2875, -2869, 217, 1356, -1406, 2688, -314, -5736, 4168, -1293, -1006, -1390, -11317, -186, -278, -967, 6370, -460, -1426, 4776, -1765, 9171, 1999, -2906, 4793, -5819, 2485, 8645, -6775, 2548, 464, -4960, -2204, -10898, -4640, -381]
[0, 0, 1, 0, -2, -1, 2, 1, 0, 0, 0, 0, -2, -1, 1, 0, 0, 1, 2, -2, -1, -1, 1, -1, 0, 2, 0, -1, 2, 2, -1, -1, -2, 1, 4, -2, 2, -1, 0, 1, 1, 0, -1, -1, 0, -1, 0, 0, 2, 1, 0, -1, 4, -2, 0, 1, -3, 2, 1, 1, -1, -2, -1, 0, -64, 24, -49, 127, -348, -88, 446, 588, -389, -252, 63, 259, -602, 431, 580, -943, -1157, 723, 1021, 414, -468, -338, -1003, -379, 1183, 1060, 212, 292, -1370, -80, 1488, 768, -2028, -2224, 688, 534, -211, 2226, 805, -2370, -1800, -223, 2576, 422, -1151, -3, 1087, 1319, -14, -1539, 3001, -755, -2557, 967, 78, -2579, -2254, -51, 4157, -151, -1630, 266, -956, 2033, 35, -1939, 2751, -559, 222, 5240, 3137, -857, -7409, -4420, 2853, -213, 1452, 579, -4197, 1840, -2737, 564, 6055, -1787, -5555, -1052, 3501, 7029, -4798, 1004, 5565, -3958, 2147, 5357, -4379, -1910, -5775, -1668, 2723, -8, 2931, -1277, -3987, 4543, -6780, -5218, 4306, 814, 3814, 5695, 1893, 1410, -9196, 836, 7440, -470, 1726, 211, -1960, 3365, -4134, -372, -2226, -11494, 572, -764, 1670, 7178, -9025, -4887, 6725, 904, 9867, 3129, 601, 4202, -9086, 5196, 9617, -9494, 6249, 63, -7839, 872, -11631, -12422, 2518]
[0, 1, 0, -2, -1, 2, 0, 0, 0, 0, -2, 1, 0, 2, -1, 1, 1, -1, 0, 1, 0, 0, -1, -3, -1, -2, 1, 1, -1, -1, -1, -1, 1, -2, -1, 2, 3, 2, 0, -1, 0, 1, -3, 1, 0, 0, 1, -1, 0, -2, 1, -1, -1, 2, 1, -2, 1, 3, 2, 2, 0, 2, -1, -3, -368, -215, 850, 416, -192, -632, -353, -632, 41, 1467, 1881, -1636, -1178, -723, 184, 1255, 1292, -745, -1921, -1457, 2486, 1658, 1516, 218, -5059, -2141, 2885, 2808, 1266, -2613, -2532, -2481, 403, 7841, 1938, -4035, -1752, -4607, 946, 4896, 2168, 183, -4110, 1749, 2103, -3979, 2747, -1023, -7766, 4152, 705, 906, -179, -436, 3979, -2184, -834, 4117, -9933, 2164, 11371, -1273, 156, -4811, -207, 2886, -1228, 7928, -6688, -18718, 843, 33, 9140, 13731, -6271, -4212, -7625, 3756, 13071, -5301, 3595, 275, -11232, 13398, 9332, -3212, -1808, -17872, -1640, -1045, -1884, 7410, -9531, -5708, 11074, -7455, 8703, 9180, -8802, 4255, 1940, 3670, 6334, -4887, 13498, 3858, -6070, 6967, -16421, -22777, 4326, -8163, 7254, -645, -2638, 2576, -8775, 2566, 16716, -11486, 4531, 2625, 3040, 30675, -1261, 222, 3390, -17499, 1558, 4146, -11927, 5089, -27112, -4845, 8315, -14874, 17926, -5870, -24745, 19246, -7354, -1499, 13982, 6100, 30299, 11078, 940]
[0, 1, 0, -1, 0, 0, -2, -1, 2, 1, 1, 1, -1, -1, 1, -1, 0, -1, 0, -1, -1, 2, -3, 0, 0, 1, 0, -2, 0, -1, 1, 2, -1, -1, -2, 0, -2, 1, 2, 2, 2, -2, -1, -1, -4, 0, 0, -1, -1, 2, -2, 1, 2, 1, 0, -3, -1, -1, -2, -1, 2, 1, -2, 1, -367, -214, 821, 306, 88, -472, -607, -1075, 182, 1601, 1779, -1731, -669, -927, -125, 1824, 1927, -1139, -2480, -1761, 2625, 1800, 2222, 394, -5709, -2658, 2634, 2383, 2094, -2337, -3332, -2829, 1465, 8934, 1567, -4126, -1553, -5765, 502, 6163, 2962, 207, -5499, 1130, 2710, -3787, 2026, -1886, -7490, 4998, -992, 1365, 1380, -923, 3953, -322, 446, 4078, -12029, 2103, 11821, -1415, 835, -6097, -668, 3853, -2682, 7994, -6429, -21206, -1011, 645, 12960, 16011, -7528, -3892, -8087, 3149, 15225, -5897, 4718, -169, -14411, 13667, 12456, -2470, -3855, -21465, 842, -1582, -4959, 9530, -10065, -8821, 13442, -5832, 11501, 9371, -9932, 4237, 68, 4207, 9028, -7233, 16669, 7175, -8348, 6109, -18269, -25502, 3018, -8621, 12325, -1351, -7183, 3087, -9248, 1606, 17672, -12877, 6190, 2704, 4434, 36626, -1082, 854, 2308, -21161, 6581, 7189, -15622, 4526, -31777, -7288, 7554, -16477, 22114, -9080, -29265, 24493, -10821, -1520, 17877, 5021, 36037, 18352, -318]
[0, 0, 0, 0, 0, 0, 0, -1, -2, 0, 2, 1, 3, 1, -1, -2, -3, 1, 1, 1, 2, 0, -1, 0, -3, -2, -1, -1, 2, 0, -1, 1, -2, -1, -2, -1, -1, 1, -1, 3, -2, 0, 0, -2, 2, 0, 1, 0, 3, 2, -1, 0, -2, 0, -1, -1, 0, -3, 1, -2, -1, 1, -1, 0, 55, 6, -177, -63, 66, 131, 59, 113, -54, -275, -352, 363, 235, 140, -81, -188, -182, 114, 249, 226, -472, -295, -171, 79, 934, 159, -652, -531, -133, 539, 451, 488, 51, -1460, -463, 817, 318, 712, -335, -748, -227, -77, 627, -391, -286, 783, -629, 69, 1582, -787, -400, -182, 394, 125, -869, 706, 315, -920, 1560, -533, -2086, 412, 55, 951, 77, -457, -16, -1764, 1398, 3369, -681, 106, -1240, -2448, 1155, 847, 1458, -806, -2359, 1010, -656, -48, 1789, -2697, -1312, 1032, 88, 3099, 304, 73, -399, -1360, 1999, 866, -1832, 1670, -1380, -1468, 1528, -1174, -400, -797, -960, 1118, -2267, -374, 722, -1519, 2956, 3997, -1104, 1703, -1342, 234, 200, -673, 1903, -348, -3313, 2131, -409, -471, -590, -5456, 403, -80, -775, 3034, -30, -677, 1878, -1175, 4902, 1084, -1736, 2378, -3035, 1016, 3908, -3264, 1409, 201, -2068, -1193, -5321, -1315, -195]
[0, 0, 0, 0, 0, 0, 1, 1, -1, -1, 0, -1, 1, 1, -1, -1, -1, 0, -1, 1, 0, 0, 1, 2, 0, 1, 1, 0, -2, 1, 2, -1, 2, 0, 0, 2, 0, 0, 1, 2, 0, -1, -1, -3, -1, -3, 0, 1, 3, 0, 3, -3, -2, 3, 0, -1, 4, 1, -1, -2, -2, 1, 0, 2, -106, 3, 253, 101, -160, -213, 10, -31, -35, 357, 465, -430, -432, -115, 207, 154, 17, -9, -200, -210, 503, 300, 102, -127, -1016, -99, 888, 692, -45, -752, -306, -478, -326, 1504, 654, -919, -476, -610, 586, 652, -34, 92, -358, 530, 61, -1022, 1028, 72, -1963, 821, 877, 100, -833, 3, 1168, -1215, -763, 1082, -1367, 703, 2311, -499, -128, -948, -62, 361, 373, 1998, -1870, -3404, 1293, -159, 544, 2407, -1001, -1124, -1774, 1139, 2530, -991, 383, 125, -1236, 3049, 639, -1344, 428, -2807, -1123, 38, 1161, 1166, -2357, -222, 1718, -2357, 969, 1691, -1480, 1323, 819, 699, 590, -545, 2013, -224, -268, 1941, -3392, -4231, 1697, -1839, 116, -187, 904, 604, -2257, 682, 3951, -2018, -50, 631, 447, 5112, -574, 16, 1308, -2657, -1249, 75, -1339, 1534, -4821, -1016, 2251, -2624, 2574, -471, -3535, 2699, -1252, -208, 1879, 1659, 5057, 24, 681]
[0, 0, 0, 0, 0, 0, 0, -1, 0, 1, 0, 1, 0, 0, -1, 0, 0, 0, -1, 1, -1, 0, 0, 2, 0, -1, 1, 1, -1, -4, 1, 0, 1, -1, 0, 0, -3, 2, 0, 0, 1, 0, 0, 1, -2, -1, 1, -1, -1, -1, 0, 0, 0, 0, -2, 4, 3, -1, 2, 6, 1, 3, 1, 1, 25, -8, -83, -42, 66, 88, -73, -46, 42, -61, -127, 126, 191, -2, -128, 49, 129, -40, -46, -48, -132, -40, 82, 77, 163, -135, -322, -207, 194, 266, -41, 83, 247, -201, -159, 252, 161, -25, -278, -21, 153, -18, -192, -283, 115, 270, -485, -131, 601, -90, -496, 86, 542, -33, -326, 704, 467, -292, -24, -232, -516, 156, 46, 16, -156, -28, -384, -489, 621, 473, -738, 82, 559, -156, 107, 387, 485, -356, -323, 208, 69, -88, -325, -825, 381, 486, -490, 130, 651, -112, -886, 20, 650, -469, -167, 944, 164, -341, 269, -243, -484, -112, 278, -177, -170, 604, -313, -596, 663, 708, -767, 408, 732, -79, -1180, -75, 585, -260, -884, 283, 248, -178, 89, -305, 359, 104, -472, 84, 1187, 486, -280, -454, 532, -204, -790, 317, -143, -372, 203, 106, -165, 32, 215, -660, -379, 1215, -318]
[0, 0, 0, 0, 0, 0, 0, 1, 0, 0, 0, -1, -1, 0, 0, 0, 0, 0, 1, -2, 1, 0, 1, -1, 2, -1, 0, -1, 1, 3, 1, 0, 1, -2, 2, -1, 1, -1, -1, -2, 1, 0, 0, -2, -1, 3, 2, 0, 0, -3, 1, -1, 0, 1, -1, -4, 3, 4, -2, -3, 0, 1, 2, 2, 8, 3, -4, -1, 4, -17, 15, 7, 17, -4, -18, -11, 1, -16, 28, -19, -9, -17, -6, 45, 34, -11, -12, -34, 19, 52, 13, 22, -31, -27, 11, -30, 30, -3, -54, -15, 3, 8, 18, -32, 33, -5, 22, 62, -3, -4, 56, 13, 2, -38, -5, 4, -52, -31, -10, -108, -30, -20, 46, 46, 16, -23, 30, 33, 114, 26, 28, -4, -27, 14, 44, -29, -26, -51, -73, -55, 9, -21, -21, -25, 41, 28, 31, 116, 14, -82, 88, -3, 14, 41, 26, 7, -95, -26, 48, -126, 35, 76, -68, 36, 59, 39, 4, -123, 74, -46, -36, 24, -51, -15, 100, -115, 100, 31, 69, 29, -12, 67, 4, -117, 135, -61, -12, 3, -121, -74, -59, -6, 22, -110, 71, -16, -24, 154, 55, 15, 119, 74, 38, -86, 70, 26, -118, 40, 37, -148, -103]
[0, 0, 0, 0, 1, 0, -1, -2, 0, 1, 1, 2, -1, -1, 1, 1, 1, -2, -1, -1, 1, -1, 1, 1, 1, 0, -1, 1, 1, -2, 2, -1, 2, 0, 0, -2, 0, 1, 1, 2, 3, -1, 1, 1, 2, 0, 3, -4, 0, 0, 2, -2, 2, 0, 3, 3, 3, 0, 1, 1, 0, -2, 2, 0, 12, -26, -40, -46, 222, 117, -196, -288, 134, 41, -110, 12, 396, -138, -275, 376, 492, -326, -458, -201, 97, 132, 553, 215, -323, -535, -344, -271, 645, 243, -558, -221, 913, 647, -381, 11, 137, -869, -510, 886, 827, 42, -1027, -372, 607, 254, -699, -670, 455, 413, -1483, 313, 1370, -325, -289, 1485, 1108, -257, -1548, -165, 265, 106, 531, -670, -93, 731, -1194, -269, 398, -1667, -1824, 400, 3049, 1516, -885, 367, -57, -597, 1290, -477, 887, -238, -2358, 77, 2614, 938, -1564, -2591, 1838, -486, -2851, 1406, -68, -2295, 1711, 1428, 2195, 306, -864, -328, -1394, 322, 2069, -1538, 2334, 2465, -2010, -838, -1145, -1755, -1266, -229, 3838, -220, -3338, 322, 57, -510, 99, -1149, 1757, 29, 1006, 4115, 247, 389, -1035, -2702, 3845, 1935, -2781, -702, -2978, -1158, -691, -1216, 3186, -2198, -3356, 3507, -2108, -62, 2997, -710, 4065, 5534, -1030]
