48 3 19 36 35
[1, 0, -2, -1, 0, 0, 1, 1, -2, 2, 2, -3, 0, 3, 1, -2, 1, -3, 0, 4, -2, 0, 0, -3, -1, 2, 0, 0, 0, 0, 1, 0, -1, 0, 1, 2, -1, -1, 3, -2, -1, -36, -199, -92, 93, -76, 156, 290, 360, 68, -82, 106, -655, -124, -104, -223, 13, 287, 897, -659, -459, 256, -527, -423, -8, 350, 866, 979, 1458, -570, -1089, 651, -1471, -713, -1066, -69, 1343, -78, 1344, -1152, -391, 337, -1819, 977, 465, -44, 1631, 1336, 1609, -1868, -1886, 61, -3102, 1287, 1268, -1935, 1361, 1817, 3236, -2698, -3437, 2873, -1285, 1507, -130, -1767, 2232, -1077, 1198, -2482, -3694, 1430, -568, 1518, 625, -380, 4794, -1297, -31, 2478, -1725, 409, -3448, 3029, 2162, -5337, 41, -2052, 484, 662, -3453, 2441, -790, 2622, 4145, -4263, 936, 876, 3197, -775, -5986, 4989, 928, -3623, -1213, -1514, 3206, -240, -755, 2426, -3759, 3987, -643, -3316, 3424, -3854, 4885, -277, -405, 582, -4841, 3114, -5494, 2324, 4396, -6957, 644, 5387, 4043, -3523, -7712, 2781, 1737, -1309, 4523, -7313, 5031, 5990, -700, 1327, -12332, 4798, -832, 3268, 4634, -9368, 7997, -1080, -1974, 623, -7190, 1094, -1182, 5731, 9174, -10953, -532, 5593, -1451, 3825, -13560, 4117, 2864, -6162, 8286, -11415, 4605, -369, 3299, 8013, -11779]
[0, 0, 0, 0, 0, 0, 0, 0, 0, 0, 0, 0, 0, 0, 0, 0, 0, 0, 0, 0, 0, 0, 0, 0, 0, 0, 0, 0, 0, 0, 0, 0, 0, 0, 0, 0, -1, -1, 1, 1, 0, 0, 4, 3, -2, 0, -4, -5, -4, 0, -1, -6, 13, 8, -2, 1, 1, -1, -13, 9, 7, -7, 13, 10, -2, -10, -12, -16, -26, 4, 14, -11, 21, 20, 18, 13, -22, -6, -17, 22, 2, -22, 37, -6, -4, -4, -27, -34, -27, 35, 11, -4, 59, 16, -24, 26, -11, -36, -59, 12, 51, -33, 34, -18, 2, 35, -30, 1, -39, 35, 56, 12, 19, -24, 1, 2, -77, -43, -6, -37, 16, 12, 66, 10, -38, 61, -13, 30, -9, -14, 49, -14, 44, -26, -68, -19, -8, -20, -50, 7, 84, 7, -10, 76, -17, -4, -48, -46, 15, -6, 64, -60, 27, 61, -60, 11, -53, -22, 9, 68, 60, -46, 61, -6, -81, 15, 0, -98, -40, 85, 108, 6, -15, -1, -59, 95, -70, -130, 21, 30, 108, -44, 31, -70, -90, 126, -81, -12, 40, 62, 90, 1, 76, -88, -157, 36, 23, -53, -47, -54, 190, 43, -22, 75, -106, 105, -70, 1, -49, -114, 178]
[0, 0, 0, 0, 0, 0, 0, 0, 0, 0, 0, 0, 0, 0, 0, 0, 0, -1, 0, 0, 0, 0, -1, 1, 0, 0, 0, 0, 0, 0, 0, 0, 0, 0, -1, 0, 0, 1, 1, 1, 0, -16, -3, 0, 1, -6, 0, 25, 22, 11, -9, -14, -28, 22, -18, -34, -14, 36, 68, -67, -26, -15, 1, 11, -13, 16, 40, 69, 90, -46, -93, 28, -70, 0, -96, 21, 79, -72, 99, -62, -22, -43, -78, 171, 27, 2, 105, -3, 99, -122, -161, -39, -195, 222, 70, -169, 104, 65, 213, -232, -270, 323, -31, 134, -13, -86, 172, -247, 37, -247, -308, 258, 25, 106, 54, 4, 375, -295, -62, 233, -172, 136, -202, 387, 130, -591, 35, -190, -28, -23, -284, 359, 46, 324, 318, -625, 88, 66, 201, -155, -492, 607, 106, -229, -159, -253, 194, -201, -50, 418, -260, 310, 71, -8, 184, -591, 424, -298, -35, 414, -424, 168, -381, 422, 175, -849, 93, 293, 313, -104, -560, 452, 220, -263, 275, -622, 432, 103, -25, 411, -1044, 638, -61, 12, 208, -818, 668, -414, -62, 472, -640, 203, 124, 408, 575, -1305, -31, 669, -227, 300, -1135, 732, 412, -749, 566, -1351, 374, 244, 185, 739, -831]
[0, 0, 0, 0, 0, 0, 0, 0, 0, 0, 0, 0, 0, 0, 0, 0, 0, 0, 0, -1, -1, 0, 0, 0, 0, 1, 0, 0, 1, 0, 0, 0, 0, -1, 0, -1, -1, 0, 0, 0, 1, 4, -8, -9, 0, 0, 2, 6, 9, 2, 6, 11, -19, -32, 2, 4, -1, 3, 14, 13, -5, 16, -28, -38, 3, 6, 14, 15, 30, 8, -6, 8, -35, -50, -12, -19, 22, 52, 20, -16, -3, 30, -60, -64, 8, 2, 26, 80, 31, -28, -4, 12, -70, -80, 34, 6, 2, 66, 58, 5, -33, -58, -56, -20, 4, -28, 4, 105, 46, 6, -24, -84, -58, -12, 6, -12, 39, 132, 24, -20, 21, -67, -94, -96, 53, 98, -22, 12, 35, 29, -12, -125, -90, -86, 42, 164, -32, 48, 70, 45, -32, -148, -32, -90, 24, 82, 42, 177, -13, -168, -24, -12, -105, -188, 84, 209, 12, 192, -20, -232, 9, 16, -108, -173, 146, 218, -48, 100, 33, -147, -76, -202, -66, 114, 84, 40, 9, 279, -42, -277, -31, -190, -46, 168, 130, 34, 34, 222, -100, -358, 18, -46, -153, 16, 148, 310, -74, -154, 50, -40, -32, -229, -110, 113, 120, 268, -8, -156, 41, -70, -100]
[0, 0, 0, 0, 0, 0, 0, 0, 0, 0, 0, 0, 0, 0, 0, 0, 0, 0, 0, 0, 0, 0, 0, 0, 0, 0, 1, 1, -1, -1, -1, -1, 0, 0, 0, 0, 0, 1, 1, 0, -1, 0, 19, 9, -7, 2, -16, -16, -29, -3, -4, -19, 63, 26, 5, 6, 2, -15, -69, 48, 29, -32, 61, 49, -3, -48, -73, -69, -122, 45, 72, -60, 128, 83, 93, 8, -119, -16, -102, 107, 11, -54, 173, -45, -28, -12, -143, -140, -126, 174, 119, -19, 277, -47, -104, 142, -105, -170, -281, 195, 259, -184, 130, -118, 20, 139, -168, 34, -119, 180, 280, -49, 79, -132, -34, 26, -391, 24, -12, -202, 91, 35, 311, -161, -181, 336, -3, 175, -46, -83, 247, -121, 121, -146, -322, 182, -56, -52, -272, 26, 444, -288, -66, 368, 69, 19, -260, -59, 73, -88, 275, -338, 96, 342, -288, 136, -360, -66, 53, 110, 325, -276, 443, -68, -391, 379, -12, -486, -309, 385, 580, -127, -110, 31, -372, 541, -367, -593, 101, 55, 860, -273, 105, -340, -418, 712, -596, -4, 208, 114, 474, -10, 197, -495, -771, 611, 83, -296, 71, -320, 988, -145, -152, 406, -660, 636, -366, 106, -228, -630, 880]
[0, 0, 0, 0, 0, 0, 0, 0, 0, 0, 0, 0, 0, 0, 0, 0, 0, 0, 1, 0, 0, 1, 0, 0, -1, 0, 0, 0, 0, 0, 1, 0, -1, 0, 1, 0, 1, 0, -1, 0, 1, -6, -6, 7, 8, 0, 3, 12, 13, -7, -2, -6, -22, 18, -6, -12, -8, 18, 26, -50, -5, 1, -6, 18, 5, 24, 35, 27, 40, -46, -37, 16, -52, 15, -48, 34, 44, -50, 45, -50, 1, -24, -40, 111, 18, 8, 62, -12, 41, -81, -84, 1, -100, 152, 30, -82, 82, 18, 115, -168, -130, 185, -15, 76, -15, -14, 90, -152, 5, -127, -165, 176, 16, 72, 48, 8, 210, -216, -17, 134, -79, 75, -98, 263, 56, -333, 17, -104, -29, -5, -150, 209, 43, 180, 170, -380, 74, 32, 108, -78, -244, 435, 71, -124, -104, -137, 98, -187, -42, 250, -111, 188, 61, 9, 90, -316, 249, -182, 4, 298, -217, 104, -215, 240, 66, -545, 47, 158, 198, -50, -266, 342, 128, -151, 166, -346, 223, 29, -7, 263, -560, 405, -63, -20, 108, -442, 412, -258, 0, 368, -307, 108, 80, 237, 299, -807, 30, 349, -185, 178, -601, 510, 226, -406, 324, -711, 242, 164, 91, 418, -391]
[0, 0, 0, 0, 0, 0, 0, 0, 0, 0, 0, 0, 0, 0, 0, 0, 0, 0, 0, 0, 0, 0, 0, 0, 0, 0, -1, -1, 0, 0, 0, 1, 1, 0, 2, 0, 0, 0, 0, -1, 1, 13, 0, -15, -5, 4, -7, -17, -18, 9, 13, 25, 21, -40, 22, 27, 7, -42, -43, 75, 18, 4, -10, -37, 2, -19, -49, -32, -60, 84, 78, -23, 69, -48, 73, -75, -63, 98, -82, 57, 21, 81, 35, -198, -31, 18, -87, 68, -61, 101, 176, -4, 130, -340, -38, 154, -138, 5, -163, 331, 213, -320, -6, -132, 20, 28, -154, 283, 41, 190, 275, -375, -46, -122, -89, 36, -326, 522, 42, -217, 171, -178, 115, -570, -76, 592, -5, 167, 40, 33, 277, -392, -149, -326, -251, 849, -138, -19, -151, 127, 440, -890, -129, 124, 238, 317, -164, 450, 65, -468, 192, -306, -139, -92, -134, 655, -450, 348, -4, -684, 407, -162, 377, -454, -66, 1158, -111, -194, -333, -13, 494, -711, -265, 266, -251, 632, -391, 106, -11, -534, 1124, -692, 19, 128, -102, 785, -742, 458, -38, -848, 599, -217, -289, -364, -435, 1718, -76, -636, 440, -308, 1056, -1073, -424, 663, -532, 1372, -362, -293, -151, -713, 680]
[0, 0, 0, 0, 0, 0, 0, 0, 0, 0, 0, 0, 0, 0, 0, 0, 0, 0, 0, 0, 0, 0, -1, 0, 0, -1, 0, 0, 0, -1, 0, 0, 2, 1, 0, 0, 0, 1, 0, 1, 0, 17, 28, -12, -24, 10, -30, -51, -63, 10, 23, 10, 119, -24, 31, 55, 5, -82, -161, 175, 74, -40, 71, 10, -8, -83, -170, -151, -252, 183, 216, -121, 279, 37, 216, -79, -254, 108, -255, 228, 62, 43, 285, -339, -88, 20, -322, -96, -273, 373, 427, -41, 545, -541, -202, 414, -332, -237, -607, 734, 673, -706, 176, -346, 44, 249, -458, 427, -114, 520, 776, -600, 37, -350, -177, 102, -989, 748, 31, -569, 396, -228, 576, -1017, -358, 1304, -11, 450, -17, -45, 741, -723, -45, -670, -809, 1477, -288, -119, -574, 197, 1250, -1634, -270, 634, 411, 516, -608, 557, 177, -800, 698, -880, -63, 324, -604, 1157, -1120, 374, 35, -826, 1044, -622, 1141, -752, -661, 2191, -193, -952, -882, 473, 1536, -1174, -521, 427, -857, 1653, -1074, -634, 83, -711, 2800, -1367, 141, -248, -742, 2091, -1845, 592, 216, -1042, 1546, -345, -113, -1191, -1693, 3315, -47, -1344, 684, -864, 2896, -1731, -808, 1467, -1640, 2860, -1034, -307, -583, -1847, 2248]
[0, 0, 0, 0, 0, 0, 0, 0, 0, 0, 0, 0, 0, 0, 0, 0, 0, 0, 0, 1, 1, 0, 0, 0, 0, 0, 0, 0, 0, 0, 0, -2, 0, 0, -1, 0, -1, 1, 0, 1, -1, -1, 11, 17, 0, 0, 0, -8, -13, -15, -1, -21, 25, 32, -7, 2, -2, 5, -36, 0, 18, -9, 35, 44, 9, -11, -20, -46, -52, -20, 27, -26, 40, 78, 30, 53, -50, -44, -39, 36, 11, -67, 98, 42, -9, -18, -52, -115, -64, 64, 9, 21, 123, 120, -56, 48, 1, -117, -107, -48, 105, -11, 81, -28, -4, 91, -48, -74, -108, 75, 82, 126, 61, -18, 16, -6, -118, -239, -5, -42, 7, 76, 156, 149, -90, 23, -21, 54, -34, -49, 56, 52, 142, 4, -117, -233, 44, -37, -117, 4, 136, 227, 16, 188, -85, -79, -90, -265, 1, 90, 120, -80, 118, 215, -120, -94, -44, -142, 47, 346, 81, -100, 103, 91, -217, -257, 24, -228, -55, 246, 204, 233, 47, -29, -125, 118, -101, -410, 57, 204, 85, 76, 63, -265, -216, 181, -60, -138, 158, 430, 134, 68, 241, -166, -313, -335, 107, -11, -216, -64, 272, 356, 50, 80, -200, 7, -78, 124, -104, -121, 335]
[0, 0, 0, 0, 0, 0, 0, 0, 0, 0, 0, 0, 0, 0, 0, 0, 0, 1, 0, -1, -1, 0, 1, -1, 0, 0, 1, 1, 0, 0, 0, 0, -1, 1, 0, 0, -1, 0, 1, 0, 0, -1, -2, 0, 2, -3, -1, 3, 7, -1, -7, 3, 0, -2, -1, -2, 5, 5, 3, -1, -6, 1, -2, -5, -2, -3, 11, 6, -2, 3, -6, 2, -11, -3, 9, -5, 4, 4, 10, 0, -12, -4, -7, -2, 17, -4, 0, 14, 6, 1, -26, -1, 4, 4, 4, -11, 11, 8, 1, -10, -14, 1, 2, 4, 9, -3, 2, 9, -8, -7, -9, 12, -4, -4, 27, -14, -1, -1, 7, -5, -10, 7, -1, 19, 4, -11, -17, 6, 2, 6, -13, 0, 13, 8, 8, -42, -2, 7, 25, -5, -20, 25, -1, 7, -6, -23, 0, 29, 10, 6, -10, -4, -10, -30, 10, -27, 30, 22, 8, 26, -26, 12, -39, 1, 14, -6, 6, 17, 35, -8, -34, -29, -10, -15, 41, -30, 18, 53, 19, 4, -85, -3, -1, 35, 10, -25, 50, 28, 2, -45, -45, -7, 18, 11, 17, -13, 14, 13, -15, -4, -49, 58, -10, 7, 62, -55, 2, -28, 36, -10, -44]
[0, 0, 0, 0, 0, 0, 0, 0, 0, 0, 0, 0, 0, 0, 0, 0, 0, 0, 0, 0, 0, 0, 1, 0, 0, 0, -1, 0, 0, 1, 0, 2, 0, -1, 0, 0, 0, 1, 0, -1, 1, -17, -30, -3, 20, -13, 27, 57, 67, 7, -18, 4, -125, 6, -27, -59, -9, 77, 182, -167, -82, 33, -83, -36, -4, 83, 165, 188, 282, -148, -226, 127, -279, -88, -235, 27, 274, -82, 271, -230, -61, -1, -332, 312, 84, 6, 339, 162, 308, -390, -407, -2, -609, 421, 238, -428, 302, 303, 662, -634, -725, 709, -216, 352, -35, -301, 476, -389, 192, -569, -807, 486, -59, 338, 146, -62, 1041, -521, -43, 585, -391, 182, -659, 836, 416, -1303, 40, -468, 33, 62, -750, 698, -57, 680, 876, -1251, 240, 165, 631, -225, -1300, 1353, 255, -730, -325, -449, 646, -310, -155, 750, -764, 886, -8, -415, 654, -1083, 1098, -316, -69, 558, -1059, 634, -1140, 720, 773, -1873, 180, 1054, 870, -588, -1594, 920, 481, -424, 882, -1635, 1119, 849, -112, 596, -2714, 1320, -176, 394, 860, -2117, 1775, -546, -308, 673, -1575, 335, -49, 1240, 1838, -2888, -55, 1379, -462, 864, -2961, 1396, 794, -1539, 1682, -2827, 1048, 261, 630, 1873, -2386]
[0, 0, 0, 0, 0, 0, 0, 0, 0, 0, 0, 0, 0, 0, 0, 0, 0, 0, 0, 0, 0, 0, -1, -1, 0, 0, 0, 0, 1, 1, 0, 0, 0, -1, 0, 0, 0, 2, 1, 0, 1, 7, 10, -11, -11, 5, -16, -18, -30, 7, 16, 10, 52, -24, 19, 29, -3, -42, -72, 88, 37, -20, 28, -9, -3, -33, -88, -61, -112, 102, 106, -63, 131, -2, 98, -58, -119, 70, -124, 106, 39, 37, 120, -183, -46, 22, -151, -15, -119, 171, 226, -27, 232, -329, -86, 213, -179, -87, -268, 398, 318, -358, 58, -182, 26, 110, -224, 238, -23, 240, 370, -354, 2, -186, -98, 74, -464, 476, 21, -278, 207, -136, 238, -599, -153, 670, 2, 228, -5, -22, 368, -397, -86, -350, -363, 852, -160, -15, -266, 86, 620, -946, -146, 259, 238, 307, -300, 387, 88, -444, 332, -444, -67, 98, -268, 664, -576, 238, 12, -544, 531, -328, 544, -414, -276, 1244, -119, -423, -455, 169, 764, -712, -287, 237, -414, 863, -519, -213, 30, -451, 1452, -716, 14, -78, -308, 1077, -948, 344, 72, -709, 794, -174, -162, -586, -764, 1865, -74, -694, 409, -460, 1430, -1027, -426, 726, -806, 1512, -504, -177, -275, -939, 1082]
[0, 0, 0, 0, 0, 0, 0, 0, 0, 0, 0, 0, 0, 0, 0, 0, 0, 0, 0, 0, 0, 0, 0, 0, 0, 0, 0, 0, 0, 0, 0, -1, 1, 1, -1, 2, -1, 0, -1, 1, 0, -11, 4, 6, 0, -1, -1, 7, 4, 0, -2, -15, 0, 26, -11, -9, -10, 14, 14, -37, -1, -15, 18, 25, -7, 15, 8, 11, 16, -31, -27, 1, -10, 31, -40, 36, 18, -68, 26, -19, 8, -43, 6, 119, 2, 10, 26, -56, 10, -46, -58, -23, -46, 156, 4, -68, 47, -23, 61, -121, -74, 173, 21, 72, -14, -2, 58, -183, -27, -101, -111, 165, 42, 54, 21, 20, 138, -243, -41, 121, -64, 85, -28, 245, 18, -301, 15, -99, -49, -19, -96, 221, 75, 182, 106, -369, 50, -1, 36, -101, -160, 377, 69, -72, -106, -126, 32, -223, -24, 278, -54, 146, 104, 95, 14, -335, 171, -258, -8, 332, -154, 50, -115, 274, -50, -508, 53, 56, 110, 27, -130, 331, 136, -169, 61, -260, 162, -138, -1, 325, -402, 389, -35, -102, -10, -343, 276, -340, 44, 447, -231, 99, 157, 161, 131, -749, 22, 341, -195, 154, -414, 461, 240, -393, 152, -679, 166, 165, 24, 367, -215]
[0, 0, 0, 0, 0, 0, 0, 0, 0, 0, 0, 0, 0, 0, 0, 0, 0, 0, 0, 0, 0, 0, 1, 0, 0, 1, 0, 0, 0, 1, -1, -1, 0, 0, -2, 0, 0, -1, 0, 0, 1, -18, -13, 16, 14, -9, 19, 40, 41, -8, -17, -19, -77, 36, -28, -48, -11, 64, 118, -138, -50, 17, -29, 19, 0, 58, 110, 104, 180, -140, -166, 76, -179, 8, -172, 69, 178, -118, 184, -153, -41, -60, -176, 308, 54, -18, 231, 10, 188, -265, -317, 18, -385, 467, 138, -316, 242, 126, 442, -551, -501, 587, -98, 272, -37, -173, 346, -414, 64, -401, -599, 521, 13, 260, 121, -70, 755, -657, -51, 452, -321, 239, -390, 834, 252, -1075, 36, -353, -19, 2, -572, 638, 83, 568, 608, -1252, 236, 92, 395, -184, -958, 1331, 231, -432, -333, -472, 438, -532, -135, 726, -519, 664, 124, -95, 418, -1016, 854, -420, -23, 796, -811, 424, -804, 692, 403, -1827, 168, 636, 640, -242, -1134, 1029, 457, -384, 583, -1265, 839, 268, -42, 704, -2118, 1172, -88, 52, 472, -1612, 1388, -614, -100, 1045, -1199, 350, 191, 870, 1202, -2754, 53, 1127, -552, 656, -2227, 1478, 720, -1220, 1160, -2395, 792, 388, 406, 1458, -1662]
[0, 0, 0, 0, 0, 0, 0, 0, 0, 0, 0, 0, 0, 0, 0, 0, 0, 0, 0, -1, 0, 0, 0, 0, 0, 1, -1, 1, -1, 0, 1, 0, 0, 0, 1, 1, 1, -1, 0, -1, 0, -14, -15, -3, 8, -3, 9, 31, 35, 9, -14, 1, -60, 2, -10, -33, -5, 38, 97, -84, -44, 8, -37, -16, -8, 36, 79, 98, 140, -65, -123, 63, -131, -45, -121, 7, 134, -44, 142, -116, -36, 6, -165, 159, 47, -2, 165, 84, 155, -200, -199, -15, -305, 208, 116, -226, 144, 156, 326, -295, -374, 364, -105, 182, -18, -159, 238, -206, 111, -304, -409, 238, -29, 164, 73, -34, 517, -234, -37, 295, -196, 94, -335, 413, 205, -672, 38, -250, 5, 27, -377, 354, -31, 348, 442, -597, 108, 76, 316, -130, -666, 660, 117, -386, -131, -233, 308, -134, -78, 392, -379, 440, -7, -186, 318, -584, 551, -184, -47, 276, -546, 314, -542, 373, 373, -917, 87, 528, 432, -308, -814, 474, 233, -240, 441, -845, 560, 435, -62, 308, -1318, 657, -96, 210, 410, -1094, 886, -300, -170, 361, -831, 149, -21, 619, 914, -1425, -41, 712, -172, 432, -1522, 682, 400, -818, 842, -1484, 512, 173, 309, 950, -1201]
[0, 0, 0, 0, 0, 0, 0, 0, 0, 0, 0, 0, 0, 0, 0, 1, 0, 0, 1, 0, 0, 0, 0, 0, 1, 1, 0, 0, 1, -1, 0, 0, -1, 0, 0, 1, 1, -1, -1, 0, 1, 8, -2, 4, 4, 9, 8, -6, 1, -16, 9, 2, -14, -8, 6, 14, 3, 4, -13, -1, 14, 23, -21, 0, 15, 16, 15, -21, -2, -26, 20, 6, -17, -2, 6, 40, 8, 14, -5, -18, 13, 12, -17, -26, 1, 2, 11, 10, -12, -15, 25, 43, -9, 25, -2, 30, 27, -4, 5, -53, 36, -47, -12, -16, -13, 41, -10, 49, 5, 45, 22, 15, -33, 12, 20, -14, -7, -39, 34, -26, 53, -39, -12, 55, -5, 91, -3, 20, 18, 28, 19, -67, -1, -68, -28, 48, 18, -14, 10, 55, 48, 89, -8, -10, -1, 52, 14, -56, -32, -90, 72, 4, -26, -29, 12, 145, 11, 92, 11, 5, 57, 24, -13, -110, 29, -19, -26, 4, 30, -42, 36, 107, -21, 76, 43, 52, -49, 48, -23, -111, 74, -86, -19, 26, 22, 82, 67, 104, -10, 87, 114, -42, 0, -8, 1, 5, 29, -151, -61, -12, 101, 60, -80, 131, 48, 263, -6, -8, -24, -72, 140]
[0, 0, 0, 0, 0, 0, 0, 0, 0, 0, 0, 0, 0, 0, 0, -1, 0, 0, -1, -1, -1, 0, 0, 1, 0, 0, 0, 0, 1, 0, -1, -1, -1, 0, -1, 0, 0, -1, 0, -1, 0, -12, -21, -5, 8, -6, 16, 29, 36, 6, -9, 4, -76, -10, -14, -26, -6, 33, 104, -87, -50, 25, -57, -38, -4, 52, 91, 99, 164, -86, -131, 78, -162, -72, -138, 5, 158, -32, 150, -143, -38, 22, -208, 149, 38, -4, 196, 115, 175, -241, -219, 8, -365, 202, 134, -253, 159, 194, 385, -351, -412, 367, -151, 200, -25, -205, 260, -185, 121, -309, -456, 212, -63, 200, 59, -56, 586, -253, -21, 331, -220, 56, -402, 418, 239, -689, 13, -287, 27, 54, -422, 333, -82, 330, 483, -605, 118, 64, 349, -109, -740, 683, 130, -473, -171, -206, 356, -152, -108, 346, -449, 520, -43, -317, 384, -539, 587, -114, -69, 167, -594, 390, -647, 319, 461, -1001, 74, 637, 455, -427, -928, 466, 243, -193, 490, -959, 612, 564, -107, 215, -1499, 640, -121, 284, 492, -1230, 952, -230, -220, 282, -894, 101, -119, 732, 1061, -1544, -63, 677, -238, 510, -1675, 581, 388, -815, 914, -1495, 570, 36, 337, 1064, -1403]
[0, 0, 0, 0, 0, 0, 0, 0, 0, 0, 0, 0, 0, 0, 0, 0, 0, 0, -1, 0, 0, -1, 1, 1, 1, 0, 0, 0, -1, -1, 0, 1, -1, -1, 0, 1, 0, -1, 0, 0, 0, 1, -20, -9, 10, -3, 22, 17, 36, 6, -13, 11, -74, -24, -11, -18, 15, 35, 91, -60, -51, 42, -73, -58, 1, 39, 101, 91, 148, -78, -106, 92, -169, -95, -92, 14, 150, 16, 143, -129, -52, 35, -211, 56, 51, -10, 174, 152, 169, -197, -203, 31, -307, 155, 130, -205, 154, 213, 321, -336, -342, 238, -148, 162, -14, -179, 226, -36, 108, -224, -348, 149, -91, 182, 78, -80, 463, -195, 19, 239, -158, -13, -352, 367, 215, -452, -35, -213, 80, 87, -335, 187, -70, 216, 383, -444, 90, 21, 334, -14, -602, 572, 86, -387, -145, -104, 356, -76, -76, 156, -366, 434, -115, -400, 360, -314, 508, 82, -53, 46, -464, 406, -615, 132, 507, -754, 65, 607, 438, -438, -824, 324, 155, -81, 493, -781, 482, 664, -89, 31, -1332, 359, -39, 379, 504, -979, 855, 30, -242, 79, -718, -3, -115, 647, 959, -1169, -31, 456, -222, 446, -1330, 442, 200, -492, 894, -982, 454, -150, 345, 811, -1178]
[0, 0, 0, 0, -1, 0, 0, 0, 0, 0, 1, 1, 0, 0, 0, 0, 0, 0, 0, 0, 0, 0, 0, 0, 0, 0, -1, -1, 0, 0, 0, 2, 0, 1, 0, 0, 1, 0, 0, 0, -1, -69, -46, -6, 36, -23, 38, 133, 132, 32, -51, -13, -228, 74, -60, -139, -38, 162, 389, -392, -168, 9, -114, -14, -36, 177, 309, 406, 572, -303, -512, 237, -512, -107, -545, 60, 550, -312, 568, -480, -107, -51, -612, 854, 162, 26, 688, 211, 621, -840, -869, -94, -1264, 1032, 460, -990, 624, 551, 1386, -1301, -1575, 1745, -366, 822, -91, -640, 1041, -1156, 380, -1361, -1770, 1182, -14, 738, 279, -54, 2264, -1271, -196, 1389, -903, 523, -1317, 1932, 832, -3173, 200, -1124, -68, 75, -1644, 1832, -8, 1726, 1924, -2958, 532, 313, 1272, -710, -2842, 3089, 602, -1586, -698, -1134, 1254, -882, -326, 2054, -1634, 1996, 187, -527, 1250, -2887, 2388, -1226, -182, 1600, -2395, 1290, -2256, 2004, 1350, -4380, 460, 2148, 1810, -1089, -3362, 2320, 1186, -1229, 1746, -3701, 2481, 1366, -216, 1882, -5784, 3377, -444, 573, 1598, -4821, 3790, -1830, -524, 2081, -3578, 811, 150, 2727, 3792, -6760, -111, 3433, -970, 1964, -6593, 3339, 2057, -3909, 3434, -7023, 2344, 973, 1259, 4369, -5088]
[0, 0, 0, 0, 0, 0, 0, 0, 0, 1, 0, 0, -1, 0, -1, 0, 1, 0, 1, -1, 0, -1, 0, 0, 1, 1, 1, 0, 1, 0, 0, 0, 0, 0, 0, 0, 1, 0, 0, 0, 0, 9, 1, -5, -4, 6, 0, -7, -11, -4, 9, 5, 13, -24, 11, 17, 6, -16, -32, 47, 16, 11, -1, -8, 4, -13, -30, -33, -42, 32, 48, -19, 46, -11, 49, -10, -44, 54, -55, 42, 10, 31, 32, -117, -17, 0, -56, 7, -44, 74, 114, 26, 92, -146, -26, 102, -68, -27, -108, 152, 147, -203, 6, -94, 12, 52, -102, 169, 12, 147, 170, -168, -28, -78, -32, -4, -202, 216, 40, -151, 100, -82, 89, -258, -57, 373, 7, 122, 28, -6, 154, -239, -52, -208, -170, 430, -62, -5, -110, 97, 278, -389, -76, 122, 115, 154, -102, 162, 29, -282, 157, -200, -70, 11, -84, 399, -253, 222, 9, -284, 254, -122, 226, -283, -58, 549, -58, -168, -188, 44, 304, -265, -136, 195, -152, 401, -236, -21, 8, -323, 654, -435, 28, -3, -96, 519, -395, 302, 10, -314, 378, -93, -104, -267, -290, 830, -20, -417, 178, -220, 644, -473, -246, 463, -318, 843, -233, -75, -102, -469, 478]
[0, 0, 0, 0, 0, 0, 0, 0, 0, 0, 0, 0, 0, 0, 0, -1, 0, 1, -1, -1, 0, 1, 0, -1, 0, 0, -1, -1, 0, 0, 1, 0, 0, 0, 1, -1, -1, 1, 0, 0, 0, 12, -5, -16, -5, -4, -1, -11, -9, 6, 8, 33, 8, -52, 16, 24, 10, -34, -29, 70, 5, 14, -25, -59, 3, -18, -26, -19, -34, 80, 55, -12, 30, -67, 63, -85, -43, 114, -52, 38, 4, 83, -5, -208, -11, 2, -65, 112, -33, 75, 121, 10, 77, -334, -14, 125, -107, 39, -108, 275, 154, -308, -35, -124, 23, -6, -126, 304, 40, 170, 215, -355, -75, -106, -58, 0, -261, 505, 55, -203, 138, -183, 47, -538, -38, 548, -44, 154, 60, 56, 207, -403, -159, -320, -192, 758, -124, 0, -72, 134, 332, -826, -131, 71, 195, 292, -114, 499, 46, -496, 119, -272, -189, -217, -62, 640, -347, 416, -11, -695, 322, -124, 226, -487, 31, 1102, -117, -107, -239, -94, 334, -768, -262, 282, -141, 520, -322, 286, -24, -605, 824, -709, 6, 233, -20, 658, -592, 538, -86, -990, 471, -225, -313, -305, -278, 1616, -95, -622, 376, -280, 833, -1024, -434, 648, -346, 1266, -328, -402, -89, -651, 461]
[0, 0, 0, 0, 0, 0, 0, 0, 0, 0, 0, 0, 0, 0, 0, 0, -1, -1, 0, 0, -1, -1, -1, 0, 0, -1, 0, -1, 1, 0, 0, 0, 0, 0, 0, 0, 0, 0, 1, 0, 2, 30, 22, -36, -29, 19, -40, -72, -79, 23, 36, 40, 132, -88, 57, 90, 14, -132, -202, 266, 92, -28, 42, -56, -10, -96, -220, -184, -312, 277, 302, -140, 338, -56, 294, -165, -315, 240, -342, 274, 80, 155, 288, -604, -123, 40, -411, 26, -326, 463, 630, -46, 654, -964, -240, 580, -490, -185, -774, 1100, 898, -1110, 136, -498, 64, 259, -636, 802, -46, 724, 1080, -1090, -54, -490, -282, 132, -1359, 1393, 83, -816, 608, -491, 656, -1702, -435, 2036, -32, 616, 38, 17, 1060, -1252, -268, -1104, -1093, 2558, -482, -160, -728, 354, 1742, -2712, -440, 688, 689, 943, -794, 1128, 234, -1436, 922, -1214, -284, 95, -736, 2010, -1649, 864, -2, -1756, 1516, -774, 1520, -1376, -680, 3595, -361, -1100, -1262, 320, 2060, -2060, -879, 764, -1102, 2352, -1536, -359, 24, -1484, 4089, -2278, 112, -4, -818, 2964, -2682, 1208, 94, -2157, 2226, -696, -532, -1562, -2128, 5400, -192, -2178, 1187, -1218, 4080, -3118, -1388, 2262, -2198, 4556, -1464, -770, -760, -2685, 2978]
[0, 0, 0, 0, 0, 0, 0, 0, 0, 0, 0, 0, 0, 0, 0, 0, 0, -1, 0, 0, 0, 0, -1, 1, 0, 0, 0, 0, 0, 0, 1, 0, -1, 1, 0, 0, -2, 1, 0, -1, 1, -22, -9, 7, 9, -9, 3, 37, 35, 4, -11, -20, -50, 40, -26, -46, -22, 54, 94, -117, -34, -14, -5, 25, -8, 40, 74, 96, 130, -93, -130, 44, -128, 15, -144, 51, 123, -122, 142, -112, -21, -75, -118, 282, 47, 10, 167, -13, 140, -203, -255, -38, -295, 374, 100, -251, 180, 83, 328, -412, -400, 508, -48, 210, -28, -108, 262, -399, 33, -374, -473, 430, 41, 178, 101, 12, 585, -520, -79, 367, -259, 211, -300, 646, 186, -924, 32, -294, -57, -35, -434, 568, 86, 504, 488, -1027, 162, 98, 305, -233, -736, 1034, 177, -353, -281, -390, 292, -388, -92, 668, -387, 498, 132, -23, 274, -907, 672, -480, -31, 708, -641, 272, -624, 662, 241, -1403, 140, 451, 505, -154, -826, 762, 348, -414, 439, -968, 655, 125, -32, 674, -1648, 1043, -124, -18, 316, -1260, 1076, -672, -62, 805, -947, 311, 192, 645, 874, -2132, -1, 1018, -450, 478, -1736, 1234, 638, -1155, 878, -2062, 616, 364, 276, 1157, -1248]
[0, 0, 0, 0, 0, 0, 0, 0, 0, 0, 0, 0, 0, 0, 1, -1, -1, 0, -1, 0, -1, 0, 0, 0, 1, 0, -1, 0, 0, 0, 1, 0, 1, 0, -1, -1, -1, 1, 0, 0, 0, 1, -9, -14, -2, -6, 3, 6, 13, 13, 0, 20, -23, -34, 1, -2, 0, 1, 33, 7, -20, 11, -34, -50, -4, 5, 20, 37, 58, 18, -31, 22, -46, -74, -31, -48, 44, 54, 43, -30, -16, 51, -89, -52, 11, -2, 47, 118, 61, -56, -29, -11, -121, -98, 54, -40, 5, 111, 110, 15, -101, -7, -75, 16, 5, -95, 46, 87, 82, -49, -85, -107, -65, 18, -6, -18, 108, 191, 7, 34, -18, -72, -151, -119, 92, -3, -13, -36, 45, 53, -65, -81, -114, -32, 110, 160, -36, 41, 124, 19, -150, -181, -17, -164, 36, 69, 94, 252, -15, -130, -126, 60, -123, -245, 138, 115, 72, 174, -42, -305, -88, 80, -148, -124, 219, 215, -37, 208, 77, -226, -222, -253, -43, 71, 145, -110, 92, 412, -64, -247, -195, -116, -42, 266, 208, -169, 94, 190, -150, -450, -143, -62, -197, 134, 296, 271, -107, -33, 130, 56, -265, -306, -68, -19, 226, 31, 53, -194, 101, 95, -347]
[0, 0, 0, 0, 0, 0, 0, 0, 0, 0, 0, -1, 1, 1, -1, 0, 0, 0, 0, -1, 0, 0, 0, 1, -1, 0, 1, 1, -1, 0, 0, 0, 0, 0, -1, -1, 0, 0, 0, 1, 0, -13, -5, 3, 6, -4, 3, 24, 25, 4, -12, -12, -36, 16, -16, -31, -5, 37, 67, -64, -31, -3, -12, 5, -10, 19, 59, 68, 90, -60, -87, 41, -89, -13, -85, 30, 86, -62, 106, -74, -36, -33, -95, 149, 41, -4, 107, 20, 107, -127, -175, -17, -189, 237, 78, -179, 122, 79, 208, -272, -274, 294, -43, 138, -14, -81, 166, -210, 33, -223, -301, 266, 15, 122, 79, -26, 367, -326, -41, 222, -164, 113, -201, 435, 125, -552, 7, -200, -13, 4, -291, 328, 54, 300, 310, -637, 96, 45, 218, -114, -500, 664, 107, -231, -161, -246, 210, -228, -50, 376, -251, 316, 49, -60, 194, -559, 452, -225, -32, 408, -426, 220, -422, 367, 203, -888, 87, 329, 350, -136, -590, 484, 205, -236, 318, -655, 432, 175, -30, 356, -1104, 574, -38, 69, 222, -843, 730, -324, -74, 485, -655, 160, 125, 439, 610, -1353, -1, 606, -262, 330, -1146, 758, 364, -659, 626, -1284, 379, 175, 205, 723, -845]
[0, 0, 0, 0, 0, 0, 0, 0, 0, 0, 0, 0, 1, 0, 0, 0, 0, -1, -1, 1, 0, 1, 0, 1, 1, 0, 1, 1, 0, 0, 0, 0, 0, 0, -1, 1, 0, -1, 0, 1, 0, -12, 7, 16, 5, 0, 1, 11, 7, -6, -8, -27, -8, 52, -15, -24, -10, 36, 29, -70, -4, -14, 25, 55, -3, 18, 32, 19, 34, -78, -55, 12, -34, 67, -63, 85, 43, -114, 57, -38, -4, -89, 5, 208, 15, -2, 65, -101, 33, -75, -131, -10, -77, 346, 14, -125, 121, -39, 108, -289, -154, 308, 41, 124, -23, 10, 126, -304, -54, -170, -215, 372, 75, 106, 68, 0, 261, -519, -55, 203, -132, 183, -47, 554, 38, -548, 22, -154, -60, -30, -207, 403, 184, 320, 192, -795, 124, 0, 94, -134, -332, 838, 131, -71, -213, -292, 114, -487, -46, 496, -120, 272, 189, 203, 62, -640, 380, -416, 11, 724, -322, 124, -250, 487, -31, -1084, 117, 107, 277, 94, -334, 736, 262, -282, 174, -520, 322, -264, 24, 605, -890, 709, -6, -196, 20, -658, 620, -538, 86, 962, -471, 225, 345, 305, 278, -1588, 95, 622, -398, 280, -833, 1046, 434, -648, 380, -1266, 328, 354, 89, 651, -433]
[0, 0, 0, 0, -1, 1, -1, 0, 0, 1, 0, 0, 0, 0, 0, 0, 0, 0, 1, 0, 1, 0, 0, 0, 0, 0, 0, -1, 0, 0, -1, -1, 0, 0, 1, 1, 0, -1, 0, 0, 1, -153, -53, 64, 68, -50, 50, 247, 231, 14, -113, -129, -367, 311, -159, -309, -110, 366, 678, -856, -280, -66, -57, 209, -63, 307, 549, 686, 958, -726, -969, 373, -894, 121, -1026, 363, 948, -894, 1028, -829, -191, -439, -864, 2065, 295, 20, 1234, -125, 1022, -1495, -1803, -204, -2113, 2746, 724, -1912, 1319, 621, 2425, -2960, -2920, 3741, -389, 1636, -202, -925, 1988, -2894, 348, -2662, -3444, 3095, 289, 1430, 659, -86, 4294, -3769, -521, 2749, -1909, 1535, -2120, 4788, 1348, -6804, 367, -2203, -350, -146, -3246, 4238, 622, 3772, 3565, -7412, 1264, 539, 2143, -1612, -5480, 7606, 1366, -2532, -1865, -2880, 2238, -3077, -641, 4953, -2940, 3838, 988, 0, 2064, -6786, 4844, -3432, -213, 5072, -4789, 2242, -4293, 4862, 1809, -10528, 1094, 3468, 3581, -1132, -6228, 6018, 2681, -2990, 3108, -7376, 4857, 867, -187, 5124, -11877, 7687, -719, -111, 2360, -9541, 7758, -4790, -414, 6476, -7104, 2155, 1391, 4999, 6543, -15976, 194, 7467, -2962, 3798, -12914, 8855, 4682, -8270, 6320, -15302, 4618, 2863, 2170, 8727, -9321]
[0, 0, 0, 0, 0, 0, 0, 0, 0, 0, 0, 0, 0, 0, 0, 0, 0, 0, 0, 1, 1, 0, 0, 0, 1, -1, -1, 0, 0, 1, -1, 0, -1, 1, 1, 1, -1, 0, 1, 0, 1, -15, -3, 12, 11, -4, 5, 20, 15, -2, -9, -17, -35, 44, -10, -28, -12, 31, 60, -95, -18, -9, -2, 36, -1, 39, 45, 62, 82, -83, -83, 38, -76, 29, -95, 49, 89, -106, 85, -88, -7, -49, -68, 227, 18, 12, 118, -38, 89, -148, -156, -19, -186, 297, 56, -182, 124, 47, 223, -297, -271, 387, -25, 174, -25, -80, 196, -319, 29, -267, -325, 320, 50, 154, 52, 16, 415, -405, -53, 288, -187, 160, -181, 487, 114, -693, 47, -224, -47, -17, -300, 460, 80, 396, 340, -742, 146, 33, 174, -171, -508, 787, 151, -236, -182, -280, 208, -382, -61, 546, -279, 398, 137, 63, 174, -707, 456, -400, -4, 548, -453, 236, -365, 535, 136, -1106, 119, 334, 326, -82, -558, 680, 281, -338, 274, -734, 469, -22, -5, 600, -1093, 843, -71, -78, 206, -939, 729, -554, -8, 790, -661, 212, 158, 517, 609, -1659, 58, 781, -307, 408, -1223, 898, 494, -849, 542, -1537, 482, 336, 195, 899, -855]
[0, 0, 0, 0, 0, 0, 0, 1, 0, -1, -1, 0, 1, 0, 0, 0, -1, 0, 0, 0, 0, -1, 0, 0, 0, 0, 0, 0, 0, 0, 1, 0, 1, 1, 1, 1, 0, -1, 0, 1, -1, -14, -37, -12, 17, -6, 29, 37, 69, 13, -15, 23, -128, -26, -18, -29, -2, 48, 164, -134, -80, 50, -109, -86, -2, 102, 172, 160, 258, -116, -191, 141, -284, -149, -208, 2, 265, -16, 252, -244, -57, 76, -351, 193, 83, 4, 311, 257, 282, -396, -348, 14, -581, 260, 218, -392, 267, 350, 616, -524, -624, 528, -245, 327, -32, -323, 409, -210, 206, -476, -683, 266, -121, 328, 114, -86, 899, -293, -3, 523, -281, 7, -652, 614, 384, -996, -6, -454, 63, 164, -623, 456, -148, 474, 750, -780, 164, 68, 606, -138, -1112, 982, 195, -796, -222, -193, 568, -83, -158, 456, -657, 847, -116, -656, 612, -694, 930, -68, -107, 100, -877, 682, -1036, 412, 787, -1332, 87, 1098, 769, -779, -1408, 576, 324, -256, 865, -1481, 925, 1158, -182, 220, -2276, 905, -196, 662, 844, -1904, 1536, -236, -390, 200, -1343, 39, -223, 1225, 1716, -2082, -107, 960, -304, 851, -2524, 780, 509, -1178, 1568, -2074, 908, -135, 538, 1664, -2133]
[0, 0, 0, 0, 0, 0, 0, 0, 0, 0, 0, 0, 0, -1, 0, 1, 0, 0, 0, 1, -1, -1, 1, 0, 1, 0, -1, 0, 0, -1, 0, -1, -1, 0, 0, 1, 0, -1, -1, 0, -1, 6, -17, -7, 10, 2, 20, 5, 27, -7, -5, 16, -62, -24, -1, -1, 9, 20, 48, -44, -27, 40, -66, -45, 12, 40, 81, 48, 98, -57, -60, 61, -127, -73, -61, 15, 102, 22, 90, -103, -27, 46, -154, 13, 37, -6, 119, 129, 101, -153, -116, 45, -220, 76, 76, -122, 113, 148, 222, -222, -206, 119, -110, 92, -22, -110, 138, 10, 89, -126, -224, 68, -96, 124, 57, -64, 293, -78, 31, 145, -65, -61, -257, 217, 134, -245, -20, -135, 58, 91, -216, 58, -68, 84, 235, -192, 54, -6, 234, 8, -368, 349, 44, -286, -72, -17, 226, -10, -80, 22, -212, 286, -113, -325, 244, -98, 325, 109, -38, -49, -277, 270, -404, -5, 348, -408, 5, 420, 295, -360, -520, 195, 68, -10, 358, -504, 263, 539, -94, -86, -787, 168, -78, 313, 356, -616, 575, 74, -190, -11, -414, -75, -124, 419, 628, -623, -32, 175, -127, 274, -826, 236, 46, -260, 622, -475, 284, -143, 197, 482, -712]
[0, 0, 0, 0, 0, -1, 0, 0, 0, 0, 1, 1, 0, 0, 0, 1, 1, 1, 1, 1, 0, -1, 0, 0, 0, -1, 0, 0, -1, 0, 0, 1, 1, -1, 0, 0, 1, 0, 0, 0, 0, 68, 37, -27, -33, 37, -32, -125, -134, -2, 60, 49, 220, -121, 88, 161, 51, -194, -367, 430, 160, 9, 68, -59, 28, -150, -315, -366, -532, 367, 516, -215, 521, -1, 530, -163, -523, 392, -568, 445, 134, 201, 528, -974, -176, 14, -674, -37, -570, 796, 981, 75, 1164, -1352, -412, 990, -705, -397, -1304, 1566, 1560, -1842, 260, -814, 99, 523, -1041, 1344, -202, 1353, 1824, -1540, -66, -734, -373, 122, -2246, 1849, 240, -1359, 990, -728, 1216, -2403, -745, 3401, -116, 1119, 104, 29, 1730, -2020, -249, -1820, -1858, 3750, -628, -298, -1218, 746, 2924, -3839, -664, 1366, 981, 1448, -1254, 1387, 360, -2335, 1592, -1960, -368, 260, -1186, 3307, -2579, 1502, 136, -2397, 2508, -1208, 2402, -2285, -1142, 5272, -510, -1896, -1947, 742, 3410, -2854, -1295, 1425, -1764, 3840, -2512, -821, 156, -2308, 6382, -3695, 370, -171, -1368, 4956, -4121, 2154, 356, -2881, 3732, -1053, -586, -2577, -3550, 8017, -40, -3658, 1536, -1904, 6801, -4412, -2237, 4083, -3494, 7641, -2336, -1199, -1174, -4375, 5044]
[0, 0, -1, -1, 0, 0, 1, 1, 0, 0, 1, 0, 0, 0, 0, 1, 0, 1, 0, 0, 0, 0, 1, 0, 0, -1, 0, 1, 0, 0, 0, 1, 0, 1, 0, 0, 1, 0, -1, 0, -1, 8, -117, -100, 34, -34, 106, 114, 197, 73, -43, 144, -364, -216, -14, -52, 60, 104, 469, -198, -253, 214, -388, -391, -16, 182, 465, 510, 782, -136, -510, 404, -772, -638, -458, -223, 710, 260, 682, -607, -237, 421, -1118, 18, 252, -40, 819, 1057, 875, -935, -791, 90, -1632, -40, 706, -890, 557, 1235, 1649, -888, -1626, 888, -832, 663, -11, -1015, 1019, 206, 845, -1002, -1604, 16, -560, 722, 239, -300, 2168, 480, 139, 1022, -615, -317, -1906, 554, 1190, -1694, -8, -907, 482, 550, -1502, 398, -843, 720, 1911, -595, 232, 318, 1750, -34, -2714, 970, 252, -2050, -130, -35, 1654, 1099, -312, 112, -1847, 1853, -891, -2379, 1882, -614, 2051, 996, -312, -1319, -2029, 1762, -2607, 64, 2736, -1400, 123, 3094, 1850, -2504, -3790, -40, 410, 14, 2358, -3211, 2167, 4268, -510, -814, -5110, 920, -358, 2548, 2722, -4094, 3359, 848, -1436, -1842, -3128, -184, -1361, 2880, 4812, -2472, -534, 1648, 197, 1821, -5925, 104, 541, -1858, 4182, -3442, 1936, -1018, 1759, 3379, -5684]
[0, 0, 0, -1, 0, 0, 0, 0, 0, 1, 0, 1, 1, -1, 0, 0, 0, 0, 0, -1, 0, 0, 0, -1, -1, 0, 0, 0, -1, -1, 1, 0, -1, 0, -1, 0, -1, 0, 0, 1, 0, 57, -1, -64, -37, 25, -14, -87, -56, 32, 31, 100, 107, -190, 84, 118, 58, -158, -200, 356, 76, 41, -37, -173, -4, -117, -162, -183, -280, 340, 315, -94, 272, -207, 362, -254, -299, 448, -338, 274, 32, 309, 166, -939, -90, -4, -418, 295, -281, 499, 685, 40, 627, -1346, -192, 665, -521, -19, -783, 1291, 975, -1506, 23, -612, 97, 199, -700, 1326, 77, 935, 1248, -1502, -245, -538, -284, 2, -1541, 2016, 211, -1037, 760, -777, 568, -2194, -385, 2722, -101, 778, 223, 192, 1184, -1831, -490, -1528, -1235, 3437, -606, -203, -625, 640, 1934, -3482, -606, 671, 925, 1322, -734, 1801, 257, -2208, 965, -1396, -667, -464, -612, 2881, -1865, 1671, -41, -2710, 1768, -718, 1527, -2151, -309, 4760, -478, -959, -1275, -46, 2060, -2883, -1172, 1267, -950, 2716, -1792, 509, -39, -2477, 4590, -3334, 209, 636, -570, 3485, -2960, 2234, -164, -3480, 2544, -1077, -971, -1707, -2041, 7128, -313, -2988, 1618, -1404, 4659, -4191, -2018, 3211, -2076, 6114, -1774, -1412, -673, -3293, 3119]
[0, 0, 0, 0, 0, 0, 0, 0, 0, 0, -1, 0, 1, 1, 0, -1, 0, -1, 0, 0, 0, 1, 1, 0, 0, 0, -1, 1, -1, 1, 0, 0, -1, 0, 0, -1, 0, -1, -1, -1, 0, -42, -34, 20, 34, -16, 28, 89, 92, -2, -31, -30, -167, 64, -47, -105, -36, 131, 255, -294, -103, 18, -72, 26, -5, 128, 235, 252, 376, -273, -342, 163, -386, -29, -371, 124, 376, -238, 390, -342, -76, -103, -402, 635, 119, 4, 485, 80, 412, -586, -647, -22, -844, 904, 304, -678, 499, 315, 938, -1103, -1085, 1231, -226, 570, -74, -359, 711, -858, 179, -914, -1264, 1011, 22, 526, 257, -76, 1588, -1218, -127, 959, -646, 431, -873, 1634, 541, -2271, 78, -774, -67, 26, -1170, 1310, 123, 1190, 1303, -2433, 430, 228, 868, -456, -1996, 2609, 452, -1018, -638, -904, 880, -941, -263, 1502, -1086, 1388, 210, -280, 858, -2096, 1772, -905, -84, 1503, -1698, 884, -1682, 1448, 864, -3560, 319, 1404, 1366, -629, -2342, 1965, 864, -874, 1270, -2639, 1738, 722, -130, 1404, -4314, 2452, -290, 230, 1042, -3404, 2872, -1330, -282, 1927, -2514, 659, 289, 1855, 2554, -5384, 20, 2383, -1017, 1352, -4654, 2875, 1471, -2692, 2452, -4979, 1676, 759, 836, 3049, -3462]
[0, 0, 0, 0, 0, 0, 0, 1, -1, 0, 0, -1, 0, 0, 0, 0, 0, 1, 1, -1, 0, 1, 1, 0, 1, 0, 0, 0, -1, 0, -1, 0, -1, -1, 0, -1, -1, 0, -1, 0, 0, -64, -77, 35, 62, -43, 83, 166, 197, -19, -66, -37, -357, 106, -108, -188, -38, 263, 509, -574, -228, 82, -192, -2, 7, 254, 509, 496, 796, -553, -700, 360, -833, -92, -718, 234, 792, -402, 813, -698, -190, -159, -873, 1165, 269, -38, 998, 245, 842, -1179, -1346, 45, -1728, 1750, 640, -1348, 1034, 691, 1929, -2255, -2167, 2354, -504, 1115, -144, -783, 1464, -1530, 361, -1736, -2509, 1968, -58, 1090, 541, -250, 3176, -2389, -163, 1850, -1300, 796, -1830, 3231, 1133, -4374, 91, -1484, -9, 100, -2397, 2492, 186, 2286, 2614, -4815, 908, 402, 1823, -776, -4044, 5194, 887, -2020, -1300, -1743, 1888, -1758, -561, 2768, -2243, 2785, 278, -831, 1846, -3959, 3595, -1480, -146, 2794, -3406, 1898, -3531, 2639, 1980, -7005, 634, 2934, 2798, -1403, -4874, 3767, 1696, -1556, 2664, -5318, 3474, 1818, -267, 2556, -8896, 4618, -481, 672, 2258, -6776, 5843, -2254, -642, 3465, -5033, 1218, 474, 3756, 5297, -10643, 84, 4568, -2097, 2761, -9333, 5643, 2760, -5051, 5142, -9618, 3278, 1206, 1780, 5987, -7148]
[0, -1, 0, 1, 0, 0, -1, 0, 1, 1, 1, -1, 0, 0, 0, 0, -1, -1, -1, 0, 1, 0, 0, 0, 0, 0, -1, 0, -1, -1, 0, 0, 1, -1, 0, 0, 0, 1, -1, 1, -1, 40, 161, 1, -96, 30, -181, -194, -295, 27, 58, -31, 578, 52, 119, 156, 26, -301, -687, 665, 318, -270, 475, 248, -46, -422, -812, -670, -1170, 743, 906, -616, 1309, 443, 925, -256, -1164, 214, -1133, 1080, 205, -74, 1480, -1090, -382, 40, -1488, -837, -1270, 1735, 1728, -254, 2583, -1797, -994, 1730, -1373, -1323, -2776, 2967, 2838, -2632, 1036, -1404, 244, 1198, -1925, 1259, -695, 2070, 3281, -1948, 489, -1564, -703, 472, -4240, 2398, -6, -2334, 1445, -429, 2789, -3666, -1691, 4876, 12, 1916, -339, -501, 3032, -2386, 280, -2386, -3521, 4999, -1086, -458, -2675, 581, 5170, -5994, -1041, 3184, 1534, 1450, -2690, 1527, 798, -2464, 3009, -3868, 326, 2391, -2816, 3656, -4599, 654, 377, -1964, 4239, -2902, 5030, -2268, -3387, 7927, -575, -4646, -3829, 2930, 6572, -3992, -1847, 1177, -3990, 6844, -4465, -4179, 652, -1698, 11419, -4741, 678, -2119, -3766, 8664, -7700, 1440, 1332, -2620, 6167, -830, 393, -5311, -7712, 11994, 143, -4786, 2509, -3746, 11989, -5631, -2727, 5498, -7276, 10278, -4208, -214, -2526, -7663, 9692]
