46 2 3 80 79
[1, -1, 0, 1, 0, 0, -2, 0, 0, 1, 0, -1, 0, 0, 0, 0, 1, 3, 0, 0, -2, -3, 1, 1, -1, 0, 2, 2, 2, 4, 0, -1, -1, 0, 2, -1, -1, -1, -2, 3, -2, 0, -1, 0, 1, 0, -1, -2, -1, 3, -1, -1, -2, -1, 0, -2, -1, -2, 3, 1, 2, 3, 0, 5, 0, 1, 2, 3, 5, 1, 6, 4, 1, 0, -1, 4, 0, -2, -3, 0, 2, 1, -2, -1, -1, 0, -4, -1, -5, -2, -3, 11, 3, 4, -5, -2, -5, -3, -9, -2, 1, 6, -5, -2, 3, 9, -4, -1, 3, -4, 4, 2, -1, 5, -3, -3, 8, 9, 1, 6, 8, 12, 7, -4, 3, 4, -1, 0, -5, 1, 4, -1, -5, 3, 2, 2, 1, -10, -4, -8, -6, -5, 3, 2, -5, -1, 3, -7, -1, -5, 4, 9, -1, 3, 5, 9, 3, -5, 15, 9, 3, 4, -4, 16, -1, 6, 5, 6, -3, 8, 3, 6, -1, -4, -10, 6, -5, -1, -10, 4, 5, -9, -7, -3, -8, -1, -18, 3, -8, 0, -10, -10, -2, 7, -10, 14, 2, 11, -2, -1, -6, 7, -1, 12, 17, 11, -3, 2, 11, 7, 5]
[0, 0, 0, 0, 0, 0, 0, 0, 0, 0, 0, 0, 0, 0, 0, 0, 1, 0, 0, 0, -1, 0, -1, 0, 0, 0, 1, 0, 1, 0, 1, 0, -1, 0, -1, 0, 0, 0, 0, 0, 0, 0, 1, 0, 2, 0, -1, 0, -1, 0, 0, 0, 0, 0, 0, 0, 0, 0, 0, 0, 0, 0, -1, 0, 2, 0, 1, 0, 1, 0, 1, 0, -1, 0, -2, 0, -2, 0, 2, 0, 1, 0, 0, 0, 1, 0, 0, 0, -1, 0, -3, 0, 2, 0, 1, 0, 1, 0, 2, 0, 1, 0, 1, 0, 0, 0, 0, 0, -2, 0, -4, 0, 2, 0, 2, 0, -1, 0, -2, 0, 1, 0, 1, 0, 3, 0, 3, 0, 1, 0, -2, 0, 1, 0, -1, 0, -3, 0, 2, 0, 2, 0, -1, 0, -3, 0, -1, 0, 0, 0, 0, 0, 1, 0, 2, 0, 2, 0, 2, 0, 3, 0, -1, 0, 0, 0, 0, 0, 0, 0, -4, 0, 1, 0, 0, 0, 1, 0, -2, 0, 1, 0, 5, 0, -1, 0, 3, 0, 0, 0, -1, 0, 0, 0, -2, 0, 4, 0, 2, 0, 0, 0, -1, 0, -1, 0, -4, 0, 2, 0, 5]
[0, 0, 0, 0, 0, 0, 0, 0, 0, 0, 0, 0, 0, 1, 0, -1, 1, -1, 0, 0, 0, 0, 0, 1, 0, 0, -1, 1, -1, 0, 1, -1, 1, 0, 1, -1, 1, -1, 0, 1, -1, 1, -1, 0, 1, 0, 0, 0, 1, 0, 1, -1, 0, 0, -1, 0, 1, 0, -1, 0, 0, 1, 0, 0, 1, -1, 1, 1, 0, -1, 1, 1, 0, 0, 1, -2, 0, 0, -1, 0, 1, 0, 1, 1, 0, 0, -2, 0, 3, 0, -1, 0, 1, 0, 1, -4, 2, -1, -1, 3, 1, 2, 0, 1, 2, -3, -1, 1, 0, 0, 3, 1, -2, -1, 0, -4, 0, 0, 3, 0, 2, 2, 1, 2, 0, -1, -4, 1, 0, 1, 0, -1, 4, 0, -1, -3, 2, 1, -1, 0, -1, 0, 0, 4, 5, -1, 0, -3, -2, -2, 1, 1, 3, 0, 1, -1, 0, 0, 0, 0, 4, 1, -2, -1, -1, -1, 1, 2, 0, -2, 3, 1, 1, 2, -2, -4, 4, 1, 6, -1, 0, 3, -1, -3, 1, -2, -1, 6, 1, 0, -2, -5, 4, -1, 0, -2, -1, 1, 0, 3, 1, 3, -5, 1, 5, -3, 2, 3, 4, 0, 0]
[0, 0, 0, 0, 0, 0, 0, 0, 0, 0, 0, 1, 0, -1, 0, 0, 0, 0, 0, 0, 1, 0, 0, 1, -1, -1, 0, 0, 1, 0, 0, 1, 0, -1, 0, 0, -1, 1, 1, 0, 1, 0, -1, 0, -1, 1, 1, 0, 0, 2, 0, -2, 0, -1, 1, 0, 0, 1, 1, 0, 0, 1, -1, -1, 0, 2, 0, -2, 0, 0, 0, 0, 2, 1, 0, 1, -1, 0, 0, 0, 1, 1, 0, 1, -1, 0, 0, -2, 2, 0, 0, 0, 3, -3, 0, 1, -1, 3, 0, 2, 0, -1, -2, -1, 0, 0, 2, 1, 1, 2, 0, -1, 0, 1, 0, 2, 1, 3, -1, -1, -4, -1, 2, -1, 0, 1, 3, -2, 2, -3, 2, 0, -1, 4, 1, 2, 0, -2, -4, 2, 1, -3, 2, 2, 0, 1, 2, 1, 1, 1, -2, 2, 0, -2, 1, 2, -1, 0, -2, 2, 2, -3, 2, 0, 1, -2, 3, 1, 2, 0, 0, 0, -1, 4, -2, 2, 0, -2, -4, 2, 2, 1, 3, 2, -1, 5, -1, -3, 1, -3, 3, 3, -2, 3, 4, -5, 0, 2, -2, 0, 2, -3, 5, -3, -2, 0, 2, -2, 2, 2, 0]
[0, 0, 0, 0, 0, 0, 0, 0, 0, 0, 0, 0, 0, -1, 0, 0, 0, 1, 0, 0, -1, 0, 0, 1, 0, 0, 0, -1, 1, -1, 0, 0, 0, 0, 0, -1, -1, 0, 0, 1, 0, 0, -1, 0, 1, 0, -1, 0, 0, 1, 0, -1, 0, -2, 0, 0, 1, 0, 0, 1, 0, 0, -1, -1, -2, 1, 2, -1, -1, -1, 0, -1, 0, 1, -1, 0, 0, 0, 1, -1, -1, 2, 2, 1, -2, -1, -1, -1, 0, 0, -3, 1, 2, -2, 0, -3, 0, 0, 0, 4, 0, -2, -2, 0, 0, 0, -1, 2, 1, -3, 2, -2, -1, 0, 0, -3, -1, 1, 0, 0, -2, 3, -1, -1, -1, 2, 1, -1, 0, -2, 0, -3, 1, 2, 2, -2, 0, -3, -2, 1, -1, 0, -1, 3, 1, -1, -1, 1, -1, 0, -3, 2, -2, -5, 1, 0, 1, -1, 0, 3, 2, 0, 1, -1, -3, 2, -1, -2, -1, -1, -2, -4, -2, -1, -2, -3, 5, -1, -1, 0, 0, 1, 2, 0, 0, 1, 0, 2, -1, -4, -4, -2, -1, 1, -1, -2, 1, 0, 2, 0, -3, 1, 0, 1, -1, -2, -1, 0, 0, 0, 1]
[0, 0, 0, 0, 0, 0, 0, 0, 0, 0, -1, 1, 0, 1, 0, -1, 1, -2, 1, -1, 1, 0, 0, 1, -1, 0, -1, 1, -1, 0, 1, 0, 0, -1, 1, 1, 0, 0, 0, 0, -1, 0, 0, 0, -1, 1, 0, 0, -1, 1, 1, -1, 0, -1, 0, 0, 1, 2, -1, -2, 0, 2, -1, -1, 1, 0, 0, -1, 1, 0, 0, 1, 0, 0, 1, 0, -1, -1, 0, 1, 0, -3, -1, 0, 1, 1, -1, 0, 2, 1, 0, -2, 2, 0, 1, -1, 0, -1, -1, 3, -1, 0, 0, -4, 1, -1, 0, 1, 0, 5, -2, 4, -2, -1, -2, 0, -1, 0, 3, 1, -2, -3, 0, 3, 0, -2, 1, -1, 0, 0, 1, -1, 2, 3, -3, -3, 1, 2, 0, -4, 2, -3, 1, 3, 0, 4, 2, 0, -3, -3, 0, 0, 0, -1, 0, 1, -2, 0, -3, 1, 0, 0, 2, -1, 0, -3, 2, 5, 2, -4, 0, 2, -1, 5, 0, 0, -3, 0, 1, -2, 0, 2, 1, -1, -2, 1, -1, 1, -3, 0, 1, -4, -1, 0, 4, 2, -1, 1, 0, 1, 0, 2, -2, -4, 2, 1, 3, -4, 4, -4, -1]
[0, 0, 0, 0, 0, 0, 0, 0, 1, 0, -1, -1, 0, 1, 0, -1, -1, 1, 1, 0, 0, 1, 0, 0, -1, 1, 1, 0, -1, -2, 1, 1, 1, -2, -1, 0, 0, 0, -1, 0, 1, -1, 0, 1, 1, 1, -1, 1, 0, 1, 0, -1, 0, -2, 0, 0, 0, 1, 1, 1, 0, 0, 0, -2, -1, 0, 1, -2, -1, 0, 1, 1, 0, 0, 0, 1, 0, 0, -1, 1, -1, 1, 1, 2, 1, 0, -1, 1, 0, -1, -2, -1, 1, -3, 0, 1, 0, -1, -2, 5, 0, -1, 1, -1, -1, -2, 1, 1, 3, 0, 0, 0, -1, -1, 0, -3, 0, -2, 1, 0, -1, 2, -2, 3, 0, 4, 2, -1, 2, -2, 0, -2, -2, 2, 0, -4, 2, -1, -1, -1, 1, 0, 0, 2, 1, 2, -1, 2, -1, 2, 0, -2, -1, 3, 1, -2, -2, 0, 0, 3, 3, 2, 0, -2, -4, 0, 1, 1, 1, -6, 0, -4, 0, 0, -2, -2, 1, 1, 2, -1, 0, 3, 0, -1, -1, 4, 1, -4, 0, -2, 2, -1, -2, 1, 2, 2, 1, -1, -3, 0, -4, 5, 0, 0, 0, 4, 1, 1, 2, -3, -1]
[0, 0, 0, 0, 0, 0, 0, 0, 0, 1, -1, -1, 0, 1, 1, 0, 0, -2, 0, 0, 1, 0, 1, 0, 0, 0, -1, 0, -1, 1, 0, 1, 0, -1, -1, 0, 1, 1, 1, -1, -1, 0, 1, 0, -1, 0, 0, 0, 0, 0, -1, 2, -1, 1, 2, -2, 0, 0, 0, 0, 0, 0, -1, 2, 1, -2, -1, 1, 0, -1, -1, 0, 2, -1, 1, 0, 2, 1, -1, 0, -1, -1, -1, 0, 1, 0, 0, -1, 0, 2, 3, -1, -1, 2, 0, -1, 0, -5, 2, 1, -2, 0, 0, 2, -1, 0, 2, 0, 0, 1, -3, 3, 1, 0, -2, -1, 1, 1, -1, 2, 0, -2, -1, -1, 0, -1, 2, 2, 2, 1, -2, 1, -1, -2, -3, -1, 1, 3, 3, -2, 0, 2, 2, -2, 2, 0, -1, 0, 1, -3, 2, -3, -3, 3, 1, -1, -1, 4, -1, 0, -5, 4, 2, 1, 1, -3, 0, -1, 2, -4, 1, 4, 2, -1, 0, 1, -4, 2, 2, 2, 1, -2, -3, -2, -1, -3, -1, -2, -1, 11, -2, -4, 1, 3, 5, 0, 1, 0, -5, -3, 2, 3, 3, -3, 0, -3, 2, 6, -1, -4, 0]
[0, 0, 0, -1, 0, 0, 0, 0, 1, 1, 0, 1, 0, 1, 0, 0, -1, 0, 0, -2, -1, 0, -1, -1, 0, 0, -1, 0, 0, -1, 1, 1, 0, 0, 2, 1, 0, 1, 1, 0, 1, 0, 0, 1, 1, -1, -1, 2, -1, 0, 0, 0, 0, -2, -1, -2, 1, 0, 0, -1, 1, 0, 0, -1, 0, 0, 1, -1, 0, 0, -1, -1, -1, 1, 0, 1, 0, -1, 0, 2, -2, 0, 0, 2, -2, 0, 0, 0, -2, -1, -1, 0, 0, -1, 0, 4, 2, 0, -1, 5, 1, -2, 1, 0, 0, 0, 1, 0, 3, 3, 0, 3, 2, 0, -2, 1, 0, -1, 2, -1, 0, -2, -2, 0, 1, -1, 1, -4, 1, -3, 0, -2, -1, 0, 1, -6, -3, 0, 0, -7, 0, -2, -1, 0, 0, 2, 0, 4, -4, -1, 0, -3, -1, 1, 1, -1, 0, 4, -1, 3, 3, 2, 3, 2, 2, 0, 0, 4, 1, 1, -1, -1, 0, 3, 0, -1, 4, 1, -1, 0, 0, 6, 2, 0, 2, 5, 0, -4, -3, 0, 1, -1, -3, 1, 1, -2, -1, 1, -3, -1, -4, 0, 0, -3, -4, 1, 4, -2, 0, -1, 1]
[0, 0, 0, 0, 0, 0, 0, 0, 0, 0, 0, 0, 0, -1, 0, 1, 0, 1, 0, 0, 0, -1, 0, -1, -1, 1, 0, -1, 1, 0, 0, 1, 1, 0, 0, 0, -1, 0, 0, 0, 0, 1, -1, -1, -1, 0, 0, 0, 1, -1, 1, 0, 0, -1, 0, 1, 0, -1, 0, 2, 1, -1, 0, 0, -2, 1, 0, 1, -1, 1, 1, -3, 0, 1, -2, -1, 2, 0, -1, -2, 1, 0, 2, 0, -2, 1, -1, -1, 1, 2, 1, 1, 1, -1, -1, 1, -2, 0, 0, 1, 0, -3, -1, 2, 0, 0, -2, 0, -1, -4, 4, -2, -1, 1, 1, 1, 3, 0, 0, 1, 1, 3, -2, -5, -3, 6, -2, 1, -1, -1, 2, -2, -1, -3, 1, 1, 3, -2, -1, 1, -1, 1, 0, -2, 0, 0, -1, -1, 2, 0, 0, 1, -1, -2, 0, 3, 0, 0, 0, 1, 1, 0, -3, 3, 0, 1, -1, -3, -4, 0, 4, -3, -1, -3, -1, 1, 2, -2, 4, 2, 1, -2, -1, -1, -3, 4, -2, 3, 0, 0, 0, 0, 1, 4, -1, -1, -1, -2, 0, -4, 4, -4, -1, 0, 1, 1, 0, 0, -2, 0, -1]
[0, 0, 0, 0, 1, 0, 0, 0, -1, 0, -1, -1, -1, 0, 1, 1, 1, 1, -1, -1, 0, -1, 2, 2, 1, 0, 0, 1, 0, 0, 0, -1, -1, -1, -2, 0, -1, 1, 0, -1, 0, -1, 1, -1, 0, 0, 0, 0, 0, 1, 1, 1, 0, 1, 0, -1, 0, -1, 1, -1, 1, 1, -1, 0, 0, 1, -1, 2, 1, -2, 0, 1, 0, 0, 0, 0, 1, -1, -1, -2, 1, -1, 1, 1, -1, 1, 1, -1, -2, 4, -1, 5, 0, 1, 2, -2, -2, -3, 1, -1, -1, -1, -3, 2, 2, 0, -1, -2, -2, -4, -1, -1, 1, 1, -3, -3, -1, 2, -1, 0, 1, 3, 0, -1, 2, 1, 1, 4, 2, -2, 6, 1, 0, 1, 0, -2, 3, -2, 2, 2, 1, 0, -2, 2, 0, 0, 2, 0, 2, -2, -1, 2, -2, -5, -1, 1, 0, 3, 3, -2, -3, 4, 0, -3, 0, 0, -2, -4, -3, 2, 1, 1, -1, -1, -1, 1, -4, -1, -5, 3, 0, -4, 1, -6, -1, -1, -3, -1, -3, 2, -1, -2, 1, 4, 7, 4, 2, 4, -2, 5, 4, 2, 5, 2, -1, 0, -4, -3, 1, -3, 1]
[0, 0, 0, 1, -1, 0, 0, 0, 0, -1, 1, 0, 0, -1, 0, 0, 1, 0, 0, 0, 0, 0, -1, 1, 1, 0, 1, -2, 1, 0, -1, 2, -1, 1, -1, -1, 0, 0, 0, 0, 0, 0, 0, -1, 1, 0, -1, 0, -2, 1, -1, 1, 0, -1, 2, 0, -1, 1, 0, 2, -1, 0, -1, 0, 0, 2, 0, 1, 1, -1, 1, -3, 1, 1, 0, 0, 0, -1, 0, -1, 1, 2, 1, -1, 0, 0, 0, -2, -1, -1, 1, -3, 2, 0, 2, -3, 2, -1, 0, 0, 0, 0, 0, -2, 0, 1, 1, 4, -2, 0, 0, -2, -2, 0, 0, -1, -3, 2, -1, 3, 0, 0, 1, -1, 0, 2, -1, 1, 0, 0, -2, 0, 0, 4, 1, 3, -4, 2, -1, 2, -1, 0, 2, 1, 0, 1, -3, 1, 3, -1, -1, 0, 0, -4, 0, 0, 0, -2, 2, 1, 1, -1, -3, 4, -3, -1, -2, 0, 2, -2, 1, -2, 2, -5, 0, -1, 5, -5, 0, 0, 3, 2, 0, 5, 1, -3, 1, -1, 1, -2, 0, 1, -1, 1, -4, 0, 2, -1, 0, -5, 1, 0, 1, 1, 2, -4, 1, 4, 1, -2, 0]
[0, 0, 0, 0, -1, 1, 0, -1, 0, 1, 1, 0, 1, 0, -1, -1, 0, -1, 0, 0, 0, 0, 1, 0, 0, -1, 0, -1, 0, 0, -1, 0, 1, 0, 0, 1, 0, 0, 0, 2, -2, 0, 1, 0, -2, 2, 0, 0, 0, 2, -1, 0, 0, -1, -1, 0, -3, -1, 0, 0, 2, 0, 0, 0, -2, -2, 2, -1, 1, -1, 1, 1, 2, -1, 0, 0, 1, -1, 0, 0, -1, -1, -1, -1, -1, 0, 0, 0, -3, 1, 4, -1, -1, 0, 0, -1, 2, -4, -2, 5, 0, -3, 2, -1, -3, 0, 2, 4, 5, 0, 4, 3, -5, -2, -2, -1, -3, 1, 0, 1, 0, 1, 0, 0, -5, 0, -1, 0, 0, 0, -2, -5, 3, 2, -1, 0, -6, 0, -1, -1, -2, -2, 2, 1, 6, 3, 0, 0, -2, 1, 2, -2, -8, -2, -4, 0, 2, 4, 0, 0, -4, 2, -1, -1, -3, 3, 2, -1, 1, 0, 5, -2, -1, 0, 4, 1, 4, 1, 3, -3, 5, -3, -4, -3, -1, -1, 2, -1, 0, 1, -2, -7, 1, 2, 0, 2, -5, 2, -1, -3, -8, 4, -1, -6, 7, 0, 1, 1, 1, 0, -3]
[0, 0, 0, 0, 0, 0, 0, 0, 0, 0, 1, 0, 0, -1, -1, 0, 0, 1, 0, 1, 0, 0, 0, 1, -1, 0, 1, 0, 0, -1, -1, -1, 1, 1, 0, 0, 1, -1, 0, 1, 1, 0, 1, -1, -1, 0, -1, -1, 1, 3, 0, -1, 1, 0, -1, 2, 0, 0, 1, 1, 0, -1, 1, -3, -1, 1, 0, -1, -1, -1, 2, 3, 0, 0, 0, 2, -1, 0, 1, 0, 0, 2, -1, 0, 0, 1, 0, 1, 1, 0, -1, 0, 2, -1, 0, -2, -1, 2, -1, -2, 2, 0, -1, 0, 0, 2, 0, 2, 1, 1, 4, -1, -1, 0, 2, 0, 1, -1, 1, -1, -1, 0, 2, 2, -1, -2, 0, -1, -1, 0, -1, -1, -1, 2, -1, 4, 3, -1, -1, 5, 2, -2, 1, 1, 0, 2, 0, -1, -1, 3, 0, -1, 1, -1, -1, 3, 0, -1, 2, -2, 4, -1, -1, -4, -2, 3, 2, 1, 2, 2, 0, 1, 0, 0, 1, 1, 3, -3, -2, -1, 0, 0, 1, 4, 1, 0, 0, 1, 2, -4, 1, 3, -1, -2, 0, 0, 0, 3, 3, 3, -2, 1, -2, -1, 2, 5, -3, -1, 0, 2, -1]
[0, 0, 0, 0, 0, 0, 0, -1, 0, 0, 1, 1, 1, 0, -1, 0, -1, 1, -1, 0, -1, 0, 0, 0, 0, -1, 1, 0, 1, 0, -1, 0, 0, 1, 1, 1, -1, -1, 0, -1, 2, -1, 1, 0, 0, 0, 1, 0, -1, 1, -1, 0, 0, 0, -1, -1, -1, 0, -1, -2, 1, 0, 1, 2, 2, 0, 1, -1, 0, 1, 0, 1, 1, 0, 0, 0, -3, -1, -1, 2, 0, -1, -3, 0, -1, 0, 2, 1, -2, -1, 0, 0, -1, 0, 0, 3, 0, 3, 0, -1, 2, 1, 1, -2, 1, -1, 1, -2, 2, 0, -1, 0, 1, 0, 0, 1, 0, 0, -2, -3, -1, 0, 2, 1, 1, -4, 1, 0, 2, 0, 0, 3, -1, 1, 0, 0, -4, 0, -2, 0, 1, -3, 1, -1, -1, 0, 2, 2, 1, 2, -1, 0, -3, 2, -2, -3, -1, 1, 0, -1, 0, -4, 0, -1, 1, 1, 1, 1, 5, 3, 1, -2, -2, 2, 4, 3, 3, 1, -5, -1, 1, 1, 0, 0, 5, 0, 1, -4, 1, -4, 1, 4, -4, -2, -3, 0, -5, 3, 2, 1, -3, -2, 2, -2, -2, 1, 0, -2, 0, 3, -2]
[0, 0, 0, 0, 0, 0, 0, 0, 0, 0, -1, 0, 0, 1, 0, -1, 0, 0, 1, -1, 1, -1, 0, -1, -1, 1, 0, 1, -1, 0, 0, 1, 0, -2, 0, 0, 0, -1, -1, 1, 0, 1, -1, 0, -1, 0, 0, -2, 0, -1, 1, -1, -1, 2, 0, 1, -1, 0, -1, -1, -1, -1, 2, -1, 1, -2, -2, 2, 1, 1, -1, -1, -1, -1, -2, 0, 1, -2, -1, 0, 1, -1, 1, 0, 0, -2, -1, 0, -1, -1, 1, -1, -1, 0, 1, 2, -1, 0, -1, -4, -2, 1, 0, -1, 1, -2, 0, 0, -2, 1, -4, 1, -2, 0, -1, 1, 0, -2, 0, 0, 1, -3, -1, -1, 1, 2, -3, 0, -1, 1, 1, -1, -1, -5, -1, -1, 2, 2, 1, 1, -3, -2, -2, -2, -2, -1, 2, -6, 1, -1, 1, 1, 1, 3, -5, -2, -2, 2, 0, -3, -3, -1, -2, 2, 1, -3, 3, 0, -4, -1, -1, 0, 0, 0, -3, -3, -6, 1, 2, 0, 1, 0, -3, -4, -3, 1, -2, -4, 0, 0, 4, 0, -1, -1, 2, 1, -4, -2, -4, -1, 2, -2, -2, 1, 0, 0, -1, -3, 3, -5, -5]
[0, 0, 0, 0, 0, 0, -1, 0, 0, 1, 1, 1, 1, -1, -1, 0, 0, -1, 0, 0, 1, 0, 0, 0, -2, 0, 0, 1, 0, 0, -1, 1, 0, 1, 1, 1, 0, 0, 1, 0, 0, 1, 1, -1, -2, 1, -1, 1, 0, 2, 0, 0, 0, 0, -1, -1, -1, 1, -1, 1, 1, 0, -1, 1, 1, 2, -2, 0, 0, 0, 2, 1, 1, 2, -1, 1, 1, 0, -2, 0, 0, 0, -3, -1, 0, 2, 0, 0, 0, 0, 1, -2, 4, 1, -1, 2, -1, 1, -1, 1, 2, 0, -2, 1, -2, 3, 1, 2, 1, 4, 1, 4, -2, 0, -3, 4, 4, 1, -1, 0, -3, -2, 0, 0, 0, -1, -1, 0, 0, 2, -4, 1, -1, 2, -4, 7, -1, 2, -3, 0, 3, 0, 3, -3, 0, 5, 0, 2, 0, 0, 0, -3, -4, 4, 1, 3, -2, -1, -1, 0, 0, 0, -5, 3, 2, -3, 2, 4, 1, 2, 4, 7, 0, 3, 0, 6, 0, -1, -2, 3, 5, 2, -1, 6, -5, 1, -5, -2, 0, 8, 4, 1, -4, 3, 1, -2, -2, 3, -4, -3, -2, -3, -3, -6, 4, 4, 3, 5, -3, 1, -4]
[0, 0, 0, 0, 0, 0, 0, 0, 0, 0, 0, -1, 0, 1, 0, 0, -1, 0, 0, 0, 1, 0, 1, -1, -1, 0, -1, 0, -1, 1, 0, 0, 2, 0, 0, 0, 0, -1, -2, -2, 0, 1, 0, 1, 0, 0, 1, 0, 0, -3, -1, 1, 0, 0, 0, 1, 0, 0, -1, -1, 0, -2, 1, 2, 0, 0, -1, 2, -2, -1, 0, -1, -1, -2, 2, -1, 1, 1, -2, 1, 0, -2, 0, -1, 0, 1, 0, -1, 0, 1, 2, 0, -4, 0, -1, 2, -1, -2, 0, -2, 0, 2, 0, 2, 0, -2, -2, -3, 0, -2, 1, -2, 0, -1, -1, 2, 3, 0, 1, -1, 1, 0, -2, -1, -3, 1, -3, 2, -2, 1, 2, 3, -2, -4, -1, -3, 1, 0, 0, -1, 1, 1, -1, -2, 0, 0, -1, -4, 2, -2, 2, 0, -1, 6, -1, -1, -1, 1, -2, -2, -2, 0, -2, 0, 2, 0, -4, -2, -3, -3, 4, -3, 0, -2, -1, 3, -1, 1, 5, 0, -2, -2, -4, -5, 2, 1, -3, 1, 2, 4, -1, 0, -1, -2, -3, 0, -3, -2, 1, -1, 2, -3, -4, -1, -2, -1, 3, 0, -2, 2, -2]
[0, 0, 0, 0, 0, 0, 0, 0, 0, 0, 0, 0, 0, 0, 0, 0, 0, 1, 0, -1, 0, -1, 0, 0, 1, 2, 0, -1, -1, -1, -1, 1, 0, 1, 1, 0, 0, -1, 1, 0, 0, 1, 0, 0, -1, -2, -1, 1, 0, 0, 1, 1, 0, -1, 1, -1, 1, -1, 0, 1, 0, 1, 0, 0, 0, 0, -1, 3, -2, 0, 0, -4, 0, 2, -1, 0, 1, -1, -1, 0, 2, 1, 1, 2, 1, 0, 1, 0, -1, -1, 1, -4, 1, -1, -1, 1, -2, -3, -1, -1, -1, 3, 0, 4, 5, 1, 3, 5, -3, 0, 2, 0, -3, -3, -5, -3, -4, -7, 5, -2, 3, 5, -2, 0, 2, 3, 0, 8, 0, 5, 2, -3, 3, -4, -5, -4, 1, -1, 1, -7, -8, 1, -2, -1, 6, 2, 3, 5, 0, 5, 4, -2, 7, -1, 0, 3, -3, -6, 2, -6, -9, 4, -11, 3, -2, -5, -2, 5, 1, 6, 14, -4, 4, 2, 2, 3, 2, -6, 8, 2, -3, 6, -11, -6, -2, -8, -8, 2, -9, 0, 8, -6, 6, 7, 1, 9, 4, 0, 3, 1, 1, 5, -3, -4, 7, -3, 0, 2, -9, -9, -6]
[0, 0, 0, 0, 0, 0, 0, 1, 0, -1, -1, 1, 0, 0, 1, 0, 1, -1, 0, -1, 1, 0, 0, 1, 0, 0, -1, 1, 0, 0, 2, 0, -1, -1, 1, 0, -1, 2, 1, 0, -1, 1, -2, 1, 1, 1, 1, 0, -1, -1, 2, -1, 0, 1, 1, 1, 1, 1, -1, -1, 0, 2, -1, -1, 2, 1, 0, 1, 1, 0, 0, -1, 0, 1, 0, 0, 0, 2, 0, -1, 2, -1, 3, 0, 0, 1, -1, -1, 3, 1, 0, 0, 2, 0, 1, 0, 1, 1, 1, 0, 0, 1, -1, 0, 1, 1, 1, 1, -3, 3, -1, 1, 0, 1, 0, 2, 0, 0, 1, 1, 0, 0, 1, 0, 3, 3, 0, 0, 0, 0, 2, 0, 3, 2, 1, -1, -1, 1, 0, 0, 2, 0, 0, 4, -1, 0, 2, -1, 0, -2, 0, 6, 2, -4, 5, 4, -1, -1, -1, 1, 1, 1, 1, 4, 3, -1, 3, 3, -1, -2, 1, 2, -1, 4, -3, 0, -1, 0, 3, 2, 0, 1, 3, -1, -2, 2, -1, 4, 0, -1, 3, 0, 0, 3, 6, -1, 4, -1, -2, 3, 6, -1, 2, 5, 0, -1, 4, -5, 2, 3, 3]
[0, 0, 0, 0, 0, 0, 0, 0, 0, 0, 0, -1, 0, 1, 0, 1, 0, 0, 0, 0, 1, 0, -1, -3, -1, 0, 0, 1, -1, 0, 2, 1, 1, 0, 0, 1, 1, 1, 0, -1, -1, 0, -1, 0, -2, -1, -1, 0, 1, -3, 0, 0, 1, 1, 1, 2, 0, 1, 1, 1, 2, -1, 0, -1, -1, 0, -1, -1, -2, 2, 0, 0, 0, -2, 0, 1, -2, 0, 0, -1, 1, 0, 0, -1, 1, 0, 0, 1, 4, 0, 2, -1, -1, 0, -2, 6, -1, -1, -4, -2, 1, -2, 1, 1, -2, 0, 0, -3, -1, 1, 2, 1, -2, -1, 3, 5, 3, 0, -1, -3, 2, -2, 0, 0, -2, 4, -2, -2, -1, 1, 1, 1, 0, -4, -2, 2, 1, -1, 3, -2, 1, 2, -1, -2, 0, 1, -2, 0, -3, 0, 4, -5, -1, 6, -1, 0, 1, 0, -3, 1, 3, -2, -1, 0, 2, 1, 0, -1, -1, 0, 0, 1, 2, -2, 0, 2, -5, 2, 3, -1, -2, -3, -1, 3, -4, 4, 0, -4, 2, 2, 8, 2, 2, 0, 0, 3, -2, -4, -3, -5, 4, -1, -3, -7, 4, 3, 0, -1, -3, 1, 1]
[0, 0, 0, 0, 1, -1, 0, 1, -1, 0, -1, 1, 0, 0, 0, 0, 0, -1, 1, 1, 2, -2, 0, 0, 0, 1, 0, 2, -1, 1, 0, 0, -1, 0, 0, -1, 0, -1, 2, -1, 0, 1, 0, 0, -1, 2, 0, 0, 0, 1, 1, -1, 1, 0, 1, -1, 1, 1, 0, -1, -2, 1, 0, 1, 2, 0, 0, 0, 3, 0, -1, 2, 0, 1, 0, 0, 0, 2, 0, -2, 1, 0, -1, -1, 1, -1, 1, 0, 1, 2, -2, 1, 1, 4, 1, 2, -1, 4, 2, -6, 3, 2, -1, -1, -2, -1, -2, -2, -5, 5, -5, 0, 2, 3, 4, 3, 7, -4, 5, 2, -2, 0, -1, 2, 1, -2, -2, -3, -1, -3, 0, 0, 3, -3, 2, 7, 3, 8, 5, 8, 3, 1, 2, -5, 0, -6, 5, -7, 0, -5, -5, 1, -3, 8, -4, 4, 0, 1, 1, 2, 8, -3, 11, 2, 7, -3, 3, 7, -14, -2, -12, 9, -1, -4, -2, -4, -5, -4, 3, 1, 3, 7, 5, 8, -3, 6, 1, 7, 4, 5, 4, 2, -2, -12, 2, -13, -4, -1, -4, 3, 0, 0, -2, 7, 6, 4, 9, 4, 10, 4, 3]
[0, 0, 0, 0, 0, 0, 1, -1, -1, 1, 0, 0, 0, -1, 0, 0, 0, 0, -1, 1, 1, 0, 0, 2, -1, 0, -1, -2, 1, 1, -2, 0, 1, 0, 0, -1, 0, 0, 1, 0, 0, -2, 1, 0, -2, -1, 1, -2, 2, 1, -1, 1, 0, -1, 2, -1, 0, 0, -1, 1, -1, 1, -1, 1, -1, 0, 0, -2, -2, -1, -1, 1, 1, 1, 0, 2, -1, -1, 0, 0, 0, 1, -2, 0, 0, -1, 0, 0, 2, 0, 1, -1, 2, 0, -2, -3, -3, -1, 0, 1, -2, -1, -2, 1, 1, 0, 3, 2, 0, -3, 1, -1, -4, 0, 1, -3, 1, 2, 1, 2, -4, -2, 2, -1, -2, -1, 0, 1, 1, -1, -1, -1, 0, 1, -4, -1, 3, 1, -1, 2, -1, -1, 4, -3, 2, 1, -1, 1, 2, -1, 0, -1, -3, -4, -2, -2, 0, 3, -3, 2, -1, 1, 1, -4, -1, -1, -2, -3, 5, 1, 0, -2, 0, -3, 2, -1, -2, -1, -2, 3, 1, 0, -3, 1, -4, -1, -1, 2, 0, 1, -7, 0, 1, 0, 1, -3, -3, 2, -5, -3, 2, 6, 3, -4, 5, -1, 2, 1, 0, -3, -3]
[0, 0, 0, 0, 0, 0, 0, 1, -1, 0, 0, 0, 0, -1, 0, 0, 1, -1, 0, 1, 1, -1, 0, 0, 2, 0, -1, 0, 0, -1, 1, -1, -1, 2, -1, -1, -1, 0, 2, 1, -3, 1, 0, 0, -1, 2, -1, 2, -1, 0, 0, 1, 1, -1, 0, -2, 1, 0, 1, 0, -1, 1, -1, -2, 1, 0, 1, -1, 1, -1, -1, 0, 1, 1, 0, -1, 0, 0, 1, -2, 2, 1, 0, 0, 0, 1, -1, 0, 2, 0, 1, -3, 0, 1, -2, -1, 1, -1, -4, 1, 1, 1, 1, 1, -2, 2, 2, 0, -2, 0, 1, 1, -4, 0, 0, 0, -1, -4, 2, -1, 1, 2, 1, 2, -1, 1, 1, 2, 0, 0, -4, -2, 3, 0, -1, 0, -3, 0, 3, -2, 1, 0, 0, -2, 4, 0, 1, 4, -2, 0, -2, -1, 2, 1, 3, 2, 0, -4, -5, 4, -3, -1, -1, 2, -1, 1, 0, 2, -2, -1, 0, 2, 0, -5, 2, 0, -2, -1, 3, -1, -1, 1, -2, 1, -1, -5, 3, 3, 0, 2, 0, -2, 1, -5, 0, -2, 3, 0, -1, -2, 3, 5, -3, -1, 6, 1, 3, 4, -3, 4, -1]
[0, 0, 0, 0, 0, 0, 0, 0, 0, 0, 0, 0, 0, 1, 0, 0, 0, -2, 0, 2, 1, 0, 0, -2, -1, 0, 1, 0, -1, 2, 0, 0, 1, -1, -1, 1, 2, 0, 1, 0, -1, 1, -1, 0, -2, 0, 0, 0, 2, 0, 0, -2, 0, 1, 0, 2, 1, -1, 2, 0, 0, 0, 0, 1, -1, -1, -2, 0, 0, 2, 1, 1, 0, -1, 2, -2, 0, 2, 0, 1, -1, -1, -1, 0, 0, 0, 0, -1, 5, 0, 1, 0, 1, -1, 0, 3, -3, 2, 1, -1, 1, 1, -2, -2, -2, -1, 0, 0, 0, 4, 2, 0, 3, 0, 0, 4, 1, 1, -1, 0, -2, -1, 2, -2, -1, -1, 1, -2, 0, 0, 0, 2, 0, -2, 0, 4, 5, 1, -1, 1, 0, -1, 2, 2, -2, -1, 0, -4, -1, 4, -1, -1, 1, 2, 1, 2, 0, 0, -1, -2, 3, -2, 1, 0, 2, -1, 3, 1, -3, 1, 0, 3, 4, 5, -3, 4, -3, 0, 1, 0, -2, -4, 1, 0, -1, 3, -2, -1, 4, 1, 4, 2, 1, 1, 2, 0, 2, -1, 1, 0, 2, -5, 1, -4, -3, 1, -3, 2, 2, 2, -1]
[0, 0, 0, 0, 0, 0, 0, -1, 0, 1, 1, 0, 0, 0, -1, 0, 0, 1, -1, 1, 0, -1, -1, -1, 0, 1, 2, 0, -1, -1, 0, 1, -1, 2, 0, 0, 0, -1, 1, -1, 1, 0, 1, -1, 0, 1, -1, 1, -1, -1, 0, 2, 1, 0, -1, -1, -2, -1, 1, 1, 0, -1, 0, 1, 1, -1, 0, 2, 0, 1, 1, 1, -2, 2, -1, -1, -1, -1, 0, 0, 1, 0, -2, 0, -1, 1, 0, 3, -1, 0, 1, -5, -1, 3, 0, 5, -2, -1, -3, 1, 3, 0, 2, 1, 0, -1, 0, 0, -3, 0, 3, 4, -3, -1, 1, 2, 1, -6, 1, -5, 4, 4, 2, 0, 0, -1, -4, 3, -2, 3, -3, 2, -2, -5, -1, 3, -3, 5, 3, -1, 1, 1, 2, -4, -4, 2, -1, -2, 0, 3, 1, -4, 3, 7, -1, -2, -3, 0, 1, -1, 3, -4, -4, 2, -2, 3, 1, 2, -7, 2, 3, 4, 2, -1, 3, 0, -1, 2, 2, 1, 2, 2, -3, 1, -3, -4, 1, -1, 0, 2, 6, 2, -4, 1, -2, 3, -7, 2, -1, -4, 5, 0, -3, -8, 1, 5, -2, 6, -5, 7, -4]
[0, 0, 0, 0, 0, 0, 0, 0, 0, -1, 1, 1, 0, 0, 0, 1, 0, 1, -1, -1, -1, 0, -1, -1, 2, 0, 1, 1, 1, 0, 0, 0, -2, 1, 0, 1, 0, 1, 1, -1, 2, -1, 0, -1, 1, 0, 1, 2, -1, -1, 1, 1, 0, 1, -1, -1, -2, -1, 1, 0, 1, 1, 1, 1, 2, 1, -1, 1, 2, 2, 0, -1, 0, 1, 0, 0, -1, -1, -1, 0, 2, 0, -1, 0, 0, 2, 2, 1, -3, -2, 2, 0, -1, 1, 1, 5, 2, 4, 0, -3, 2, 1, 3, 0, 0, 1, 0, -3, -1, 1, -1, 0, 3, 1, 1, 3, -1, -1, -2, -1, 3, 0, 2, 0, 4, 0, 0, 0, 1, 0, 2, 3, -1, 1, 3, 5, -5, 1, 0, -1, 0, 0, -1, -3, -2, 0, 1, 3, 2, 2, 1, -1, 4, 1, 0, 1, 0, -1, 3, -2, 2, -2, -1, 4, 3, 0, 0, 2, 1, 6, 2, 3, 1, 0, 3, 2, 0, -2, -5, 1, 3, 3, 0, 3, 2, 1, 2, -4, 0, -3, 6, 6, 1, 1, -2, 1, 1, 0, 0, 1, 2, -4, 5, 4, -1, 3, -1, 0, -2, 3, 3]
[0, 0, 0, 0, -1, 0, 0, 0, 1, 1, 0, -1, 1, 0, 1, 0, -1, 0, -1, 0, 0, -1, -1, -1, -1, 0, 0, -1, 0, 0, 0, 2, 0, 0, 0, 1, 1, 1, 1, -1, 1, -1, 1, 0, -1, -2, -1, 0, -1, 1, -2, 1, 0, -1, 0, -1, -1, 3, 0, -1, 0, 0, -1, 0, 0, -1, 0, -1, -1, -2, 0, 0, 2, -1, 0, 1, -2, 0, 0, 1, -1, 0, -2, 0, 0, -3, 1, -2, 0, 0, 1, -1, -1, 1, -1, 2, 2, -4, 0, 0, 1, -2, 1, -3, -3, 3, 3, 0, 1, 2, -1, 2, 1, 0, 1, 4, 1, -2, -3, 0, -2, -3, -1, -1, 0, -2, -1, -2, 1, -1, -4, 2, -5, 2, -3, -2, -4, 2, -1, -5, 1, -1, 2, -1, -3, 1, -3, 2, -1, -1, 2, -5, -4, 1, 2, -3, 0, 1, -1, 3, 1, 1, 1, 0, 0, -2, 1, -1, 7, -2, -2, -1, 2, -2, -1, 2, 2, 1, -2, 0, -2, 1, -1, 1, 2, -1, 0, -9, 1, 6, 3, 2, -2, -2, 2, 0, 0, 1, -10, -6, -4, -2, 2, -5, -3, -1, -2, -1, -3, -2, 2]
[0, 0, 0, 0, 1, -1, 0, 0, -1, 0, 1, 1, 0, -1, -1, 1, 0, 2, -1, -1, -2, 0, 1, 2, 1, 0, 0, -1, 1, 0, 0, -2, 0, 1, 0, 0, 0, -1, 0, 1, 1, 0, 1, 0, 1, -1, -2, -2, 1, 0, -1, 1, 0, 1, 1, 0, 1, 0, -1, -1, 2, -1, 1, 1, 0, 0, 1, -1, 0, 0, 0, 0, 0, 0, 0, 2, 1, 1, 0, 1, -3, 1, 0, 2, -1, -2, -1, 0, -5, 2, 1, 4, -2, 1, -1, -2, 1, 7, 1, -5, 2, 1, -1, -1, -1, 1, 0, -1, 4, -2, 3, -4, 5, 3, -1, -1, -3, -1, -5, 0, 1, 1, -2, -1, 5, -5, 3, 1, 3, 0, -4, 3, 3, 2, 5, -4, 2, -2, 7, 3, -1, 0, -5, 2, 1, -3, -1, 2, -2, -1, 5, 8, -6, -7, -8, -2, 2, 3, 2, 2, -1, -4, 10, -2, 2, 7, -7, -3, 0, 7, -3, -2, 0, -1, 8, -3, 7, 2, -12, 0, 3, 2, -7, 2, 3, -3, 7, 5, 3, -11, -3, 5, 0, -4, -4, 4, 3, 0, 6, 8, -5, -1, -4, 10, -4, 0, -9, -6, -3, 2, 10]
[0, 0, 0, 0, 0, -1, 0, 1, 1, -1, 0, 1, 0, 0, 0, 1, -1, 1, 0, -1, -1, 0, -1, -1, 0, 1, 1, 0, 0, -1, 1, 1, 0, 0, 1, 0, 0, 0, -1, 0, 2, 1, -1, 0, 2, 0, 0, 0, 0, -1, 1, -1, -1, 0, 0, 1, -1, 0, 0, 0, 1, -2, 1, 0, 0, 2, 0, 1, 1, 2, 1, -3, -1, 2, -1, -1, 1, 1, -1, -2, -1, 2, 2, 2, -1, 0, -1, 0, -3, 0, -1, 1, 0, -1, 1, 3, 2, 5, 1, -1, 0, 0, 1, -2, 1, 0, -2, 0, 1, 1, 1, -2, 4, 1, 2, 1, 0, 0, -1, -1, 3, 2, -2, -2, 2, 2, 0, -3, -2, -1, 2, 0, -1, -1, 5, 1, -1, -2, -1, 2, -2, 1, -2, 1, -3, -3, -1, 1, 2, 0, 0, 4, 2, -1, 2, 0, 1, -2, 3, 2, 3, -2, -1, 4, 1, 2, 0, 2, -2, -1, 0, 3, -1, 1, -2, -1, 5, -1, 1, 1, 3, 0, 2, 4, 0, 3, 1, -2, -1, -4, 4, 5, 1, 1, -2, 2, 0, -3, 2, 1, -2, -5, 0, 5, -5, 0, -3, 0, 0, 0, 3]
[0, 0, 0, 0, 0, 1, 0, -1, -1, 0, 0, -1, 0, 1, 0, 0, 1, -1, 0, -1, 0, 1, 0, -1, 0, 0, 0, 0, 1, 0, 0, 0, -2, -1, -1, 0, 1, 0, 1, 1, -3, -1, -2, -1, 0, 0, -1, 1, -1, -2, 1, 1, 0, -1, 1, -2, -1, -1, 1, 2, 1, 1, -1, 0, -2, -2, -1, 0, 0, 1, -1, -2, -1, -1, 0, 0, 1, -1, -1, -1, -1, -2, 1, -2, 0, 0, -1, 0, 0, -3, 3, -2, 3, 0, 0, 2, -3, -5, -3, 4, 0, -4, -1, 1, -6, -1, -1, 0, 1, -3, 2, 2, -5, -4, -2, -2, 1, -1, 0, 0, -5, -1, 0, -1, 0, 4, 0, 0, -1, 2, 0, -4, 4, 0, 0, 1, -5, 0, 0, -6, 1, 2, -1, -4, 2, 1, -2, 1, 0, -2, 0, -7, -5, -1, -2, -2, 0, 1, -2, 0, -5, 1, 0, 2, 1, -1, 0, -4, -6, -1, 3, -3, 3, -4, -2, -3, -7, -1, 1, -3, 4, 0, -5, -2, -11, 1, -3, -4, 2, 2, 1, -7, -1, 4, 1, 1, 5, -5, -1, -8, -6, 4, 2, -5, 8, -2, 3, 2, -6, -2, -3]
[0, 0, 0, 0, 0, 0, 0, 0, 0, 0, 0, 0, 0, 0, 0, 0, 0, -1, 0, 1, 1, -1, 0, 1, -2, 1, 0, 0, -1, 1, 1, -1, 1, -2, 0, 0, 1, 0, -1, 0, 1, 1, -2, 0, -1, 1, 1, -1, 2, 0, 1, -2, 0, -1, -2, 2, 0, 0, 0, 0, -1, 1, 2, -1, -2, 3, 0, -1, -1, -1, 1, 0, -1, -1, 1, 0, 0, 0, -1, 1, 2, 0, 1, 0, 0, 1, -3, 0, 2, -3, -1, 1, 1, -3, -1, 0, -3, 3, 2, 1, 2, 3, -1, 0, -1, 0, -2, -3, 0, 0, 6, -8, -2, 2, 0, 2, 1, 0, 2, 1, 0, 0, -2, 1, 0, 3, -6, -1, -3, -3, 5, 2, -2, -2, 2, 4, 6, -1, -5, 2, 0, -3, -1, 2, -2, 0, 0, -7, -1, 1, 2, 3, 4, 0, -3, 6, -2, -3, -1, 1, 7, -5, 2, -4, -2, 3, 2, -2, -7, -2, 4, -1, 1, 2, -3, 2, -3, 1, 2, -2, 1, 4, -1, -6, 0, 10, -3, 4, 4, -7, -1, 0, 0, -4, -1, -2, 1, -3, 0, 5, 0, -5, -3, 5, -2, 7, -2, -1, 2, -1, 1]
[0, 0, 0, 0, 0, -1, 0, 0, 1, 1, 0, 1, 0, 0, 0, 1, 0, 0, 0, -1, -1, -1, 0, 1, -2, 0, 0, 0, 1, 0, 1, 1, 0, 0, 2, 1, 1, 2, 0, -1, 3, 1, 0, -1, 0, -1, -1, 0, -1, 1, 0, 0, 1, 0, 0, 1, 1, 1, 0, 1, 1, 0, 1, -2, 0, 2, 2, -1, 0, 0, 1, 1, 1, 0, 0, 2, -2, 0, 2, 2, -2, 1, -1, 2, 1, 0, 0, -1, -1, 4, -2, 0, 1, 0, 1, 1, 0, 4, 5, 0, 1, -1, 1, -1, 3, 0, 0, 0, 1, 7, -1, 0, 4, 4, 1, 4, 3, 0, -1, -1, 0, -1, -1, -1, 3, -4, 3, -1, 0, -3, 2, 5, -4, 1, 2, -2, 3, 2, 2, -1, 3, -2, 0, 7, -9, 3, 1, -1, -1, 0, 1, 2, 3, -2, -1, 3, 2, 4, 2, 2, 3, -6, 6, -1, 2, 3, 1, 3, 6, 5, -3, 5, 1, 5, 3, -1, 0, 1, -4, 1, 3, 5, 6, 5, 5, 2, 3, 3, 0, -8, 2, 4, -3, 3, 2, 3, 1, 1, 2, 5, -1, -6, 2, -3, -7, 4, -4, -4, -1, 2, 7]
[0, 0, 0, -1, 0, 1, 0, 0, 0, 1, 0, 0, 0, -1, 0, 0, -1, 0, 0, 0, 1, -1, 1, 1, 0, -1, -2, -1, 0, 0, -1, 0, 1, 1, 0, -1, -1, 0, 1, 0, -1, 1, 2, 1, -1, 0, 0, 0, 0, 2, -1, 1, 0, -2, 0, -1, 2, -1, -1, -2, 0, -1, -1, -1, -1, 0, 0, 2, -2, -3, -1, -1, 0, 0, 0, 1, 3, 0, 0, 1, 0, 0, 0, -1, -3, 1, 0, -1, 0, 1, 2, 1, 0, 0, -1, -3, -1, -6, 0, 4, 0, -1, -3, 4, -1, 3, 0, 1, 2, -3, 2, 1, -1, 0, -3, -1, 1, 2, 3, 0, -1, -1, -2, -1, -4, -1, 1, 0, 0, -1, 0, -4, 0, -3, -4, -3, 0, -1, -1, -1, 1, -2, 1, -2, 5, 0, 0, -1, 0, -1, 0, 0, -5, 0, 1, 4, -1, 3, -3, -1, -2, 5, 2, 0, 0, 1, -1, -1, -2, -3, 3, -4, -2, 0, 0, 2, 3, -1, 0, 1, -1, -1, -2, -6, 3, 2, -5, 2, -2, 8, -7, -4, -4, 1, 3, -8, 0, 5, 1, -1, 2, 2, -1, -3, -1, -4, 6, -1, -2, 2, -3]
[0, 0, 0, 1, 0, 0, 0, -1, -1, 0, 0, 0, 0, -1, 0, 0, 2, 0, 0, 0, 0, 0, 1, 1, 1, 0, 0, -1, 1, 0, 0, 1, -1, -1, -1, 0, 0, 3, 1, -1, -1, -2, -2, -2, -1, 1, -1, 0, 1, -1, 1, 1, 0, 1, 2, 0, -1, -1, 1, 3, 1, 2, 0, 0, 1, -1, -1, -1, 2, 0, -1, 0, 1, 0, 0, 1, 2, -1, -1, -1, 1, 0, 0, -1, 2, -1, 1, -1, -1, 1, 5, -5, 2, 1, 1, -1, 2, 0, 1, -1, -3, -3, -1, -2, -3, -1, 1, 2, 0, 2, -1, 1, 2, 1, -3, 1, -1, -2, -4, 0, -2, 1, 2, -3, 6, 0, 1, 2, 7, -1, -3, 2, 0, 2, 3, 4, 1, 4, 3, 0, -3, 1, 1, 3, 0, 2, 1, -3, 3, 1, 4, 0, 1, -7, -5, 0, -3, 0, 0, -2, -1, -6, 4, 0, 0, 1, -1, -3, -1, 4, -2, 2, 4, -1, 4, -5, 1, -1, -7, 1, 9, 0, -9, 3, -2, -7, 5, 0, 2, -9, 4, -1, 6, 6, 3, 5, 2, -3, -4, -2, -1, -3, 8, -3, 3, 1, -4, 0, 0, 1, 7]
[0, 0, 0, 0, 0, 0, 0, 0, 0, 0, -1, 0, 1, 1, 1, 1, 0, -1, 0, 0, -1, -1, 0, -2, -1, 1, 1, 0, 1, 1, 0, 0, 0, 2, 0, 1, 1, 0, 0, 1, 0, 0, 0, -1, -1, -2, -1, 1, -1, -1, 2, 2, 0, 1, 0, -1, -1, 0, 0, 1, 2, 2, 1, 2, 2, -2, 0, 0, -2, 2, 0, -1, 1, 0, -2, -1, 0, -1, 1, -1, 2, 0, -1, 1, 0, 1, 2, 1, -2, 1, -1, 1, 2, 3, 2, 0, -3, -1, 1, 0, 2, 0, 3, 2, 1, 1, 0, -1, 0, -2, -7, 3, -1, 1, 4, -1, 2, 0, -1, 4, 0, 0, 0, 0, 0, 3, 1, 2, 2, 2, 2, -1, -1, -2, -3, -1, 1, 2, 3, -3, 0, 2, 1, -3, -1, 0, 1, 6, 1, -2, 0, -4, -6, 0, -2, 0, 5, 3, 5, 4, -1, 5, -5, 4, 3, 0, 1, 1, -1, 3, 2, 0, 0, -6, 0, 1, -3, 1, 5, 1, 6, 2, 4, 2, -2, -1, 2, 4, -3, 6, -2, -2, -2, -2, 2, 2, -3, 0, 0, -4, 2, 7, 3, 2, 3, 0, 1, 6, 5, -5, -6]
[0, 0, 0, 0, 0, -1, 0, 1, 1, -1, -1, 1, 1, 1, 0, 0, -2, 1, 0, -2, 0, 0, 1, -1, -1, 0, 0, 2, -1, -1, 1, 0, 1, -1, 1, 1, -1, 2, -1, -2, 2, -1, 0, 1, 0, 1, 0, 1, 0, -1, 0, -1, 0, -1, -1, 1, -1, 1, -1, -3, 2, -1, 1, 0, 1, 1, 0, 0, 0, 2, 0, 0, 0, -1, 2, 0, -1, 0, -2, 0, -2, 0, -1, 0, -1, 0, 2, 0, -2, 2, 0, -1, -2, -1, 0, 4, 3, 3, -1, -1, 0, 1, 1, -5, 1, -1, 0, -3, 3, 5, -3, 2, 3, 0, -2, 2, 1, 0, -1, -2, -1, -1, -2, 2, 2, -3, 3, -3, 0, -2, 3, 3, -2, 1, 0, -5, 0, -1, 1, -3, 0, -2, -2, 3, -4, -1, 2, 2, 1, 1, -1, 3, -3, 4, 1, -3, -1, -1, -1, 0, 0, -3, 2, 0, 3, -2, -1, 4, 4, -1, -1, 6, -3, 3, 2, 0, 2, 0, -3, 0, 0, -2, 0, 2, 3, -1, 0, -6, -2, -2, 6, 6, -3, 0, 3, 4, -4, -3, 0, 4, -4, -5, 2, 0, -5, 0, 0, -7, 1, 0, 0]
[0, 0, 0, 1, -1, -1, 1, 1, 0, -2, 0, 0, 0, 0, 0, 0, 1, 1, 0, -1, 1, -1, -2, 0, -1, 2, 1, 1, 0, 0, 0, -1, 0, -1, 1, -1, 0, 1, -1, 0, 1, -1, 1, -2, -1, 0, 0, -2, -1, 1, 1, -2, 1, 1, 0, 2, -1, 1, -2, 1, 0, 0, 1, -2, 0, 1, -2, 2, 0, -1, 2, 0, -1, 0, -1, 1, 0, -1, 0, -2, 2, 2, 0, 0, -1, 0, 0, 0, 45, -24, -58, -46, 35, -13, -21, 91, 30, 7, 31, 79, -106, -47, 32, -103, -72, 51, 100, -67, -24, 41, 23, -1, -3, 21, 34, 95, -60, -94, -12, -55, 23, 84, -5, -42, 140, 4, -68, -96, 9, -79, -146, 60, 99, 127, 42, 99, -33, 23, -32, -120, -126, 7, 59, 71, 24, 46, -13, -113, -33, -52, -79, 48, 233, -85, 57, 63, -24, -62, -7, 48, -63, -118, 38, 60, -31, 93, -19, 42, -84, -174, 3, 93, 58, 47, 105, -71, -35, 68, 15, -67, -11, 86, -149, -63, -49, 68, -58, 14, 14, -38, 124, 25, -21, -68, 167, -39, 81, -8, 210, -74, -196, -107, -92, 48, 14, 112, -110, -25, -107, 195, -132]
[0, 0, 0, 1, 0, 0, -1, 0, -1, -1, 1, 0, 1, -2, 0, 0, 1, 0, 0, 1, -1, 1, 0, 1, 0, -1, 1, -1, 0, 0, -1, 1, 0, 1, 1, -1, -1, 1, 0, -1, -2, -1, -1, -1, 0, -1, -2, -1, 0, 0, -1, 0, 1, 3, 1, 0, -1, 0, -2, 2, 0, 1, 1, 2, 0, 1, 1, -1, -1, -2, -1, -1, -1, 1, 0, -1, 1, 0, 1, -2, -2, 2, 2, -1, 0, -1, 1, 0, -1, -3, -4, 0, 5, 1, 2, -7, -1, 1, 3, -4, -1, 1, -3, 1, -1, 1, -1, 1, -4, -2, -1, -4, -1, 2, 2, -2, -1, 3, -3, 2, -5, 1, 1, -1, 5, 0, -3, 0, 0, 0, -7, 1, 1, 2, 3, 9, 1, 0, -2, 6, -4, 4, 2, 1, 0, -3, 0, -1, -1, -2, -2, 2, -7, -6, 2, 1, 0, -7, 5, -3, 0, 0, -1, 0, -2, -1, 1, -2, -7, -1, -9, -1, 1, -1, 3, -2, 7, 0, -1, 0, -2, 0, 3, 4, 0, -6, 3, 3, 3, -4, -11, -2, -3, -1, -2, -3, 3, 0, 5, 0, -11, -4, 0, 9, 1, -4, -2, 6, 2, -3, 0]
[0, 0, 0, 0, 1, 0, -1, -1, 0, 1, 0, 0, 0, 0, -1, 0, 0, 1, 1, -1, -1, 0, 1, 1, 0, 0, 0, 2, -1, 0, -1, 0, -1, -1, 3, 1, -1, -2, -1, -1, 1, 0, 1, 0, 0, -1, 1, 0, -1, 1, 0, 1, -2, 2, -1, -1, 0, 2, -2, -2, 1, 0, 2, 3, -1, 0, 2, 0, 0, 0, 0, -2, 0, 0, 0, -1, 1, 0, 1, 2, 0, -1, -1, -1, 0, 1, 0, 1, -2, 2, -7, 4, -2, 4, -2, 0, -1, 1, 1, 1, 1, 1, -3, 3, 7, -2, -4, -2, 0, -6, -1, 3, 0, -4, -1, -1, 3, -1, 5, 0, 5, -5, 2, 1, 0, -7, -3, 4, -7, 5, 4, 8, -3, -1, 0, 4, -1, 4, 2, 2, -7, 7, 1, 0, -7, 4, 3, -4, -5, -1, 4, -2, -3, 5, 0, -6, 2, 2, 9, -9, 2, 1, 4, -8, 2, -3, -1, -7, 2, 3, -2, -3, -1, 7, 0, -1, -2, 7, -6, 6, -1, 7, -4, 2, 1, 3, -9, 4, -5, 7, -9, 3, -2, 2, -6, 5, -8, -1, 7, 5, 6, -12, -1, 1, 5, -8, 7, 2, 2, -14, 4]
[0, 0, 0, 0, 0, 0, -1, 0, 1, 0, 0, 1, 1, 0, 0, 0, 0, 1, 1, -2, -1, -1, -1, -1, -1, 1, 1, 2, 0, -2, 1, 2, -1, 0, 2, 2, 0, 1, 1, 0, 2, 0, 0, -2, -1, -1, -2, 1, -1, 2, 2, -1, 0, 0, -1, 0, 0, 2, 0, 1, 2, 1, 1, -2, 1, 1, 0, 0, 0, 1, 1, 0, 1, 1, -2, 1, 0, -2, 0, 0, 1, 0, 0, 0, 0, 1, 1, 1, -1, -1, 0, -1, 3, 0, 2, 3, 2, 1, -1, 1, 2, -2, 2, -1, 0, 2, 0, 0, 1, 4, -1, 4, 0, 1, 0, 3, 2, -3, 0, 0, 0, -1, -1, 1, 3, 2, 0, -2, 2, 0, 0, 0, -2, 2, 0, 3, 0, 2, 1, -3, 1, -2, 0, 0, -1, 4, 2, 2, -3, 0, 2, -4, -1, 2, 0, 2, -2, -1, 3, 0, 5, 0, 1, 4, 0, -3, 6, 5, 3, 1, 1, 3, -1, 2, 2, 1, 2, -1, -2, 0, 3, 7, 3, 4, 0, 4, 0, -5, -3, 0, 10, 2, -3, 3, 4, 0, -2, 1, -1, -2, -2, -5, 1, 0, 2, 6, 2, -2, 0, -3, 1]
[0, 0, 0, 0, 0, 0, 0, 0, 1, -1, 0, -1, -1, 1, 0, 1, 0, 1, 0, -1, -2, 1, 0, 1, 0, -1, 0, 0, 0, 0, 1, -1, 1, -1, 0, 0, 0, 1, -2, -1, 0, -1, 0, 0, 3, -1, 0, 0, -1, 0, -1, 0, 1, -1, -2, 2, 0, 0, 0, 0, 2, 0, 0, -2, -3, 1, 2, -1, 0, 0, 1, 0, -2, -3, 1, 1, -1, 0, -1, 1, -2, 0, 2, 1, -1, 1, 0, 0, -2, 3, -5, 5, -2, -2, 1, -4, 1, -1, 2, 2, 1, -2, 0, 0, 1, -2, -3, -3, 1, -2, 2, -4, 2, 1, -1, -4, -2, 5, 0, 1, 2, 1, -3, 2, 0, 0, -2, -1, -1, -3, 5, 0, 0, 2, 2, -5, 0, -5, -2, 0, 1, 1, -3, 7, -2, -1, -3, 1, -2, -1, 0, 2, -3, -4, -1, 2, 2, 2, 5, 0, 3, 1, 0, -6, -2, 4, -5, -3, -1, -2, -1, -5, 0, 1, -1, -3, 5, 0, 0, -4, -6, -2, 5, -2, 5, 4, 0, 4, 0, -8, -7, -2, -1, 2, -4, 4, 4, -1, 3, 7, -6, 2, -2, 4, -5, -2, -3, -6, 1, -3, 4]
[0, 0, 0, 1, 0, -1, -1, 0, 1, 0, 2, -1, -1, -1, 0, 0, 0, 3, 0, 0, -1, 0, 0, 0, 0, 0, 2, 1, 0, -1, 0, 0, 0, 2, 0, -1, 1, -1, 0, -1, 2, 0, 0, -2, 1, 0, 0, 0, 0, 1, 0, 0, 1, 0, 0, 1, -1, 0, 0, 2, 1, 0, 1, -2, 1, 0, 1, 4, 1, -1, 3, 2, -1, -1, 0, 1, 0, 1, 1, -1, 0, 0, -1, 1, 0, 1, 0, 1, 18, -6, -21, -10, 3, -7, -2, 30, 4, 0, 21, 27, -33, -23, 25, -33, -14, 3, 32, -28, -10, 21, 13, -6, -8, 20, 4, 27, -19, -5, -22, -16, 22, 42, -7, -18, 42, -12, -39, -35, 19, -21, -24, 11, 24, 26, 24, 45, 1, -6, -18, -42, -32, 20, 26, 41, -12, 14, 5, -42, -8, -30, -28, 3, 69, -21, 29, 30, 16, -39, -8, 42, -27, -34, -12, 24, -35, 45, 6, 17, -35, -42, 20, 19, 10, 1, 42, -47, 5, 23, -4, -27, 15, 45, -29, -20, -6, 4, -15, 44, 5, -51, 50, -14, 10, -31, 46, 3, 22, -8, 54, -31, -72, -16, -7, 21, -11, 56, -49, 4, -33, 97, -78]
[0, 0, 0, 0, 1, -1, -1, 0, 0, 1, 1, 0, -1, 1, 0, -1, -1, -1, 1, 0, 0, 1, 0, 0, 0, 0, 0, 1, -1, 0, 1, -1, 0, -1, 0, -1, -1, 0, 1, 1, 0, 1, 2, 0, 0, -2, 0, -3, 1, 1, 1, -1, -1, 2, -2, -2, -1, 0, 2, -1, 1, -1, 2, 1, 1, 0, 0, -1, 0, -1, -1, 1, -2, 0, -1, 0, 1, 1, 1, 1, 0, 3, -1, 1, 2, -1, -1, 1, 48, -11, -77, -9, 2, -26, 4, 60, -15, 7, 51, 71, -55, -70, 42, -65, -13, 6, 81, -69, -7, 37, 51, -14, -82, 51, -15, 58, -59, 15, -75, -18, 79, 70, -3, -43, 73, 19, -70, -86, 20, -75, -40, 7, 81, 21, 44, 59, 28, -17, -35, -62, -52, 41, 44, 95, -44, 14, 5, -77, -43, -71, -85, 23, 108, -44, 85, 38, 96, -38, -46, 114, -67, -74, -50, 35, -122, 93, 43, 7, -10, -103, 55, 34, 22, 3, 66, -96, -45, 67, 1, -48, -12, 86, -20, -50, -8, 48, -35, 99, -4, -87, 92, -37, -22, -99, 87, -53, 36, -4, 81, -67, -27, -11, 20, 63, -59, 108, -110, 15, -89, 179, -248]
[0, 0, 0, 0, 0, 0, 0, 0, 0, 0, -1, 0, 1, 1, 0, -1, 0, 0, 1, -1, -1, 0, 1, 1, -2, -1, -1, 2, 1, -1, 1, -1, 1, 0, 0, -1, 0, 1, 0, 1, -1, 0, 0, 0, 0, 0, -2, 0, -1, 1, 0, -1, 0, -2, 0, 1, 2, 2, -1, 0, 1, 1, 0, -2, 1, -2, 2, -1, -3, 0, 0, 2, 0, -3, 1, 1, -2, 0, 1, 1, -1, 2, -1, 0, 0, -1, 0, 0, 0, 2, -2, -2, 2, -1, 1, -5, 1, -2, 1, 6, 0, 0, 0, 0, -2, -2, 0, 0, 3, 2, -5, 4, 0, -1, -1, -4, 1, 1, 0, -1, -8, 0, 0, 5, 1, -3, 7, -1, 4, 1, -1, -1, 1, 2, -4, -7, -1, 0, 2, -3, 2, -1, -2, 7, 0, -1, 1, 0, -3, -1, -1, 0, -6, 3, 0, -2, 0, 2, -2, 3, 1, -2, 5, -3, -1, 0, 1, 2, 4, -3, -4, 2, -2, 1, 1, -7, 1, 2, -3, -3, 1, 4, 2, 1, 1, -3, 1, 5, -1, -1, -3, -3, -4, 0, 3, -3, 3, -1, 4, 3, -9, 5, 0, -3, 0, -5, 1, -1, 1, 2, 3]
[0, 0, 0, 0, 0, 0, 0, 0, 0, 0, 0, 0, 0, 0, 1, 1, 0, -1, -1, 0, -1, 1, 1, 0, -1, -1, 0, 0, 2, 2, 0, 0, 0, -1, -1, 0, 0, 0, 0, 0, 0, 1, -1, 0, 1, 1, 2, 1, 1, -1, 0, -1, -2, -1, 1, 0, -1, 0, 1, 0, 0, 0, -2, 3, 0, 2, 0, 1, 0, 1, 1, -2, 1, 1, 2, -2, 1, 2, -1, -1, -3, -1, 0, 1, -2, 0, 0, -3, 0, 2, 2, 4, 2, -1, 1, 2, 0, 1, 5, 4, -3, -2, -2, -1, -4, -1, -3, 0, 3, -1, 1, -1, 8, -1, 1, 2, 2, 7, -5, -1, -8, 2, 0, -4, -1, 1, 7, -1, 3, 0, 3, 1, -2, 3, 4, 3, -3, -4, -6, 0, -1, 3, 0, 3, -1, -1, -1, 0, 4, -1, -1, 3, -2, -3, 6, 1, 0, 0, 0, 2, -2, -1, 4, 1, 3, 0, 0, -3, 0, 1, 2, 2, -1, 6, -5, 3, 4, 0, -4, 2, 0, -5, 1, 0, -3, 5, -2, -1, 1, 3, -1, -1, 6, 7, 2, 1, 6, 0, 5, 0, -9, -5, 8, -4, -10, -5, -4, 2, -1, 3, 8]
[0, 0, 0, 0, 0, 0, 0, 0, 0, 0, 0, 0, -1, 0, 0, 0, 1, -1, -1, 0, 0, 0, 0, 1, 2, -1, 1, 0, -1, 1, 0, -1, -3, -1, -1, -1, 0, 1, 0, 0, -1, 0, 0, 1, 2, 0, 1, -1, 0, -1, -1, 0, 0, 2, 0, -1, -2, -2, 0, -2, -2, 0, -1, 0, 1, 0, -1, 2, 4, 0, -2, 0, -2, 0, 0, -1, 0, 0, 1, 0, 0, -1, 0, -2, 0, -3, 0, 0, -2, -1, -1, 1, -2, 2, 1, 0, 1, -1, 1, -3, -2, 1, -1, -2, 1, 0, 1, 0, -3, 2, -3, -1, 2, 0, -3, 0, -5, 1, -2, -2, 3, -1, 1, -1, 4, -5, -3, 0, -1, 0, 0, 2, 2, -2, 2, 0, -4, 1, 1, 0, -4, 0, -1, 3, -4, -4, 0, -4, 1, 1, -1, 4, 5, -4, -2, -2, 1, -1, 2, -4, -4, -3, 1, -1, 0, 0, 0, -2, -6, 4, -4, 4, 2, 4, -1, -3, -4, 2, -5, -1, -2, -5, 0, -3, -1, -5, 0, -2, 0, -3, 0, -1, 2, 1, 1, 3, 1, -1, -2, 4, 1, -3, 2, 0, -5, -5, -5, -5, 3, 2, -1]
[0, 0, 0, 0, 0, 0, 0, 0, 1, 0, -2, 0, 0, 1, 1, 0, 1, -1, -1, 1, 1, -1, 0, -1, -1, 0, 1, 0, 0, 1, 1, 0, -1, 0, 0, 2, 1, -1, 0, 1, -1, 1, 1, -2, -1, 0, -2, -2, 1, 2, 1, 1, 1, 2, 0, 0, -1, 0, 1, -1, 0, -1, 1, 0, 2, -1, 1, 0, 0, 0, 0, 1, -1, 2, -3, 0, 2, 2, -1, 0, -2, -1, 1, -1, 0, -2, -1, 2, 27, -7, -24, -3, 4, -6, -4, 23, 10, 8, 5, 19, -19, -19, 3, -27, -4, 8, 14, -18, 3, 11, 3, 0, -18, 10, 12, 18, -7, 0, -15, 0, 23, 17, 5, -15, 13, -1, -21, -28, -4, -25, -24, 7, 20, 35, 25, 19, -1, -1, -5, -19, -17, -4, 29, 29, -11, 9, -5, -25, -12, -23, -29, 4, 30, -23, 26, 8, 23, -3, -9, 31, -6, -8, -3, 12, -24, 31, 7, 4, -7, -33, -15, 19, 3, -11, 1, -22, 0, 15, 5, 4, 21, 11, -6, -14, -10, 9, -12, 2, 20, -1, 19, 4, 0, -29, 26, -8, -4, 4, 11, -32, -11, -4, -1, 15, -11, 33, -16, -2, 5, 61, -64]
[0, 0, 0, 0, 0, 0, -1, 0, 1, 1, 0, 0, 0, -1, 1, 1, -1, -2, 0, 0, 1, 0, 0, 1, 1, 0, -1, -1, -1, 1, 0, -1, -1, 1, 1, 0, 1, 1, 1, 0, 2, -1, -1, 0, -2, 0, 1, 0, 0, 1, -2, 2, 1, 1, 0, -1, -1, -1, 1, 0, -1, 2, 0, -2, 1, 0, -1, 1, 0, -2, 0, 3, 0, -1, 1, 1, 2, 0, 3, -1, -1, 0, -1, 0, 2, 1, -2, 1, 4, -5, 21, -50, 1, -12, -17, 50, 33, 17, -21, 30, -29, 10, -33, -23, -17, 13, 9, -3, 6, 10, -9, -12, 48, -13, 47, 24, -1, -73, 39, -64, -35, 47, -8, 21, 24, -11, 22, -10, -33, -17, -78, 51, -16, 79, 29, 43, -32, -17, 4, -66, 15, -13, 6, 10, 29, 15, -28, -11, -21, 14, -9, -5, 119, -25, -40, 14, -68, -12, 5, -35, 41, -50, 117, -3, 29, 23, -43, 20, -78, -24, -52, 71, 24, 14, -5, 19, -39, 26, 30, 1, 29, 15, -44, -53, -2, -25, 11, -67, 31, 30, 33, 61, -48, 6, 9, -9, 47, 0, 78, 25, -83, -53, -82, -50, -28, 25, 35, -7, 22, 79, 49]
[0, 0, 0, 0, 0, 0, 0, 0, 0, 0, -1, 1, 1, -1, 0, -1, 0, 1, 0, 0, -1, 0, 2, 0, 0, -2, -1, 0, 1, 1, 0, -1, 0, 0, 1, 1, -2, 0, -1, 1, 0, 0, 0, 0, -2, 1, 1, 0, 1, -2, 0, -2, 1, 0, 0, 1, 1, 1, 0, -2, 0, 0, -3, 2, 0, -1, 0, -1, 1, 2, 0, -1, 0, 1, 0, -2, 0, -1, 1, 0, -1, 0, 0, -1, -1, -3, 4, 0, 2, 2, -2, 2, 1, 0, -3, -4, 0, 0, 2, 3, -6, -4, 0, -3, 6, 0, -2, 3, 4, 3, -2, 4, 0, -5, -1, 0, -2, 2, -8, -5, -2, 6, 1, -3, -3, -3, 12, 4, 4, -1, 0, -1, 5, 3, -3, -9, -2, -5, -2, -2, -7, -3, -2, 9, 1, 1, 3, -2, 4, 8, 1, 9, -2, -7, 6, -1, 5, -6, -8, -6, -9, -1, 0, -7, -4, -5, 1, 3, 10, 5, -3, 5, 0, 16, 5, -2, 2, 4, -2, 3, -6, -18, -5, -2, 0, -9, -4, -6, -7, 1, 5, -2, 6, 6, 7, 14, 4, 6, 4, 2, 0, -1, 5, -12, -10, -13, -8, -9, 1, -4, -4]
[0, 0, 0, 1, -1, 0, 0, 0, 0, -2, 1, 1, 1, 0, 0, 0, 0, 0, -1, 0, 0, 0, 0, 0, 1, -2, 1, 0, 1, 1, 0, 0, 0, 1, 0, 1, -1, 1, -1, -1, 1, -1, -1, 0, 0, 2, 1, 0, -3, 0, -1, 0, 1, 1, -1, 2, -2, 1, 0, -2, 1, 1, 1, 1, 2, 1, 1, -1, 2, 1, 1, 0, 2, -2, 2, -1, -3, -1, -1, 0, 1, 0, -1, -1, 0, 1, 2, 0, -1, 0, 1, -1, -2, 0, 1, 1, 3, 4, 0, -4, 3, 3, 2, -5, 0, -1, 0, -2, 0, 3, 0, -3, 1, 1, 1, 3, -3, 3, -4, 0, 0, 0, 2, 3, 1, -2, 0, 0, 0, -1, 2, 4, -1, 5, 3, 4, -6, 0, -3, 3, 3, -3, -1, 3, -3, -1, 1, 1, 3, 2, -2, 4, -1, 0, -1, 0, -1, -2, 0, -1, 1, -6, -1, 0, 2, 2, 0, 2, 4, 1, 1, 1, 0, 0, 2, 3, 5, -1, -2, -4, 0, -2, 2, 2, 9, -2, 3, -2, 5, -9, 3, 6, -3, -4, -5, 3, 0, 0, 3, 3, -1, -3, 2, 4, -3, -1, -3, -3, 2, 4, 2]
[0, 0, 0, 0, 0, 0, 1, 0, -1, 0, -1, 1, 0, -1, 1, 0, 0, 0, -1, 0, 1, 0, 1, 2, 0, 0, -1, -2, 2, 2, -1, 0, -1, -1, -1, 0, -1, 1, 0, 0, 2, -1, -1, 1, -1, 1, 2, -1, 0, 1, 1, 2, -1, 1, 2, -2, -1, -2, -1, 0, -2, 1, 0, 3, 1, 0, 0, 1, 1, 0, -2, -1, 2, 2, -1, -1, 1, 1, 0, 0, 1, -1, 0, 0, -1, 1, -1, 0, -1, 1, 4, 3, 1, 1, -2, -1, -3, 2, 2, -2, -2, 2, -1, 2, 1, 0, -1, 1, -1, -2, 0, -4, 1, 3, 2, -2, 1, 1, -2, 7, -2, 1, -1, -3, 0, 0, 3, 4, -2, -2, 3, 1, -3, 3, 1, 0, 2, 2, -1, 4, 1, -1, -1, -5, -1, -2, 1, 2, 8, 1, -1, 6, 3, -4, -2, 0, -3, 4, -5, -1, -6, 5, 4, 3, 3, -3, -1, -1, 1, 2, 1, 1, -2, -1, 1, 3, -3, -1, -2, 4, 4, -1, -5, -4, -1, 0, 0, 3, 1, 2, -6, 4, -1, 3, 1, -4, 1, 2, 1, 2, 6, 0, 6, 12, -3, -1, -3, -1, 0, 0, 1]
[0, 0, 0, 0, 0, 0, 0, 0, 0, 0, -1, 0, 1, 1, 0, -1, -1, -2, 0, 1, 2, 0, 1, -1, -1, 1, 1, -1, -1, -1, -2, 1, 2, 0, 0, 0, -1, -3, 1, 1, -1, 1, 2, 0, -3, 0, -1, 0, 1, 2, -1, -1, 0, 0, 0, -2, 1, -1, 0, 0, 0, -1, 1, -2, 3, -1, -1, -1, -2, 0, 1, 0, 0, 1, -1, 0, 1, -1, 0, 0, 0, -1, -2, 0, 1, 1, 0, -1, 4, -3, -3, -5, 3, -2, 0, 2, 0, -1, -1, -2, -1, 1, -1, -1, 2, -1, 5, 4, -3, 2, -6, 2, -4, -3, 0, -2, 3, -4, 3, 0, -2, -4, 2, 0, -3, 2, 2, 0, 4, 0, -4, -4, 2, -2, -5, -2, 4, 2, 1, 0, 0, -5, 5, -5, 1, 3, 2, 2, -1, 0, -5, -7, -4, 2, 6, -2, 1, 1, -3, -1, -2, 2, -13, 3, 0, -5, 4, 4, 8, -4, 3, -4, -1, -5, -2, 3, -2, -6, 7, 0, -5, 0, 6, 1, -3, -1, -2, -7, 0, 3, 0, -2, 0, -4, 5, -2, -5, 0, -11, -8, 2, 7, 0, -8, 9, 2, 11, 4, 9, -6, -10]
[0, 0, 0, 1, 0, -1, -1, 0, 0, 0, 2, 0, 0, -1, -2, 0, -1, 1, 1, 0, 0, 1, 0, 1, 0, -2, 1, 1, 1, 0, -1, 0, -3, 1, 1, -1, -2, 0, -1, 0, 2, 0, 0, 0, -1, 0, 1, -2, -1, 1, 0, 1, -3, 2, -1, 0, 0, 0, -2, -1, -1, 0, 1, 0, 2, 2, -1, 1, 0, 1, 0, 1, -2, 1, -1, 0, 0, 0, 0, 1, 2, -1, -1, -1, 2, -1, 1, 0, 0, 3, -12, -23, -4, -12, -2, 38, 6, 10, 14, 28, -28, -21, 11, -37, -11, 0, 14, -18, 0, 25, 2, -1, 10, 8, 2, 31, -21, -14, -12, -33, 1, 37, -7, -6, 23, -11, -9, -30, 11, -21, -16, 25, 5, 34, 16, 39, -13, -14, -15, -47, -8, 15, 5, 43, -23, 13, 6, -27, -3, -17, -22, 5, 60, -17, 11, 16, 3, -22, -11, 17, -17, -48, 9, 6, -17, 35, -3, 15, -21, -23, -12, 37, 3, 9, 37, -31, -21, 28, -16, -15, 6, 33, -14, -28, 0, -14, -4, 11, -8, -25, 48, 16, -9, -23, 35, -3, 19, -2, 33, -9, -53, -26, -8, -7, -28, 34, -39, 0, -24, 82, -32]
[0, 0, 0, 0, 0, 0, 0, -1, 0, 1, 1, -1, -1, 0, -1, 0, 0, 1, -1, 1, 0, 0, 0, 0, -1, -1, -1, 0, 0, -1, 0, -1, 2, 1, -1, 0, 0, -1, -2, 0, 1, 0, -2, 1, 0, -1, -2, -2, 0, 0, 0, -1, -1, -1, 1, 2, 1, 0, -2, -2, 0, 0, 0, 0, -1, 0, 0, -1, -3, -2, -1, 1, -3, -1, 1, 0, -3, 0, -1, 1, 0, 0, -1, 2, -1, 2, -1, 1, 2, -2, -7, 13, -10, -3, 4, -14, -14, -3, -5, -14, 27, 6, -1, 12, 19, -13, -15, 8, 6, -11, 6, -6, -29, 3, -12, -21, 5, 40, -14, 23, 22, -20, 1, 5, -33, -2, -18, 5, -1, 16, 48, -19, -18, -27, -1, -20, 17, -16, -3, 25, 19, -1, -3, -10, -19, -2, 11, 22, 4, -9, -2, -10, -48, 18, -8, -16, 30, 4, -10, 24, 6, 33, -42, -13, -24, -5, 15, -18, 18, 33, 21, -31, -24, -32, -30, 5, 24, -7, -6, 10, 17, -11, 27, 10, 14, -15, -4, 19, -1, -17, -13, -20, 19, -2, -45, 6, -44, 2, -53, 3, 53, 38, 35, 2, -11, -6, 3, 5, 14, -16, -37]
[0, 0, 0, 1, -1, 0, 0, 0, 1, -1, -1, 0, 0, 0, 1, 0, 1, -1, 0, -1, 0, 1, 1, 2, -1, -1, 0, 0, 0, 1, -1, 0, 1, 0, 0, 0, -1, 2, -1, -1, 1, -1, 1, -1, -3, 1, 1, 0, -2, 1, -1, 2, 1, 0, 1, 1, -1, 0, -2, 1, 2, 1, -2, 1, 1, 0, -1, 2, -1, 1, 0, 0, 1, -1, 2, -1, 1, 0, 1, -1, 1, -2, -1, -3, 0, 2, 1, 0, -3, 7, 3, 0, -2, 3, 1, -8, 1, -5, 3, 2, -2, -2, 1, -2, 6, -1, -2, 3, -1, 2, -7, 4, 4, 0, -2, -5, -3, 6, -1, 6, -1, 1, -2, 1, -5, -3, 3, 4, 3, 2, 4, 0, -7, 5, -3, -2, 0, 2, 0, 0, 1, 3, 2, 6, -2, 2, -2, 2, 2, -2, -1, 3, -1, -5, -4, 1, 1, 1, 2, -3, 0, 4, -1, 0, -3, -3, -3, 1, 5, -2, 3, 5, -5, 1, 3, -2, 0, -2, 3, -1, 1, -7, 5, 3, 4, -9, 0, 8, -6, 3, -7, -5, -1, 9, 2, 7, -2, 0, -3, 2, 7, 3, 3, 0, -5, -7, -1, -2, 10, -4, -1]
[0, 0, 0, 0, 0, 0, 1, 1, -2, -3, 0, 3, 1, -1, 0, 0, 0, 0, -1, 0, 0, 0, -1, 0, 1, 1, 1, 0, 1, 1, 1, -2, -3, -1, -1, -1, 0, 1, 1, 0, -1, 0, -1, 1, 1, 1, -1, 2, -1, -1, 0, 0, 0, -1, -1, 1, 0, 0, -1, -2, -1, 0, 2, -1, 0, 2, 0, 0, 2, 0, 0, -1, -1, 1, 2, 0, -2, -1, 0, -1, -1, 2, -1, -1, -1, 0, -1, 1, -26, -4, 21, 7, 8, 16, -1, -26, 9, 7, -6, -35, 12, 30, 0, 15, -28, 9, -15, 10, -11, -13, -25, 4, 44, -8, 6, -8, 12, -21, 27, 31, -33, -44, -3, 9, 5, -14, 13, 17, 3, 15, -8, 6, -9, -1, -12, -13, -14, 34, 21, 30, -12, -17, -18, -47, 22, -9, 2, 8, 11, 23, 34, 7, -44, 5, -37, -10, -46, 22, 30, -34, 20, 9, 30, 3, 65, -21, -24, -3, -23, 9, -18, -28, 2, 11, 5, 20, 18, -24, -21, -4, -6, 0, -20, 32, -10, 12, 19, -13, 5, 12, -39, 24, 2, 10, -7, -1, -2, -18, 2, 21, -38, -27, -21, 42, 53, -33, 25, -18, 13, -67, 123]
[0, 0, 0, 1, -1, 0, 0, 0, 0, -1, 1, -1, 1, -2, 0, 1, 0, 0, -1, 1, 1, -1, 2, 0, -2, 0, 1, 0, -1, 1, -2, 0, 2, -1, 0, 0, 0, 0, -2, -1, 1, -1, 1, -1, 0, -1, 0, -4, 1, 1, 0, 0, -1, 0, 0, 1, 1, 0, -1, 0, 1, -1, 0, 0, -1, 2, 1, 1, -2, -1, -1, -1, 0, -2, -1, -1, 1, 2, 0, 0, 0, 2, 0, -3, 1, -1, 0, -1, -18, -3, 18, 25, 3, 16, 4, -56, -7, -22, 8, -57, 33, 30, 15, 33, -1, -6, -23, 32, -19, -14, 10, 4, 3, -5, -37, -34, 1, 31, 1, 55, 5, -53, -11, 6, -20, -12, -7, 38, 17, 47, 60, -36, -2, -65, -36, -28, 19, 11, 10, 54, -9, -11, -26, -61, 7, -18, 26, 23, 37, 24, 45, 1, -81, 42, -3, -9, -10, 8, 14, -29, -44, 42, -91, 1, 31, -42, 14, -14, 34, 50, 53, -42, -14, -3, 3, 24, 60, -48, -12, -17, -33, -45, 12, 40, 3, -11, 3, 11, -14, -11, -28, -40, 67, 36, -25, 28, -30, -8, -46, 25, 13, 24, 31, 31, 53, -44, -33, 3, -44, -114, 68]
[0, 0, 0, -1, 1, 0, -1, 1, 1, 1, -2, 0, 0, 0, 0, 0, 1, -1, 0, -1, 3, 0, -1, -1, -1, 0, -1, 0, -1, 0, 1, 1, 1, 0, -1, -1, 0, 2, 2, 0, -1, 0, 1, -1, -2, 0, 0, 0, 3, -1, 0, -1, 1, 0, 1, -1, 0, 0, 0, 1, 1, 0, 1, -2, 0, -1, -3, -1, -1, 1, -2, 0, -1, -1, 0, 2, 0, 0, 0, 0, 3, 0, -1, -2, 2, 1, 0, 1, 69, -20, -66, -19, 21, -21, -23, 51, -2, 15, 7, 84, -43, -50, 5, -51, -2, 28, 57, -62, 5, 17, 22, -9, -61, 20, 14, 54, -10, 1, -38, -51, 40, 54, 22, -42, 64, 13, -48, -66, -5, -60, -58, 34, 52, 52, 38, 59, -4, -12, -40, -72, -63, 17, 68, 94, -30, 26, -9, -64, -30, -43, -72, 5, 106, -44, 89, 19, 53, -56, -43, 75, -10, -57, 7, 27, -74, 61, 17, 2, 6, -104, -20, 41, 27, 16, 23, -57, -17, 58, -3, 16, 18, 51, -57, -39, -23, 42, -71, 22, 13, -14, 34, 22, -12, -54, 84, -29, 25, 8, 77, -95, 4, -47, -3, -22, -39, 74, -19, 11, -9, 137, -186]
[0, 0, 0, 0, 0, 0, -1, 1, 1, -1, 0, 0, 0, 1, 1, 1, 0, -2, 0, -1, -1, 2, 0, -1, 1, -1, 0, 0, 0, 1, 2, -1, -1, 1, 1, 1, 0, 1, -1, 0, 0, 1, -1, 0, 1, 0, 1, 3, -2, -2, 1, 0, 0, 0, 0, 1, 0, -1, -1, 1, 2, 0, -1, 1, 0, 3, 1, 0, 1, -1, 2, -2, 1, 0, 1, -3, 2, 1, 0, -1, 0, 0, 0, 1, 0, 3, -1, 0, -1, -1, -1, 5, 0, 0, 0, -2, 2, 1, 4, 3, 0, 0, 2, 0, 1, 0, -3, -1, 1, 2, 0, -4, 6, 0, 1, 0, -3, 6, -2, 3, 3, 2, -3, 1, 0, 0, 1, -4, 0, -2, 6, -1, 0, 4, 3, 5, -4, -4, -3, -2, 4, 5, -3, 5, -1, 0, -1, 2, -2, -3, 0, 0, -1, -4, 8, 5, 4, -4, 3, 0, 2, 4, -1, 0, 1, 4, -2, 2, -3, 0, 4, 3, -2, 4, -1, 1, 2, 0, 1, -5, 3, 0, 10, 2, 3, 4, 1, 5, -3, -3, -2, -6, 0, 0, -3, 4, 8, -2, 6, 5, -5, -4, 0, 8, -6, -1, 1, 5, 4, -2, 8]
[0, 0, 0, 0, 0, 1, 0, 0, -1, 0, -1, -1, 1, 0, 2, -2, 0, 0, 0, 2, 1, 0, 1, -1, -1, 0, 0, 0, 0, 1, 0, 1, 1, -2, -1, 0, 0, 1, 0, 0, 0, 0, 1, -2, -3, 0, -1, 1, 0, 2, 2, 0, 1, 2, 0, 0, -1, -2, 2, 1, 0, 1, 0, 1, 0, -2, 0, -1, 1, -1, 2, 1, 1, -1, -2, -1, 0, 0, 0, 0, 2, -1, -1, -1, 2, -1, 3, 1, 27, -13, -50, 41, 15, 15, 5, -20, -33, -15, 38, -8, -15, -28, 38, -8, 10, 11, 36, -19, -25, -2, 36, 13, -70, 23, -34, 14, -23, 32, -59, 34, 59, -5, 24, -33, 37, 19, -43, -31, 17, -13, 6, -41, 67, -35, -21, 9, 32, 25, -20, 28, -57, 28, 21, 35, -29, -11, 14, -35, -6, -34, -27, 14, -11, -2, 101, 11, 77, -19, -22, 40, -74, 7, -120, 24, -62, 16, 56, -15, 71, -38, 52, -30, 20, 9, 41, -35, -9, 1, -7, -10, -59, 2, 3, 35, -18, 65, -37, 63, -25, -39, 15, -78, 16, -27, 61, -14, 21, 10, -6, -49, 47, 0, 55, 66, 21, 29, -90, 13, -74, -4, -133]
[0, 0, 0, 0, 0, 0, 0, 0, 0, 0, -1, 1, 0, -1, 1, 0, 0, -1, 0, 1, 0, 0, 0, -1, 0, 0, -1, -1, 2, 0, 0, 0, 0, 1, 0, 0, -2, -1, 1, 1, -2, 1, -1, 0, -2, -1, 2, 2, 0, 1, 0, -2, 1, -2, 0, -2, 1, -1, -1, 1, 0, 2, -2, 1, -1, 1, 2, -3, 0, 2, -1, -2, 1, 2, -1, -3, -1, -1, 1, 0, 0, -1, -1, 0, 0, 0, -1, -1, 4, 0, 0, 2, 2, -2, -3, -4, -3, 1, 0, 5, -1, -2, 0, 0, 1, -1, 2, 1, -2, -3, -3, 0, -1, 1, -1, -4, 1, 3, 0, 3, -5, 2, 1, -2, -4, 3, 4, 0, 4, -2, 0, -4, 2, 0, -2, -4, -1, -4, -4, -3, 0, 0, 3, 2, 3, 0, 1, 7, -1, 0, -5, 0, -6, -5, 7, 1, 3, -4, -6, 4, -3, 2, -5, 2, 0, -4, 1, 1, 3, 1, 1, -8, -3, 0, -1, 1, -2, -1, 3, 0, -3, 0, 7, 1, -4, 1, 1, 7, -2, -1, -10, -7, 0, 0, 0, -4, 2, 0, -1, -3, 1, 1, 2, -1, 2, -3, 6, 2, 4, -6, 0]
[0, 0, 0, 0, 0, 0, -1, 0, 1, 0, 0, 0, 1, 1, -1, -2, -2, 0, 2, 0, 0, 1, 0, -2, 0, 0, 0, 2, -2, -1, 0, 1, 0, -1, 1, 0, -1, -2, -1, -1, 1, 1, 0, 1, 1, 1, 1, 1, -1, -2, -1, -2, -1, 0, -1, 0, -1, 2, -2, -2, 0, -1, 1, 1, 1, -2, 0, 0, 0, 1, -2, 0, 0, -1, 1, -1, 1, 0, -1, 3, -1, -2, -2, 0, 0, -2, 1, 0, -2, -3, 1, -4, -4, -1, 0, 3, 2, 1, -1, 0, 0, 2, 3, -3, -1, -3, 0, -2, 3, 3, -6, 4, 1, -2, -3, 3, 0, -3, -1, -5, -1, -2, -2, 2, 1, -2, 0, -2, 2, 3, -3, 2, -1, -3, 0, -1, -4, 1, -2, -4, -2, 1, 0, 0, 0, 0, 2, -4, -2, 0, 2, -1, -2, 10, -1, -4, -2, -5, -1, -2, -2, -5, 2, 1, 0, -4, 2, 3, -1, -5, -2, -2, -2, 6, 1, -2, -1, 4, -2, -2, 0, 3, -5, -1, 4, -1, 1, -5, -1, 1, 5, -1, -4, -3, -3, -1, -6, -2, 2, -1, -5, -6, -2, -4, -5, -1, 4, 1, -1, 1, -2]
[0, 0, 0, -1, 1, 0, 0, 0, 0, 0, 0, 2, -2, 1, -1, 1, 1, -1, 1, -2, 1, 0, -2, 1, -1, -2, 0, 1, 1, 2, 2, -1, -2, 0, 0, -1, 1, 0, 0, 1, 1, 1, 0, 0, 0, 0, 1, 0, -2, 2, 1, -1, -1, 0, 0, 0, 1, -2, 1, 0, 2, 1, -1, -2, -2, 0, 1, -2, 2, 2, 0, 0, -1, 1, -1, 0, 0, -1, 1, 0, 0, 1, 1, 1, -2, 1, -1, -2, 27, -2, -36, -27, 18, -18, -13, 60, 5, 19, 13, 76, -49, -50, 10, -57, -34, 28, 40, -52, 7, 23, 4, 2, 8, 10, 21, 66, -23, -38, -13, -59, -6, 58, 11, -34, 69, 12, -11, -62, 7, -66, -74, 41, 41, 65, 35, 63, -27, 0, -29, -76, -50, 18, 36, 86, -9, 25, -15, -73, -27, -28, -54, 24, 109, -51, 43, 27, 3, -29, -9, 33, 2, -88, 67, 20, -18, 63, -14, 13, -34, -102, -44, 57, 29, 51, 49, -54, -38, 50, -16, -8, 9, 62, -63, -44, -26, 50, -36, 24, 3, -14, 38, 30, -37, -48, 101, -38, 48, 12, 109, -56, -54, -75, -41, -12, -28, 57, -37, -3, -23, 121, -62]
[0, 0, 0, 0, 1, -1, 0, 1, -1, 0, 0, 0, 0, -2, 0, 1, -1, 1, -1, 1, 0, 0, 2, 2, 1, 0, 0, 0, 0, -1, -1, -2, 0, 1, -1, -2, -1, 0, 0, 0, 1, 0, 1, 0, 0, 1, 0, -1, 2, 1, 0, 0, -1, 1, 1, -1, 0, -2, 0, 0, 0, -2, 0, 1, 0, 2, 0, 0, -1, -2, 0, 1, 1, 2, 0, 0, 2, 2, 0, -4, -1, 4, 0, 1, -1, 0, 0, 0, -3, 1, -1, 2, 0, 0, -1, -4, -1, 3, 2, -3, -1, 2, -3, 3, 1, 2, 0, 0, 1, -4, 1, -4, 2, 1, 0, -4, 0, 1, -2, -2, 0, 4, 0, -1, 1, -2, 4, 1, 0, -1, 0, 0, 0, -1, 2, 3, 3, -4, 1, 8, -1, 2, -1, -1, 2, -5, 1, 1, 3, 0, -2, 5, -2, -3, 2, 0, 1, -3, 1, 0, -3, 0, 1, -3, -1, 3, -2, -3, -1, 1, -1, 6, -4, -3, 1, 0, 1, -1, -5, 4, 4, -5, -1, 2, 0, -6, 0, 2, -2, 1, -4, 2, 1, -2, 2, -2, 0, 1, 3, 5, 0, 1, 3, 5, -2, -1, -4, 5, -3, 2, 2]
[0, 0, 0, 0, 0, 0, 0, 1, -1, 0, 0, -1, 0, -1, 1, 0, 0, 0, -1, 1, 2, -1, 0, 0, 0, 0, -1, 0, 0, 0, 0, -1, 0, 1, -2, 0, 1, 1, 0, -3, 0, 0, -1, -1, -1, 2, -1, 2, 1, 0, -2, -1, 1, -1, 1, 1, -2, -1, 1, 2, 0, 0, -2, -1, -2, 1, 1, -1, -1, -3, 0, 1, 1, -1, 1, -2, 1, 1, 0, -3, 1, -1, 0, 0, -2, 2, 1, 1, 19, -10, -19, -2, 7, -8, -8, 22, -5, 4, -1, 19, -16, -11, 5, -16, -6, 9, 17, -22, 6, 5, 10, -14, -25, 6, 13, 16, 1, -1, -13, -14, 11, 21, 2, -14, 16, 9, -18, -21, -5, -21, -19, 6, 16, 31, 9, 21, -6, -4, -15, -15, -16, -1, 17, 20, -2, 11, -7, -16, -3, -20, -29, 2, 39, -17, 26, 12, 15, -31, -16, 26, -4, -5, 4, 7, -24, 7, 3, 5, -9, -36, 1, 21, 5, -11, 6, -5, -6, 7, 2, 8, 10, 10, -25, -13, -13, 17, -25, 5, 2, 4, 22, 1, -3, -19, 23, -21, 5, 7, 33, -35, -13, -5, -1, -9, -6, 34, -9, 0, -9, 59, -69]
[0, 0, 0, 0, 1, 0, 0, 0, -1, 0, -1, -1, -1, -1, 0, 0, 0, 1, 0, 0, 1, 2, 1, 2, 0, 1, -1, -1, -1, -2, 0, 0, 0, -1, -1, -3, -1, 0, -1, 0, -1, 0, -3, 0, 1, 0, 1, 0, 1, -1, 0, 0, 1, -1, -1, 0, 0, 2, -1, 1, -1, 2, -2, -2, -3, -1, 0, 0, -2, -2, -1, 1, 1, -2, 1, 1, 0, -2, 1, 0, 1, 1, 0, -1, 1, -1, -2, -1, 32, -5, -61, 2, 23, 7, -12, 18, -16, -2, 29, 38, -48, -42, 27, -39, -13, 26, 52, -36, -30, 4, 33, 11, -39, 16, -11, 48, -29, -17, -35, -30, 38, 24, 19, -31, 80, 8, -52, -52, 14, -34, -50, 10, 75, 22, -9, 52, 3, 21, -29, -40, -88, 41, 25, 68, -23, 10, 3, -67, -13, -36, -42, 21, 81, -34, 93, 22, 38, -43, -20, 36, -63, -59, -51, 25, -38, 47, 17, -6, 19, -84, 6, 10, 46, 44, 68, -61, -22, 39, -16, -19, -70, 50, -67, 2, -31, 61, -55, 48, -29, -37, 31, -25, 0, -39, 111, -7, 52, 0, 81, -50, -35, -66, -3, 24, 13, 50, -87, 5, -80, 59, -113]
[0, 0, 0, 0, -1, 0, 0, 0, 0, 0, 2, 1, 0, 0, 0, 0, 1, 0, -2, -2, -1, -1, -1, 0, 0, -1, 0, -1, 1, 1, 0, 0, 0, 2, 0, 1, 0, 0, 0, 0, 1, 0, 0, 0, 1, 0, -1, 0, -2, -1, -1, 1, 0, -1, -3, 0, -1, -1, 0, -1, 0, 1, -1, 1, 2, 1, 0, 1, 1, -2, 2, -2, -3, -1, 2, -2, -2, -3, -1, 2, 0, 0, 2, 0, -2, 0, 1, -1, -6, 1, -3, -2, 0, -2, 1, 0, 1, 2, 0, 0, 5, 0, 3, -3, 3, 3, -2, 3, -2, 0, 4, -3, 2, -2, -5, 2, -9, 4, -3, -3, 3, -2, 1, 2, 0, 0, -2, 1, 2, -4, 5, 0, -4, 4, -3, -2, -7, -6, -4, -6, -1, -4, -6, 4, -8, 3, 2, -2, 5, 1, 0, 7, -1, 0, 2, -2, 2, -4, 4, -5, 0, 0, -12, -4, 2, -4, -3, -1, 0, 11, 1, 8, 3, 4, 5, 0, 15, -1, -6, 4, -5, -3, 1, -7, 4, -10, -3, -4, -6, 0, -1, -1, 5, -3, 1, 7, 1, 10, -3, 7, -2, -7, 0, -9, -10, -4, -16, -2, -4, -7, 4]
[0, 0, 0, 0, 0, -1, 0, 1, 0, 1, 0, -1, 0, -1, 1, 1, -1, -1, -1, 1, 0, 0, 0, 1, 0, -2, -1, 0, 1, 0, 1, 0, 0, 0, -2, -3, -1, 2, 2, 2, -1, -1, 2, -2, 0, 0, -1, 0, 2, 2, -3, -1, 0, 0, -1, -1, 1, 0, 0, -1, -1, -1, -1, -2, -1, 1, 0, 0, 0, 1, -1, 2, 0, 0, -1, 0, 1, 0, 2, -2, -1, 1, 0, -1, 1, -3, 1, -1, 4, -10, -3, -46, 16, -1, -18, 56, 41, 7, -5, 48, -62, -3, -13, -56, -62, 34, 51, -22, -9, 18, -3, 1, 60, -8, 40, 47, -20, -103, 35, -58, -40, 51, -15, 12, 78, -15, -3, -44, -8, -38, -116, 71, 30, 108, 21, 44, -49, 10, 1, -85, -47, -18, 8, 10, 49, 22, -16, -26, -14, -6, -24, 13, 168, -44, -22, 20, -90, -9, 5, -17, -2, -80, 104, 8, 40, 49, -52, 28, -92, -84, -33, 81, 46, 24, 48, 6, -30, 55, 18, -43, -16, 26, -106, -42, -22, 14, -6, -73, 21, 28, 73, 75, -42, -13, 80, -34, 69, -10, 153, 6, -176, -88, -110, -4, 3, 29, -19, -29, -38, 106, 42]
[0, 0, 0, 0, 0, 0, 0, 0, 1, -1, 0, 1, 0, 1, 0, 0, -1, 0, 1, -1, 0, 1, 0, 0, 0, 1, 0, 3, -1, -1, 0, 0, -1, -1, 1, 1, 3, 1, 0, 0, 3, -1, -1, -2, 1, 0, 1, 2, 1, 2, 2, -2, -1, 1, 0, 0, 0, 1, 0, -1, 1, 2, 2, 1, 1, 0, -1, 2, -1, 1, 0, 1, -1, 1, 1, 3, 0, 1, 1, 2, 0, 2, -1, 2, 2, 0, 1, -1, -1, -5, 5, -3, 2, 0, 3, 4, 3, 5, 2, 0, 0, 2, -1, -5, 0, 4, -3, 1, 2, 7, -3, 6, 5, -1, 2, 4, -1, -1, 1, -4, 1, -3, 3, 2, 7, -4, 3, -5, 0, 3, 2, 4, -1, 4, 2, 10, -3, 4, -1, -1, -1, 0, 0, 5, -2, 1, 2, -2, 1, 3, 5, -2, 7, -1, 1, 2, 0, -2, 4, -3, 6, -4, 5, 3, 2, 1, 3, 4, 4, 4, -6, 8, 2, 9, -3, -1, -1, -2, -6, 3, 10, 8, 0, 7, 0, 1, 3, -12, -1, -2, 7, 5, 3, 4, 5, 4, 0, 1, 5, 5, -3, -5, 7, 0, -7, 3, 0, 5, 2, 1, 10]
[0, 0, 0, 0, -1, 1, 0, -1, 1, 0, 1, 0, 0, 0, 1, -1, -1, 0, 0, 1, -1, 1, -2, 1, 1, -2, -1, 0, 1, -1, -1, 2, -1, 0, 2, 1, 1, 0, 1, 0, 2, -1, 0, -2, 0, -1, -1, -1, -1, 4, 0, 0, -1, 2, -2, 1, -1, 1, 1, -1, 1, 1, 0, -1, 0, 0, 0, -3, -2, 0, 0, 1, 2, -1, 1, 2, -1, -1, -1, 2, 0, 1, 0, 2, 0, 0, 3, -1, -8, -1, 0, 4, -6, -3, 7, 1, 5, 0, 2, 0, 3, -6, 4, -4, -7, 2, -1, -5, 12, 0, -8, 5, 5, 4, 1, 5, 1, 9, -6, 7, -7, -13, 0, 0, -9, 4, 4, -6, 8, -8, 2, 0, -10, 10, 7, -8, -6, 6, -6, 6, 6, -7, 5, 3, 4, 7, -4, 8, -4, -8, -2, -3, -18, -3, -11, -4, 4, 10, 4, 9, 15, 4, 12, -4, -3, -2, 2, -4, 11, -4, 0, -11, -7, -6, -5, 7, 2, 2, -11, 0, 7, 4, 8, 4, 9, 9, 4, -5, 1, 7, 1, 3, -7, -9, -1, -14, -15, 5, -17, -9, 4, 8, 12, 7, -4, 4, 6, -5, 10, 5, 4]
[0, 0, 0, 1, 0, -1, -1, 1, 1, -1, -1, 0, 0, -1, 0, 0, 0, 0, 2, 0, 1, 1, 0, -1, -1, -1, 0, 0, -1, 1, 2, 2, 0, -1, 0, -1, -2, 1, -1, -2, 1, 0, -2, -1, -1, 1, 0, -1, 0, 0, 0, 1, 0, 1, 1, 1, -1, -1, -3, 0, 2, -1, -1, 4, 1, 0, 1, -1, 0, 0, 0, -2, 2, -1, 1, -2, 2, 0, -2, -2, -3, 0, 1, 0, 1, 0, 2, 1, 0, 5, -3, -4, 0, -3, -1, -5, 3, 6, 4, 0, -1, -3, -2, -9, 1, -3, -6, 1, -1, 4, 0, -1, 4, 1, -3, 0, -6, 8, -3, 1, 11, 1, 0, 1, -2, -5, -4, -7, -3, -5, 4, 3, 0, 6, -1, 8, 3, -7, -1, 0, -1, 5, -1, 9, -4, -1, 3, -6, 2, -5, -4, 5, -7, 4, 7, 1, 7, -7, 5, -4, -3, -3, -9, -5, 1, -5, 1, 1, -2, -2, -9, 9, -7, 1, -1, -9, 7, 2, 1, 7, 4, -6, 6, 1, 1, -15, 3, 0, -6, 7, 2, 2, 4, -2, -1, -1, -11, 0, -2, 6, 5, -10, 5, 0, -4, -7, -12, 8, -3, -10, 9]
[0, 0, 0, 0, 0, -2, 1, 1, 0, 1, 0, 1, -1, 2, -1, 0, -1, -1, 1, 0, 0, 0, 0, -2, 0, 0, -1, 0, 0, 1, 1, 1, 2, 0, 0, -1, -1, 0, 0, 1, 0, 3, 0, 2, -2, 2, 2, 1, -1, -2, 0, 0, -2, -1, -1, 2, 1, 0, -1, -2, 2, -1, 0, 2, 0, 0, 1, 1, 1, 0, 1, -3, 1, 0, 2, -1, 2, 1, 0, 0, -1, 0, 1, 1, -1, 1, -2, -3, 10, 14, -46, 11, -4, 9, 9, 15, -15, -1, 34, 8, -33, -33, 29, -28, 25, -2, 32, -7, -22, 12, 21, 16, -36, 17, -20, 22, -44, 6, -33, 1, 66, 20, 18, -12, 25, 2, -38, -44, 5, -24, -6, -17, 49, -1, -11, 22, 20, 4, -7, -9, -37, 41, 10, 51, -44, -3, 9, -46, -15, -43, -37, 22, 40, -15, 65, 20, 74, -3, -6, 31, -60, -20, -83, 8, -47, 44, 26, 1, 27, -22, 15, 17, 18, 7, 50, -57, -38, 28, 2, -12, -36, 20, 18, 13, -1, 24, -9, 55, -31, -42, 34, -52, -10, -36, 51, 7, 25, 3, 3, 0, 11, -18, 21, 34, -7, 29, -93, 8, -58, 42, -115]
[0, 0, 0, 0, 0, 1, 0, -1, 0, -1, 0, 1, 0, 0, 0, 1, 2, 0, -2, -1, 0, -1, 0, 2, 1, 0, 1, 0, 1, 0, 0, -1, -2, 0, 0, 3, 0, 0, 2, 0, -1, -1, 1, -1, -1, 1, 0, -1, 0, 0, 2, 1, 0, 2, 1, -1, 1, 0, 0, -2, -1, 2, -1, 2, 2, 1, -2, 2, 2, 2, 1, -2, 1, 1, -1, -1, 1, -2, 0, 0, 1, -3, 2, -1, 1, 2, 1, 1, -20, 12, 36, -2, -15, -10, 7, -6, 2, 9, -29, -14, 45, 14, -27, 25, 13, -8, -42, 12, 34, -12, -33, -12, 23, -12, 16, -23, 34, 23, 18, 6, -38, -29, -8, 17, -57, 9, 46, 41, -6, 12, 43, 8, -73, -11, 14, -38, -4, -15, 16, 27, 68, -23, -14, -32, 1, 3, -5, 47, 12, 27, 26, -7, -70, 8, -77, -27, -22, 25, 14, -13, 73, 33, 77, -32, 22, -41, -21, -16, -3, 60, -17, -13, -32, -19, -59, 40, 13, -12, -11, 33, 52, -21, 34, -12, 24, -45, 24, -32, 18, 36, -41, 41, -7, 15, -71, 11, -44, 9, -53, 26, 69, 39, 10, -39, -34, -36, 87, -14, 91, -43, 71]
[0, 0, 1, -1, -1, 0, 0, 1, 0, 0, 0, 0, 2, 0, -2, 0, -2, 1, 0, 1, -1, 1, 0, -1, -1, 0, 0, -1, 1, 0, 0, 0, 2, 1, -1, -1, -1, -1, 0, 1, 0, 0, 1, 2, 0, 1, -3, -1, 0, -1, -2, 1, -1, -1, -1, 0, 2, 0, -2, 0, -1, -2, 2, 1, 1, -1, 3, 1, -2, 0, -2, 0, 1, 0, 0, 0, 1, 1, 1, 2, -2, 1, 2, -1, -2, -3, -1, -1, -16, 7, -16, 21, 0, 11, 2, -17, -12, -2, 6, -10, 14, -12, 20, 4, -4, 18, -9, -8, -1, -13, -9, 12, 1, 4, -5, 9, 3, 17, -16, 19, 6, -32, 2, -12, -2, 7, -4, -6, 19, -5, 20, -10, -6, -22, -11, -6, 5, 18, -1, 20, -19, 16, -5, 1, -21, -8, 16, -10, 15, -5, 3, 15, -53, 5, 9, -12, 25, 6, 8, 12, -9, 9, -21, -2, 6, 1, 8, -21, 26, -6, -24, -22, -4, 14, 20, -14, 30, 4, -30, 7, -27, 5, -1, 25, 7, 19, -3, 25, -19, 4, -43, -8, 15, -20, 19, 6, -15, 9, -23, -16, 18, -16, 18, 28, 2, -11, -22, -2, 6, -36, 3]
[0, 0, 0, 0, 0, 1, 0, -1, 0, 0, 0, 0, -1, -1, 0, 0, 1, 0, 0, 0, 0, 1, 0, 2, 2, -1, 0, -1, 1, 0, -1, 0, -2, -2, 0, -1, -1, 2, 2, -1, 0, -1, -2, 0, 1, 0, 1, 1, -1, 3, -1, 1, 0, 1, 0, -1, 0, -2, -1, 1, 1, 1, -2, -1, -1, -3, 3, -1, 2, -1, 0, 0, 4, -1, 0, 1, 0, 0, 1, 0, 0, -2, 0, -1, -3, 1, -1, 0, 2, 3, -2, 3, 1, 2, 0, -3, -2, 0, 1, 2, 0, -4, -5, 2, 1, -3, 0, -1, -3, -3, 2, 0, 1, 1, 2, -3, 3, 1, 3, 1, 5, -3, 3, -5, 0, -3, -5, -2, -2, -1, -3, 0, 1, 4, -1, 6, 0, 7, -1, 7, 1, 6, 2, 4, -1, 0, -5, -3, -5, -3, -4, -3, -2, -10, 0, 1, 3, 3, 7, -4, 10, 2, 8, -1, 3, -4, 3, -5, 2, -5, -5, -9, -2, 0, -5, -6, -4, -2, -5, 6, -2, 7, 2, 5, 2, 7, -2, 9, -2, 0, -10, -1, -7, 7, -2, -12, -3, -2, -3, -4, 12, -3, 9, 0, 9, -4, 11, -1, 7, 0, 7]
[0, 0, 0, 1, -1, 0, 1, 0, 0, -2, -1, 0, 1, 1, 1, 1, 0, -2, 0, 1, 0, 0, 0, 0, 0, 1, 2, 0, -1, 1, 0, 0, 0, -1, 0, 1, 1, 0, 0, 1, -1, 0, 0, 0, -1, 0, 1, -4, 0, 2, -2, 1, 0, 2, 2, 2, 0, 1, 1, 1, 1, -1, -1, 2, 2, -3, 1, 2, 0, 1, 0, 1, 4, -3, -2, 1, 0, 2, -1, 0, 0, 0, 0, 0, 2, -1, 0, 1, -59, 21, 71, 34, -26, 23, 25, -87, -8, -14, -16, -110, 77, 66, -21, 82, 42, -34, -80, 80, -2, -31, -29, 3, 31, -21, -24, -90, 29, 49, 37, 77, -16, -92, -9, 50, -109, -7, 55, 89, -12, 87, 102, -58, -66, -94, -54, -82, 28, 1, 53, 121, 95, -24, -69, -117, 18, -46, 9, 95, 35, 52, 89, -15, -184, 69, -84, -40, -20, 68, 44, -72, 27, 108, -49, -37, 65, -95, 5, -22, 43, 145, 20, -58, -42, -45, -76, 74, 27, -80, 15, 21, -7, -90, 117, 65, 31, -65, 77, -32, -11, 35, -76, -27, 29, 74, -140, 38, -56, 0, -164, 100, 101, 92, 45, 4, 42, -105, 59, 4, 52, -201, 184]
[0, 0, 0, 1, 0, -1, 0, 0, 0, -1, -1, 0, 1, 1, 0, 1, -1, -1, 1, 0, 1, -1, 0, 0, -1, 0, -1, 1, 1, 1, 2, 0, 0, -2, 1, 1, 0, 0, -3, -1, 1, 0, -3, 1, -2, 0, 2, -1, 0, 0, 0, -3, 1, 0, -1, 2, 0, 2, -2, -1, 3, 0, 1, 1, 1, 1, 1, -1, 0, 2, 0, 0, 1, 1, 0, -3, -3, 0, -2, -2, 1, -1, 0, -1, 2, 0, -1, -2, -18, 14, 40, -6, -21, -4, 4, -11, 5, 7, -21, -30, 35, 32, -36, 29, 29, -38, -48, 39, 11, -2, 2, -14, 10, -17, 4, -42, 22, 7, 28, 0, -8, -6, -10, 36, -67, -6, 35, 40, -31, 34, 44, -4, -41, -24, -10, -26, 2, -27, 22, 33, 85, -16, -43, -42, 3, -21, -8, 57, 12, 30, 29, -26, -46, 31, -50, -21, -10, 33, -8, -42, 41, 29, 10, -32, 23, -38, 1, 3, 7, 77, -11, 2, -25, -35, -63, 44, -24, -30, 35, 14, 15, -38, 70, 3, 22, -47, 43, -44, 10, 18, -6, 26, -14, 39, -101, 3, -24, -7, -77, 65, 53, 41, 9, -40, -12, -45, 60, 5, 42, -49, 84]
[0, -1, 1, 1, -1, 1, 0, -1, -1, 1, 0, 0, -1, 1, 0, -1, 3, -2, 0, 0, 1, 0, 0, 2, 0, -1, -2, -1, 1, 1, 1, 0, 0, -1, 0, 0, 0, 0, -1, 3, -2, 1, -1, -1, -1, 3, 0, 0, -1, 1, 1, -1, 2, -1, 1, 2, 1, -1, 3, 2, 0, 1, -1, -2, -1, 0, -1, -3, -1, -2, 0, 1, 1, 1, -1, 1, 0, -2, 1, -3, 2, 0, 2, 0, 0, 1, -1, 0, -4, 3, 6, 6, -3, 3, 6, 1, 4, 2, -4, 4, -2, -4, 0, -5, -4, 2, -2, 1, 7, -1, -5, 2, -4, -2, -2, 0, -3, 8, -2, 7, 0, -10, 4, -2, -12, 6, 2, -6, 6, -8, 7, -1, -4, 12, 13, -4, -1, 5, 4, 6, 8, -5, 2, 3, 6, 9, 0, -3, 0, -11, -4, -1, -8, -13, -13, -3, 5, 10, 0, 10, 7, 3, 3, -3, -3, 4, -2, -3, -2, 3, -3, -4, -6, -6, -11, 5, -5, -1, 1, 4, 15, 3, 8, 11, -1, 7, 7, 6, 2, 3, 0, -1, -3, -2, -4, 2, -15, 0, -13, -6, 8, 8, 1, -2, 1, 3, 5, -5, 22, 3, 0]
[0, 0, 0, -1, 1, 0, 0, 1, 0, 0, -1, 0, -2, 2, 2, 1, 0, -2, 0, -1, 0, 0, 0, 0, 2, 0, -1, 2, -1, 0, 0, 0, -1, 0, -1, 0, 1, 0, 3, 0, 0, 0, 1, 1, 2, -1, -2, 2, -1, 1, -1, 0, 0, 2, 1, -2, 4, -1, 1, -2, 0, 2, 0, -2, 3, -3, -1, 1, 0, 1, -2, 2, 0, 0, 0, -1, 0, 0, 2, 2, 0, 0, -1, 2, 0, 2, -1, -1, -24, 13, 20, 49, -23, 17, 25, -68, -33, -15, -4, -68, 75, 31, -3, 65, 49, -44, -50, 44, -2, -16, 6, -2, -34, 4, -38, -70, 24, 84, -10, 68, 27, -71, -5, 27, -85, -3, 15, 52, 3, 55, 122, -60, -39, -110, -45, -67, 48, -3, 28, 100, 80, -3, -54, -71, -28, -37, 25, 82, 25, 13, 36, -33, -153, 69, -11, -34, 47, 47, -8, -7, 7, 95, -92, -23, -2, -68, 40, -19, 76, 116, 45, -66, -43, -55, -59, 33, 23, -60, -6, 11, -34, -46, 127, 64, 34, -19, 39, 24, -28, -2, -56, -40, 31, 30, -106, -1, -64, 0, -147, 54, 149, 103, 87, 15, -1, -60, 35, 21, 27, -130, 27]
