40 3 11 14 13
[1, 0, 0, 0, -1, -1, 1, 1, -2, -1, 0, 3, -1, 0, 1, -6, 1, -8, 2, 1, -4, 2, 0, 3, -2, 9, 2, -10, -1, 2, -11, 4, 1, 0, -6, 15, 3, 12, -2, 6, -8, -9, 4, -12, 0, -61, -7, 13, 6, 1, -4, -24, 12, 16, -12, -89, -4, -10, -12, -15, -31, 24, 6, 19, 7, 55, -14, -24, 0, 30, -13, 28, 8, -34, 20, 86, -10, 24, 10, 34, -51, -39, -10, -26, 2, -206, 9, 44, -4, -58, -114, -54, -17, 52, 27, -245, 2, -46, 18, -67, -45, 42, -6, 59, -18, 181, 30, -36, 4, 64, -132, 76, -20, -94, -26, 211, -8, 76, -34, 88, -116, -76, 24, -82, 10, -425, 17, 77, -5, -133, -14, -53, -18, 92, -19, -586, 4, -108, 8, -115, -111, 126, -6, 122, 15, 330, -30, -134, -2, 120, -37, 118, -12, -118, 30, 354, 46, 132, 76, 146, -159, -123, -62, -188, -24, -852, -37, 141, 10, -118, -362, -173, 15, 164, 16, -805, 2, -146, -52, -187, -296, 186, -46, 184, 40, 491, 60, -198, 13, 220, -446, 182, 18, -168, -46, 594, 5, 204, -92, 194, -236, -249, 60, -244, 10, -1168, 25, 261, -4, -224, -60]
[0, 0, 0, 0, 0, 0, 1, 0, -1, -1, 0, 2, -1, -1, 1, 0, 0, -2, 0, 0, 1, 1, 0, 2, -2, 1, 0, 0, 1, 0, 1, -2, -2, 2, -2, 0, 2, 1, 2, 0, -1, -1, -2, -4, 2, -1, -3, -2, 4, 5, -2, -6, 8, 1, -4, 2, -2, 8, -4, 0, -3, -1, 2, -6, 8, -3, -2, 0, -2, 1, -1, 6, 7, -4, 6, -2, -4, -2, -6, -2, 0, 1, 4, 12, -6, 2, 1, 8, -6, -6, 4, -2, -15, 6, 7, -8, 4, -4, 12, 0, 4, -6, -2, 2, -10, -1, 0, 4, 0, -3, -4, -2, -8, -6, -2, 6, -8, -5, 2, 10, 8, 4, 6, 4, 6, 5, 5, -8, 0, -9, 4, 16, -2, -4, -3, 8, 2, -20, 2, 2, -5, 3, -10, 2, 0, 8, 18, -12, -2, -3, -1, 0, 6, 8, -6, 2, 18, 11, 8, -16, -6, 1, -12, -32, -10, -10, -5, -2, 14, 26, -6, 2, 15, -13, -16, 0, 0, 24, -32, -6, -5, 14, 6, 6, 10, -1, -8, -4, 3, 16, 14, -12, -4, 10, 2, -16, 10, 7, -8, 6, -3, -5, -8, 0, 10, -9, -3, 4, -8, -12, -6]
[0, 0, 0, 0, 0, 0, 0, 0, -1, -1, 1, 2, -1, 1, 0, 0, 2, -2, 2, 0, -1, -1, -2, -2, 0, 1, 0, 0, -3, 0, 0, 2, 2, 2, 0, 0, 2, -1, 2, 0, 1, -1, 0, -4, -2, 1, -4, 2, 4, 5, -2, -6, 4, -1, -4, -2, -4, 8, -4, 0, 1, 1, 4, 6, 4, -3, 0, 0, 6, -1, -2, -6, -5, -4, 4, -2, -8, 2, -8, 2, -2, 1, 2, 12, 6, -2, 8, -8, -2, -6, -1, -2, -3, -6, 12, 8, -4, -4, -2, 0, 4, 6, 8, -2, -10, -1, 0, 4, 8, 3, 4, 2, 0, -6, -12, 6, 0, 5, 2, -10, -2, 4, -4, 4, -2, -5, 12, 8, -8, -9, 2, 16, -10, 4, 0, -8, 6, -20, 0, 2, -1, -3, -20, -2, -6, 8, 4, -12, -14, 3, 4, 0, 6, 8, 4, 2, 26, -11, 20, 16, 6, 1, -2, -32, -10, 10, -20, 2, 10, 26, -2, 2, 15, 13, -24, 0, 4, 24, 4, -6, -7, -14, -4, -6, 24, -1, -8, -4, -9, -16, -8, 12, -12, 10, 12, -16, -6, -7, -6, -6, -3, -5, 4, 0, 18, 9, -20, -4, -4, -12, 6]
[0, 0, 0, 0, 0, 0, 1, -1, 0, -1, 1, 2, -2, -1, -1, 1, 2, -2, 0, 0, 0, 3, -2, 1, -2, 1, 2, 0, -2, 0, -1, 0, 0, 2, 2, 0, 0, -1, 0, -2, 2, -1, 0, -4, 0, -1, -5, 3, 4, 5, -2, -6, 8, 1, 0, -4, -6, 8, 0, 0, -2, -11, 6, 1, 12, -3, -6, 0, 4, -1, 1, -4, 4, -4, -4, -2, -4, 8, -2, 10, -6, 1, 4, 12, -4, 4, 1, 0, -12, -6, -3, -2, -10, 6, 9, 4, 0, -4, 4, 0, 4, 6, 2, -15, -16, -1, -2, 4, 8, 7, 4, 12, -12, -6, -6, 6, 8, -17, 0, -12, 2, 4, -8, 4, 12, -5, 19, -1, 0, -9, 8, 16, 4, -6, -3, 0, 12, -20, -4, 2, 2, 13, -22, 14, -14, 8, 22, -12, -20, -13, -1, -2, 8, 8, 14, 2, 12, 1, 16, -14, 8, 1, -12, -32, -8, 0, -9, -17, 20, 26, 0, 2, -2, -3, -24, 5, -4, 24, -24, -6, 0, -2, 14, 16, 26, -1, -12, -4, 2, -4, -6, -6, -8, 10, -2, -16, -24, 23, -2, 30, -8, -5, 24, 0, 4, 11, -21, 19, 4, -12, -10]
[0, 0, 0, 0, 0, 0, 0, 1, -1, -1, 0, 1, -1, 0, 2, 0, 0, 0, 2, -1, -1, -2, -2, -1, 2, 1, 0, 2, 1, -2, 0, 0, -2, 0, 0, 1, 2, 4, 2, -2, -1, -1, -4, -4, 2, 2, -2, 1, 4, 1, -2, -4, 0, 0, -4, 1, 2, 6, -4, -1, 1, 8, 0, -1, 0, -1, 0, 0, -2, 2, -2, 0, -1, -2, 8, -2, -4, -8, -4, -2, 0, 1, 2, 10, 2, -4, 8, -4, 2, -2, 4, 2, 1, -4, 2, 1, -4, -6, -2, 3, 4, -10, 8, 7, -10, -3, 0, -4, 0, 0, 2, 0, 8, 2, -12, 1, -8, 4, 2, 12, 4, 4, 16, 2, -10, 0, -2, -3, -16, 3, 2, 5, -2, 4, 0, -6, -6, -20, 4, 7, -5, 2, 0, 6, 0, 2, 4, -10, 6, 8, 4, -2, 6, 2, -16, 2, 18, -4, -4, 10, 2, -3, -2, -20, -10, 0, -20, 1, 6, 18, -8, 1, 15, 12, -8, -5, 16, 14, 4, -1, -3, 6, -4, -20, 14, 3, -8, -2, -13, 4, 2, -2, -4, 0, 12, -10, 10, -12, -6, -26, -3, -1, -20, 12, 10, -2, 14, -3, 8, -16, 6]
[0, 0, 0, 0, 0, 0, 0, 0, 0, 1, 0, 0, 1, 0, -1, 0, 0, 0, 1, 0, 1, 0, 2, 2, 2, 1, 1, 0, -1, 4, 1, 2, 2, 0, -2, 0, 0, 0, 4, 0, 4, 1, 5, 8, 6, 4, 5, 2, -2, 7, 3, 8, 2, 0, 0, 2, 2, 2, 8, 0, 7, 4, 4, 10, 8, 7, 10, 8, 2, 12, 4, 10, 8, 2, 1, 8, 8, 8, 14, 2, 10, 7, 9, 8, 16, 12, 12, 12, 8, 18, 9, 8, 11, 8, 7, 12, 12, 14, 19, 8, 14, 12, 14, 18, 24, 19, 15, 16, 16, 16, 16, 18, 10, 14, 20, 16, 16, 24, 20, 14, 18, 20, 11, 24, 22, 20, 21, 28, 28, 21, 19, 24, 26, 24, 24, 28, 28, 36, 25, 24, 25, 24, 32, 22, 36, 28, 24, 32, 28, 28, 34, 24, 28, 38, 40, 32, 30, 32, 30, 40, 34, 35, 39, 40, 36, 40, 36, 38, 36, 22, 44, 48, 33, 40, 56, 40, 36, 42, 38, 48, 45, 52, 34, 42, 26, 39, 58, 56, 57, 44, 44, 52, 64, 56, 56, 64, 68, 56, 52, 66, 52, 57, 66, 32, 50, 56, 53, 52, 64, 56, 69]
[0, 0, 0, 0, 0, -1, 0, 0, 0, 0, 2, 0, 0, 0, 0, 2, 0, 0, 0, 0, -4, 0, 0, 0, 0, 0, 0, 0, 0, 0, -4, 0, 0, 0, 0, 0, 0, 0, 0, 0, 8, 0, 0, 0, 0, 5, 0, 0, 0, 0, 0, 0, 0, 0, 0, -14, 0, 0, 0, 0, 8, 0, 0, 0, 0, 0, 0, 0, 0, 0, 0, 0, 0, 0, 0, 0, 0, 0, 0, 0, -16, 0, 0, 0, 0, -2, 0, 0, 0, 0, -10, 0, 0, 0, 0, 34, 0, 0, 0, 0, 0, 0, 0, 0, 0, 0, 0, 0, 0, 0, 28, 0, 0, 0, 0, 0, 0, 0, 0, 0, -16, 0, 0, 0, 0, -25, 0, 0, 0, 0, 0, 0, 0, 0, 0, -28, 0, 0, 0, 0, 0, 0, 0, 0, 0, 0, 0, 0, 0, 0, 0, 0, 0, 0, 0, 0, 0, 0, 0, 0, 32, 0, 0, 0, 0, 28, 0, 0, 0, 0, 4, 0, 0, 0, 0, 0, 0, 0, 0, 0, 20, 0, 0, 0, 0, 0, 0, 0, 0, 0, -68, 0, 0, 0, 0, 0, 0, 0, 0, 0, 0, 0, 0, 0, 0, 46, 0, 0, 0, 0, 0]
[0, 0, 0, 0, 0, 0, 0, 0, 1, 0, 0, -1, 0, 0, 1, 1, 0, 2, -1, 1, 0, 2, 0, 0, 0, 0, 1, 2, 4, -2, 1, 0, 0, 2, 6, 3, 2, 4, -2, 4, 1, 4, 1, 0, 0, 2, 3, 4, 6, -4, 5, 4, 2, 8, 12, 5, 8, 2, 4, 9, 4, 4, 4, 0, 0, 6, 2, 4, 8, 2, 10, 4, 9, 14, 9, 10, 12, 8, 10, 16, 6, 12, 7, 2, 2, 8, 4, 12, 14, 8, 13, 14, 16, 20, 9, 13, 16, 14, 5, 21, 10, 14, 14, 8, 10, 14, 15, 12, 16, 16, 18, 20, 22, 24, 24, 15, 24, 12, 14, 24, 22, 16, 27, 18, 20, 20, 19, 12, 20, 32, 25, 11, 32, 20, 24, 26, 18, 28, 29, 25, 28, 38, 32, 36, 28, 22, 28, 38, 34, 28, 30, 36, 30, 26, 24, 30, 24, 36, 26, 28, 36, 32, 41, 52, 42, 40, 48, 32, 38, 36, 36, 39, 32, 36, 48, 40, 44, 34, 50, 41, 58, 38, 54, 60, 52, 52, 50, 42, 40, 64, 46, 40, 52, 38, 36, 58, 30, 52, 70, 44, 55, 64, 46, 72, 60, 58, 67, 80, 56, 68, 55]
[0, 0, 0, 0, 1, 0, 0, -1, 1, -1, 0, -1, -1, 0, 0, 0, 0, 4, -2, -3, 0, 2, -2, 1, 0, 1, 0, 6, 1, 2, -2, 0, -2, -4, 4, 3, -1, -4, 2, 2, -1, -1, -4, -4, 0, -2, 4, -1, 0, -7, -2, 0, -2, 0, 4, -1, 0, 2, 12, -3, -1, -8, 4, 1, 4, 3, 4, 0, 0, -2, 6, 0, -3, 2, -8, -2, 2, 8, -8, 2, 0, 1, 6, 6, -4, 4, -16, 4, -6, 6, 4, 10, 5, 4, -4, -1, 0, -10, -22, 9, -1, 10, -8, -7, 2, -7, -16, -20, -4, 0, -6, 0, 12, 18, 0, -9, 8, -4, 18, -12, 6, 4, 0, -2, 2, 0, 20, 3, 0, 27, -2, -17, 10, -4, -8, 6, 2, -20, 20, 17, 5, -2, 12, -6, -24, -10, 24, -6, 0, -8, 4, 2, 18, -10, 0, 2, -14, 4, -28, -10, -2, -11, 10, 4, 2, 0, -12, -1, 14, 2, 8, -1, -9, -12, 0, 5, 0, -6, -20, 9, 6, -6, 12, 20, -12, 11, -24, 2, -1, -4, -2, 2, -28, -20, 0, 2, -23, 12, 26, 26, -13, 7, -4, 36, -10, 2, 20, 3, 0, -24, -10]
[0, 0, 0, 0, 0, 0, 0, 0, 0, 1, -1, 0, 1, 0, -1, -2, 0, 0, 1, 0, -1, 0, 2, 2, 2, -3, 1, 0, -1, 4, -5, 2, 2, 0, -2, -8, 0, 0, 4, 0, -8, 1, 5, 8, 6, -12, 5, 2, -2, 7, -13, 8, 2, 0, 0, -16, 2, 2, 8, 0, -21, 4, 4, 10, 8, -21, 10, 8, 2, 12, -28, 10, 8, 2, 1, -32, 8, 8, 14, 2, -30, 7, 9, 8, 16, -36, 12, 12, 8, 18, -50, 8, 11, 8, 7, -54, 12, 14, 19, 8, -50, 12, 14, 18, 24, -61, 15, 16, 16, 16, -70, 18, 10, 14, 20, -72, 16, 24, 20, 14, -86, 20, 11, 24, 22, -76, 21, 28, 28, 21, -93, 24, 26, 24, 24, -104, 28, 36, 25, 24, -103, 24, 32, 22, 36, -112, 24, 32, 28, 28, -126, 24, 28, 38, 40, -128, 30, 32, 30, 40, -142, 35, 39, 40, 36, -168, 36, 38, 36, 22, -150, 48, 33, 40, 56, -152, 36, 42, 38, 48, -201, 52, 34, 42, 26, -189, 58, 56, 57, 44, -186, 52, 64, 56, 56, -216, 68, 56, 52, 66, -204, 57, 66, 32, 50, -232, 53, 52, 64, 56, -251]
[0, 0, 0, -1, 0, 0, 1, 0, -1, 0, 0, 2, 1, 0, -1, 0, 4, -2, 2, 0, -1, 0, -4, 0, -2, 2, -6, 0, -1, 0, 3, 0, -6, 6, 2, -1, -6, 0, 2, 0, 3, -4, 8, -1, 6, 0, 7, 0, 0, -4, -4, -2, 12, 0, -4, 0, 6, 6, -4, 0, -5, 0, -6, 0, 0, -8, -6, 3, 2, 0, -1, 0, -1, -22, 8, 1, -12, 0, -10, 0, 0, 12, 6, 9, -6, 0, 9, 0, 2, 24, -2, -14, -9, 0, 5, 0, -4, 2, 2, 2, 8, 0, 10, 0, -10, 10, 6, -5, 16, 0, -4, 0, -4, 24, -18, 7, 8, 0, 2, 0, 0, -8, -20, 8, 2, 0, -17, 0, 8, -56, 10, 10, -14, 0, -3, 0, -14, -20, 4, -4, 5, 0, 6, 0, 28, -8, 26, -19, -26, 0, 3, 0, 30, -26, 2, -6, 46, 0, 20, 0, -10, 16, -14, -29, -10, 0, -29, 0, -18, 68, 10, 40, -15, 0, 16, 0, -16, 22, -20, -12, -7, 0, 10, 0, 2, 14, 28, 32, -27, 0, -10, 0, 12, 58, 10, -18, 26, 0, -8, 0, -11, -40, -20, -24, -18, 0, -25, 0, 0, -60, -4]
[0, 0, 0, 0, 0, 0, 0, 0, 0, -1, 1, 0, -1, 1, 0, 2, 1, -2, 0, -2, -1, 3, -2, 2, 0, -3, 2, -4, -1, 4, 0, 6, 1, -6, 0, -6, 0, 7, -2, 8, 2, -9, 2, -12, -2, 13, 0, 14, 2, -11, -4, -18, 2, 15, -4, 12, -2, -16, 4, -18, 3, 17, 8, 26, 3, -23, -8, -24, 2, 27, -6, 22, -2, -28, 6, -34, -4, 34, 8, 38, -5, -39, -8, -32, 4, 38, -8, 40, -4, -46, 9, -42, 3, 50, 16, 58, -2, -52, -16, -58, -2, 58, -12, 50, -6, -65, 14, -60, 0, 67, 24, 78, 0, -70, -24, -68, 8, 77, -18, 66, -2, -76, 18, -88, 6, 75, 32, 88, -5, -97, -20, -86, -6, 92, -24, 100, 4, -108, 26, -100, -5, 121, 16, 114, -9, -108, -24, -128, 0, 115, -32, 120, 0, -136, 36, -126, 14, 125, 40, 152, 11, -135, -40, -152, -12, 170, -44, 142, 10, -142, 38, -176, -9, 165, 32, 160, 2, -176, -40, -172, 15, 166, -40, 198, 18, -181, 44, -192, 9, 200, 32, 196, -6, -198, -48, -228, -28, 209, -58, 214, -6, -237, 64, -208, -10, 237, 48, 260, 4, -236, -64]
[0, 0, 1, 0, 1, 0, 0, 0, -1, -5, 1, 0, -3, 0, 3, 0, -1, 0, -2, 0, -2, 0, -4, 6, -4, -5, -1, 0, 1, 12, -1, 6, 1, 0, 0, 0, -1, 0, -2, 0, -3, -5, -9, -40, -12, 12, -3, 6, 8, -35, -10, -40, 10, 0, -12, 6, 6, -10, 0, 0, -1, 12, 8, 30, 3, -35, -10, -40, 0, 36, -6, 30, -27, -10, 11, -40, 2, 24, -26, 6, -17, -35, -11, -40, -4, 36, -28, 36, -18, -90, 10, -40, -35, 24, 15, 36, -38, -70, -46, -40, -25, 36, -38, 54, -40, -95, -15, -80, -28, 48, -2, 54, 30, -70, -44, -80, -56, 72, -2, 42, 0, -100, 17, -120, -30, 60, 29, 84, -33, -105, -47, -120, -6, 72, -32, 84, 18, -180, 27, -120, -21, 72, -12, 66, -39, -140, -26, -160, -8, 84, -70, 72, -54, -190, -20, -160, 50, 96, -6, 120, -53, -175, -78, -200, -30, 120, -112, 114, -12, -110, -6, -240, -67, 120, -40, 120, -94, -210, -108, -240, -52, 156, -70, 126, -34, -195, -42, -280, -49, 132, -2, 156, -50, -280, -90, -320, -151, 168, -138, 198, -45, -285, -34, -160, -78, 168, 13, 156, -64, -280, -133]
[0, -1, 0, 0, 0, 1, 1, 0, 2, 1, -2, -1, 1, -2, 0, -1, -4, 2, 5, 1, 3, 2, 4, 4, 2, 1, -5, 6, -9, 2, 0, 0, -6, 0, 0, -1, 12, 4, -16, -4, 2, 2, -7, 4, 14, -1, 26, 4, 26, 3, 13, 12, 14, 2, 8, 15, -22, 0, 48, -15, -13, 0, 14, 4, 8, 10, -28, -16, -46, 14, -7, 12, -6, 2, -15, 18, 56, 6, -32, 8, 42, 15, -15, 22, 12, 16, 61, 16, 68, 22, 37, 6, 27, 16, -2, -25, -44, 10, 83, 53, -6, 2, 48, 12, -4, 16, -43, 68, -64, 20, -38, 28, -26, 6, 22, -9, 80, 6, -64, 24, 62, 13, 7, -2, 30, 45, 82, 16, 100, 32, 47, 19, 90, 18, 53, 58, -48, 38, 113, -47, -7, 42, 86, 44, 40, 14, -42, -62, -56, 20, 9, 20, 24, 46, 26, 62, 78, 40, -66, 20, 26, 4, -9, 92, 64, 2, 99, 20, 128, 15, 74, 31, 65, 36, 64, 40, -28, 48, 118, 161, 15, 70, 40, 44, 26, 50, -18, 202, -7, 60, 96, 32, 24, 98, 14, 18, 120, 74, -18, 76, 82, 80, 10, -36, 42, 10, 122, 72, 152, 60, 71]
