40 3 13 28 27
[1, 1, 0, -2, -1, -2, 0, 2, 0, 4, 0, -3, -2, 0, 3, -4, 0, -8, 2, 5, -8, 1, 5, -1, -3, 0, -8, 2, -4, 2, -2, 3, 4, 6, -6, 1, 4, 4, 0, 3, -2, 15, -36, -26, 24, -12, -6, -18, 47, -6, 14, -44, -53, -60, -6, 30, -63, -12, -12, -5, 8, -67, 39, 81, -42, 5, 40, 20, -5, 17, -63, 11, 69, 66, 8, -36, 10, 16, 7, -6, 10, 44, -64, -74, 26, -9, -104, -100, -68, -42, 14, -106, -88, -76, -7, -55, -83, -118, 44, 81, 5, -114, 13, 127, 1, 31, -60, 40, 30, 69, 19, 115, 47, 220, 98, -93, -38, 54, -70, -87, -83, 63, -256, -220, 46, -129, 22, -130, -82, 37, -8, -279, -120, -326, -49, 194, -87, -210, -10, 11, -46, -317, 129, 268, 65, 30, 108, 98, 31, 35, -84, 129, -24, 370, 66, -122, -14, 98, 22, 55, -136, 147, 28, -394, 28, -118, -428, -374, 158, -127, -238, -383, -266, -382, 70, -88, -188, -232, -44, 159, 107, -400, -185, 620, 7, 45, -276, 110, -98, 226, 62, 9, 37, 386, 82, -90, -144, 142, 71, -210, -60, 349, -420, -588, 68, -263, -54, -174, -31, -178, 226]
[0, 0, 0, 0, 0, 0, 0, -1, 0, 1, 1, 0, -1, 0, 1, 0, -1, 0, 0, 0, 0, 0, 0, 0, 0, 1, -1, 0, 0, 0, -1, -1, 0, 0, 0, 0, 1, 0, 0, 1, 1, -1, 0, 0, 1, 0, 1, 5, 0, -5, -4, 0, 4, 0, -4, 1, 4, -2, 0, 0, -1, 0, -2, 0, 0, -5, 4, 0, 0, 0, 4, 5, 1, 0, -1, 0, -4, 0, 0, -4, -3, 5, 0, 0, -3, 0, -4, -6, 0, 6, 2, 0, -1, 0, 1, -4, -2, 10, 0, 0, 3, 0, 8, 0, -1, 5, -3, 0, 0, 0, -2, -5, -4, 0, 4, 0, 2, 0, 0, 1, -2, -6, 2, 0, -3, 0, 3, -5, 0, 5, 8, 0, -12, 0, 12, 0, -9, -12, 0, 0, 2, 0, -2, 0, 3, 10, -4, 0, 0, 0, -8, -11, 2, 0, -2, 0, 9, 0, 0, 11, 10, -5, -8, 0, 13, 0, 4, 9, 0, -8, -5, 0, 7, 0, -6, 15, 10, -10, 0, 0, -10, 0, -24, 0, 2, -13, 4, 0, 0, 0, 4, 19, 8, 0, -8, 0, -9, 0, 0, -4, 2, 9, 4, 0, 5, 0, -3, -1, 0, -6, -4]
[0, 0, 0, 0, 0, 0, 0, 0, -1, 1, 0, 0, 0, 0, 1, -1, 1, 0, 0, 0, -1, 0, 0, -1, 0, -1, 1, 0, 1, 0, -1, 1, 0, 0, 0, 0, -1, 0, 0, 1, 0, 1, 0, 0, 1, 0, -1, 0, 4, -5, 0, 0, 0, 0, -4, 5, -4, 0, -2, 0, 4, 0, 0, 5, 0, 5, -4, 0, -4, 0, 4, -5, 0, -2, -1, 0, 4, 0, 2, -4, 1, -5, 0, 0, -3, 0, 4, 0, -2, 6, 1, 0, 0, 0, 1, -6, 2, 0, 8, 0, -1, 0, 0, -5, -1, -7, 3, 0, 2, 0, -2, 5, 0, 10, 4, 0, -2, 0, -8, 1, -4, 6, 0, 0, -3, 0, -3, 0, -8, 5, -4, 0, 0, 0, 12, -6, 9, 0, -4, 0, -13, 0, 0, -10, 3, 0, 4, 0, 8, 0, -8, 11, 0, -10, -2, 0, -9, 0, 4, 11, 2, 5, 0, 0, 13, 0, -4, 0, 6, -8, 3, 0, 0, 0, -6, 14, -10, 0, -16, 0, 11, 0, 0, 14, 2, 3, -4, 0, -5, 0, 6, -19, 0, -20, -8, 0, 9, 0, 16, -4, 9, -9, 0, 0, 5, 0, 3, 0, -2, -6, 4]
[0, 0, 0, 0, 0, 0, 0, 0, 1, -1, 0, 0, 0, 0, 0, 1, 0, 1, -1, 1, 0, 0, 0, 1, 0, 0, 0, -1, 0, 1, 2, 0, 2, 1, 0, 2, 0, 1, 2, 0, 1, 1, -1, 0, 0, 0, 2, 1, -2, 5, 3, 2, 2, 3, 4, -2, 4, -1, 6, -1, 0, 3, 4, -3, 4, 3, 2, 8, 4, -1, -2, 6, -1, 3, 6, -3, 4, 4, -2, 8, 4, 3, 9, 9, 4, 8, 4, 4, 6, 6, -4, 2, 4, 1, 0, 10, 0, 5, 3, 7, 12, 6, 2, 15, 6, 6, 10, 2, 4, 11, 10, 0, 6, 2, 0, 16, 12, 2, 14, 4, 6, 10, 11, -1, 20, 9, 2, 12, 16, -9, 21, 18, 4, 9, 8, 7, 8, 20, 1, 11, 16, 4, 12, 19, 2, 12, 12, 5, 14, 23, 10, 14, 22, 13, 20, 13, 4, 18, 22, 0, 14, 15, -1, 22, 8, 0, 20, 17, 2, 28, 27, 0, 32, 28, 16, 15, 32, 5, 34, 31, -6, 26, 26, -13, 24, 24, 6, 25, 24, -4, 22, 36, 8, 45, 32, 5, 24, 32, -6, 40, 29, 9, 28, 26, -16, 37, 38, 8, 30, 46, -11]
[0, 0, 0, 0, 0, 0, 0, -1, 0, 0, 1, 0, 0, 0, 0, 1, -1, 1, 0, -1, -1, 0, -1, -1, -2, -1, -1, 1, 1, -1, -1, -1, 0, 1, 0, -2, 1, -1, -2, 1, -1, -2, 0, 0, -1, 0, -1, 0, -2, -4, -4, -2, 0, -3, -2, -3, 0, -5, -2, 1, 2, -3, -3, -1, 4, -4, 2, -8, -8, 1, -1, -1, -5, -7, -5, 3, -8, -4, -1, -8, -7, 2, -8, -9, -1, -8, -8, 2, -2, 4, -4, -2, -10, -1, -6, -12, -2, -3, -6, -7, -11, -6, 5, -3, -13, 7, -13, -2, 2, -11, -9, -5, -6, -12, -2, -16, -10, -2, -4, -15, 4, -16, -4, 1, -21, -9, 1, -17, -16, -12, -12, -18, -4, -9, -9, -3, -17, -16, -8, -11, -11, -4, -17, -15, -7, -20, -16, -5, -20, -23, -8, -25, -14, 7, -22, -13, 5, -18, -22, 11, -18, -20, -4, -22, -5, 0, -16, -28, 2, -24, -11, 0, -24, -28, -4, -4, -22, -7, -24, -31, -9, -26, -45, -19, -20, -41, -2, -25, -25, 4, -24, -17, -4, -27, -34, -5, -33, -32, -19, -24, -40, 0, -48, -26, -5, -37, -41, -1, -34, -28, 2]
[0, 0, 0, 0, 0, 0, 0, 0, 0, 0, 0, 0, 0, 0, -1, 0, -1, 0, 2, 0, 2, -1, -1, -1, -1, 0, -1, 0, -1, 1, -1, 1, -2, 0, 1, 0, 3, 0, 1, -1, 1, -4, 0, -4, -3, -2, -4, 0, -4, 4, -2, 4, 0, 1, 2, 0, 5, 0, 1, -4, -2, -4, -1, -5, -6, -8, -3, 0, -2, 2, -5, 3, 2, 4, -1, 0, -2, -1, 5, -4, -1, 0, -3, -4, -1, -7, -6, -2, -4, -8, -3, -4, -6, 3, 3, 1, 4, -4, -8, 0, -5, -4, 2, -7, 2, 4, -8, -8, -10, -6, 0, -3, -2, -4, -4, 4, -6, -6, -5, -5, 1, -8, -7, -4, -7, -2, 2, -8, -4, 0, -9, -4, -2, -2, -8, 0, -16, -8, 1, -12, -1, -3, -7, 2, 3, -8, -10, 0, -10, -14, 0, -15, -12, 0, -3, -16, 3, -11, -18, -7, -10, -12, -1, 0, -13, 7, -6, -8, -4, -8, -13, -4, -4, -15, -8, -16, -12, -4, -4, -12, -8, -14, -16, 4, -23, -12, 1, -16, -3, 0, -25, -5, 0, -20, -10, -8, -19, -4, -5, -16, -28, 4, -8, -12, 11, -19, -14, -4, -6, -28, 7]
[0, 0, 0, 0, 0, 0, 0, -1, 0, 0, 1, 0, 0, 0, 0, 0, -2, 1, 0, 0, 0, -1, -2, 0, -2, 0, 0, -2, 0, -1, -2, -1, 0, -1, 0, 0, 0, 0, -2, -1, -2, -3, -2, -2, 0, -2, -2, 1, -4, -4, -4, -2, 0, -3, -4, -3, 2, -8, -2, -4, -4, -2, -2, -6, 0, -7, -4, 0, -4, -4, -2, -1, -8, -4, -6, -10, -8, -7, -6, -6, -6, -1, -4, -4, -12, -7, -8, -8, -4, 0, -13, -10, -12, -9, -8, -8, -8, -2, -12, -8, -8, -6, 0, -6, -8, -5, -12, -10, -16, -8, -6, -21, -12, -13, -16, -6, -12, -20, -6, -15, -10, -14, -12, -20, -12, -12, -14, -17, -8, -24, -4, -10, -28, -10, -8, -22, -24, -16, -22, -20, -16, -25, -22, -14, -26, -15, -20, -24, -16, -22, -32, -21, -8, -24, -16, -16, -20, -11, -20, -21, -20, -29, -36, -16, -12, -23, -16, -23, -36, -24, -20, -36, -8, -27, -32, -15, -20, -42, -16, -20, -40, -34, -52, -44, -26, -37, -36, -36, -24, -42, -32, -5, -40, -21, -32, -48, -32, -18, -54, -26, -36, -43, -32, -32, -56, -39, -34, -45, -40, -28, -60]
[0, 0, 0, 0, 0, 0, 0, 0, -1, 1, 1, -1, -1, 1, 1, -1, 1, 0, -1, 0, 0, 0, 0, 0, 0, -2, 1, 1, 0, 0, 1, -1, -2, 2, 0, -1, 1, 0, -2, 1, 2, 0, -1, 2, 1, -3, -1, 3, 2, -5, -1, 2, 2, -1, -4, 2, 0, 1, -2, 0, 3, -2, -2, 4, 0, 4, -2, 0, -4, 0, 2, -1, 4, -3, -1, -1, 0, 3, 2, -4, -1, -4, 1, -1, -3, 3, 8, -6, -2, 6, 0, 0, -1, 0, 1, -3, -6, 1, 11, 0, -1, 2, 2, -4, -1, -3, 1, -4, 4, 0, -8, 7, 2, 1, 4, 3, -2, -3, 2, 1, -8, 8, 1, -7, -3, 10, -7, -4, 0, 5, -3, -5, 0, -1, 12, 1, 1, -4, -3, 0, -14, 6, 6, -13, 3, 7, 0, -3, 10, 0, -2, 5, -8, -5, -2, 7, -7, -10, 6, 11, 4, 0, -1, 2, 13, -7, -20, 11, 10, -8, -4, 13, 7, -10, -6, 13, 10, -7, -14, 0, 4, -4, -6, 5, 2, 1, -2, 5, 0, 0, 6, -19, 8, -10, -8, 3, -1, 7, -2, -4, 5, 0, 8, 2, 5, -7, 15, -4, -10, -6, 9]
[0, 0, 0, 0, 0, 0, 0, 0, 1, -1, -1, 1, 0, -1, 0, 0, 0, 1, -1, 0, 0, -1, 0, 1, 0, 0, 0, -1, -2, 1, 0, 0, 2, -1, -2, -1, -2, 0, 2, -2, 1, -1, -3, 0, -2, -1, 2, -1, -6, 3, 3, -6, -2, 4, 0, -3, 0, -5, 2, 0, -4, 2, 0, -7, 0, -1, -4, 0, 4, -8, -2, 0, -9, 1, 4, -1, 0, -2, -10, 4, -4, -3, 3, -5, -2, 0, -8, -4, 6, -2, -11, 4, 0, -11, -4, 5, -8, -3, -5, -12, 2, -4, -10, 3, -6, -8, 0, 2, -8, 2, 0, -16, -2, -6, -12, -1, 4, -11, -2, -6, -14, 2, 1, -3, 6, -8, -18, 0, 0, -25, 3, 1, -12, -9, -8, -17, 0, 8, -15, 6, 2, -21, 0, 3, -18, -4, 0, -27, -10, 10, -26, 4, 6, -21, -6, -7, -22, 1, 6, -32, 2, -9, -27, -6, -14, -24, 20, -5, -46, 6, 7, -37, 0, 17, -28, -13, -4, -31, 2, 2, -38, 8, -2, -41, 4, 2, -32, 1, 2, -48, 0, 12, -40, 15, 8, -49, -14, -3, -38, 8, 5, -43, -12, -10, -54, 12, 2, -40, 14, 12, -65]
[0, 0, 0, 0, 0, 0, -1, 1, 0, 0, 0, 0, 0, 0, 0, 1, 2, -2, -1, 0, 0, 0, 1, -1, 0, -2, 0, 0, 2, 0, 1, -2, -2, 2, 0, 0, 0, 0, 0, 0, -2, 4, 1, 0, 0, 0, 1, -1, 0, 0, 1, 0, -2, 0, 0, -2, -6, 6, 2, 0, -2, 0, -1, 1, 0, 8, 0, 0, -8, 0, -2, 2, 6, -6, 0, 0, 0, 0, -1, 0, 8, -12, -1, 0, 0, 0, 7, -6, 2, 0, -2, 0, 6, 0, 0, -4, 0, -2, 5, 0, 8, 0, -7, 7, 0, -10, -2, 0, 8, 0, -5, 14, 0, 0, 0, 0, 4, 0, 2, 0, -8, 0, -7, 0, 0, 0, -5, 5, -8, 0, -5, 0, 0, 0, 0, 10, 8, -4, -11, 0, -8, 0, 5, -6, 0, 4, 2, 0, 2, 0, 11, -10, -8, 10, 0, 0, -12, 0, 4, 0, -2, 16, 5, 0, 0, 0, -19, 11, 10, 0, 11, 0, -8, 0, 0, -1, 4, 2, -6, 0, -2, 0, 19, -18, 0, 6, 14, 0, -6, 0, 6, -38, -4, -2, 0, 0, 0, 0, -9, 0, 6, 8, 20, 0, 0, 0, 5, -7, -6, 0, 7]
[0, 0, 0, 0, 0, 0, 0, 0, 0, 0, 0, 0, -1, 0, -1, 0, 1, 0, 1, -1, 1, -1, 1, -1, -3, -1, -3, 1, 0, 1, -1, 0, 0, 0, 1, 0, -1, -1, 1, -2, 1, -3, -3, -6, -1, -4, -2, 1, -6, 2, -3, 2, -2, 1, -2, -1, 3, -3, 3, 1, -3, -4, -5, -9, -2, -5, -5, -8, -6, -2, -5, 4, -6, 1, -1, -3, 2, -2, -1, -4, -1, -9, -2, 1, -11, -5, -10, -12, -4, -4, -9, -6, 1, -5, 7, -1, -12, -3, -9, -19, -3, -12, -12, -3, -2, -10, 0, 4, -20, -4, -8, -12, -4, -5, -16, -2, 2, -10, -5, -10, -17, -6, -2, -25, -13, -6, -20, -8, -4, -20, -8, 2, -14, -3, -8, -15, -16, -8, -24, -5, -4, -17, 1, -3, -19, -5, -14, -35, -4, -20, -18, -16, -12, -21, -11, -13, -29, -16, -12, -28, -12, -13, -26, 6, -3, -24, -6, -3, -32, -10, -10, -40, -21, -14, -48, -15, 0, -39, -2, -13, -45, 4, -18, -39, -13, -12, -37, -3, -8, -40, -21, -12, -40, -16, -6, -47, -31, -24, -49, -12, -8, -35, -24, -18, -27, -14, 0, -48, -18, -22, -40]
[0, 0, 0, 0, 0, 0, 0, 0, 0, -1, 0, 0, 1, 1, 0, 1, 0, 0, -1, -1, -1, 0, 0, 1, 0, 0, 0, -1, -1, -2, 0, 0, 2, 2, 2, 2, 0, 0, -2, -2, -2, 0, 1, 2, 2, 1, 0, -3, -2, 1, -1, 0, -2, -1, 4, -2, 0, -1, 0, 1, 1, 0, 2, -1, 4, 2, 0, 0, 0, 2, -2, 0, -4, -1, -2, -3, 0, -3, 0, 2, 2, 0, -1, -1, -2, -1, 0, 6, 0, 2, 0, 0, 1, 0, -4, 2, 0, -1, 3, 1, 2, 0, -2, 1, -4, -1, 0, 4, 2, 6, 0, 0, -2, -9, -4, -6, 0, 3, 10, 4, 8, 0, -1, -7, -2, 0, 0, 4, 8, -5, 3, 0, 0, -1, -16, -3, 0, 4, 1, -3, -1, 0, -6, -3, -12, -9, 0, 3, 2, -4, 10, 0, 8, 5, 2, 11, 0, 10, 2, 0, -6, 0, 1, 2, -2, -1, 0, -11, 4, 8, 1, 0, -7, -10, 12, -7, 0, 7, 2, 9, 3, 0, 6, -9, 4, 5, 0, -5, 5, -6, 2, 0, -8, 10, -8, -1, 0, -7, -18, -2, -12, 0, -8, 2, -10, -11, 0, 4, -8, 10, 3]
[0, 0, 0, 0, 0, 0, 0, 0, 0, 0, 0, 1, 1, 0, -1, 0, -1, 0, 2, -1, 2, 0, 0, 1, 0, 2, 1, 2, 0, 0, -1, 1, 0, 0, 2, -1, 3, 2, 0, 1, 1, 0, 4, 4, 3, 4, 3, 2, 0, 4, 2, -2, 0, 2, 4, 2, 4, 4, 0, 9, 1, 4, 2, 3, 4, -2, 6, -4, 8, 8, 8, 5, 5, 8, 3, 14, 0, 2, 8, 6, 5, 12, 0, -4, 7, 0, 0, 8, 12, 0, 13, 16, 9, 10, 15, 11, 14, 8, 2, 1, 1, 10, 16, 5, 11, 16, 1, 24, 8, 8, 12, 9, 16, 8, 12, -1, 10, 14, 16, 15, 18, 8, 10, 28, 3, 12, 21, 12, 16, 24, 4, 5, 20, 18, 4, 20, 15, 12, 30, 21, 26, 18, 18, 22, 19, 18, 20, 18, 8, 6, 20, 15, 18, 24, 16, 28, 39, 28, 12, 21, 22, 16, 40, 16, 23, 46, 40, 22, 20, 24, 19, 35, 9, 20, 26, 16, 14, 36, 28, 17, 44, 24, 16, 46, 30, 26, 46, 22, 40, 50, 30, 43, 32, 32, 36, 36, 21, 30, 40, 26, 22, 48, 28, 36, 67, 22, 19, 48, 44, 28, 64]
[0, 0, 0, 0, 0, -1, 0, -1, 1, 0, 1, 1, 1, 0, 0, 1, 0, 1, -2, 1, -1, 0, -2, 0, -2, 0, -2, 0, -1, -1, 0, -1, 0, 1, 2, 1, 0, 2, 2, 1, -1, -1, 2, -2, 2, 3, 4, 3, 0, -2, -2, -6, 0, 1, 0, -2, 2, -4, 4, -5, 1, 1, 0, -2, 4, -3, 6, -4, 0, 3, 2, 5, -3, -2, -4, -2, -4, -5, -4, -2, 2, 5, -4, 8, -6, 0, -12, 0, -6, 8, -3, 12, -3, -1, -4, -3, -4, 6, 2, 11, 6, -4, 16, 6, 4, 9, -4, 14, 6, 1, -4, -5, 4, -5, -4, -3, 8, -6, -2, -5, 4, -6, -2, -8, 2, -6, 0, -5, 0, -8, 4, -7, -8, -8, 8, 2, -2, -4, -4, -15, -1, 0, -4, 2, -6, 1, 0, -6, 0, -9, -8, -11, 10, 10, 10, 6, 12, 17, 4, 11, -8, -5, 4, 0, 10, 5, 24, -1, 10, -2, 6, -1, 1, 7, 12, 13, 4, -6, 4, 9, -19, 16, -36, -16, -6, -15, 6, -14, -11, 2, 12, 19, -8, 9, -8, 0, -24, 12, -2, 6, -7, 9, -4, -4, -18, -6, -8, 3, -2, 6, 4]
[0, 0, 0, 0, 0, 0, 0, 0, 0, 1, 0, -1, -1, -1, 1, 1, 0, 0, 0, 0, 1, 1, -1, -1, -1, 0, 1, -1, 0, -1, 1, 2, 1, 0, -1, 1, 1, -2, -3, 0, 3, 10, -2, -10, -9, -9, 10, 11, -2, -3, 0, 4, 12, -8, -14, 8, 7, 13, -9, -24, 1, 6, 11, 3, -19, 2, 23, 12, -10, -24, -13, 20, 16, -1, -23, -17, 14, 2, 1, -14, 2, 34, 25, -11, -17, -10, 14, 28, -16, -6, -21, -6, 9, -35, -7, 14, 20, 29, 2, -36, 7, 14, -2, 1, -24, 23, 12, -20, -20, -50, 20, 58, 16, 5, -4, -1, 34, -9, -57, -14, -1, 56, -7, -69, -37, -24, 72, 48, -29, 1, 43, 29, 18, -55, -64, 43, 40, 48, -75, -90, 0, 7, 65, 1, -36, 45, 90, -5, -26, -84, -40, 90, 28, 13, -101, -57, 55, -13, 10, 4, -1, 112, 83, -74, -73, -68, -2, 87, -42, -38, -53, 5, 75, -85, -24, 55, 96, 129, 16, -126, -15, 24, -4, 17, -109, 45, 19, 7, -68, -182, 71, 156, 74, -8, -38, -83, 115, 15, -129, -50, -2, 196, 4, -134, -95, -44, 196, 160, -72, -68, 71]
[0, 0, 0, 0, 0, 0, 0, -1, 0, 1, 0, 1, -1, 0, 2, -1, 0, -1, 1, 0, -1, 1, -3, 1, 0, 0, 0, -1, 2, 0, 2, -1, -2, 1, -1, -1, 1, -1, -1, -1, 1, 1, -9, 12, -1, 2, 13, -6, 9, -15, 7, -2, -6, 12, -20, -3, 2, -11, -5, 4, 1, 15, -1, 15, -5, -7, 25, -8, 16, -11, -5, -3, -15, 3, -26, 7, 4, -9, 29, -22, -6, 15, 2, 23, -13, 15, -14, -24, 26, -18, -22, 32, -21, 20, 12, -20, 15, -33, 59, -20, -1, 32, -52, 9, -19, 0, -21, -6, 36, 1, 34, 15, -35, 18, 26, 11, 20, -30, -11, -39, -8, -2, -82, 57, -25, 19, 77, -73, 36, -27, 52, 45, -48, 65, -68, -7, 29, -88, -8, 10, -8, 41, 9, 17, -31, -24, 100, -59, 52, 7, -88, 1, -56, 45, -117, 41, 51, -27, 148, -41, 18, 1, 10, 98, -27, 7, -28, -114, 68, -98, -87, 63, -81, 139, 30, -24, 40, -93, 166, -2, 1, 100, -210, 83, -46, -62, -43, -39, 94, -62, 121, 7, -93, 37, 52, 7, 59, -42, -7, -126, 6, 59, -236, 162, -77, 66, 183, -117, 123, -136, 130]
[0, 0, 0, 0, 0, 0, 0, 1, 0, 0, -1, -1, 0, 0, 0, 1, 1, -2, 0, 0, 0, 2, 1, -1, 1, -1, 0, 1, 1, 1, 0, -1, 0, 0, 1, 3, -3, -3, 1, -1, 1, 5, 0, -2, -3, -2, 1, -2, 4, 4, -2, 2, 2, -1, 4, 3, -7, 5, 1, -4, 4, 1, -1, 3, -6, 1, 5, 4, -2, 3, -7, -5, 8, -1, 2, 3, 2, 2, 3, -2, 7, -1, -3, 7, 5, 0, 10, 6, -6, -4, 3, -8, 4, 5, 2, 2, 0, -7, 2, 8, 5, 2, -10, 1, 2, -6, 7, -8, 6, 1, -2, 11, 2, 5, 6, 3, -2, 12, -5, 5, 7, -2, -1, 1, 1, -1, 9, 9, -4, 12, -1, 3, 10, 1, -4, 11, 8, 0, 5, -4, 3, 12, 1, 1, 15, 1, 0, 17, 4, 3, 26, 1, -12, 13, 5, -9, 3, -10, -2, 9, -8, 13, 15, 2, -7, 2, -24, -6, 26, 4, 0, 17, -4, 0, 14, -12, 4, 29, 0, 4, 12, -4, 40, 17, -9, 12, 9, 13, -9, 14, 5, -19, 12, -8, -4, 27, 23, -6, 27, -6, -2, 15, 8, 2, 31, 19, -5, 9, -4, -12, 33]
[0, 0, 0, 0, 0, 0, 0, 0, 0, 0, 2, -2, -1, 1, -1, 1, 0, 0, -2, 0, 0, 1, 2, 1, -1, 0, 1, 0, 2, -2, -1, -1, -2, 2, -2, 0, 1, -3, 2, 1, -1, 4, 4, -4, 1, -3, -7, 6, 1, 2, -10, 6, 4, -9, 8, 1, 3, 2, 12, -8, -1, -9, -12, -1, 3, 8, -10, -4, -6, 1, 10, 13, 6, 4, 15, -10, -2, -4, -18, 10, 2, 0, -20, 0, -3, -8, 32, -4, -6, 16, 23, -22, -3, 0, -29, 12, -9, 18, -30, 4, 3, -12, 32, 25, 0, 2, 37, -28, 0, -21, -40, 7, -1, 14, -44, -14, 0, -5, 54, 15, 3, 20, 46, -24, 1, -13, -49, 24, 8, 0, -44, -24, -6, -18, 60, 14, -6, 24, 50, -38, 2, -1, -60, 28, -5, 40, -72, 4, 12, -39, 84, 23, -10, 16, 76, -34, -3, -47, -76, 11, -8, 38, -84, -32, 3, -22, 48, 54, 12, 42, 83, 2, 11, -65, -86, 46, 30, 2, -84, -50, -10, -58, 100, -12, 1, 48, 106, -48, -10, 2, -116, 53, 13, 70, -116, 8, -1, -59, 94, 66, 4, 22, 136, -52, -5, -71, -119, 8, -29, 74, -132]
[0, 0, 0, 0, 0, 0, 0, 0, 0, -1, 1, -1, 1, 2, 0, 2, 0, 0, -1, 0, -1, 0, -1, 0, -1, 2, 2, 1, 3, -1, 2, 1, 2, -2, 1, -1, -1, 3, -1, 1, -2, 8, 3, 10, 6, -2, 1, -3, 4, 1, 3, -2, 1, -1, 2, 1, -1, -1, -1, 8, 3, 5, 11, 2, 14, 12, 7, 4, 3, 1, 1, 1, -1, -1, 4, -1, 4, 6, -7, 12, 6, 0, 0, 3, 0, 14, 26, 12, 10, 14, 3, 12, 7, -1, 4, 2, 2, 11, 17, 0, 8, 18, -8, 26, 7, -5, 3, 16, 8, 17, 22, 1, 18, 19, 0, 11, 10, -4, 37, 9, 15, 8, 26, -3, 18, 31, -11, 28, 16, -9, 14, 7, 8, 17, 12, 1, 25, 28, -6, 24, 15, 12, 33, 25, -8, 13, 38, -7, 29, 21, 6, 25, 26, 13, 23, 55, 4, 26, 24, 7, 28, 40, -4, 26, 32, 2, 26, 13, 18, 36, 53, 29, 33, 16, 18, 33, 30, 19, 42, 40, 22, 22, 30, -15, 51, 35, -5, 37, 35, 4, 49, 41, -8, 54, 46, 7, 51, 62, -15, 56, 32, 0, 48, 46, -16, 25, 39, 16, 42, 74, -6]
[0, 0, 0, 0, 0, 0, -1, 1, 0, 0, -1, 1, 1, -1, 0, 1, 1, -1, 1, -1, 1, -2, -1, 0, 0, 0, 0, -2, 1, -1, 1, 1, -1, 3, 2, -3, 0, -1, -2, 3, -2, 5, -1, -2, 0, -3, 5, 1, -2, 6, 7, -10, -4, -2, -4, 4, -6, 12, -6, -3, -3, -3, 7, 10, -1, 11, 6, -8, -4, -11, -8, 7, 2, 6, -10, -8, 0, -13, 11, 10, 7, 7, 11, -18, 2, -15, -13, 16, 8, 8, -17, -8, 5, -21, 20, 13, 8, 10, 19, -27, 2, -16, -23, 18, 2, 19, -28, -10, 6, -17, 23, 37, 2, 21, 24, -23, 4, -33, -28, 25, -6, 22, -37, -22, -4, -29, 27, 29, -9, 40, 23, -27, 0, -28, -40, 46, 8, 28, -39, -25, -3, -50, 41, 30, 1, 31, 46, -56, -4, -35, -41, 31, 0, 58, -46, -36, -10, -28, 48, 53, 1, 53, 57, -44, -6, -47, -47, 45, -2, 46, -41, -73, -7, -38, 52, 43, -16, 78, 54, -49, 11, -52, -49, 72, -2, 59, -48, -60, -1, -86, 74, 29, -14, 51, 76, -102, -4, -53, -71, 58, -2, 95, -64, -68, 12, -64, 77, 93, 10, 62, 87]
[0, 0, 0, -1, 0, 0, 0, 2, 1, -2, -1, 0, 2, 1, -1, 0, -1, -1, 3, 1, -1, 0, -1, 1, -2, 0, -2, -2, -1, 3, -2, -1, -2, -1, -2, 1, -1, -1, 0, 1, 2, -3, -3, 5, 11, -3, -4, -12, 8, 20, 13, -9, -14, -4, 20, -4, -16, -2, 8, 13, -8, -17, -3, 1, 4, 3, -22, -8, 12, 5, -15, -19, -12, 12, 12, -1, -12, -13, 3, 28, 13, -25, -11, 7, 17, 11, -16, -10, 8, 0, -7, -17, -8, 31, 27, 11, -26, -32, 5, 10, -5, -8, -35, 19, 39, -11, -24, -10, 2, 49, 13, -33, -12, 19, 28, -14, -46, -33, 38, 33, -18, -34, -33, 22, 43, -19, -48, -14, 16, 26, -23, -56, -20, 6, 5, -2, -23, -8, 29, 47, 15, -90, -25, 44, 47, -15, -38, -56, 34, 33, 24, -49, -36, 32, 80, 9, -75, -28, 36, 15, -28, -63, -41, 47, 33, 5, -86, -52, 32, 94, -9, -89, -62, 74, 50, -44, -86, -56, 34, 107, 25, -62, -13, 42, 104, 25, -110, -60, 81, 80, -2, -115, -108, 67, 132, -5, -107, -53, 17, 116, -11, -133, -60, 74, 47, -28, -136, -98, 72, 126, -35]
[0, 0, 0, 0, 0, 0, 0, 0, -1, 2, -1, 0, 0, 0, 2, 0, -1, -3, 3, -1, 2, 1, -3, -2, 1, 2, 2, 2, -1, 0, 0, 0, 2, -1, -3, 0, -1, 0, -1, 2, -2, 1, 11, 2, 3, 0, -3, 0, 10, -2, -11, -1, -4, -4, 8, 8, -3, 10, -9, -1, 12, 7, -9, 14, -18, -13, 19, -1, 2, 9, 3, -8, 19, 2, -10, 18, -10, -12, 17, -14, 1, 19, -10, -12, 15, 1, -2, 16, -12, -12, 25, -1, 0, 20, 4, -8, 28, -4, 1, 16, -13, -16, 24, -22, 2, 21, -21, -3, 22, 3, -12, 24, -8, 5, 46, -15, -10, 42, -19, 12, 29, -22, -22, 44, -29, -33, 49, -8, -20, 66, -12, -18, 38, -6, -20, 34, -18, -32, 54, -21, -11, 67, -7, -8, 67, -7, -20, 53, -22, -39, 44, -22, -30, 42, 1, -9, 65, -30, -36, 62, 2, -5, 46, -32, -17, 98, -4, -24, 80, -28, -27, 81, -20, -30, 42, -14, -56, 84, -38, -13, 88, -66, -6, 116, -21, -25, 83, -40, -23, 114, -21, -22, 52, -61, -44, 81, 13, -10, 121, -58, -35, 93, -12, -12, 117, -59, -53, 88, -10, -76, 134]
[0, 0, 0, 0, 1, 0, 0, 0, -1, 1, 0, -1, -1, -1, 1, 0, 1, -2, 0, 3, 0, 1, 0, 1, 2, 1, 1, 2, 2, 4, -1, 1, -2, 4, 2, -1, 1, 1, 0, -1, 2, 3, 4, -4, -1, -1, -1, 0, 6, -7, 4, 8, 7, 1, 0, 8, 0, 6, 4, -3, 5, 1, 8, 11, -4, 9, 2, 8, -1, 3, 12, 1, 14, 2, -1, 4, 8, 12, 14, 0, 3, 1, -2, 16, 7, 10, 16, 8, 4, 14, 1, -2, 3, 12, 1, 1, 10, 14, 8, 17, 10, 10, -4, -3, 15, -3, 13, -8, 14, -3, -2, 21, 10, 10, 24, 29, 6, 7, -8, 31, 14, 14, 22, 16, 13, 17, 17, 20, 12, 37, 26, 17, 14, 20, 44, 8, 17, 4, 22, 11, 4, 25, 28, -4, 43, 16, 16, 26, 27, 21, 36, 21, 0, 14, 12, -2, 17, -3, 32, 43, 32, 29, 10, 24, 27, 26, -4, 20, 32, 18, 7, 37, 35, 31, 22, 32, 26, 42, 8, 11, 37, 18, 28, 56, 0, 39, 34, 34, 20, 56, 14, 5, 48, 12, 32, 56, 47, 49, 64, 4, 27, 43, 60, 32, 61, 47, 39, 48, 10, 24, 66]
[0, 0, 0, 0, 1, 0, 0, 0, -1, -1, -1, 0, 0, -1, 0, 1, 3, 0, -1, 0, -2, -2, -1, 0, -3, -1, 1, 2, 1, 5, -2, 0, 0, -2, -2, 2, 1, -1, -1, -2, 2, 13, 4, -24, -13, -9, -3, -8, -6, -21, 2, 30, 7, 8, -6, -5, -3, 4, -1, -32, 4, -9, 13, 10, -10, 17, 1, 12, -27, -7, -5, -12, 11, -32, -21, 4, 30, 15, -3, -20, -21, 15, -3, -18, -21, -21, 26, 34, -12, -14, -20, 6, -10, 1, -44, -25, 44, 0, -19, -12, 8, 4, -4, -22, -62, -11, 26, -28, -20, -51, -14, 40, 8, -34, -26, 32, 2, 21, -63, -46, 41, 26, 27, -38, -35, -7, 33, 16, -72, -45, -8, 46, 44, -44, -34, -10, 18, 16, -47, -90, -67, 56, 11, -80, 5, -42, 37, 62, -23, -79, 24, 58, -6, -36, -95, -88, 59, -22, -34, -38, -60, 59, 31, -28, -133, 17, 10, -24, -8, -110, -9, 64, 32, -72, -78, -14, 52, 88, -100, -118, 39, 74, 42, -66, -201, -43, 85, 26, -135, -84, -81, 22, 88, -94, -145, 2, 67, 29, -37, -152, -23, 85, 16, -104, -49, -28, 107, 100, -168, -132, 25]
[0, 0, -1, 0, 1, 0, 1, 1, -2, 1, -1, -1, 1, -1, -1, 2, 3, -2, 1, 3, -2, -2, 1, 2, 2, -1, 0, -4, 2, -3, -1, -1, 1, 2, 1, 1, 0, -1, -1, 1, 1, 25, 12, -40, -15, 5, -6, 5, 11, -5, -5, 54, 6, -10, 6, 19, -4, 22, 3, -47, 7, -33, 9, 36, -28, 11, 5, 0, -22, -5, 2, -13, 21, -8, -24, -32, 46, 5, 19, -16, -17, 67, -3, -2, 7, -31, 35, 80, -40, 2, 23, -36, 7, 11, -57, 22, 77, 14, -37, 21, 18, -38, 40, -8, -19, 39, 61, -80, -4, -103, -36, 99, 19, 10, -8, 1, -14, 29, -67, 21, 100, 70, 29, -70, -53, -55, 76, 73, -53, 73, -15, 23, 56, -76, -9, 86, -5, 64, 43, -171, -64, 60, -45, -16, 32, 42, -4, 116, 2, -151, 141, 145, -36, 76, -35, -170, 139, -80, -74, 105, -109, 137, 84, -92, -107, 3, 3, 45, 104, -20, -28, 49, 73, -182, 8, 55, 84, 286, -120, -231, 162, 0, 122, 162, -194, 83, 215, -108, -158, -16, -115, 149, 259, -2, -206, 78, 78, -127, 157, -64, 4, 291, 80, -208, 51, -196, 88, 293, -211, -62, 135]
[0, -1, 0, 0, 0, 2, 0, -1, 1, -2, 1, 1, 1, -1, 1, 3, 0, 3, -1, -2, 0, 1, 0, 3, 3, 1, -3, 0, 0, 0, -3, 4, -2, 0, 0, -1, -1, 3, 0, -2, -2, 8, 5, 12, -9, 7, 33, -3, -3, -10, 31, 13, 36, 7, -20, -18, 33, 2, -22, 16, 7, 17, 12, -19, 17, 9, -6, 25, -22, -15, -18, 8, -33, -13, -9, 12, -6, 40, 20, -8, -32, 21, 85, -14, 3, 12, 48, 42, 58, -4, -4, 39, 57, -14, 5, 26, 81, 19, -9, -37, 41, 84, -64, 35, -42, 6, -35, 37, -28, -3, 40, 52, -17, -29, 12, 36, 8, 35, 12, -42, -3, 27, 71, 22, -9, 75, 143, -1, 40, -66, 117, 109, 82, 34, -70, -50, 134, 31, -113, 60, 94, 29, 52, -86, -59, 2, 124, 67, -36, 65, -86, 28, 56, -35, -138, 67, 15, 125, 142, -50, 36, 84, 187, 36, -19, -10, 76, 69, -52, -60, 38, 78, 157, 67, 50, 101, 178, 74, 90, -8, 34, 204, -24, -18, -7, 5, -42, 196, -20, -100, 164, 176, 79, -1, 88, 25, 105, 145, -206, -72, 11, 136, 20, 64, -95, 177, 345, 31, 29, -56, 101]
[0, 0, 0, 0, 1, 1, 1, 1, -1, -2, -4, -3, -3, -1, 1, 0, 2, -2, 1, 0, -1, 0, -3, 0, -1, -3, 0, 0, -3, 3, -2, -3, 0, -1, 1, -1, 0, -1, 2, 3, -1, 0, -40, -26, -30, -36, 0, -47, 7, 4, 46, 63, -9, 10, -48, 5, -13, -40, -48, -98, 23, 27, 65, 34, -46, 17, 18, 69, -41, -103, -110, -99, 14, 3, -22, -32, 46, 63, 61, 44, -76, -64, -26, -52, -14, -15, 13, -36, 18, 38, -90, 81, -105, -93, -59, -74, 39, -131, 87, -151, 39, 162, -137, 74, -141, -58, -72, -77, -48, -201, 71, -83, 7, 82, 6, 102, -42, -21, -176, -13, -51, -140, -116, -188, -4, 54, 128, -119, -40, 35, 143, 259, -88, -134, -210, -26, 33, -143, -306, -310, -77, 178, 99, -4, -107, -145, 285, 61, 3, -249, -301, -165, -70, 117, -304, -135, -6, 12, 314, 171, -130, -214, -82, -104, -236, -195, -297, -439, 0, 73, -202, 282, -75, -144, -62, -157, 36, -250, 248, -490, -4, 460, -159, 298, -339, -71, -388, 198, -159, -784, 84, -453, -51, 94, 61, -197, 172, 231, -431, 40, -145, -382, -376, -276, -270, 44, 528, -315, -41, 174, 192]
[0, 0, 0, -1, -1, -1, -1, 1, 1, 2, 2, 4, 3, 2, 1, -2, 0, 0, 3, -1, 2, 0, 0, 2, -3, 1, 0, 1, 0, 4, 1, 0, 1, -2, 0, 1, 3, -3, -2, 2, 0, 15, 13, 33, 37, 25, 21, 30, 25, -14, 3, -56, -21, 8, 20, -6, -11, 47, 12, 89, 7, -32, -24, 6, 19, -7, 22, -73, 33, 90, 33, 56, 17, -15, -6, 58, -30, -69, 20, -40, 36, 101, 17, 44, 39, 22, -41, 48, 28, -76, 74, -40, 39, 142, 89, 30, 13, 59, -1, 127, 0, -120, 72, -38, 68, 86, -8, 43, 82, 212, -8, 164, 17, -55, 144, -87, 16, -12, 106, -78, 31, 138, -93, 257, 19, -49, 51, 73, 47, 2, -15, -244, 64, 153, -11, 135, 12, 80, 217, 297, 70, -158, 56, -55, 153, 91, -60, -106, 35, 232, 125, 194, 16, 11, 94, 127, 107, -81, 2, -68, 23, 235, 247, 205, 157, 233, 67, 234, 208, -200, 9, -200, -85, 295, 250, 52, -38, 319, -22, 493, 227, -350, -112, 19, 219, 22, 236, -251, 158, 724, 128, 362, 79, -90, 220, 213, -123, -280, 350, -268, 107, 569, -132, 424, 329, -17, -171, 445, 139, -320, 317]
