40 3 17 32 31
[1, 0, 0, 0, -2, 0, 0, 0, 1, 0, 0, 0, 1, 0, 0, 0, 0, 0, 0, 0, 1, 0, 0, 0, 1, 0, 0, 0, -2, 0, 0, 0, 1, 0, 0, 0, 1, 0, 0, 0, 0, 0, 0, 0, 535, 0, 0, 0, -624, 0, 0, 0, -1632, 0, 0, 0, 2985, 0, 0, 0, 1647, 0, 0, 0, -6193, 0, 0, 0, 608, 0, 0, 0, 7567, 0, 0, 0, -3800, 0, 0, 0, -4630, 0, 0, 0, 6537, 0, 0, 0, -2930, 0, 0, 0, -5493, 0, 0, 0, 11084, 0, 0, 0, -2197, 0, 0, 0, -10600, 0, 0, 0, 10936, 0, 0, 0, -1834, 0, 0, 0, -10382, 0, 0, 0, 16705, 0, 0, 0, 3529, 0, 0, 0, -23701, 0, 0, 0, 3110, 0, 0, 0, 20750, 0, 0, 0, -6942, 0, 0, 0, -11742, 0, 0, 0, 4116, 0, 0, 0, 10260, 0, 0, 0, 873, 0, 0, 0, -18649, 0, 0, 0, 6763, 0, 0, 0, 18694, 0, 0, 0, -19899, 0, 0, 0, 4546, 0, 0, 0, 16799, 0, 0, 0, -34647, 0, 0, 0, 7014, 0, 0, 0, 38044, 0, 0, 0, -32069, 0, 0, 0, 1469, 0, 0, 0, 43627, 0, 0, 0, -64236, 0, 0]
[0, 0, 0, 0, 0, 0, 0, 0, 0, 0, 0, 0, 0, 0, 0, 0, 1, 0, 0, 0, -1, 0, 0, 0, 1, 0, 0, 0, 0, 0, 0, 0, 0, 0, 0, 0, 1, 0, 0, 0, 0, 0, 0, 0, 18, 0, 0, 0, -11, 0, 0, 0, -71, 0, 0, 0, 117, 0, 0, 0, 70, 0, 0, 0, -237, 0, 0, 0, 25, 0, 0, 0, 289, 0, 0, 0, -160, 0, 0, 0, -165, 0, 0, 0, 262, 0, 0, 0, -94, 0, 0, 0, -238, 0, 0, 0, 473, 0, 0, 0, -102, 0, 0, 0, -421, 0, 0, 0, 452, 0, 0, 0, -75, 0, 0, 0, -424, 0, 0, 0, 669, 0, 0, 0, 126, 0, 0, 0, -854, 0, 0, 0, 116, 0, 0, 0, 817, 0, 0, 0, -306, 0, 0, 0, -394, 0, 0, 0, 161, 0, 0, 0, 340, 0, 0, 0, 54, 0, 0, 0, -676, 0, 0, 0, 234, 0, 0, 0, 834, 0, 0, 0, -860, 0, 0, 0, 274, 0, 0, 0, 692, 0, 0, 0, -1375, 0, 0, 0, 272, 0, 0, 0, 1531, 0, 0, 0, -1337, 0, 0, 0, 58, 0, 0, 0, 1762, 0, 0, 0, -2305, 0, 0]
[0, 0, 0, 0, 0, 0, 0, 0, 0, 0, 0, 0, 0, 0, 0, 0, 1, 0, 0, 0, -1, 0, 0, 0, 0, 0, 0, 0, 2, 0, 0, 0, 0, 0, 0, 0, 0, 0, 0, 0, 0, 0, 0, 0, 0, 0, 0, 0, 13, 0, 0, 0, -10, 0, 0, 0, -4, 0, 0, 0, 4, 0, 0, 0, 15, 0, 0, 0, 12, 0, 0, 0, -20, 0, 0, 0, -10, 0, 0, 0, 21, 0, 0, 0, 10, 0, 0, 0, 20, 0, 0, 0, -30, 0, 0, 0, 21, 0, 0, 0, -6, 0, 0, 0, 0, 0, 0, 0, 40, 0, 0, 0, 5, 0, 0, 0, -10, 0, 0, 0, -16, 0, 0, 0, 0, 0, 0, 0, 100, 0, 0, 0, -40, 0, 0, 0, -24, 0, 0, 0, -16, 0, 0, 0, 80, 0, 0, 0, 52, 0, 0, 0, -80, 0, 0, 0, 0, 0, 0, 0, 80, 0, 0, 0, 0, 0, 0, 0, 60, 0, 0, 0, -100, 0, 0, 0, 82, 0, 0, 0, 25, 0, 0, 0, 0, 0, 0, 0, 82, 0, 0, 0, -5, 0, 0, 0, -60, 0, 0, 0, -20, 0, 0, 0, 70, 0, 0, 0, 273, 0, 0]
[0, 0, 0, 0, 0, 0, 0, 0, 0, 0, 0, 0, 0, 0, 0, 0, 1, 0, 0, 0, 0, 0, 0, 0, 0, 0, 0, 0, 0, 0, 0, 0, -1, 0, 0, 0, 0, 0, 0, 0, 2, 0, 0, 0, 62, 0, 0, 0, -74, 0, 0, 0, -184, 0, 0, 0, 364, 0, 0, 0, 194, 0, 0, 0, -743, 0, 0, 0, 70, 0, 0, 0, 882, 0, 0, 0, -440, 0, 0, 0, -543, 0, 0, 0, 758, 0, 0, 0, -316, 0, 0, 0, -622, 0, 0, 0, 1320, 0, 0, 0, -254, 0, 0, 0, -1258, 0, 0, 0, 1248, 0, 0, 0, -232, 0, 0, 0, -1196, 0, 0, 0, 1968, 0, 0, 0, 434, 0, 0, 0, -2771, 0, 0, 0, 384, 0, 0, 0, 2514, 0, 0, 0, -790, 0, 0, 0, -1475, 0, 0, 0, 464, 0, 0, 0, 1200, 0, 0, 0, 98, 0, 0, 0, -2205, 0, 0, 0, 806, 0, 0, 0, 2276, 0, 0, 0, -2260, 0, 0, 0, 630, 0, 0, 0, 1948, 0, 0, 0, -4104, 0, 0, 0, 788, 0, 0, 0, 4374, 0, 0, 0, -3704, 0, 0, 0, 244, 0, 0, 0, 5058, 0, 0, 0, -7510, 0, 0]
[0, 0, 0, 0, 1, 0, 0, 0, -2, 0, 0, 0, 0, 0, 0, 0, -1, 0, 0, 0, 0, 0, 0, 0, 0, 0, 0, 0, 1, 0, 0, 0, 0, 0, 0, 0, 0, 0, 0, 0, -1, 0, 0, 0, 21, 0, 0, 0, -88, 0, 0, 0, -18, 0, 0, 0, 130, 0, 0, 0, 68, 0, 0, 0, -300, 0, 0, 0, 16, 0, 0, 0, 327, 0, 0, 0, -110, 0, 0, 0, -241, 0, 0, 0, 213, 0, 0, 0, -166, 0, 0, 0, -74, 0, 0, 0, 332, 0, 0, 0, -48, 0, 0, 0, -441, 0, 0, 0, 236, 0, 0, 0, -80, 0, 0, 0, -272, 0, 0, 0, 596, 0, 0, 0, 255, 0, 0, 0, -1244, 0, 0, 0, 248, 0, 0, 0, 885, 0, 0, 0, -115, 0, 0, 0, -871, 0, 0, 0, 64, 0, 0, 0, 640, 0, 0, 0, 21, 0, 0, 0, -1010, 0, 0, 0, 369, 0, 0, 0, 418, 0, 0, 0, -300, 0, 0, 0, -76, 0, 0, 0, 546, 0, 0, 0, -1408, 0, 0, 0, 97, 0, 0, 0, 1288, 0, 0, 0, -888, 0, 0, 0, 148, 0, 0, 0, 1403, 0, 0, 0, -3410, 0, 0]
[0, 0, 0, 0, 0, 0, 0, 0, 0, 0, 0, 0, 0, 0, 0, 0, 2, 0, 0, 0, 0, 0, 0, 0, 0, 0, 0, 0, -1, 0, 0, 0, 1, 0, 0, 0, -1, 0, 0, 0, 1, 0, 0, 0, 115, 0, 0, 0, -129, 0, 0, 0, -340, 0, 0, 0, 658, 0, 0, 0, 358, 0, 0, 0, -1345, 0, 0, 0, 124, 0, 0, 0, 1609, 0, 0, 0, -820, 0, 0, 0, -978, 0, 0, 0, 1405, 0, 0, 0, -590, 0, 0, 0, -1150, 0, 0, 0, 2431, 0, 0, 0, -475, 0, 0, 0, -2305, 0, 0, 0, 2300, 0, 0, 0, -393, 0, 0, 0, -2230, 0, 0, 0, 3588, 0, 0, 0, 805, 0, 0, 0, -5035, 0, 0, 0, 720, 0, 0, 0, 4553, 0, 0, 0, -1473, 0, 0, 0, -2615, 0, 0, 0, 834, 0, 0, 0, 2160, 0, 0, 0, 163, 0, 0, 0, -3969, 0, 0, 0, 1495, 0, 0, 0, 4130, 0, 0, 0, -4180, 0, 0, 0, 1194, 0, 0, 0, 3598, 0, 0, 0, -7520, 0, 0, 0, 1419, 0, 0, 0, 8115, 0, 0, 0, -6899, 0, 0, 0, 386, 0, 0, 0, 9375, 0, 0, 0, -13639, 0, 0]
[0, 0, 0, 0, 0, 0, 0, 0, 0, 0, 0, 0, 0, 0, 0, 0, 0, 0, 0, 0, 0, 0, 0, 0, -1, 0, 0, 0, 1, 0, 0, 0, 2, 0, 0, 0, 1, 0, 0, 0, 1, 0, 0, 0, -53, 0, 0, 0, 60, 0, 0, 0, 156, 0, 0, 0, -293, 0, 0, 0, -164, 0, 0, 0, 617, 0, 0, 0, -54, 0, 0, 0, -736, 0, 0, 0, 380, 0, 0, 0, 460, 0, 0, 0, -647, 0, 0, 0, 274, 0, 0, 0, 528, 0, 0, 0, -1090, 0, 0, 0, 221, 0, 0, 0, 1046, 0, 0, 0, -1052, 0, 0, 0, 214, 0, 0, 0, 1034, 0, 0, 0, -1645, 0, 0, 0, -371, 0, 0, 0, 2324, 0, 0, 0, -336, 0, 0, 0, -2038, 0, 0, 0, 683, 0, 0, 0, 1184, 0, 0, 0, -370, 0, 0, 0, -960, 0, 0, 0, -65, 0, 0, 0, 1864, 0, 0, 0, -689, 0, 0, 0, -1894, 0, 0, 0, 1920, 0, 0, 0, -442, 0, 0, 0, -1650, 0, 0, 0, 3415, 0, 0, 0, -631, 0, 0, 0, -3666, 0, 0, 0, 3195, 0, 0, 0, -142, 0, 0, 0, -4317, 0, 0, 0, 6294, 0, 0]
[0, 0, 0, 0, 0, 0, 0, 0, 0, 0, 0, 0, -1, 0, 0, 0, 0, 0, 0, 0, -1, 0, 0, 0, -2, 0, 0, 0, -1, 0, 0, 0, -1, 0, 0, 0, 0, 0, 0, 0, 0, 0, 0, 0, -66, 0, 0, 0, 58, 0, 0, 0, 146, 0, 0, 0, -284, 0, 0, 0, -177, 0, 0, 0, 594, 0, 0, 0, -66, 0, 0, 0, -738, 0, 0, 0, 380, 0, 0, 0, 446, 0, 0, 0, -694, 0, 0, 0, 278, 0, 0, 0, 495, 0, 0, 0, -1082, 0, 0, 0, 186, 0, 0, 0, 1012, 0, 0, 0, -1084, 0, 0, 0, 174, 0, 0, 0, 1028, 0, 0, 0, -1638, 0, 0, 0, -462, 0, 0, 0, 2293, 0, 0, 0, -414, 0, 0, 0, -1984, 0, 0, 0, 623, 0, 0, 0, 1088, 0, 0, 0, -428, 0, 0, 0, -980, 0, 0, 0, -84, 0, 0, 0, 1795, 0, 0, 0, -858, 0, 0, 0, -1858, 0, 0, 0, 1799, 0, 0, 0, -424, 0, 0, 0, -1763, 0, 0, 0, 3310, 0, 0, 0, -725, 0, 0, 0, -3768, 0, 0, 0, 3192, 0, 0, 0, -146, 0, 0, 0, -4594, 0, 0, 0, 6216, 0, 0]
[0, 0, 0, 0, 0, 0, 0, 0, 0, 0, 0, 0, 0, 0, 0, 0, 1, 0, 0, 0, 1, 0, 0, 0, -2, 0, 0, 0, 1, 0, 0, 0, 0, 0, 0, 0, 1, 0, 0, 0, -1, 0, 0, 0, 65, 0, 0, 0, -76, 0, 0, 0, -180, 0, 0, 0, 360, 0, 0, 0, 196, 0, 0, 0, -740, 0, 0, 0, 76, 0, 0, 0, 865, 0, 0, 0, -430, 0, 0, 0, -539, 0, 0, 0, 765, 0, 0, 0, -330, 0, 0, 0, -610, 0, 0, 0, 1312, 0, 0, 0, -239, 0, 0, 0, -1277, 0, 0, 0, 1260, 0, 0, 0, -220, 0, 0, 0, -1180, 0, 0, 0, 1922, 0, 0, 0, 455, 0, 0, 0, -2760, 0, 0, 0, 400, 0, 0, 0, 2485, 0, 0, 0, -759, 0, 0, 0, -1497, 0, 0, 0, 496, 0, 0, 0, 1160, 0, 0, 0, 117, 0, 0, 0, -2182, 0, 0, 0, 845, 0, 0, 0, 2190, 0, 0, 0, -2220, 0, 0, 0, 652, 0, 0, 0, 1975, 0, 0, 0, -4162, 0, 0, 0, 841, 0, 0, 0, 4340, 0, 0, 0, -3641, 0, 0, 0, 174, 0, 0, 0, 5095, 0, 0, 0, -7486, 0, 0]
[0, 0, 0, 0, 0, 0, 0, 0, 0, 0, 0, 0, 0, 0, -1, 0, 0, 0, 0, 0, 0, 0, 0, 0, 0, 0, -1, 0, 0, 0, -1, 0, 0, 0, -2, 0, 0, 0, -2, 0, 0, 0, -2, 0, 0, 0, -3, 0, 0, 0, -4, 0, 0, 0, 0, 0, 0, 0, -6, 0, 0, 0, -8, 0, 0, 0, -4, 0, 0, 0, -6, 0, 0, 0, -5, 0, 0, 0, -6, 0, 0, 0, -10, 0, 0, 0, -10, 0, 0, 0, -9, 0, 0, 0, -15, 0, 0, 0, -12, 0, 0, 0, -8, 0, 0, 0, -17, 0, 0, 0, -18, 0, 0, 0, -14, 0, 0, 0, -22, 0, 0, 0, -18, 0, 0, 0, -15, 0, 0, 0, -20, 0, 0, 0, -30, 0, 0, 0, -14, 0, 0, 0, -24, 0, 0, 0, -30, 0, 0, 0, -22, 0, 0, 0, -42, 0, 0, 0, -32, 0, 0, 0, -26, 0, 0, 0, -40, 0, 0, 0, -43, 0, 0, 0, -22, 0, 0, 0, -52, 0, 0, 0, -56, 0, 0, 0, -28, 0, 0, 0, -46, 0, 0, 0, -48, 0, 0, 0, -30, 0, 0, 0, -60, 0, 0, 0, -63, 0, 0, 0, -44]
[0, 0, 0, 0, 0, 0, 1, 0, 0, 0, -2, 0, 0, 0, -1, 0, 0, 0, 1, 0, 0, 0, 1, 0, 0, 0, 0, 0, 0, 0, 1, 0, 0, 0, -1, 0, 0, 0, -1, 0, 0, 0, -5, 0, 0, 0, -10, 0, 0, 0, 1, 0, 0, 0, 8, 0, 0, 0, 13, 0, 0, 0, -29, 0, 0, 0, -1, 0, 0, 0, -4, 0, 0, 0, -2, 0, 0, 0, 31, 0, 0, 0, -32, 0, 0, 0, -5, 0, 0, 0, 8, 0, 0, 0, -13, 0, 0, 0, -3, 0, 0, 0, -12, 0, 0, 0, -45, 0, 0, 0, -22, 0, 0, 0, 30, 0, 0, 0, 21, 0, 0, 0, -52, 0, 0, 0, 14, 0, 0, 0, -28, 0, 0, 0, -17, 0, 0, 0, 78, 0, 0, 0, -69, 0, 0, 0, -16, 0, 0, 0, 9, 0, 0, 0, -45, 0, 0, 0, 28, 0, 0, 0, -58, 0, 0, 0, -83, 0, 0, 0, -61, 0, 0, 0, 68, 0, 0, 0, 70, 0, 0, 0, -190, 0, 0, 0, 49, 0, 0, 0, -31, 0, 0, 0, -34, 0, 0, 0, 163, 0, 0, 0, -192, 0, 0, 0, -114, 0, 0, 0, 52]
[0, 0, 0, 0, 0, 0, 0, 0, 0, 0, 0, 0, 0, 0, 0, 0, 0, 0, 0, 0, 0, 0, 1, 0, 0, 0, -2, 0, 0, 0, 1, 0, 0, 0, -1, 0, 0, 0, 2, 0, 0, 0, 13, 0, 0, 0, -29, 0, 0, 0, -1, 0, 0, 0, 48, 0, 0, 0, -28, 0, 0, 0, -17, 0, 0, 0, 18, 0, 0, 0, -17, 0, 0, 0, 10, 0, 0, 0, 43, 0, 0, 0, -17, 0, 0, 0, -86, 0, 0, 0, 68, 0, 0, 0, 34, 0, 0, 0, -64, 0, 0, 0, 105, 0, 0, 0, -98, 0, 0, 0, -71, 0, 0, 0, 166, 0, 0, 0, -46, 0, 0, 0, -25, 0, 0, 0, 23, 0, 0, 0, -62, 0, 0, 0, 15, 0, 0, 0, 117, 0, 0, 0, -33, 0, 0, 0, -197, 0, 0, 0, 198, 0, 0, 0, 22, 0, 0, 0, -144, 0, 0, 0, 251, 0, 0, 0, -284, 0, 0, 0, -101, 0, 0, 0, 466, 0, 0, 0, -152, 0, 0, 0, -151, 0, 0, 0, 54, 0, 0, 0, -122, 0, 0, 0, 115, 0, 0, 0, 241, 0, 0, 0, -102, 0, 0, 0, -353, 0, 0, 0, 277]
[0, 0, 0, 0, 0, 0, 0, 0, 0, 0, 0, 0, 0, 0, 1, 0, 0, 0, -1, 0, 0, 0, 2, 0, 0, 0, -1, 0, 0, 0, 2, 0, 0, 0, 0, 0, 0, 0, -1, 0, 0, 0, 20, 0, 0, 0, -25, 0, 0, 0, 2, 0, 0, 0, 44, 0, 0, 0, -33, 0, 0, 0, 2, 0, 0, 0, 25, 0, 0, 0, -14, 0, 0, 0, 9, 0, 0, 0, 30, 0, 0, 0, 11, 0, 0, 0, -74, 0, 0, 0, 75, 0, 0, 0, 41, 0, 0, 0, -85, 0, 0, 0, 141, 0, 0, 0, -78, 0, 0, 0, -55, 0, 0, 0, 166, 0, 0, 0, -71, 0, 0, 0, 31, 0, 0, 0, 47, 0, 0, 0, -48, 0, 0, 0, 29, 0, 0, 0, 71, 0, 0, 0, 42, 0, 0, 0, -163, 0, 0, 0, 216, 0, 0, 0, 43, 0, 0, 0, -196, 0, 0, 0, 349, 0, 0, 0, -236, 0, 0, 0, -69, 0, 0, 0, 452, 0, 0, 0, -206, 0, 0, 0, -5, 0, 0, 0, 107, 0, 0, 0, -95, 0, 0, 0, 125, 0, 0, 0, 148, 0, 0, 0, 66, 0, 0, 0, -281, 0, 0, 0, 315]
[0, 0, 0, 0, 1, 0, 0, 0, -1, 0, 0, 0, -3, 0, 0, 0, 0, 0, 0, 0, 1, 0, 0, 0, 0, 0, 0, 0, 0, 0, 0, 0, 1, 0, 0, 0, 0, 0, 0, 0, 0, 0, 0, 0, -21, 0, 0, 0, -36, 0, 0, 0, 18, 0, 0, 0, 38, 0, 0, 0, -17, 0, 0, 0, -57, 0, 0, 0, -10, 0, 0, 0, 22, 0, 0, 0, 50, 0, 0, 0, -26, 0, 0, 0, -105, 0, 0, 0, 2, 0, 0, 0, 45, 0, 0, 0, -26, 0, 0, 0, -18, 0, 0, 0, -43, 0, 0, 0, -152, 0, 0, 0, -10, 0, 0, 0, 104, 0, 0, 0, 0, 0, 0, 0, -39, 0, 0, 0, -167, 0, 0, 0, -42, 0, 0, 0, 213, 0, 0, 0, 58, 0, 0, 0, -366, 0, 0, 0, -86, 0, 0, 0, 180, 0, 0, 0, -7, 0, 0, 0, -165, 0, 0, 0, -177, 0, 0, 0, -86, 0, 0, 0, 117, 0, 0, 0, 38, 0, 0, 0, -229, 0, 0, 0, -104, 0, 0, 0, -152, 0, 0, 0, -204, 0, 0, 0, 376, 0, 0, 0, 187, 0, 0, 0, -655, 0, 0, 0, -472, 0, 0]
[0, 0, 0, 0, 0, 0, 0, 0, 0, 0, 0, 0, 0, 0, 0, 0, 0, 0, 1, 0, 0, 0, -1, 0, 0, 0, -1, 0, 0, 0, 3, 0, 0, 0, 0, 0, 0, 0, -2, 0, 0, 0, 3, 0, 0, 0, 1, 0, 0, 0, -3, 0, 0, 0, 4, 0, 0, 0, 0, 0, 0, 0, 1, 0, 0, 0, 8, 0, 0, 0, -7, 0, 0, 0, -3, 0, 0, 0, 13, 0, 0, 0, -3, 0, 0, 0, -2, 0, 0, 0, 17, 0, 0, 0, -6, 0, 0, 0, -9, 0, 0, 0, 19, 0, 0, 0, -5, 0, 0, 0, -1, 0, 0, 0, 30, 0, 0, 0, -10, 0, 0, 0, -11, 0, 0, 0, 21, 0, 0, 0, -5, 0, 0, 0, -3, 0, 0, 0, 41, 0, 0, 0, -15, 0, 0, 0, -14, 0, 0, 0, 46, 0, 0, 0, -24, 0, 0, 0, -8, 0, 0, 0, 57, 0, 0, 0, -8, 0, 0, 0, -16, 0, 0, 0, 54, 0, 0, 0, -16, 0, 0, 0, -21, 0, 0, 0, 72, 0, 0, 0, -22, 0, 0, 0, -24, 0, 0, 0, 83, 0, 0, 0, -18, 0, 0, 0, -27, 0, 0, 0, 67]
[0, 0, 0, 0, 0, 0, 0, 0, 0, 0, 1, 0, 0, 0, -2, 0, 0, 0, 2, 0, 0, 0, 1, 0, 0, 0, 2, 0, 0, 0, 1, 0, 0, 0, 1, 0, 0, 0, 0, 0, 0, 0, -9, 0, 0, 0, 33, 0, 0, 0, 1, 0, 0, 0, -32, 0, 0, 0, 26, 0, 0, 0, 15, 0, 0, 0, -6, 0, 0, 0, 23, 0, 0, 0, 4, 0, 0, 0, -29, 0, 0, 0, 23, 0, 0, 0, 94, 0, 0, 0, -51, 0, 0, 0, -32, 0, 0, 0, 82, 0, 0, 0, -73, 0, 0, 0, 110, 0, 0, 0, 83, 0, 0, 0, -138, 0, 0, 0, 52, 0, 0, 0, 47, 0, 0, 0, 13, 0, 0, 0, 94, 0, 0, 0, -11, 0, 0, 0, -53, 0, 0, 0, 63, 0, 0, 0, 213, 0, 0, 0, -138, 0, 0, 0, -22, 0, 0, 0, 184, 0, 0, 0, -185, 0, 0, 0, 316, 0, 0, 0, 127, 0, 0, 0, -366, 0, 0, 0, 156, 0, 0, 0, 163, 0, 0, 0, 46, 0, 0, 0, 172, 0, 0, 0, -59, 0, 0, 0, -115, 0, 0, 0, 138, 0, 0, 0, 389, 0, 0, 0, -175]
[0, 0, 0, 0, 0, 0, 0, 0, 0, 0, 0, 0, 0, 0, 1, 0, 0, 0, -1, 0, 0, 0, 1, 0, 0, 0, 1, 0, 0, 0, 2, 0, 0, 0, -3, 0, 0, 0, 0, 0, 0, 0, 18, 0, 0, 0, -18, 0, 0, 0, 2, 0, 0, 0, 32, 0, 0, 0, -30, 0, 0, 0, 3, 0, 0, 0, 36, 0, 0, 0, -15, 0, 0, 0, -9, 0, 0, 0, 33, 0, 0, 0, 8, 0, 0, 0, -52, 0, 0, 0, 73, 0, 0, 0, 17, 0, 0, 0, -79, 0, 0, 0, 125, 0, 0, 0, -41, 0, 0, 0, -53, 0, 0, 0, 124, 0, 0, 0, -60, 0, 0, 0, 20, 0, 0, 0, 86, 0, 0, 0, -47, 0, 0, 0, -19, 0, 0, 0, 78, 0, 0, 0, 27, 0, 0, 0, -99, 0, 0, 0, 208, 0, 0, 0, -20, 0, 0, 0, -180, 0, 0, 0, 316, 0, 0, 0, -148, 0, 0, 0, -67, 0, 0, 0, 344, 0, 0, 0, -180, 0, 0, 0, -11, 0, 0, 0, 188, 0, 0, 0, -96, 0, 0, 0, 11, 0, 0, 0, 163, 0, 0, 0, 48, 0, 0, 0, -146, 0, 0, 0, 296]
[0, 0, 0, 0, 0, 0, 0, 0, 0, 1, 0, 0, 0, -1, 0, 0, 0, 0, 0, 1, 0, 2, 0, 2, 0, 0, 0, 1, 0, 2, 0, 1, 0, 0, 0, 0, 0, 2, 0, 1, 0, 2, 0, 6, 0, 5, 0, 3, 0, 3, 0, 4, 0, 3, 0, 5, 0, 7, 0, -1, 0, 2, 0, 6, 0, 10, 0, 6, 0, 6, 0, 5, 0, 7, 0, 15, 0, 7, 0, 10, 0, 14, 0, 7, 0, 5, 0, 14, 0, 6, 0, 8, 0, 20, 0, 10, 0, 9, 0, 23, 0, 12, 0, 12, 0, 15, 0, 16, 0, 16, 0, 25, 0, 19, 0, 10, 0, 25, 0, 17, 0, 16, 0, 15, 0, 20, 0, 16, 0, 31, 0, 32, 0, 27, 0, 35, 0, 24, 0, 33, 0, 40, 0, 21, 0, 15, 0, 35, 0, 30, 0, 27, 0, 47, 0, 25, 0, 28, 0, 51, 0, 20, 0, 28, 0, 55, 0, 33, 0, 42, 0, 50, 0, 22, 0, 35, 0, 61, 0, 35, 0, 38, 0, 55, 0, 55, 0, 43, 0, 50, 0, 47, 0, 58, 0, 85, 0, 43, 0, 52, 0, 80, 0, 64, 0, 45, 0, 88, 0, 44, 0]
[0, 0, -1, 0, 0, 0, 2, 0, 0, 0, -1, 0, 0, 0, 3, 0, 0, 0, 2, 0, 0, 0, 1, 0, 0, 0, -1, 0, 0, 0, -1, 0, 0, 0, 1, 0, 0, 0, 1, 0, 0, 0, 1, 0, 0, 0, 38, 0, 0, 0, 30, 0, 0, 0, -28, 0, 0, 0, 59, 0, 0, 0, -17, 0, 0, 0, -13, 0, 0, 0, 1, 0, 0, 0, -9, 0, 0, 0, 19, 0, 0, 0, 22, 0, 0, 0, 142, 0, 0, 0, -10, 0, 0, 0, 17, 0, 0, 0, 88, 0, 0, 0, -56, 0, 0, 0, 66, 0, 0, 0, 112, 0, 0, 0, -88, 0, 0, 0, 123, 0, 0, 0, 34, 0, 0, 0, 42, 0, 0, 0, 96, 0, 0, 0, 16, 0, 0, 0, 44, 0, 0, 0, 7, 0, 0, 0, 272, 0, 0, 0, -100, 0, 0, 0, 69, 0, 0, 0, 260, 0, 0, 0, -211, 0, 0, 0, 322, 0, 0, 0, 132, 0, 0, 0, -222, 0, 0, 0, 362, 0, 0, 0, 142, 0, 0, 0, 225, 0, 0, 0, 263, 0, 0, 0, 2, 0, 0, 0, 95, 0, 0, 0, 22, 0, 0, 0, 298, 0, 0, 0, -40]
[0, 0, 0, 0, 0, 0, 0, 0, 0, 1, 0, -1, 0, -1, 0, 1, 0, -1, 0, 0, 0, 1, 0, 2, 0, 0, 0, -1, 0, 1, 0, 1, 0, -1, 0, -3, 0, 0, 0, 1, 0, -1, 0, 2, 0, 3, 0, 1, 0, -1, 0, 2, 0, -2, 0, -2, 0, 7, 0, -6, 0, 0, 0, 2, 0, 1, 0, 2, 0, 0, 0, -3, 0, -1, 0, 11, 0, 0, 0, -2, 0, 9, 0, -1, 0, -8, 0, 6, 0, -2, 0, 0, 0, 13, 0, -3, 0, -11, 0, 16, 0, -6, 0, -8, 0, 6, 0, 4, 0, 2, 0, 7, 0, 2, 0, -5, 0, 11, 0, -5, 0, -2, 0, 7, 0, 4, 0, -16, 0, 11, 0, 5, 0, -1, 0, 23, 0, 0, 0, 8, 0, 19, 0, -7, 0, -10, 0, 9, 0, -4, 0, -1, 0, 29, 0, -11, 0, -9, 0, 33, 0, -29, 0, -12, 0, 32, 0, -5, 0, 0, 0, 19, 0, -15, 0, -15, 0, 41, 0, -16, 0, -6, 0, 31, 0, 6, 0, -7, 0, 18, 0, -1, 0, -5, 0, 47, 0, -19, 0, -6, 0, 47, 0, -8, 0, -22, 0, 72, 0, -16, 0]
[0, 0, 0, 0, 0, 0, 0, 0, 0, 0, 0, 0, 0, 0, 0, 1, 0, 1, 0, -1, 0, 0, 0, 1, 0, -1, 0, -1, 0, 1, 0, 2, 0, 1, 0, 2, 0, 3, 0, 0, 0, 0, 0, 0, 0, -2, 0, 1, 0, 4, 0, 2, 0, 3, 0, 4, 0, 1, 0, 3, 0, 1, 0, 1, 0, 4, 0, 2, 0, 5, 0, 2, 0, 1, 0, 3, 0, 0, 0, 6, 0, 6, 0, 7, 0, 10, 0, 2, 0, 2, 0, 6, 0, 1, 0, 0, 0, 9, 0, 9, 0, 12, 0, 7, 0, 5, 0, 16, 0, 1, 0, 2, 0, 14, 0, 6, 0, 8, 0, 8, 0, 8, 0, 11, 0, 13, 0, 16, 0, 6, 0, 10, 0, 17, 0, 3, 0, 2, 0, 13, 0, 6, 0, 13, 0, 24, 0, 13, 0, 17, 0, 20, 0, 9, 0, 15, 0, 16, 0, 10, 0, 24, 0, 12, 0, 14, 0, 27, 0, 16, 0, 16, 0, 20, 0, 31, 0, 19, 0, 23, 0, 26, 0, 15, 0, 25, 0, 13, 0, 14, 0, 24, 0, 23, 0, 17, 0, 24, 0, 40, 0, 12, 0, 30, 0, 27, 0, 8, 0, 44, 0]
[0, 0, 0, 0, 0, 0, 0, 0, 0, 0, 0, 0, 0, 1, 0, 1, 0, 0, 0, 0, 0, -1, 0, 1, 0, 2, 0, 0, 0, 2, 0, 1, 0, 0, 0, 2, 0, 1, 0, 3, 0, 4, 0, 2, 0, 3, 0, 4, 0, 2, 0, 2, 0, 1, 0, 1, 0, 6, 0, 6, 0, 11, 0, 5, 0, 0, 0, 8, 0, 1, 0, 9, 0, 12, 0, 2, 0, 12, 0, 4, 0, 0, 0, 10, 0, 6, 0, 8, 0, 18, 0, 18, 0, 12, 0, 16, 0, 8, 0, 8, 0, 8, 0, 9, 0, 18, 0, 16, 0, 23, 0, 9, 0, 12, 0, 28, 0, 7, 0, 23, 0, 28, 0, 14, 0, 31, 0, 16, 0, 6, 0, 14, 0, 20, 0, 18, 0, 30, 0, 34, 0, 17, 0, 34, 0, 32, 0, 16, 0, 25, 0, 29, 0, 26, 0, 32, 0, 39, 0, 27, 0, 38, 0, 48, 0, 18, 0, 44, 0, 40, 0, 22, 0, 57, 0, 38, 0, 26, 0, 38, 0, 48, 0, 38, 0, 48, 0, 56, 0, 40, 0, 57, 0, 42, 0, 22, 0, 53, 0, 48, 0, 34, 0, 50, 0, 55, 0, 48, 0, 70, 0]
[0, 0, 0, 0, 0, 0, 0, 1, 0, -1, 0, -1, 0, -1, 0, -1, 0, 2, 0, 0, 0, 0, 0, -1, 0, -2, 0, -3, 0, 1, 0, 1, 0, 0, 0, -1, 0, 0, 0, -1, 0, -10, 0, -6, 0, -9, 0, 0, 0, 9, 0, -14, 0, 4, 0, 5, 0, -11, 0, 14, 0, -27, 0, -15, 0, 2, 0, 0, 0, 11, 0, -27, 0, -19, 0, -9, 0, -2, 0, 20, 0, -20, 0, -5, 0, 13, 0, -22, 0, 12, 0, -32, 0, -47, 0, -22, 0, 9, 0, 0, 0, -20, 0, -1, 0, -39, 0, 2, 0, 13, 0, -73, 0, 1, 0, -13, 0, -19, 0, 35, 0, -68, 0, -41, 0, -31, 0, 15, 0, 15, 0, -43, 0, 1, 0, -53, 0, -12, 0, 30, 0, -110, 0, -35, 0, 7, 0, -15, 0, 55, 0, -73, 0, -97, 0, -15, 0, -1, 0, -5, 0, -90, 0, -60, 0, -74, 0, 8, 0, 58, 0, -157, 0, -55, 0, 12, 0, -43, 0, 90, 0, -114, 0, -131, 0, -19, 0, -21, 0, 28, 0, -129, 0, -40, 0, -97, 0, 13, 0, 104, 0, -238, 0, -22, 0, -13, 0, -101, 0, 120, 0]
[0, 0, 0, 0, 0, 0, 0, 0, 0, 0, 0, 0, 0, 0, 0, 0, 0, 0, 0, 1, 0, 1, 0, -2, 0, -1, 0, 1, 0, -2, 0, 1, 0, 4, 0, 0, 0, 1, 0, 1, 0, -3, 0, -2, 0, 0, 0, -1, 0, 0, 0, 4, 0, 4, 0, 1, 0, 1, 0, -1, 0, -5, 0, 2, 0, 3, 0, -2, 0, 7, 0, -3, 0, -7, 0, 7, 0, -5, 0, 2, 0, 13, 0, -1, 0, 3, 0, 6, 0, -6, 0, -8, 0, 0, 0, -2, 0, 1, 0, 7, 0, 6, 0, 8, 0, 4, 0, 0, 0, -5, 0, 9, 0, 1, 0, -14, 0, 18, 0, -7, 0, -10, 0, 23, 0, -11, 0, 0, 0, 26, 0, 0, 0, -7, 0, 15, 0, -6, 0, -15, 0, 15, 0, -7, 0, -1, 0, 19, 0, 3, 0, 3, 0, 11, 0, 1, 0, -11, 0, 19, 0, -5, 0, -12, 0, 37, 0, -11, 0, -6, 0, 34, 0, -15, 0, -9, 0, 35, 0, 3, 0, -6, 0, 27, 0, -16, 0, -13, 0, 26, 0, -17, 0, 0, 0, 45, 0, -10, 0, -4, 0, 39, 0, -16, 0, -6, 0, 40, 0, -24, 0]
[0, 0, 0, 0, 0, 0, 0, -1, 0, 1, 0, 0, 0, 0, 0, 1, 0, -1, 0, 1, 0, -2, 0, -1, 0, -2, 0, -1, 0, 1, 0, -1, 0, -1, 0, 2, 0, 1, 0, -3, 0, -1, 0, 0, 0, -2, 0, -2, 0, -3, 0, 0, 0, -3, 0, -5, 0, 5, 0, -9, 0, 3, 0, -1, 0, -3, 0, -4, 0, -7, 0, -1, 0, -1, 0, -5, 0, -6, 0, -2, 0, -7, 0, -7, 0, -12, 0, 4, 0, -8, 0, -4, 0, -1, 0, -2, 0, -15, 0, -1, 0, -10, 0, -7, 0, 4, 0, 0, 0, -3, 0, -9, 0, -14, 0, -18, 0, -10, 0, -7, 0, -6, 0, -11, 0, 7, 0, -23, 0, -7, 0, -28, 0, -17, 0, -7, 0, -18, 0, 1, 0, -14, 0, -13, 0, -22, 0, -23, 0, -15, 0, -15, 0, -9, 0, -19, 0, -16, 0, -5, 0, -11, 0, -12, 0, -4, 0, -14, 0, -8, 0, -10, 0, -20, 0, -38, 0, -17, 0, -29, 0, -22, 0, -15, 0, -26, 0, -21, 0, -30, 0, -31, 0, -23, 0, -3, 0, -46, 0, -32, 0, -19, 0, -30, 0, -49, 0, -3, 0, -46, 0]
[0, 0, 0, 0, 0, 0, 0, 0, 0, 0, 0, 0, 0, 0, 0, 0, 0, 0, 0, -1, 0, 0, 0, 3, 0, -1, 0, -3, 0, 1, 0, 0, 0, 2, 0, 0, 0, -3, 0, 0, 0, -1, 0, 6, 0, -2, 0, -7, 0, 4, 0, -4, 0, 9, 0, 3, 0, -13, 0, 3, 0, -5, 0, 9, 0, 3, 0, -14, 0, 5, 0, -4, 0, 15, 0, -1, 0, -20, 0, 6, 0, -7, 0, 23, 0, 4, 0, -28, 0, 2, 0, -4, 0, 21, 0, -5, 0, -23, 0, 9, 0, -2, 0, 31, 0, -8, 0, -30, 0, 1, 0, -16, 0, 45, 0, 2, 0, -44, 0, 8, 0, -10, 0, 35, 0, -1, 0, -40, 0, 6, 0, -4, 0, 63, 0, -15, 0, -62, 0, 13, 0, -26, 0, 61, 0, 7, 0, -67, 0, 17, 0, -12, 0, 59, 0, -1, 0, -72, 0, 10, 0, -9, 0, 76, 0, -12, 0, -77, 0, 16, 0, -40, 0, 88, 0, 17, 0, -105, 0, 23, 0, -16, 0, 81, 0, 6, 0, -111, 0, 14, 0, -16, 0, 116, 0, -17, 0, -110, 0, 40, 0, -61, 0, 138, 0, 5, 0, -160, 0, 44, 0]
[0, 0, 0, 0, 0, 1, 0, -1, 0, 0, 0, -2, 0, 0, 0, 2, 0, -1, 0, 1, 0, -4, 0, 1, 0, -1, 0, 1, 0, 0, 0, -1, 0, 1, 0, 0, 0, 1, 0, 1, 0, -8, 0, -10, 0, -7, 0, -2, 0, 8, 0, -8, 0, -2, 0, -8, 0, 5, 0, 7, 0, -6, 0, -9, 0, -6, 0, -4, 0, 18, 0, -21, 0, -19, 0, -7, 0, -5, 0, 20, 0, -24, 0, -3, 0, -6, 0, 10, 0, 4, 0, -24, 0, -24, 0, -11, 0, -9, 0, 23, 0, -48, 0, -23, 0, -7, 0, -2, 0, 10, 0, -61, 0, -6, 0, -16, 0, 2, 0, 23, 0, -52, 0, 1, 0, -5, 0, -15, 0, 52, 0, -86, 0, -23, 0, -3, 0, -10, 0, 23, 0, -82, 0, -37, 0, -8, 0, -7, 0, 54, 0, -83, 0, -41, 0, -17, 0, -11, 0, 47, 0, -118, 0, -68, 0, -11, 0, -14, 0, 52, 0, -112, 0, -45, 0, -30, 0, 1, 0, 77, 0, -126, 0, -45, 0, -49, 0, -9, 0, 72, 0, -143, 0, -87, 0, -21, 0, -32, 0, 94, 0, -146, 0, -90, 0, -63, 0, 21, 0, 80, 0]
[0, 0, 0, 0, 0, 0, 0, 0, 0, 0, 0, -1, 0, -1, 0, 0, 0, 0, 0, 0, 0, -1, 0, -2, 0, -3, 0, -1, 0, -1, 0, -3, 0, 0, 0, -3, 0, 0, 0, 1, 0, -13, 0, -8, 0, -7, 0, -5, 0, 4, 0, -10, 0, -4, 0, -5, 0, -5, 0, 2, 0, -26, 0, -12, 0, -5, 0, -10, 0, 12, 0, -31, 0, -25, 0, -5, 0, -18, 0, 8, 0, -19, 0, -19, 0, -10, 0, -8, 0, -4, 0, -52, 0, -31, 0, -28, 0, -13, 0, 16, 0, -46, 0, -26, 0, -28, 0, -14, 0, -4, 0, -61, 0, -29, 0, -45, 0, -1, 0, 1, 0, -90, 0, -27, 0, -46, 0, -24, 0, 32, 0, -87, 0, -49, 0, -31, 0, -44, 0, -2, 0, -95, 0, -69, 0, -41, 0, -13, 0, 20, 0, -113, 0, -67, 0, -59, 0, -55, 0, 29, 0, -145, 0, -100, 0, -32, 0, -55, 0, 10, 0, -125, 0, -105, 0, -69, 0, -9, 0, 26, 0, -178, 0, -89, 0, -90, 0, -81, 0, 40, 0, -209, 0, -112, 0, -45, 0, -77, 0, 36, 0, -181, 0, -128, 0, -108, 0, -32, 0, 20, 0]
[0, 0, 0, 0, 0, 0, 0, 1, 0, 0, 0, -2, 0, -2, 0, 0, 0, 0, 0, 0, 0, 2, 0, -1, 0, 0, 0, -1, 0, -1, 0, -1, 0, -3, 0, 2, 0, -3, 0, -1, 0, -5, 0, -32, 0, 12, 0, 26, 0, -18, 0, 19, 0, -29, 0, -42, 0, 43, 0, -4, 0, -9, 0, 15, 0, -32, 0, -19, 0, 7, 0, -21, 0, -46, 0, 73, 0, 14, 0, -70, 0, 53, 0, -95, 0, -28, 0, 134, 0, -52, 0, -31, 0, -11, 0, -101, 0, 8, 0, 73, 0, -46, 0, -87, 0, 66, 0, -49, 0, -43, 0, 93, 0, -159, 0, 7, 0, 142, 0, -133, 0, -46, 0, -35, 0, -81, 0, 61, 0, 93, 0, -62, 0, -187, 0, 73, 0, 11, 0, -50, 0, 166, 0, -185, 0, -120, 0, 156, 0, -175, 0, -83, 0, 52, 0, -44, 0, 56, 0, 63, 0, -171, 0, -340, 0, 164, 0, 120, 0, -199, 0, 229, 0, -356, 0, -276, 0, 417, 0, -190, 0, -114, 0, 69, 0, -111, 0, -9, 0, 162, 0, -111, 0, -472, 0, 294, 0, 30, 0, -294, 0, 333, 0, -534, 0, -251, 0, 599, 0, -190, 0]
[0, 0, 0, 0, 0, 0, 0, 1, 0, -1, 0, 0, 0, 0, 0, -3, 0, 0, 0, 1, 0, 1, 0, 2, 0, 3, 0, -2, 0, -2, 0, -3, 0, 0, 0, 0, 0, 2, 0, 1, 0, -9, 0, 4, 0, -12, 0, -1, 0, 23, 0, -19, 0, 16, 0, 6, 0, -38, 0, 25, 0, -17, 0, -6, 0, 15, 0, -11, 0, 5, 0, -11, 0, 12, 0, -14, 0, -4, 0, 30, 0, -41, 0, 28, 0, 25, 0, -56, 0, 32, 0, -29, 0, -32, 0, 11, 0, 14, 0, -2, 0, -10, 0, 50, 0, -63, 0, -19, 0, 49, 0, -101, 0, 60, 0, 13, 0, -76, 0, 79, 0, -46, 0, -28, 0, -9, 0, 17, 0, 3, 0, -4, 0, 100, 0, -94, 0, -12, 0, 63, 0, -173, 0, 68, 0, 40, 0, -105, 0, 133, 0, -29, 0, -60, 0, 55, 0, -48, 0, -37, 0, -27, 0, 80, 0, -102, 0, -53, 0, 102, 0, -243, 0, 100, 0, 113, 0, -182, 0, 189, 0, -74, 0, -84, 0, 41, 0, -40, 0, 34, 0, -101, 0, 144, 0, -183, 0, -24, 0, 236, 0, -311, 0, 212, 0, 77, 0, -297, 0, 226, 0]
[0, 1, 0, 1, 0, -2, 0, 0, 0, 0, 0, -2, 0, -3, 0, -4, 0, -3, 0, -3, 0, 3, 0, 1, 0, 0, 0, -1, 0, 1, 0, -2, 0, 0, 0, 1, 0, 0, 0, 0, 0, -35, 0, -3, 0, -21, 0, -43, 0, 4, 0, -40, 0, 4, 0, -27, 0, -47, 0, 1, 0, -38, 0, 31, 0, 16, 0, -15, 0, 4, 0, 6, 0, 18, 0, 14, 0, -84, 0, 0, 0, -26, 0, -34, 0, -32, 0, -142, 0, -4, 0, -172, 0, -19, 0, -69, 0, -80, 0, 11, 0, -64, 0, 57, 0, -112, 0, -13, 0, -12, 0, -74, 0, -4, 0, -33, 0, -81, 0, -6, 0, -175, 0, -49, 0, -36, 0, -190, 0, -8, 0, -156, 0, 93, 0, -147, 0, -169, 0, 1, 0, -219, 0, 57, 0, -59, 0, -136, 0, 0, 0, -40, 0, 22, 0, -89, 0, -309, 0, 2, 0, -147, 0, -59, 0, -146, 0, -379, 0, -10, 0, -336, 0, -23, 0, -157, 0, -279, 0, -5, 0, -336, 0, -3, 0, -231, 0, -329, 0, -4, 0, -308, 0, 13, 0, -97, 0, -369, 0, 22, 0, -359, 0, 132, 0, -94, 0, -452, 0, 28, 0]
[0, -1, 0, 0, 0, 2, 0, 0, 0, 0, 0, -1, 0, -1, 0, 6, 0, 2, 0, 1, 0, 1, 0, -2, 0, 2, 0, 2, 0, 1, 0, -2, 0, 2, 0, 1, 0, 1, 0, -2, 0, 19, 0, -30, 0, 23, 0, 64, 0, -28, 0, 72, 0, -44, 0, -20, 0, 98, 0, -11, 0, 34, 0, -4, 0, -43, 0, -14, 0, 26, 0, -26, 0, -74, 0, 68, 0, 77, 0, -66, 0, 102, 0, -78, 0, -6, 0, 298, 0, -70, 0, 110, 0, 33, 0, -50, 0, 76, 0, 89, 0, 4, 0, -176, 0, 193, 0, -36, 0, -70, 0, 176, 0, -160, 0, 15, 0, 267, 0, -162, 0, 107, 0, 74, 0, -38, 0, 228, 0, 151, 0, 81, 0, -298, 0, 290, 0, 144, 0, -73, 0, 397, 0, -258, 0, -106, 0, 326, 0, -216, 0, -30, 0, 74, 0, 2, 0, 316, 0, 132, 0, -71, 0, -360, 0, 403, 0, 452, 0, -207, 0, 623, 0, -366, 0, -188, 0, 784, 0, -235, 0, 178, 0, 124, 0, 43, 0, 260, 0, 214, 0, 102, 0, -546, 0, 520, 0, 323, 0, -372, 0, 841, 0, -724, 0, -211, 0, 1168, 0, -260, 0]
