48 3 5 36 35
[1, -2, -1, 3, -2, -2, 3, -1, -2, 1, 3, 0, 3, 2, -2, 3, -4, -2, 2, -5, 0, -3, -1, 2, 5, 6, 2, -4, 0, 3, 2, 3, -3, 0, -1, -4, 1, -1, 1, -1, -5, -22, -67, 168, -154, -57, 169, -172, 134, -41, -36, 43, 83, 332, -225, -146, 213, -220, 72, -244, -253, 310, -145, 725, -253, -386, 599, -443, 312, -466, -319, 480, 101, 903, -342, -597, 502, -804, 145, -381, -1115, 904, 215, 1229, -236, -576, 1028, -1198, 466, -38, -1384, 1074, 181, 1549, -184, -1696, 920, -1338, -69, 178, -1087, 942, 483, 1851, 279, -2101, 935, -1032, 154, -12, -2009, 2214, 163, 1122, 199, -1990, 771, -1353, 834, -28, -1647, 2421, 1056, 356, -158, -1884, 1426, -1815, -544, 1511, -2233, 1583, 48, 1628, -645, -2808, 1846, -1362, 550, 1766, -1666, 1580, 399, 2146, 579, -4911, 872, -37, 1457, -434, -4455, 4231, 120, 718, 808, -5412, 2341, -778, 1103, 1239, -3739, 4342, 1933, 203, -287, -4650, 2664, -3288, -1488, 4953, -4174, 1681, 897, 2707, 2308, -7967, 2649, -813, -202, 5021, -5172, 3949, 1058, 1643, 1798, -11018, 266, 1954, -682, 3441, -5417, 5304, 5823, -2981, 144, -7288, 3069, -1200, -707, 7299, -6499, 4076, 3633, -1852, -1198, -8624, 2162, 170, 794, 6864, -4849]
[0, 0, 0, 0, 0, 0, 0, 0, 0, 0, 0, 0, 0, 0, 0, 0, 0, 0, 0, 0, 0, 0, 0, 0, 0, 0, 0, 0, 0, 0, 0, 0, 0, 0, -1, -1, 1, 0, 1, 2, 1, 3, 0, 1, -7, -8, 3, -7, 2, 1, 4, 12, -1, 10, -13, -7, 9, -8, 6, -2, 7, 12, -10, -2, -17, -21, 8, -13, 16, 14, -1, 37, -11, 16, -16, -21, 13, -32, 36, -6, -27, 7, -4, 6, -31, -18, 36, 17, 31, 37, -38, 29, -10, -14, -22, -74, 63, -23, 3, -7, -31, 44, -47, 28, 28, 20, 34, 22, 26, -6, -53, -26, -26, -56, 55, -44, 4, 0, 45, 61, -127, 50, 36, 69, -2, -42, 67, -26, -11, -79, -82, -43, 46, 30, -10, -8, 78, 93, -64, 24, -12, 78, -33, -34, 68, -121, -2, -96, 49, 4, -72, 100, -31, 76, 38, -34, -31, -12, 82, 40, -147, -22, 57, 2, -4, -162, 101, 56, 33, 85, -98, 93, -17, -6, -5, -189, 93, 28, -7, 35, -128, 92, -35, -25, 94, -87, 120, 66, -22, 26, -211, -61, 20, -50, 69, -71, 104, 118, -45, 116, -122, 57, 80, 34, 158, -228, -6, -93, -23, -77, -275]
[0, 0, 0, 0, 0, 0, 0, 0, 0, 0, 0, 0, 0, 0, 0, 0, 0, 0, 0, 0, 0, 0, 0, 0, 0, 0, 0, 1, 0, -1, 1, 0, -1, -1, -1, 0, 1, 0, 1, 0, 1, 1, -3, 6, -8, 1, 8, -10, 8, -3, 0, -2, 0, 20, -18, -6, 16, -16, 3, -10, -13, 14, -6, 42, -19, -17, 38, -26, 16, -28, -13, 30, 0, 48, -26, -19, 30, -56, 9, -24, -57, 53, 11, 62, -10, -26, 59, -80, 25, -1, -70, 62, 10, 89, -16, -84, 51, -79, -4, 2, -56, 66, 23, 96, 17, -124, 42, -54, 3, -8, -96, 130, 2, 72, 1, -108, 44, -68, 43, -2, -83, 134, 60, 16, -12, -110, 74, -108, -31, 88, -109, 78, -1, 82, -27, -152, 106, -75, 47, 92, -80, 64, -2, 132, 32, -265, 50, -2, 64, 0, -257, 224, 11, 32, 38, -266, 143, -56, 66, 66, -209, 252, 96, -8, -16, -206, 144, -192, -110, 257, -216, 108, 38, 117, 151, -422, 159, -59, -22, 254, -256, 210, 60, 98, 92, -607, 1, 112, -40, 169, -288, 314, 347, -178, -2, -418, 150, -34, -37, 380, -331, 231, 170, -54, -116, -462, 120, -4, 17, 415, -227]
[0, 0, 0, 0, 0, 0, 0, 0, 0, 0, 0, 0, 0, 0, 0, 0, 0, 1, 1, 0, 0, 0, 0, -1, 0, 1, 0, 0, 0, 0, -1, 0, 1, 0, 1, 1, 1, 0, -1, 0, 0, 7, 6, 1, -2, -11, -1, -3, -4, -3, 2, 26, 8, 6, -6, -14, 8, -4, 0, -8, 3, 25, -2, -3, -9, -31, 7, -1, 12, 13, -9, 44, -4, 27, -4, -49, 14, -10, 39, -6, -34, 2, -2, 26, -28, -52, 44, 48, 38, 47, -52, 7, -8, 6, -14, -91, 81, -18, 9, 19, -54, 17, -55, 52, 44, 29, 50, 4, 37, 33, -67, -52, -30, -52, 76, -26, 20, -27, 65, 91, -164, 54, 28, 57, 10, -3, 85, -40, 19, -99, -108, 7, 63, 2, -2, -2, 78, 121, -62, -16, -24, 173, -13, -57, 78, -171, 6, -52, 68, -32, -59, 148, -20, 108, 38, -110, -51, 62, 102, 48, -174, -36, 71, 88, 16, -296, 97, 113, 100, 131, -106, 43, 0, 89, -28, -266, 88, 60, 21, 133, -150, 23, 3, -19, 102, -63, 166, -4, 0, 129, -255, -61, 17, -61, 119, 13, 110, 51, -59, 174, -152, 93, 128, -30, 256, -203, 18, -80, -2, -106, -405]
[0, 0, 0, 0, 0, 0, 0, 0, 0, 0, 0, 0, 0, 0, 0, 0, -1, 0, 0, -1, 0, 0, 1, 0, 0, 0, -1, 0, 0, -1, 0, 1, 0, 0, -1, -1, -1, 0, 0, -1, 0, 0, -1, -1, 0, -2, -1, 1, -1, -1, -1, -2, 0, 0, 0, -1, -2, 0, -2, -2, -1, -3, 0, 1, 2, -2, -3, 2, -2, -1, -5, -3, -2, -1, 1, -3, -2, 0, -2, -5, -4, -4, 0, -1, 2, -2, -3, 0, -4, -3, -2, -1, -4, 1, 0, -6, -2, -2, -3, 0, -6, -5, -5, -4, 0, -6, -2, 0, -3, -1, -7, -9, -4, -2, 0, -8, -2, -5, -4, -1, -6, -7, -5, -3, -6, -5, -5, -3, 0, -1, -6, -4, -11, -8, -5, -7, -6, -6, -2, -6, -6, -5, -7, -8, -7, -5, -6, -6, -4, -8, -8, -4, -6, -7, -2, -10, -11, 2, -8, -10, -14, -8, -5, -7, -10, -10, 0, -6, -2, -8, -14, -5, -4, -8, -9, -12, -12, -7, -9, -8, -14, -11, -9, -12, -4, -12, -15, -10, -8, -16, -21, -9, -4, -15, -5, -13, -10, -5, -8, -10, -20, -8, -18, -14, -6, -23, -6, -3, -16, -14, -25]
[0, 0, 0, 0, 0, 0, 0, 0, 0, 0, 0, 0, 0, 0, 0, 0, 0, 0, 0, 0, 0, 0, 0, 0, 1, 0, -1, 1, 0, -1, -1, 0, 0, 0, 1, 0, 1, -1, 0, 1, 1, -3, 0, 6, -7, 2, 4, -9, 0, 8, 6, -8, 2, 12, -10, -3, 2, -15, 0, 5, 3, 0, -3, 14, -11, 1, 9, -19, 8, 7, 11, 11, 8, -1, -27, 16, 1, -52, -6, 18, -7, 17, 14, -7, -11, 18, 16, -40, 10, 17, 3, 27, 1, 3, -14, -26, -4, 1, -17, -22, 8, 42, 23, -8, -4, -27, 0, 15, -14, -24, -2, 52, 19, -10, -9, -20, -13, 8, -5, 9, 19, -11, 33, 37, 0, -60, -13, 14, -42, 32, 2, -71, 23, 70, -27, -37, 10, -9, -3, 63, 30, -40, 36, 28, -15, 26, -16, -75, -2, 48, -29, -16, -20, -30, 4, 43, 21, -72, 17, 46, 21, 32, 27, -40, -35, 71, 20, -82, -49, 4, -44, 92, 22, -85, 12, 37, 61, -17, 9, -31, -10, 97, -27, -12, 0, -113, 11, 78, -68, -46, 6, 17, 70, 69, -27, -139, 37, 78, 8, 6, -26, 24, 36, 69, -80, -92, -22, -15, 32, 77, 33]
[0, 0, 0, 0, 0, 0, 0, 0, 0, 0, 0, 0, 0, 0, 0, 0, 0, 0, 0, 0, 0, 0, 0, 0, 0, 0, 0, 0, 0, 0, 0, 1, 1, -1, -1, -2, -1, 0, -1, 1, 0, 9, 6, -2, -2, -11, 1, -5, -4, -2, -2, 23, 4, 4, -9, -15, 8, -4, 0, -5, 5, 23, 2, -3, -9, -35, 6, -1, 4, 11, -15, 41, -8, 25, -4, -52, 18, -8, 40, -11, -34, 1, -2, 25, -32, -52, 32, 42, 30, 42, -54, 9, 0, 4, -14, -88, 81, -25, 13, 21, -58, 13, -61, 50, 28, 22, 46, -9, 35, 31, -71, -61, -30, -42, 73, -34, 20, -29, 59, 83, -168, 57, 20, 57, 2, -19, 81, -43, 19, -103, -112, 19, 57, -14, -2, -7, 78, 103, -66, -17, -48, 159, -23, -70, 70, -176, -2, -55, 64, -20, -66, 138, -4, 107, 34, -123, -57, 58, 82, 48, -190, -48, 63, 80, 16, -312, 95, 114, 92, 117, -106, 27, -8, 75, -43, -276, 56, 56, 7, 115, -154, 23, 11, -22, 94, -55, 158, -16, 0, 127, -273, -75, 1, -75, 91, -7, 106, 13, -63, 164, -168, 71, 120, -21, 232, -221, 10, -95, -18, -127, -419]
[0, 0, 0, 0, 0, 0, 0, 0, 0, 0, 0, 0, 0, 0, 0, 0, 0, 0, -1, -1, 1, 1, 0, 0, 0, 0, 0, 0, 0, 0, 0, -1, 0, 0, -2, 1, 0, 0, 0, 1, 0, -13, -3, -1, 9, 20, 1, 13, -6, 6, 0, -44, -9, -20, 22, 31, -20, 4, -13, 24, -3, -55, 22, -1, 30, 79, -21, 0, -36, -4, 16, -99, 34, -51, 10, 103, -33, 32, -106, 13, 96, -25, 21, -57, 60, 116, -95, -74, -102, -90, 148, -27, 30, -18, 42, 234, -198, 27, -25, -32, 121, -63, 138, -96, -92, -20, -128, -14, -80, -59, 199, 69, 100, 138, -165, 76, -45, 62, -174, -181, 402, -127, -68, -97, -26, 69, -225, 55, -12, 190, 287, -18, -89, -2, 15, 55, -228, -259, 131, 48, 108, -337, 87, 132, -216, 388, -20, 86, -179, 88, 256, -328, 74, -221, -112, 300, 43, -154, -222, -90, 476, 68, -159, -171, -20, 687, -281, -226, -118, -255, 326, -117, 35, -169, -53, 606, -214, -125, -47, -266, 455, -83, 39, 38, -310, 291, -289, -38, 12, -268, 695, 139, -132, 113, -249, 113, -296, -155, 168, -322, 468, -219, -274, 100, -508, 505, -26, 157, 42, 235, 894]
[0, 0, 0, 0, 0, 0, 0, 0, 0, 0, 0, 0, 0, 0, 0, 0, 0, -1, -1, 0, -1, 0, 0, 0, 1, 0, 0, -1, 0, -1, 0, 0, 0, 2, 0, 0, -1, 0, 0, 0, 0, -1, -4, 5, -13, -12, 4, -16, 10, -5, 8, 14, -5, 26, -22, -6, 8, -7, 18, -14, 10, 17, -32, -4, -28, -43, 5, -17, 36, 11, 2, 64, -30, 27, -24, -37, 19, -60, 74, -16, -58, 16, -20, 7, -52, -30, 60, 34, 60, 65, -78, 53, -38, -37, -34, -160, 120, -34, -4, -26, -51, 79, -94, 50, 56, 39, 68, 56, 39, -17, -118, -46, -62, -144, 95, -86, -3, -3, 88, 110, -244, 105, 66, 111, 6, -89, 132, -44, -48, -157, -156, -103, 64, 60, -40, -14, 156, 171, -130, 30, -16, 129, -86, -82, 128, -225, -10, -175, 101, -28, -150, 194, -106, 142, 76, -66, -52, -6, 140, 42, -282, -74, 102, -12, -32, -306, 202, 90, 40, 162, -224, 178, -35, -32, 4, -356, 180, 32, -2, 35, -283, 173, -112, -40, 202, -193, 178, 144, -80, -2, -404, -164, 40, -111, 138, -137, 186, 241, -88, 212, -260, 102, 118, -14, 280, -407, -52, -192, -46, -176, -512]
[0, 0, 0, 0, 0, 0, 0, 0, 0, 0, 0, 0, 0, 0, 0, 0, 0, 0, 0, 0, 0, 1, 1, 0, 0, 0, 0, 0, 0, -1, -1, -1, 0, 0, 0, 1, 0, 1, 0, 0, -2, -9, -1, 7, 8, 18, 3, 5, 3, -1, -11, -39, 3, -4, 14, 19, -11, -1, -10, 10, -30, -31, 25, 41, 24, 45, 12, -7, -24, -35, -6, -73, 43, 10, 4, 52, -4, 6, -96, -7, 24, 19, 34, 24, 60, 52, -43, -117, -71, -86, 59, 13, 47, 93, 42, 122, -130, -37, -20, -6, 43, -33, 162, 28, -76, -151, -66, -82, -70, -17, 67, 181, 109, 216, -153, -26, 19, -28, -101, -165, 280, 18, -22, -107, -18, -39, -130, -53, -19, 277, 144, 127, -91, 66, 0, -106, -112, -319, 197, 112, -22, -199, 117, 218, -169, 57, 38, 152, -91, 56, -21, -44, 99, -151, -70, -76, 186, -118, -159, -22, 226, 294, -38, -84, -11, 330, -128, -356, -170, 58, 58, -60, 119, 36, 99, 90, -100, -162, -20, 63, 130, 72, 136, 179, -182, -321, -266, 18, 2, -2, 353, 439, 231, -46, -208, -287, -127, -269, 116, 132, 52, 64, -46, -24, -538, 69, 112, 183, 97, 589, 532]
[0, 0, 0, 0, 0, 0, 0, 0, 0, 0, 0, 0, 0, 0, 0, 0, 0, 0, 0, 0, 0, 1, 1, -1, 0, 0, -1, 0, -1, 0, 0, 1, 1, 0, 1, -1, 1, 0, 0, -1, 0, -4, -2, 8, -5, 4, 4, 0, 4, -3, -3, -9, 8, 10, -2, -3, 7, -10, -5, -9, -24, 7, 2, 42, -2, 0, 29, -15, 2, -32, -9, -7, 19, 37, -13, -7, 17, -28, -30, -9, -42, 46, 23, 60, 22, -18, 30, -92, 0, -35, -36, 37, 20, 100, 2, -25, -10, -50, -12, 14, -30, 19, 75, 76, -9, -144, 18, -73, -18, 9, -60, 151, 36, 126, -46, -66, 38, -76, 6, -60, 24, 83, 31, -41, -5, -75, 10, -83, -20, 171, -37, 103, -31, 76, -30, -153, 36, -164, 103, 81, -74, 7, 60, 169, -32, -159, 46, 78, 24, -16, -190, 140, 36, -43, 2, -255, 157, -42, -6, 52, -66, 282, 56, 14, -22, -79, 51, -263, -125, 200, -148, 34, 83, 127, 148, -256, 70, -79, 6, 233, -148, 131, 82, 109, 6, -570, -90, 50, -26, 162, -94, 372, 331, -89, -66, -367, 64, -143, -6, 298, -255, 186, 132, -97, -234, -261, 132, 97, 68, 476, -15]
[0, 0, 0, 0, 0, 0, 0, 0, 0, 0, 0, 0, 0, 0, 0, 0, 0, 1, 0, -1, 1, 1, 0, -1, 0, 1, 0, 0, -1, -1, 0, 1, 1, -1, 0, 0, 0, 0, 0, 1, 0, 9, 5, 0, -1, -12, -1, -2, -4, -6, 2, 24, 6, 6, -6, -15, 8, -2, -3, -6, 2, 24, 0, -2, -9, -31, 10, -3, 10, 9, -10, 45, -6, 24, -2, -48, 13, -6, 34, -11, -34, 2, -5, 29, -23, -54, 43, 42, 34, 46, -52, 6, -6, 9, -18, -89, 79, -20, 13, 19, -58, 20, -54, 48, 46, 21, 48, 4, 36, 26, -67, -53, -42, -46, 72, -26, 25, -29, 56, 94, -158, 49, 28, 50, 5, 0, 87, -51, 29, -93, -111, 15, 48, -10, 3, 1, 70, 121, -57, -30, -26, 164, -27, -57, 74, -170, 8, -42, 66, -24, -72, 136, -8, 105, 32, -108, -43, 52, 104, 30, -178, -32, 63, 77, 22, -283, 85, 123, 84, 119, -98, 38, -17, 93, -19, -270, 86, 42, 9, 137, -147, 6, 15, -9, 84, -53, 149, -18, 12, 124, -267, -54, 31, -82, 125, -4, 88, 54, -58, 156, -150, 109, 106, -16, 228, -216, 34, -75, -20, -102, -392]
[0, 0, 0, 0, 0, 0, 0, 0, 0, 0, 0, 0, 0, 0, 0, 0, 0, -1, 0, 0, -1, 0, 0, 0, 0, 1, -1, 0, 1, 0, 0, -1, -1, 0, 2, 0, 0, 0, 0, -1, 0, -11, -7, 4, -1, 11, 0, 3, 4, 3, -1, -25, -2, -6, 8, 17, -10, 4, 2, 1, -6, -21, -6, 1, 11, 31, -7, 3, -8, -13, 18, -47, 6, -23, -1, 52, -17, 2, -42, 15, 26, -2, 4, -31, 33, 56, -40, -44, -24, -49, 54, -7, -6, -6, 18, 78, -85, 30, -22, -21, 62, -25, 60, -46, -42, -27, -40, -1, -40, -25, 58, 61, 36, 32, -79, 42, -31, 27, -52, -97, 168, -52, -33, -67, 7, -1, -86, 51, -37, 103, 120, -33, -64, 26, -16, -1, -70, -121, 62, 25, 28, -169, 34, 52, -76, 187, -18, 55, -54, -4, 58, -126, -18, -114, -24, 97, 59, -46, -106, -56, 206, 24, -64, -66, -44, 308, -82, -142, -108, -103, 76, -31, 21, -105, 40, 292, -86, -68, 12, -147, 143, -7, -44, 20, -76, 19, -177, 34, -32, -133, 292, 37, -1, 93, -128, -15, -88, -47, 50, -144, 126, -73, -102, -21, -250, 243, -52, 79, 38, 82, 414]
[0, 0, 0, 0, 0, 0, 0, 0, 0, 0, 0, 0, 0, 0, 0, 0, 0, 0, 0, 0, 0, 0, 0, 0, -1, -1, 1, 0, 1, 2, 0, 0, -1, 0, -1, 1, 0, 0, -1, 0, 0, -15, -4, -10, 19, 25, -6, 25, -8, 16, -5, -48, -10, -46, 39, 35, -33, 21, -13, 34, 5, -67, 28, -34, 50, 103, -51, 34, -56, 7, 31, -143, 29, -111, 39, 133, -63, 98, -120, 50, 156, -63, 11, -119, 84, 146, -163, -25, -124, -116, 216, -98, 24, -80, 60, 348, -266, 131, -18, -25, 188, -139, 133, -218, -123, 56, -170, 18, -85, -41, 300, -2, 100, 106, -188, 210, -84, 127, -209, -225, 524, -292, -145, -166, -7, 175, -308, 214, 20, 178, 407, -54, -132, -104, 55, 164, -332, -237, 139, -58, 152, -439, 92, 34, -246, 722, -54, 175, -242, 80, 472, -602, 74, -307, -142, 524, -32, -62, -320, -156, 708, -132, -278, -140, 4, 938, -426, -82, -73, -582, 544, -267, -7, -267, -110, 1137, -404, -49, -6, -516, 720, -321, -8, -55, -386, 825, -376, -164, 74, -405, 1010, -89, -409, 379, -292, 492, -434, -181, 203, -804, 787, -472, -446, 136, -488, 1069, -132, 267, 30, -93, 1269]
[0, 0, 0, 0, 0, 0, 0, 0, 0, 0, 0, 0, 0, 0, 0, 0, 0, 0, 0, 1, 0, -1, 0, 1, 1, -1, 1, 0, -1, 0, -1, 0, -1, -1, 0, 1, 1, 0, 0, 0, 0, 10, 3, -5, 0, -4, 2, -8, 0, -3, -1, 19, -3, 4, -11, -9, 10, -3, 4, -5, 8, 19, 0, -3, -13, -28, 7, 1, 8, 4, -12, 43, -12, 21, -3, -41, 16, -6, 41, -18, -22, 2, -8, 22, -31, -44, 32, 37, 24, 41, -50, 8, -2, 6, -12, -73, 77, -28, 18, 15, -45, 21, -62, 42, 30, 30, 36, -7, 31, 19, -52, -50, -34, -46, 67, -32, 22, -24, 52, 80, -148, 62, 19, 48, -1, -7, 80, -38, 15, -106, -100, 33, 46, -26, 10, 6, 78, 110, -52, -27, -32, 139, -50, -63, 68, -167, 8, -37, 55, -16, -55, 122, -4, 105, 28, -93, -39, 58, 84, 30, -178, -46, 54, 61, 26, -267, 82, 127, 72, 103, -72, 14, -22, 77, -23, -253, 72, 44, -16, 109, -138, 5, 18, -2, 90, -12, 139, -20, 12, 114, -246, -68, -3, -95, 94, 22, 92, 25, -46, 140, -114, 67, 88, -15, 202, -177, 8, -103, -30, -104, -344]
[0, 0, 0, 0, 0, 0, 0, 0, 0, 0, 0, 0, 0, 0, 0, 1, 0, 0, 0, 0, 1, -1, 1, 0, 0, 1, 0, 1, -1, 0, 0, 0, 0, 0, 1, 0, -1, -1, 1, 0, 1, 2, 5, 1, 3, 5, -4, 1, -1, 6, -3, 0, 11, -6, -4, -7, -1, -10, -4, 7, 5, 9, 13, 14, -4, 12, 4, -2, -10, 1, 13, -15, 3, -8, 0, -4, -9, 8, 1, 24, 11, 12, 6, 10, -5, -8, -11, -19, 16, -15, 7, -12, 21, 14, -16, 38, 14, 30, 1, 22, 7, -15, 1, -24, -23, -27, 8, -29, -9, 15, 30, 29, -1, 60, 12, 38, 10, -6, 12, -31, 17, -49, -10, -18, 7, 9, -5, 34, 9, 52, 6, 48, 12, 10, 8, -26, -8, -64, 3, -13, 0, 27, 30, 42, -5, 54, 4, 16, -3, 20, 22, -40, 46, -59, 0, -11, 16, 10, -35, 83, 37, 58, 5, 40, 9, 2, -17, -56, -12, -46, 52, -28, 2, 23, 7, 93, -37, 82, 27, 30, 39, -44, 59, -83, 2, -10, 14, -22, 18, 57, 32, 91, 17, 116, -49, 66, 5, -93, -19, -84, 49, -80, 22, 11, -10, 85, 34, 105, 14, 116, 59]
[0, 0, 0, 0, 0, 0, 0, 0, 0, 0, 0, 0, 0, 1, -1, -1, 1, 0, 0, 0, 0, -1, 0, 1, 0, 0, 1, 0, -1, 0, 0, -1, 0, 0, 0, 1, 1, 0, -1, -1, 0, 6, 3, 0, -4, -6, -2, -7, 1, -8, 0, 19, 2, 6, -3, -6, 5, 3, 5, -12, 2, 18, -8, -4, -8, -32, 3, 4, 10, -2, -6, 40, -19, 22, 3, -36, 10, -4, 36, -11, -24, 2, -11, 17, -19, -44, 31, 33, 31, 35, -53, 4, -15, 3, -12, -81, 67, -14, 11, 14, -36, 21, -52, 42, 36, 25, 46, -6, 27, 24, -70, -46, -37, -68, 52, -22, 11, -30, 60, 79, -140, 64, 17, 34, 13, -15, 86, -39, 7, -84, -95, 10, 37, -10, -6, 3, 70, 100, -56, -30, -36, 131, -38, -65, 68, -152, 2, -25, 58, -40, -75, 130, -21, 105, 30, -104, -13, 59, 78, 3, -166, -50, 55, 62, 9, -251, 88, 113, 54, 109, -104, 20, -17, 79, -5, -239, 68, 14, 9, 100, -152, 9, -15, 10, 106, -42, 112, -4, -10, 89, -224, -93, 26, -86, 95, 4, 85, 31, -53, 150, -152, 93, 88, -56, 182, -149, -1, -88, -19, -136, -320]
[0, 0, 0, 0, 0, 0, 0, 0, 0, 0, 0, 0, 0, 0, -1, 0, 0, 0, 0, 0, 1, -2, 0, 0, -1, 0, 0, 0, -1, 0, -1, 0, 0, 0, 0, 0, 0, 1, 1, -1, 1, 8, 3, -15, -2, -16, -15, 3, -8, 2, 9, 34, -2, -18, 6, -9, -10, 21, 10, -3, 36, 11, -24, -82, -3, -26, -50, 36, 10, 54, 22, 39, -50, -60, 24, -23, -32, 52, 79, 26, 35, -80, -52, -92, -40, -22, -18, 188, 42, 81, 11, -80, -69, -176, -26, -38, 70, 120, 18, 0, 22, -33, -178, -130, 58, 263, 18, 133, 59, 23, 25, -306, -117, -304, 135, 138, -68, 91, 58, 163, -179, -154, -50, 64, 27, 139, 47, 162, 44, -346, -22, -210, 62, -156, 23, 263, -2, 386, -227, -209, 100, 107, -133, -358, 129, 210, -98, -130, 18, -76, 250, -186, -120, 109, 34, 339, -301, 170, 82, -88, -9, -550, -72, 76, 11, -73, -27, 540, 243, -331, 146, -66, -167, -159, -217, 349, -75, 170, 30, -336, 121, -302, -216, -254, 94, 924, 202, -126, 28, -208, -31, -775, -560, 214, 202, 684, -45, 301, -87, -538, 272, -271, -162, 53, 596, 435, -243, -183, -136, -1034, -236]
[0, 0, 0, 0, 0, 0, 0, 0, 0, 0, 0, 0, 0, 0, 0, 0, 0, 0, 0, 1, 1, 0, 0, 1, 1, -1, -1, 0, 0, 0, 1, -1, -1, -1, -1, 1, -1, -1, 0, 0, 0, -1, 2, 8, 3, 18, 10, -4, 2, -5, -10, -28, 4, 10, -2, 5, 9, -18, -16, -1, -38, -5, 31, 82, 5, 19, 49, -26, -16, -62, -33, -35, 49, 66, -15, 2, 33, -30, -78, -37, -34, 69, 48, 111, 36, -6, 18, -175, -49, -80, -25, 55, 75, 196, 28, 33, -60, -131, -7, 26, -36, 13, 165, 142, -56, -253, -20, -167, -61, 3, -30, 273, 107, 304, -127, -124, 80, -129, -51, -144, 160, 157, 35, -89, -38, -103, -45, -185, -22, 326, 8, 268, -57, 96, -23, -242, -10, -373, 225, 159, -110, -51, 120, 333, -129, -259, 90, 166, -28, 40, -241, 206, 149, -95, -48, -397, 286, -118, -81, 78, -26, 532, 63, -27, -1, -21, 0, -491, -216, 341, -120, -19, 152, 237, 188, -416, 54, -177, -53, 418, -125, 206, 257, 252, -114, -867, -197, 30, -10, 288, 4, 748, 535, -268, -191, -587, 21, -397, 62, 546, -284, 287, 166, -119, -562, -389, 262, 153, 111, 987, 167]
[0, 0, 0, 0, 0, 0, 0, 0, 0, 0, 0, 0, 0, 0, 0, 0, 0, 1, 1, 1, 1, 0, 0, 1, 1, -1, 0, 0, 0, -1, -1, 0, -1, 0, 0, -1, 0, 1, -1, 1, 0, 13, 11, 3, 8, -3, 5, -5, -8, -4, -11, 11, 9, 4, -3, -12, 10, -11, -12, 4, -15, 17, 33, 37, 2, -21, 27, -10, -14, -8, -36, 14, 32, 62, -2, -52, 34, -6, -10, -28, -34, 24, 32, 77, -11, -52, 24, -25, -9, -3, -49, 31, 53, 103, 16, -39, 39, -90, 20, 35, -71, 7, 36, 130, -9, -88, 22, -96, 3, 39, -57, 60, 49, 142, 6, -96, 68, -79, 18, 5, -54, 131, 24, 27, -14, -53, 42, -136, 33, 60, -82, 186, 43, 38, 15, -107, 44, -97, 61, 78, -104, 131, 73, 89, -15, -292, 50, 38, 35, 40, -125, 234, 111, 64, -2, -290, 69, 2, 17, 98, -154, 210, 86, 73, 47, -293, 63, -99, 39, 298, -110, -2, 103, 198, 5, -460, 36, -9, -12, 310, -159, 118, 188, 122, -2, -385, 104, -14, 32, 279, -195, 321, 221, -202, -12, -249, 91, -221, 11, 458, -239, 196, 204, -26, -30, -379, 160, 12, 73, 380, -306]
[0, 0, 0, 0, 0, 0, 0, 0, 1, 0, 0, -1, 0, 0, -1, 0, 0, 0, -1, 0, 1, 1, 0, 0, 0, 0, 0, 1, 0, 0, -1, 1, 0, 0, -1, -1, -1, 0, 1, 1, 0, 9, 6, -2, -2, -12, 1, -7, -5, -2, -2, 22, 4, 2, -9, -15, 5, -4, 0, -1, 4, 23, 7, -1, -9, -37, 11, -1, 0, 8, -15, 41, -8, 25, -2, -55, 18, -6, 44, -11, -30, -3, -2, 20, -33, -52, 24, 42, 30, 42, -54, 9, 0, 8, -14, -78, 84, -25, 13, 25, -58, 19, -61, 50, 25, 22, 46, -13, 38, 31, -77, -69, -30, -34, 66, -34, 21, -30, 59, 83, -168, 57, 12, 57, 2, -27, 78, -43, 19, -100, -112, 27, 61, -14, 2, -7, 78, 103, -68, -17, -48, 157, -23, -84, 72, -176, 0, -58, 64, -16, -66, 138, 10, 107, 34, -124, -54, 58, 77, 52, -190, -52, 61, 80, 30, -305, 95, 114, 91, 117, -102, 30, -8, 77, -46, -276, 40, 61, 7, 113, -155, 23, 27, -22, 94, -55, 166, -16, 2, 118, -273, -81, -9, -75, 81, -11, 106, -7, -65, 164, -166, 71, 120, -18, 218, -221, 19, -79, -18, -145, -409]
[0, 0, 0, 0, 0, 0, 0, 0, 0, -1, 1, 0, 0, 0, 0, 0, 0, 0, 0, 1, -1, 0, -1, 1, 0, 0, -1, 0, 0, -1, 1, 0, -1, 1, -1, -1, 0, 0, 0, 0, 1, 3, 1, 1, -5, -8, 4, -8, 3, 2, 1, 13, -3, 10, -15, -9, 6, -7, 6, -5, 11, 13, -8, -1, -13, -23, 5, -13, 12, 13, -3, 31, -12, 15, -13, -25, 21, -32, 37, -6, -25, 5, -3, 0, -38, -12, 26, 21, 31, 32, -37, 34, -14, -17, -14, -75, 62, -23, 0, -9, -33, 35, -59, 38, 23, 24, 35, 19, 24, -3, -54, -34, -26, -58, 58, -44, -1, 3, 50, 56, -139, 59, 25, 78, -2, -51, 70, -18, -17, -91, -81, -41, 53, 22, -12, -6, 82, 79, -77, 21, -20, 81, -28, -49, 68, -112, -8, -109, 59, 0, -53, 102, -39, 71, 46, -39, -43, -10, 60, 46, -147, -42, 50, 7, -14, -180, 111, 51, 50, 89, -108, 90, -15, -22, -19, -183, 69, 50, -2, 13, -131, 101, -44, -46, 98, -79, 135, 74, -36, 24, -218, -76, 4, -53, 52, -56, 122, 97, -42, 116, -129, 24, 89, 15, 172, -219, -28, -93, -7, -91, -291]
[0, 0, 0, 0, 0, 0, 0, 0, 0, 0, 0, 0, 0, 0, 0, 0, 0, 0, 0, 0, 0, 0, 0, 1, 0, 0, 1, 0, 0, -2, 0, -1, -1, 1, -1, 1, 1, 0, -1, -1, -1, 2, 0, 6, 2, 3, 6, -8, 2, -7, -5, -7, 0, 14, -5, 3, 6, -8, -3, -3, -15, -1, 10, 34, -3, -6, 23, -19, -2, -23, -19, 7, 16, 45, -9, -9, 22, -28, -18, -31, -25, 30, 17, 50, 2, -10, 21, -62, -13, -15, -30, 45, 24, 80, 8, -27, 7, -86, 0, -2, -36, 33, 51, 96, -7, -98, 6, -63, -15, -7, -44, 101, 38, 102, -36, -98, 40, -57, -7, -24, 5, 123, 31, 7, -20, -77, 22, -125, -15, 90, -39, 107, -5, 68, -7, -109, 34, -122, 67, 95, -62, 17, 32, 119, -36, -219, 46, 20, 12, 32, -146, 176, 49, 23, -6, -197, 117, -74, 2, 32, -97, 214, 60, -30, 4, -102, 54, -173, -68, 240, -116, 50, 68, 103, 64, -348, 71, -90, -36, 197, -140, 163, 102, 137, -8, -420, -18, 62, -20, 123, -110, 300, 251, -209, -38, -327, 52, -117, 19, 374, -191, 182, 106, -35, -178, -341, 108, -5, 37, 406, -95]
[0, 0, 0, 0, 0, 0, 0, 0, 0, 0, 0, 0, 0, 0, 0, 0, 1, 0, 0, 1, 0, 1, -1, -1, 1, 1, 0, 0, 1, 0, 1, -1, -1, -1, 0, 0, 0, 0, -1, -1, -1, 2, 3, 17, -7, 6, 19, -12, 8, -15, -12, -2, 8, 28, -22, -7, 29, -31, -5, -22, -45, 31, 14, 106, -16, -24, 82, -46, 6, -74, -50, 19, 35, 137, -36, -66, 77, -74, -21, -69, -121, 118, 47, 182, 0, -72, 98, -182, 15, -61, -138, 123, 66, 254, 10, -113, 73, -216, -5, 43, -134, 69, 112, 290, -10, -320, 76, -218, -15, 27, -189, 317, 74, 318, -44, -244, 130, -202, 59, -98, -97, 360, 92, -21, -23, -203, 117, -321, -36, 282, -191, 346, -2, 178, -52, -375, 182, -354, 179, 228, -238, 179, 89, 393, -11, -667, 138, 115, 120, -28, -515, 578, 119, 47, 40, -764, 346, -94, 42, 182, -381, 714, 203, 51, -10, -521, 248, -575, -199, 723, -426, 110, 187, 417, 284, -1062, 233, -140, -31, 726, -512, 449, 277, 295, 104, -1496, -21, 166, -42, 544, -497, 960, 798, -507, -111, -909, 278, -411, -33, 1096, -748, 519, 442, -248, -366, -985, 362, 81, 135, 1220, -458]
[0, 0, 0, 0, 0, 0, 0, 0, 0, 0, 0, 0, 0, 0, 0, -1, 0, 0, 0, 0, -1, 0, -1, 1, 0, -1, 1, 0, 0, 0, -1, 0, 0, -1, -1, 0, 0, -1, -1, -2, 0, 4, 2, -8, 2, -2, -4, 1, -6, 0, 2, 10, -11, -12, -1, 4, -4, 8, 4, 5, 27, -9, -3, -47, 1, 0, -29, 15, -6, 32, 9, 10, -26, -40, 9, 9, -18, 22, 26, 6, 44, -46, -26, -67, -19, 16, -27, 84, -5, 35, 35, -37, -27, -102, -4, 27, 2, 48, 5, -14, 31, -23, -81, -80, 9, 141, -20, 63, 19, -15, 60, -157, -43, -128, 43, 62, -46, 71, -14, 61, -32, -83, -39, 41, 0, 71, -15, 76, 18, -181, 34, -115, 27, -82, 26, 148, -38, 158, -107, -93, 68, -13, -70, -169, 19, 160, -52, -79, -29, 4, 187, -152, -45, 33, -12, 245, -163, 38, 5, -63, 60, -286, -63, -26, 7, 73, -59, 253, 115, -206, 140, -40, -89, -133, -158, 250, -76, 61, -15, -243, 145, -142, -101, -117, -20, 564, 81, -64, 12, -178, 80, -381, -344, 76, 51, 363, -81, 129, -3, -312, 251, -204, -146, 87, 218, 255, -150, -112, -75, -496, 5]
[0, 0, 0, 0, 0, 0, -1, 0, 1, 0, 0, 0, 0, 1, 0, 1, -1, -1, 1, 0, 1, 0, 0, -1, 0, 0, 0, 0, 1, 0, -1, 0, 0, 0, 1, 0, 0, 1, 1, -1, 0, 18, -2, -20, 10, -20, -5, 12, -9, -10, 2, 50, -9, -18, 19, -7, 3, 33, 4, -18, 14, 26, -8, -65, 9, -42, -25, 54, -2, 18, -27, 47, -28, -1, 48, -72, 4, 96, 71, -30, -12, -71, -34, -10, -10, -70, 2, 192, 22, 54, -32, -70, -48, -61, 18, -63, 83, 27, 45, 44, -41, -63, -153, -2, 81, 195, 38, 52, 83, 72, -47, -265, -84, -176, 124, 70, 19, -1, 75, 158, -210, 3, -60, 8, 27, 169, 99, 34, 111, -294, -88, 28, 29, -200, 58, 193, 40, 334, -118, -204, -10, 223, -125, -289, 131, -64, -18, 48, 65, -156, 126, 54, -56, 210, 34, 6, -201, 275, 112, -115, -156, -378, -25, 184, 72, -347, 33, 513, 261, -43, 62, -134, -98, 115, -132, -93, -42, 134, 1, -6, -41, -276, -59, -45, 118, 582, 190, -204, 126, 107, -203, -480, -334, -91, 259, 530, 28, 95, -57, -76, 42, -9, -16, -126, 558, 203, -74, -157, -88, -735, -457]
[0, 0, 0, 0, -1, -1, 1, 0, 1, 1, 0, 0, 0, 0, 0, 1, 0, 0, 1, 1, 0, 0, 0, 1, 0, -1, 1, 0, 0, 0, 0, -1, 1, 1, 0, 0, 0, 0, 0, 0, -1, 47, 10, 37, -65, -92, 29, -92, 42, -46, 21, 164, 33, 173, -131, -121, 125, -62, 49, -116, -37, 233, -94, 144, -168, -365, 186, -122, 212, -44, -142, 501, -88, 399, -129, -480, 243, -340, 424, -187, -561, 251, -35, 452, -285, -522, 589, 45, 413, 396, -780, 357, -52, 336, -200, -1209, 924, -501, 77, 97, -690, 528, -398, 800, 430, -272, 600, -66, 306, 155, -1099, 110, -318, -298, 628, -804, 322, -478, 746, 766, -1807, 1086, 557, 581, 6, -653, 1103, -781, -62, -507, -1445, 274, 450, 364, -167, -652, 1184, 779, -413, 266, -588, 1525, -287, -19, 862, -2632, 270, -545, 849, -237, -1797, 2160, -205, 1079, 488, -1964, 217, 202, 1146, 559, -2571, 634, 997, 505, 66, -3343, 1521, 203, 217, 2116, -1966, 954, 71, 1061, 503, -4136, 1507, 152, 1, 1968, -2616, 1251, 125, 324, 1372, -3187, 1268, 592, -186, 1514, -3649, 560, 1611, -1399, 1055, -1989, 1571, 622, -662, 2946, -2897, 1773, 1632, -452, 1594, -3919, 598, -847, -93, 623, -4408]
[0, 0, 0, -1, 0, 1, -1, 0, 0, 1, 1, 0, 0, 0, 0, -1, 0, 0, 1, 0, 0, -1, -1, 0, -1, 0, 0, 0, 0, 1, 0, 0, -1, 0, 0, 0, 1, 0, 1, -1, 0, 4, -3, -55, 37, -6, -54, 52, -40, 35, 36, 18, -35, -121, 74, 52, -81, 109, 25, 76, 159, -105, -24, -352, 80, 98, -257, 167, -66, 231, 154, -88, -103, -419, 122, 214, -225, 292, 58, 188, 410, -392, -160, -567, 5, 258, -353, 617, -82, 123, 477, -403, -184, -791, 26, 472, -248, 648, 42, -106, 459, -304, -360, -850, 3, 1070, -255, 582, 48, -51, 692, -1059, -196, -886, 129, 822, -382, 647, -209, 214, 384, -1029, -384, 13, 86, 785, -408, 960, 166, -931, 718, -949, 4, -616, 199, 1281, -596, 1028, -530, -738, 726, -541, -276, -1214, 2, 2115, -442, -252, -381, 37, 1803, -1762, -316, -125, -136, 2388, -1095, 350, -228, -597, 1342, -2246, -704, -120, 54, 1688, -831, 1814, 697, -2180, 1548, -480, -557, -1256, -974, 3366, -894, 473, 110, -2267, 1840, -1437, -790, -865, -366, 4890, 91, -556, 186, -1616, 1824, -2936, -2661, 1443, 216, 3193, -924, 998, 203, -3284, 2541, -1725, -1405, 692, 1176, 3391, -1152, -264, -364, -3770, 1596]
[0, 0, 0, 0, 0, 0, 0, 0, 0, 0, 0, -1, 0, 1, 0, 0, 1, 1, -1, -1, 1, 0, 0, 0, -1, 1, -1, -1, 0, 0, 0, 0, 1, 1, -1, 0, 0, 0, 0, 1, 1, -2, 5, -7, 4, 0, -5, 11, -12, 4, 2, 8, -1, -24, 17, 9, -16, 9, -3, 6, 21, -11, 3, -42, 18, 20, -36, 24, -18, 28, 17, -25, -4, -47, 19, 25, -26, 48, -9, 26, 65, -55, -7, -66, 5, 34, -55, 70, -22, 3, 77, -57, -23, -93, 12, 88, -52, 79, -4, 1, 67, -62, -31, -96, -12, 136, -36, 44, -1, 9, 101, -142, 1, -84, 6, 126, -62, 68, -41, 1, 85, -124, -63, -3, 18, 122, -78, 106, 21, -97, 127, -102, 21, -82, 8, 159, -106, 68, -60, -86, 100, -46, 5, -130, -34, 290, -60, -19, -59, -16, 278, -224, -20, -29, -32, 279, -155, 49, -65, -64, 233, -256, -102, 15, -3, 222, -139, 166, 111, -255, 230, -111, -45, -126, -174, 455, -151, 63, 24, -258, 289, -198, -76, -120, -84, 614, 16, -102, 12, -171, 327, -331, -368, 179, -22, 475, -139, 10, 38, -362, 354, -253, -154, 31, 122, 498, -132, 1, -12, -431, 243]
[0, 0, 0, 0, 0, 0, 0, 1, 0, -1, 0, 0, -1, 0, 0, 0, 1, 1, 0, -1, 0, -1, 0, 2, 0, -1, 1, 0, -1, 0, 0, 0, 0, 0, 0, -1, -1, 0, 0, 0, 0, 11, 14, -19, 20, -8, -25, 17, -22, 9, -1, 26, -1, -48, 22, -5, -28, 29, -7, 32, 60, -13, 18, -116, 22, 23, -87, 50, -34, 102, 44, -29, -36, -123, 55, 21, -76, 120, 36, 70, 146, -134, -47, -177, -31, 40, -125, 246, -2, 55, 138, -145, -36, -278, -4, 164, -25, 220, 27, -8, 113, -123, -170, -263, -12, 367, -56, 170, 38, -1, 227, -412, -88, -256, 109, 276, -110, 204, -48, 99, 20, -366, -139, 61, 35, 255, -95, 294, 98, -373, 167, -240, 72, -222, 103, 413, -198, 341, -249, -272, 198, -35, -77, -434, 27, 621, -134, -122, -99, 48, 630, -539, -36, -6, -40, 728, -441, 146, -82, -98, 346, -752, -209, 25, 66, 333, -269, 672, 366, -683, 522, -191, -196, -339, -427, 989, -350, 292, 45, -688, 564, -523, -177, -405, -128, 1701, 220, -246, 120, -432, 457, -953, -971, 481, 93, 1163, -294, 237, 12, -1059, 836, -668, -412, 272, 584, 1011, -338, -51, -112, -1276, 240]
[0, 0, 0, 0, 0, -1, 0, 1, 1, 0, -1, 0, 0, -1, 1, 0, 0, 0, -1, 0, 0, 0, 0, 1, -1, 0, 0, -1, -1, 0, 0, -1, -1, 0, 0, 0, 1, 0, 1, 0, -1, 33, 2, 1, -28, -53, 1, -33, 16, -44, 15, 110, 0, 65, -59, -54, 65, -5, 31, -73, 10, 119, -62, -12, -93, -191, 65, -32, 108, 9, -58, 272, -98, 181, -32, -262, 94, -98, 272, -125, -253, 55, -76, 170, -163, -280, 282, 181, 232, 235, -390, 124, -87, 37, -108, -597, 518, -219, 58, 54, -332, 211, -370, 345, 271, 73, 309, 51, 217, 65, -527, -205, -277, -330, 418, -320, 127, -179, 388, 485, -1065, 495, 214, 316, 7, -168, 607, -371, 44, -578, -752, 68, 235, 32, -33, -99, 602, 659, -367, -55, -246, 860, -343, -251, 539, -1290, 102, -304, 440, -233, -727, 1045, -184, 674, 266, -805, -111, 235, 628, 136, -1359, -56, 440, 254, 65, -1769, 745, 511, 292, 928, -834, 380, -133, 502, 110, -2015, 693, 153, -52, 798, -1246, 368, -64, 17, 726, -921, 761, 176, 6, 632, -1887, -199, 373, -791, 694, -428, 695, 473, -419, 1229, -1234, 730, 623, -263, 1248, -1718, 167, -612, -198, -387, -2446]
[0, 0, 1, 0, -1, 0, 0, 1, -1, 0, 0, -1, 0, 0, 1, 0, 0, 0, 0, -1, -1, 0, 0, -1, 0, 0, 0, 0, 0, 0, 1, 0, 1, -1, 1, -1, 0, 0, 1, 0, 1, 58, 18, -19, -19, -77, -3, -16, -15, -21, 11, 159, -5, 6, -63, -59, 54, 0, 36, -62, 94, 137, -65, -131, -75, -218, -25, 22, 84, 131, -37, 285, -131, 75, -4, -264, 63, 4, 350, -68, -147, -58, -118, 35, -222, -270, 200, 470, 255, 339, -296, 5, -146, -246, -114, -535, 582, -30, 94, 53, -270, 95, -595, 143, 273, 466, 310, 158, 283, 111, -365, -698, -370, -678, 630, -68, -1, 13, 429, 644, -1237, 245, 88, 459, 60, 89, 602, -82, 115, -1046, -652, -194, 352, -204, 24, 317, 526, 1114, -686, -314, -88, 995, -419, -729, 626, -801, -76, -532, 443, -264, -126, 651, -241, 761, 282, -225, -634, 474, 641, 96, -1147, -866, 270, 429, 106, -1762, 607, 1237, 768, 400, -442, 225, -303, 179, -394, -1227, 409, 530, 17, 200, -761, -43, -299, -396, 770, 676, 1158, -34, 40, 359, -1665, -1300, -626, -367, 811, 785, 609, 681, -433, 407, -622, 86, 416, -49, 2096, -851, -227, -809, -275, -1846, -2591]
[0, 0, 0, 0, 0, 0, 0, 0, 0, 0, 0, 0, 0, 0, 0, -1, -1, 1, 1, 0, -1, 0, 1, 0, 0, -1, 0, 0, -2, -1, 0, 0, 1, -1, 0, 0, 0, 0, -1, -1, -1, 13, 2, 5, -9, -20, 0, -16, 9, -17, -2, 34, 9, 36, -27, -32, 26, -10, 4, -28, -19, 49, -12, 36, -35, -87, 45, -21, 40, -23, -40, 108, -18, 93, -18, -112, 47, -62, 78, -52, -129, 52, -8, 113, -48, -136, 129, 3, 81, 83, -188, 65, -6, 105, -42, -274, 189, -118, 22, 30, -167, 97, -76, 182, 99, -95, 124, -36, 64, 41, -254, 35, -78, -36, 117, -190, 87, -129, 155, 170, -399, 230, 114, 85, -10, -141, 238, -196, 5, -82, -344, 109, 61, 54, -27, -171, 240, 153, -46, 26, -160, 333, -74, 0, 177, -629, 72, -59, 171, -60, -442, 486, -27, 234, 88, -506, 75, 62, 248, 85, -603, 166, 218, 114, 26, -776, 311, 50, 22, 473, -464, 166, 11, 294, 144, -988, 309, -13, -22, 497, -617, 203, 62, 115, 270, -747, 220, 66, -28, 370, -846, 180, 419, -359, 242, -497, 306, 73, -165, 656, -685, 445, 334, -130, 292, -895, 160, -172, -45, 182, -990]
[0, -1, -1, 1, 1, 0, 0, 0, 0, 0, 0, 0, 0, 0, 0, 0, 0, 0, 1, 0, 1, 1, -1, 0, -1, 0, 1, 0, -1, 0, -1, -1, 0, 1, 0, 0, 0, 0, 1, 1, -1, -101, -54, 23, 34, 127, 11, 59, 6, 38, -26, -269, 1, -62, 138, 129, -105, 32, -51, 89, -113, -242, 78, 121, 159, 399, 9, -2, -154, -185, 72, -535, 219, -192, 47, 514, -176, 104, -643, 113, 345, 18, 147, -160, 398, 532, -420, -680, -469, -595, 582, -104, 166, 252, 248, 1060, -1121, 151, -160, -109, 604, -270, 1004, -382, -478, -600, -544, -205, -420, -234, 753, 987, 608, 972, -1025, 332, -121, 99, -829, -1139, 2249, -594, -271, -808, -109, 60, -1139, 323, -163, 1632, 1269, 178, -738, 180, -16, -279, -1086, -1775, 1063, 399, 246, -1846, 679, 1060, -1124, 1807, 56, 957, -743, 328, 599, -1422, 339, -1340, -452, 755, 936, -684, -1182, -468, 2345, 1078, -630, -744, -188, 3399, -1254, -1836, -1179, -999, 1066, -603, 350, -496, 480, 2734, -929, -889, -117, -804, 1653, -220, 295, 598, -1448, -243, -2128, -120, -6, -899, 3367, 1673, 480, 754, -1405, -638, -1191, -1096, 791, -1222, 1532, -459, -932, 69, -3374, 2238, 166, 1405, 525, 2383, 4962]
[0, 0, 0, 0, 0, 0, 0, 0, 0, 0, 0, 0, -1, 1, 0, 0, 1, 0, 1, 0, 1, 0, 0, 0, 0, 0, 1, 0, -2, 0, 0, 0, 0, -2, 0, 1, 1, -1, 0, 0, 1, 13, 6, 2, 0, -2, 1, -7, -2, -12, -7, 24, 12, 8, -4, -19, 19, -10, -11, -16, -20, 38, 10, 38, -9, -35, 40, -6, 4, -32, -30, 45, 9, 67, -5, -73, 34, -8, 10, -28, -65, 41, 15, 103, -7, -94, 65, -33, 29, 12, -94, 20, 26, 125, -10, -102, 80, -79, 21, 51, -94, 21, 4, 136, 28, -106, 68, -106, 19, 60, -117, 78, -10, 90, 32, -74, 81, -131, 72, 43, -141, 147, 39, -12, 0, -43, 111, -150, 27, 54, -159, 206, 25, 8, -3, -138, 96, -29, 49, 4, -124, 225, 23, 84, 43, -362, 64, 95, 84, -56, -240, 296, 61, 95, 20, -412, 122, 67, 94, 74, -273, 224, 111, 142, 34, -453, 119, -66, -11, 329, -198, -11, 50, 295, 99, -577, 133, -23, 1, 430, -293, 58, 153, 125, 84, -527, 84, -54, 26, 389, -377, 303, 337, -227, 65, -268, 142, -195, -72, 478, -374, 293, 254, -156, 30, -413, 170, 5, 35, 345, -456]
[0, 0, 0, 0, 0, 0, 0, 0, 0, 0, 1, 0, 0, 0, 0, -1, -1, 1, 0, 1, 0, 0, 0, 0, 1, 1, 2, 0, -1, 0, 0, 0, 1, 1, 1, 2, 0, 1, 0, 0, -1, 21, 7, -3, -6, -30, -1, -14, 8, -20, 5, 67, 0, 26, -29, -28, 25, 7, 20, -28, 21, 61, -25, -18, -33, -103, 14, 4, 50, 20, -31, 144, -51, 76, 2, -143, 50, -18, 159, -58, -105, 4, -43, 70, -91, -140, 127, 160, 116, 143, -184, 43, -41, -16, -38, -296, 281, -76, 48, 38, -162, 83, -221, 160, 147, 120, 157, 48, 124, 63, -233, -193, -149, -218, 250, -124, 63, -53, 217, 288, -565, 231, 94, 181, 17, -27, 322, -128, 50, -371, -367, 18, 148, -34, 8, 40, 300, 425, -220, -84, -92, 483, -177, -216, 306, -580, 36, -171, 236, -100, -236, 488, -84, 390, 148, -302, -146, 194, 331, 71, -653, -164, 214, 183, 69, -913, 373, 436, 266, 402, -346, 165, -73, 249, -24, -908, 299, 160, 4, 344, -548, 102, -32, -20, 402, -139, 474, 52, 30, 302, -921, -274, 28, -340, 414, 35, 363, 269, -180, 520, -489, 290, 297, -86, 830, -691, 44, -326, -94, -430, -1265]
