45 3 11 28 27
[1, 0, 0, 0, -1, -3, 1, 1, 0, 0, 4, 1, -3, -1, -1, -4, -1, 1, 0, 3, -6, -1, 1, 2, 1, -3, -3, -2, -2, 1, 1, -2, 1, -3, -3, 2, 0, 6, -1, 6, 1, -3, -1, -9, -19, -29, 3, 5, 5, -4, 75, -1, -18, -7, 2, -126, 23, 3, -8, 1, 56, -11, -30, 2, 10, -242, -8, -4, 10, -4, 234, -28, -9, 26, 15, -144, -16, -1, -22, -15, 247, -14, 27, 30, -24, -226, 1, -2, -33, -34, 93, 47, 48, 4, 4, -127, -5, -31, -54, -14, -39, 17, -5, -25, -20, -221, -77, -45, -24, 58, -314, 1, -46, 1, -9, 205, -78, 21, 59, 40, 361, 2, -14, 15, -88, -48, 2, 40, 41, -1, -88, 38, -19, -81, -72, -458, 45, 19, -59, -23, 739, 0, -87, -92, -20, -1055, 35, -22, 4, 39, 167, -60, -126, -8, 103, -1266, -29, -17, -43, -15, 1515, -91, -48, 89, 64, -651, -62, 62, 24, -119, 978, 0, 128, 112, -32, -1219, -43, -1, -162, -168, 701, 146, 92, -31, -97, -297, -75, -141, -227, -4, -244, 108, -13, -59, 6, -914, -176, -183, -18, 122, -957, -7, -25, 50, -51, 530, -225, 8, 146, 160, 590]
[0, 0, 0, 0, 0, 0, 0, 0, 0, 0, 0, 0, 0, 0, 0, -1, 0, 0, 0, 0, 0, 0, 0, 0, 0, -1, 0, 0, 0, 0, 0, 0, 0, 0, 0, -3, 0, 0, 0, 0, -2, 0, 0, 0, 0, -3, 0, 0, 0, 0, -3, 0, 0, 0, 0, -6, 0, 0, 0, 0, -1, 0, 0, 0, 0, -9, 0, 0, 0, 0, -4, 0, 0, 0, 0, -15, 0, 0, 0, 0, 0, 0, 0, 0, 0, -12, 0, 0, 0, 0, -9, 0, 0, 0, 0, -18, 0, 0, 0, 0, -6, 0, 0, 0, 0, -23, 0, 0, 0, 0, -9, 0, 0, 0, 0, -31, 0, 0, 0, 0, -3, 0, 0, 0, 0, -39, 0, 0, 0, 0, -11, 0, 0, 0, 0, -36, 0, 0, 0, 0, -9, 0, 0, 0, 0, -45, 0, 0, 0, 0, -21, 0, 0, 0, 0, -45, 0, 0, 0, 0, -6, 0, 0, 0, 0, -54, 0, 0, 0, 0, -27, 0, 0, 0, 0, -76, 0, 0, 0, 0, -12, 0, 0, 0, 0, -72, 0, 0, 0, 0, -27, 0, 0, 0, 0, -77, 0, 0, 0, 0, -27, 0, 0, 0, 0, -88, 0, 0, 0, 0, -42]
[0, 0, 0, 0, 0, 0, 0, 0, 0, 0, 0, -1, 0, 0, 0, 0, 1, 0, 0, -1, 0, 0, -1, -1, -1, 1, 0, -1, -1, -1, 1, -2, 0, -2, 1, 1, -1, -2, 0, 0, 0, -1, -2, -1, -1, 1, -3, -3, 0, -4, 1, -5, 1, -3, -3, 1, 2, -1, -4, -4, 0, -6, -4, -6, -1, 4, -1, -3, -1, -5, 3, -7, -2, -5, -2, 6, -1, -10, -2, -10, 1, -7, -3, -12, -5, 6, -6, -11, -1, -11, 3, -6, -1, -10, -1, 8, 0, -17, -5, -10, 4, -15, -8, -12, -6, 10, -5, -11, -2, -14, 2, -19, -7, -14, -2, 7, -6, -17, -6, -19, -4, -15, 0, -20, -6, 15, -7, -19, -2, -25, 4, -24, 7, -33, -2, 18, -5, -25, -16, -24, 4, -23, -9, -26, -4, 24, -17, -38, 1, -23, 15, -31, -7, -27, -14, 18, -13, -30, -18, -39, 2, -25, -13, -33, -8, 23, -19, -35, 0, -39, 6, -34, -7, -31, -10, 35, 4, -45, -15, -43, 1, -47, -21, -43, -15, 23, -15, -43, -6, -49, 5, -36, -2, -49, -18, 24, -9, -55, -26, -39, 17, -47, -15, -51, -2, 31, -22, -46, -14, -57, 19]
[0, 0, 0, 0, 0, 0, 0, 0, 0, 0, 0, -1, 0, 1, 1, 0, 1, 0, 1, -1, 0, 0, 0, -1, 0, -1, 0, 0, 2, 2, -1, 0, 1, 1, -1, 0, 1, 1, 0, 0, -2, 0, 2, 3, 6, -2, 3, 0, 3, -3, -1, 2, 3, -3, 2, -5, 5, 2, 4, 5, -5, 0, 3, -1, 2, -2, 5, 5, 1, 2, -5, 0, 7, 4, 10, -4, 12, -1, 6, -1, -6, 4, 6, -6, 7, -8, 4, -1, 11, 3, -8, 3, 11, 2, 9, -7, 8, 4, 9, 0, -8, 0, 13, 3, 14, -7, 18, 3, 18, 1, -13, 5, 9, 5, 15, -12, 15, -1, 15, 2, -17, -4, 22, 1, 18, -12, 14, 5, 25, 2, -15, 5, 29, 0, 18, -14, 25, 2, 20, 7, -20, 7, 16, 9, 31, -15, 16, -8, 29, -2, -21, -4, 27, 4, 25, -21, 20, 5, 31, -5, -22, 9, 33, 0, 25, -18, 28, 3, 38, 14, -30, 9, 32, 23, 41, -21, 46, -1, 27, 0, -33, -11, 33, 8, 41, -31, 31, 14, 48, 5, -34, 21, 58, 0, 31, -34, 48, 9, 33, 30, -37, 13, 42, 9, 63, -36, 48, 5, 43, -9, -42]
[0, 0, 0, 0, 0, 0, 0, 0, 1, -1, 0, 0, -1, 1, 0, 1, -2, 0, 1, 0, 0, -1, 0, 0, 2, 0, -1, 0, 1, 0, -1, 0, -1, 1, 0, 1, 0, 1, 0, -2, 1, -1, 1, -2, 0, 0, 2, 0, -1, 0, 0, 1, -4, -4, 5, 1, 0, 3, -2, -1, -2, 6, -1, -3, 1, 0, 1, 2, 1, -5, -4, 4, 1, -2, 0, 0, 3, 6, -2, -4, -5, 1, -2, 0, 3, -2, 5, 1, 2, 0, 1, -6, 0, -2, 3, 0, 0, 10, 1, -6, 0, 0, -6, -3, 6, 0, -4, 5, 0, -1, 0, 2, -3, -5, -2, 8, 0, -3, -1, 0, 5, -7, -10, 1, 6, 5, -1, 0, 0, 6, 0, -5, -11, 6, 0, -2, 3, 0, 8, -5, 0, -2, 2, 12, -3, -7, 0, 8, 8, -10, 0, -4, -6, 4, 0, 0, 2, -7, 6, 15, 2, -17, 3, 2, 0, 0, -2, -6, 0, 10, 11, -5, 0, 0, -9, 0, -11, 12, 0, -1, -1, 5, 0, 9, -7, 1, -9, -16, -9, 5, 4, 0, 7, 0, -5, 2, 6, -5, 6, -8, 0, -6, 9, 5, -14, 2, 13, -4, 3, 0, -5]
[0, 0, 0, 0, 0, 0, 0, 0, 1, -1, 0, -1, -1, 2, 0, 0, -1, 0, 1, 0, 0, -1, 0, 0, 1, -1, -1, -1, -1, 0, 0, 0, 0, 2, 0, -2, -1, -1, 1, 1, 0, 0, 2, -1, 0, -5, -2, -1, -1, 0, -3, 2, -2, -4, 2, -7, 5, 5, -4, 0, -3, 3, -1, -6, -1, -9, 3, 4, 0, -1, -6, 4, 2, 2, -1, -15, 6, 0, -4, -2, -5, 0, 2, -4, -5, -16, 0, -4, 1, 0, -5, 6, 5, 3, 6, -18, -3, 5, 1, -1, -6, -5, -8, -6, 0, -22, -2, 5, 4, 1, -8, 1, -6, 0, -1, -27, 0, -2, 1, 5, -5, -14, 0, -4, 3, -34, 7, 0, 0, 5, -11, 0, -1, 3, 0, -35, -3, -5, -2, -10, -9, -1, 1, 12, 5, -38, -12, 0, 16, 0, -21, -2, -6, 13, 0, -50, -8, -14, 0, -3, -5, -17, 5, -2, -4, -49, -4, 0, 12, 5, -16, -6, 0, 16, 5, -76, 0, 6, 0, -1, -12, -5, -11, 2, -14, -72, -6, -8, -9, -5, -31, 25, 11, 0, 0, -84, 3, -5, 1, 8, -22, -2, 18, 0, -4, -87, 13, 1, -3, -15, -43]
[0, 0, 0, 0, 0, -1, 0, 0, 0, 0, 2, 0, 0, 0, 0, 2, 0, 0, 0, 0, -2, 0, 0, 0, 0, 1, 0, 0, 0, 0, 3, 0, 0, 0, 0, -3, 0, 0, 0, 0, 1, 0, 0, 0, 0, -19, 0, 0, 0, 0, 78, 0, 0, 0, 0, -43, 0, 0, 0, 0, 50, 0, 0, 0, 0, -127, 0, 0, 0, 0, 154, 0, 0, 0, 0, -51, 0, 0, 0, 0, 102, 0, 0, 0, 0, -189, 0, 0, 0, 0, 105, 0, 0, 0, 0, 43, 0, 0, 0, 0, 121, 0, 0, 0, 0, -113, 0, 0, 0, 0, -129, 0, 0, 0, 0, 199, 0, 0, 0, 0, 234, 0, 0, 0, 0, -78, 0, 0, 0, 0, -152, 0, 0, 0, 0, -199, 0, 0, 0, 0, 700, 0, 0, 0, 0, -349, 0, 0, 0, 0, 204, 0, 0, 0, 0, -739, 0, 0, 0, 0, 972, 0, 0, 0, 0, -258, 0, 0, 0, 0, 432, 0, 0, 0, 0, -892, 0, 0, 0, 0, 563, 0, 0, 0, 0, 250, 0, 0, 0, 0, 346, 0, 0, 0, 0, -407, 0, 0, 0, 0, -345, 0, 0, 0, 0, 532, 0, 0, 0, 0, 534]
[0, 0, 0, 0, 0, 0, 0, -1, 0, 0, 0, 0, 1, 0, 0, 0, 0, 0, 0, -1, 0, -2, 1, 0, 0, -1, -2, -3, -1, -1, -1, 0, -1, 0, -1, -2, 0, -2, -1, -1, 1, 0, 0, -2, -1, -3, -3, -4, -2, 0, -1, 0, 2, -3, -6, -5, -1, -7, 1, -5, 0, -7, 0, -9, -1, -5, 1, -8, -6, -3, -3, -3, 3, -5, -3, -6, -2, -7, -3, -8, -1, -12, -3, -7, -5, -12, -9, -9, -8, -7, -3, -6, 2, -8, -8, -14, -9, -15, -3, -3, -2, -16, -5, -22, -2, -18, 1, -25, 6, -14, -5, -12, -1, -9, -9, -14, 6, -18, -6, -16, -3, -26, 0, -24, -5, -18, -3, -19, -9, -22, -6, -23, -9, -9, -18, -24, -5, -25, -12, -33, -3, -30, -15, -34, 0, -21, -9, -19, -4, -27, -12, -23, -3, -30, -14, -35, -15, -37, -8, -45, -8, -55, -12, -33, -6, -34, -7, -39, -15, -22, -17, -33, -7, -33, -10, -44, 5, -45, -12, -33, -3, -47, -27, -37, 6, -39, -12, -26, -2, -63, -22, -35, -15, -39, -19, -45, -34, -29, -24, -39, -5, -53, -22, -67, 0, -54, -28, -57, -14, -70, -27]
[0, 0, 0, 0, 0, 0, 0, 1, 0, 0, 0, -1, -2, 0, 0, 0, -1, -1, 0, -1, -1, 1, 0, 0, 0, 0, 1, 0, -1, 0, -1, -1, -1, 0, -3, 0, -3, 1, -1, -1, -1, -3, -3, -3, -2, -3, -3, -2, -2, -5, -4, -3, -6, -2, 0, -2, 0, 2, -6, -2, -6, 1, -5, -3, -4, -1, -8, -1, -6, -3, -6, -7, -9, -5, -7, -3, -6, -4, -9, 0, -11, 0, -12, -6, -8, -6, -3, -3, -3, -7, -6, -3, -10, -8, -3, -2, -9, -4, -16, -18, -14, -10, -11, -2, -17, -3, -20, 1, -18, -5, -17, -9, -25, -9, -24, -11, -24, -6, -12, -11, -21, -7, -21, -12, -16, -8, -18, -13, -22, -10, -25, -11, -21, -18, -16, -9, -26, -10, -21, -6, -27, -9, -24, 3, -21, -12, -28, -19, -24, -12, -27, -15, -29, -9, -29, -14, -30, -17, -32, -6, -30, -2, -27, -18, -35, -16, -43, -15, -24, -32, -29, -24, -34, -12, -43, -12, -49, -18, -42, -26, -48, -20, -42, -22, -66, -24, -51, -30, -63, -9, -43, -21, -51, -41, -43, -30, -35, -43, -48, -27, -50, -20, -35, -16, -48, -22, -39, -27, -59, -20, -48]
[0, 0, 0, 0, 0, -1, 0, 0, 0, 0, 3, 0, 0, 0, 0, -1, 0, 0, 0, 0, 4, 0, 0, 0, 0, -1, 0, 0, 0, 0, 3, 0, 0, 0, 0, 0, 0, 0, 0, 0, 1, 0, 0, 0, 0, 15, 0, 0, 0, 0, 18, 0, 0, 0, 0, 6, 0, 0, 0, 0, 20, 0, 0, 0, 0, -1, 0, 0, 0, 0, 23, 0, 0, 0, 0, -9, 0, 0, 0, 0, 45, 0, 0, 0, 0, 24, 0, 0, 0, 0, 27, 0, 0, 0, 0, -2, 0, 0, 0, 0, 63, 0, 0, 0, 0, 16, 0, 0, 0, 0, 63, 0, 0, 0, 0, 23, 0, 0, 0, 0, 129, 0, 0, 0, 0, 0, 0, 0, 0, 0, 100, 0, 0, 0, 0, -9, 0, 0, 0, 0, 115, 0, 0, 0, 0, -42, 0, 0, 0, 0, 114, 0, 0, 0, 0, 71, 0, 0, 0, 0, 156, 0, 0, 0, 0, 30, 0, 0, 0, 0, 144, 0, 0, 0, 0, -7, 0, 0, 0, 0, 204, 0, 0, 0, 0, 70, 0, 0, 0, 0, 222, 0, 0, 0, 0, 55, 0, 0, 0, 0, 189, 0, 0, 0, 0, 47, 0, 0, 0, 0, 207]
[0, 0, 0, 0, 0, -1, 0, 0, 0, 0, 2, 0, 1, 0, 1, 0, 1, -1, 0, -1, 1, 1, 2, 1, 0, -1, 1, 0, -1, 2, -1, 1, 0, 0, 1, 0, 0, 1, 2, 2, -2, 2, 3, 2, 4, 9, 0, -1, 4, 2, 8, 3, 7, 4, 0, 3, 5, 2, 5, 2, 3, 0, 7, 0, 5, 0, 4, 0, 3, 6, 4, 2, 6, 7, 3, -3, 8, 3, 12, 5, 10, 6, 6, 5, 7, 12, 7, 3, 8, 2, 3, 9, 17, 4, 11, -3, 9, -2, 8, 12, 17, 2, 10, 6, 9, 9, 19, 7, 24, 13, 13, 9, 17, 12, 15, 20, 21, 9, 18, 8, 45, 3, 31, 0, 21, 10, 21, 11, 15, 11, 23, 6, 21, 12, 17, -15, 28, 14, 21, 12, 24, 12, 18, 9, 36, -31, 30, 14, 25, 17, 30, 11, 31, 12, 28, 42, 24, 12, 26, 6, 26, 10, 36, 18, 39, 14, 38, 13, 39, 12, 31, 24, 44, 24, 32, 13, 55, 18, 39, 25, 45, 19, 30, 20, 42, 50, 45, 35, 51, 9, 60, 28, 42, 23, 51, 33, 39, 23, 42, 30, 25, 31, 48, 26, 66, 32, 51, 30, 49, 20, 48]
[0, 0, 0, 0, 0, 0, 0, 0, 0, 0, 0, 0, 0, 0, 0, 0, 0, 0, -1, -2, 1, 0, 0, -1, 2, 0, 0, -1, 2, 0, 2, 0, -1, -3, -2, 0, -2, 0, -1, 0, 1, -2, -1, 1, 0, 3, 2, -1, -3, -6, 4, -4, -1, -3, 4, 0, -2, -3, 3, -2, 8, 0, -3, -5, -4, 1, -6, -3, 0, -4, 6, -6, 0, -3, -2, 1, 0, -1, -2, -12, 15, -2, -5, -6, 6, 3, 2, -7, 3, -6, 11, -12, -7, -12, -6, 2, -2, -6, -3, -10, 20, -10, -3, -6, 0, 2, -4, -6, -2, -8, 21, -6, -3, -13, -2, 1, 0, -16, -7, -12, 31, -12, -10, -12, 0, -3, -12, -8, -3, -18, 31, -26, -1, -21, -6, 5, 2, -6, 0, -12, 40, -12, -5, -15, -8, -1, 6, -21, -12, -24, 36, -24, -9, -22, -4, 8, -6, -21, -9, -22, 57, -24, -1, -19, -4, 5, -12, -26, -5, -10, 48, -16, -11, -24, -24, -1, 2, -29, -18, -24, 61, -26, -13, -15, 6, 0, -16, -36, -9, -36, 68, -48, 3, -45, -20, 10, -6, -27, -5, -32, 77, -24, -15, -28, -14, 10, -6, -42, -13, -38, 61]
[0, 0, 0, 0, 0, 0, 0, 0, 0, 0, 0, 0, -1, 0, -1, 0, -1, 1, 0, 1, 0, -1, -2, -1, 0, -1, -1, 0, 1, -2, -2, -1, 0, 0, -1, 0, 0, -1, -2, -2, -3, -2, -3, -2, -4, 0, 0, 1, -4, -2, -2, -3, -7, -4, 0, -1, -5, -2, -5, -2, -6, 0, -7, 0, -5, -4, -4, 0, -3, -6, -6, -2, -6, -7, -3, -3, -8, -3, -12, -5, -10, -6, -6, -5, -7, -3, -7, -3, -8, -2, -12, -9, -17, -4, -11, -8, -9, 2, -8, -12, -13, -2, -10, -6, -9, -3, -19, -7, -24, -13, -16, -9, -17, -12, -15, -4, -21, -9, -18, -8, -15, -3, -31, 0, -21, -10, -21, -11, -15, -11, -19, -6, -21, -12, -17, -12, -28, -14, -21, -12, -26, -12, -18, -9, -36, -21, -30, -14, -25, -17, -30, -11, -31, -12, -28, -10, -24, -12, -26, -6, -35, -10, -36, -18, -39, -17, -38, -13, -39, -12, -31, -24, -44, -24, -32, -17, -55, -18, -39, -25, -45, -19, -30, -20, -42, -16, -45, -35, -51, -9, -38, -28, -42, -23, -51, -21, -39, -23, -42, -30, -55, -31, -48, -26, -66, -25, -51, -30, -49, -20, -54]
[0, 0, 0, 0, 0, 0, 1, -1, 0, 0, 0, -1, 0, 0, 0, 0, 0, 2, 0, -1, -1, -1, 2, 0, 0, -2, -1, -1, -1, 2, -1, 1, -2, 1, 2, -2, -1, 0, 1, 0, 1, 3, 0, 1, -3, -5, -1, -3, -1, -1, -2, 0, -1, -2, -2, -7, 5, 2, 2, -1, -2, -1, -2, -4, 3, -6, 0, 0, 0, 3, -4, 2, 3, 3, -4, -12, -1, 4, 0, -5, -3, -2, -1, -1, 1, -18, -9, 2, -5, 7, -5, 0, 7, 6, 5, -22, -5, 6, 5, 3, -6, -8, -7, -6, 5, -25, 1, -9, 13, -4, -10, 12, -10, 0, -5, -24, 3, -5, -6, -3, -3, 0, 6, -5, -5, -38, 15, 0, -7, -5, -13, -1, 0, 6, 2, -34, 8, 4, -15, -3, -6, -2, 6, 2, 5, -36, 2, 0, 10, -6, -22, 4, 4, -12, 0, -49, -15, -6, 2, -6, -11, -6, 2, 13, 4, -61, -7, -6, 0, 20, -22, -11, 6, 12, 3, -74, 13, -7, 3, -5, -17, -6, -12, 13, -6, -69, 6, -5, -8, -6, -38, 7, 15, -16, -2, -76, -4, 15, -1, 22, -22, -15, 18, -8, 7, -91, -1, 15, -8, 0, -39]
[0, 0, 0, 0, 0, 0, 0, 1, 1, -2, -1, 1, -1, 1, 0, 0, -1, 0, -1, 0, 0, 2, 0, -2, 3, 1, 0, -1, -2, 0, 1, 0, 1, 0, 2, 1, -1, -1, -1, 1, 1, -3, 3, -1, 0, -2, 0, -1, 2, 0, -2, -3, -5, -4, 7, 2, -3, 7, -2, 1, 0, 7, -3, 3, -6, 0, -4, 2, 11, -12, -2, 2, 0, 5, -1, 0, 3, 0, 0, -6, -4, 1, -1, 5, -4, -2, 11, -9, 9, -2, 2, -6, 3, -4, 3, 8, 9, 8, 0, -7, -1, -1, -13, -3, -2, 0, -10, 12, -5, 16, 2, -3, -3, -15, 9, -2, -6, 4, -1, 3, -6, -7, -10, 0, 5, 2, 0, 8, -7, 13, 0, -7, -3, -18, 8, 8, 8, 0, -3, -5, -4, 3, 8, 16, -4, 1, 8, 4, 8, -2, 3, -12, -8, 2, 4, -8, 6, -7, -14, 18, 6, -2, 5, -5, 2, 4, -2, 2, 6, -7, 9, 7, -4, -2, -20, 0, -13, 27, -3, -6, -4, 24, -6, 10, -7, -19, -15, -33, -11, 12, 3, 1, 12, 0, -3, -9, 31, -18, 13, -36, 5, 2, 9, 37, -24, -1, 16, -9, 3, -13, -6]
[0, 0, 0, 0, 0, 0, 0, 0, 0, 1, 1, 0, -1, -1, -1, -1, -1, 1, 1, 1, 1, -1, 0, 2, 1, 0, 1, 0, 1, -3, 1, 0, 1, 1, 1, -2, 2, 2, 2, 1, 1, 1, -3, -3, -5, 2, 0, 3, -1, 3, 2, 0, 0, 5, 2, 0, 3, 0, -1, -3, 7, 3, 0, 1, 7, -5, 4, 1, 0, 3, 7, 2, 1, -7, 2, -8, -6, 4, -4, 7, 14, -2, 0, 7, 3, 2, 5, 12, 1, 4, 7, 6, -2, 4, 6, -9, 4, 2, 3, 0, 16, 5, 9, 3, 2, -5, -6, 2, -6, -1, 15, -1, 0, 9, -7, -10, 3, 10, 9, 2, 39, 22, -7, 13, 3, -19, 5, -2, 2, 0, 26, 8, 0, 12, 9, -14, -10, 4, 5, 5, 37, 4, 8, 6, -4, -26, -1, 14, 10, 16, 27, 25, 6, 16, -1, 1, 11, 13, 9, 20, 49, 10, -3, 12, 6, -19, -4, 14, 1, 7, 37, 5, 10, -1, 6, -38, -9, 7, 12, 15, 61, 17, 9, 12, -2, -10, 8, 13, -7, 20, 57, 5, -14, 15, 13, -19, -3, 16, 9, 6, 60, 12, 18, -1, 8, -25, 5, 17, 14, 45, 53]
[0, 0, 0, 0, 0, 0, -1, 0, 0, 0, 0, 1, 1, 0, 1, -1, 1, 0, 0, -1, 1, 0, -2, 1, 0, 1, -1, -1, -1, -3, 1, 0, -1, -1, 1, -1, 2, 2, -2, 2, -2, -1, 0, 2, 1, 1, -2, 2, 3, 3, -2, 1, 4, 0, -2, 0, -3, -2, 1, 0, 2, -3, 0, -1, -2, -2, 4, 1, -3, -3, 0, 3, 0, -1, 7, 0, -2, -1, 1, -1, 4, -5, -5, 6, -4, 3, 4, -2, -4, -2, -5, 6, -2, -8, -8, 6, 3, -8, 3, 6, -1, 1, 0, -4, -8, -1, 7, 1, 1, 12, -1, -9, 8, 3, 8, -5, 0, 10, 12, 2, -6, 4, 10, 3, 0, -3, -9, -2, -2, 0, 6, -5, 2, 0, -3, 5, -6, -8, 3, -6, -1, -1, -6, -14, -1, 0, 1, 5, -1, 5, 3, -10, -6, 9, -1, -1, -6, 5, -6, -5, 2, -2, -7, -13, -4, 4, 5, -2, -3, -9, -7, 28, 4, -6, -1, -5, 6, 3, 0, 6, 7, 5, 0, 9, 24, -8, 0, 8, 20, -6, 6, 0, -12, 18, 8, -2, -6, 5, -19, -19, 5, 25, -13, 10, 3, -2, -11, -18, -2, -10, 3]
[0, 0, 0, 0, 0, 0, 1, -1, 0, 0, 0, -1, 1, 1, -1, 0, 1, 1, 0, 1, -1, -1, 2, -1, 3, -1, 0, 1, 1, -3, 0, 1, 1, 0, 2, -1, -1, 0, -2, -1, 2, 17, -2, 13, 22, -3, -13, -5, -14, -16, 18, 6, -5, 13, 2, -38, -33, 18, 3, 9, 31, 66, 16, 16, 4, -65, -30, 14, 10, 13, 67, 33, -34, -29, -77, -67, -37, 48, 5, 51, 102, 65, -29, -32, 27, -74, 16, 48, 59, 66, 53, -68, -126, 16, -40, -72, -35, 105, 31, 1, 31, -41, 14, 45, 69, -100, 132, 105, -30, -66, -20, 25, -58, 62, -17, 9, 49, -5, -117, -57, 170, -4, 16, 53, 90, -95, 19, -15, -167, 78, 53, 57, -67, 185, 62, -163, -112, -15, 40, 49, 266, 33, 125, 205, -55, -325, -143, 81, -195, 59, 81, 220, 58, 30, -140, -357, -12, 26, 97, 88, 501, 236, 17, 12, -248, -235, -138, 80, -119, 379, 322, 27, -211, -175, -103, -437, 36, 124, 285, 284, 348, -37, -300, 138, -157, -193, 44, 384, 97, 146, 44, -268, -79, -16, 52, -310, 272, 366, -12, -121, -44, 74, -198, 226, -54, -49, 202, 115, -264, -125, 234]
[0, 0, 0, 0, 0, 0, 0, 0, 0, 0, 0, 2, 0, -2, 0, 1, -2, 0, -2, 0, 0, 0, 0, 3, 0, 1, 0, -1, 1, 2, 1, 0, 3, 0, 2, 0, -1, -4, -2, 0, -2, -8, 6, -5, -25, 4, 17, -4, 7, 12, 0, -3, 15, -5, 3, 33, 15, -23, -8, 1, -17, -43, -9, -13, -4, 41, 23, -34, 15, -3, -35, -21, 40, 28, 40, 59, 12, -16, -3, -22, -76, -59, 35, 13, -13, 43, 15, -42, -27, -44, -30, 50, 86, -5, 0, 77, 30, -46, -20, 13, 0, 7, -7, -72, -8, 80, -81, -94, 35, 50, 5, 3, 18, -16, 6, 44, -28, 1, 95, 13, -102, -40, 30, -39, -17, 85, -5, 17, 90, -55, -75, 5, 48, -71, -63, 129, 121, -30, -27, -95, -109, -30, -17, -166, 51, 261, 78, -47, 86, 19, -30, -83, -45, -25, 141, 227, 40, -94, 25, -60, -292, -215, 1, 0, 147, 190, 43, 27, 90, -197, -220, -25, 198, 55, 82, 273, 95, -84, -126, -202, -224, 37, 155, -88, 38, 271, -21, -208, -99, -131, 41, 110, 84, -75, 107, 266, -114, -254, 61, 105, -11, -83, 39, -89, 51, 185, -162, -71, 269, -20, -123]
[0, 0, 0, 0, 0, 0, 0, 1, 0, 0, -1, -1, -1, 0, 0, 1, 1, 0, 0, 0, -1, 2, -2, -1, -1, -2, 2, 2, 0, 0, -1, -2, 1, -2, 2, -1, -1, 0, 1, 1, 5, -1, -2, 1, 0, -11, 0, 1, 2, -4, -4, -5, -1, 0, 3, -7, 3, 6, -5, 1, -2, 1, -4, 3, 0, -5, -2, 5, 5, -2, -4, -4, -5, 0, 1, -6, 1, -3, 1, -2, -9, 5, 0, -5, 0, -24, 3, -2, 7, -4, 6, 0, -3, -2, 7, -14, 9, -2, -2, -7, -8, 1, -3, 10, -4, -24, -6, 14, -8, 0, -8, -7, -6, -5, 7, -25, -12, 1, 0, -3, -22, 11, 0, 4, -1, -32, -4, 0, 7, -3, -20, -1, 16, -24, 16, -30, 0, 0, -4, 9, -11, 7, 6, 8, -4, -19, -8, -19, 5, 4, -33, -8, -4, 3, 0, -69, 2, 7, -10, 6, -11, 30, -1, 0, -2, -54, -12, 4, 15, -17, -4, -1, 0, 2, 0, -65, -1, 0, -3, -10, -11, 0, 6, -6, -21, -82, -3, -17, -4, 14, -38, -1, 13, -10, 1, -85, 25, -26, -2, 0, -2, 6, 7, 16, -2, -84, 6, 11, 0, 13, -26]
[0, 0, 0, 1, 0, -1, -1, 2, -1, 0, 1, 1, -2, 1, -3, 1, -2, -2, 0, 0, 0, 3, -1, -1, 1, 2, -1, -2, 2, 1, 0, 1, 2, 2, 0, 1, 1, 1, 1, -1, 0, -10, -5, -21, 12, -20, 0, 14, 3, -4, 57, -5, -18, -15, 1, -35, 8, 1, 18, -21, 36, -19, -3, 10, -6, -105, -1, 20, -7, -20, 125, -15, -4, -5, 38, -40, 32, -32, -7, -12, 74, 1, 1, 22, -9, -164, -12, 2, -27, -16, 81, 12, 19, -12, 23, 34, 19, -50, -18, -30, 88, 37, 6, 33, -59, -90, -70, -26, -27, 20, -110, -31, 38, -56, 10, 148, -33, 17, 19, 54, 170, 29, -87, -7, -71, -63, -19, 7, 79, -18, -126, -65, 1, -114, -2, -162, -23, 68, 0, 67, 545, -28, -102, -20, 0, -292, 103, -23, 78, -56, 148, -117, 11, -10, 8, -616, 6, 80, -131, -11, 759, 11, -29, -7, 97, -213, 111, -92, 14, -217, 323, -41, -5, 114, 1, -726, -174, -42, -138, -114, 441, 39, 149, -54, 152, 180, -17, -189, 5, 4, 270, 104, -23, 71, -148, -369, -133, -124, -13, -39, -285, -3, 123, -148, -20, 390, -51, -79, 15, 130, 407]
[0, 0, 0, 0, 0, 1, 0, 0, -2, 1, -2, 0, 1, 0, 1, -1, 2, -1, -1, 0, -2, 1, 1, -1, -1, 0, -1, 0, -1, -3, 1, 2, 1, -1, -2, 0, 0, -1, 4, -4, -1, 0, 0, 0, 17, -12, -2, 1, 3, -17, -10, 0, 0, -12, -2, -6, 5, -7, 19, -4, -1, -12, 3, 0, 14, -6, -3, -3, 1, 0, -2, -15, -1, -13, -4, -3, 10, -10, 7, 1, 0, -4, 2, -3, 13, -27, -5, -3, 4, 0, -7, -9, -5, -14, -11, -5, 2, -1, 0, -18, -16, -17, 16, 0, 14, -27, 27, -23, 18, -14, -15, -8, 10, -13, 7, -49, 9, -6, 10, -15, -51, -18, 22, -19, 6, -39, 16, -21, 12, -23, -26, -4, 6, -18, -4, -10, 15, 3, 16, 0, -27, -28, -10, -17, 36, 8, 39, -33, -16, -29, -39, -47, 31, -46, 3, -82, 21, -21, 22, -47, -17, 9, 24, -14, 37, -54, 13, -42, 14, -35, -61, -46, 42, -42, 14, -52, 19, -34, 15, -54, -29, -17, 4, -26, 81, -101, 55, -5, 59, -29, -86, -87, 35, -86, 22, -92, 51, -19, 9, -61, -2, -34, 3, -45, 67, -109, 17, -89, 57, -22, -59]
[0, 0, -1, 0, 0, -1, 0, 1, -1, 1, 2, 3, 0, -2, 1, 1, -1, 2, 1, -2, 0, 1, 4, -2, 0, -1, 0, 1, 0, 0, 0, -2, -2, 1, 0, -1, 0, -2, 2, 0, 3, -11, -13, -6, 1, -21, 22, 11, 10, 11, 62, 15, -3, -4, 3, -24, 9, 3, 23, -5, 52, -29, -3, 8, -12, -102, 2, 25, -16, -28, 125, -10, 24, -8, 55, -37, 4, -25, -2, -24, 85, -40, -28, 43, 9, -164, -13, -19, -24, -6, 79, 33, 55, -4, 52, 47, 54, -31, 6, 9, 105, 39, 20, 28, -56, -82, -62, -27, 21, 42, -98, -16, 66, -53, 18, 153, 6, 39, 55, 23, 193, 64, -46, 8, -43, -61, -8, -11, 68, -26, -107, -44, 4, -90, 22, -152, 44, 59, -4, 49, 569, 22, -66, -38, 2, -279, 136, 1, 121, -56, 176, -114, 32, -42, -1, -590, 2, 99, -63, -1, 798, -6, 13, -20, 156, -215, 124, -89, 26, -167, 360, 27, 61, 136, 53, -719, -127, -8, -135, -66, 475, 30, 182, 7, 224, 179, -14, -168, 46, 48, 313, 129, 19, 125, -101, -334, -95, -54, 44, 26, -250, 43, 190, -125, 67, 421, -4, -74, 77, 217, 483]
[0, 0, 0, 0, -1, 0, 1, 0, 0, 1, 0, 0, -1, -1, -3, -1, 1, 1, 1, 2, 0, -4, -1, -2, 0, -2, 0, 0, -5, 1, 0, -1, 1, 0, 0, 1, 1, -1, 2, -2, 1, -21, -23, -22, -18, 4, 7, 28, 6, 21, -28, -4, -12, 3, -11, 46, 61, 9, 4, -39, -61, -93, -73, -23, -6, 93, 32, 8, -24, 22, -98, -44, 31, 39, 76, 99, 51, -48, -5, -84, -162, -78, 37, 42, -90, 102, -80, -102, -94, -23, -70, 94, 204, -2, 89, 63, 27, -144, -22, -10, -77, 74, 42, -37, -161, 108, -206, -216, 21, 65, 50, -47, 58, -138, 91, -33, -40, 44, 106, 74, -232, 73, -47, -8, -196, 93, -27, 3, 220, -161, -50, -80, -15, -298, 43, 207, 78, 108, -188, 9, -419, -18, -220, -176, 12, 420, 148, -44, 332, -155, -185, -282, -184, -87, 145, 519, -16, 82, -260, -45, -763, -250, -67, 12, 267, 308, 182, -67, 196, -507, -490, -18, 212, 298, 54, 637, -210, -286, -492, -260, -514, 57, 468, -167, 212, 169, -73, -562, -161, -191, -174, 438, 197, 132, -284, 349, -508, -531, 23, 174, 89, -127, 354, -433, 77, -79, -220, -54, 227, 316, -357]
[0, 0, 0, 0, 0, 0, 1, 0, 0, -2, -1, -1, 1, 2, 0, 1, 2, -1, -1, 3, -1, 2, 0, -4, 0, 0, -3, 1, -1, 1, 0, -3, 3, 0, 1, 0, -2, 1, 2, -1, 0, 16, 1, 8, 17, -4, -8, -3, -8, -21, 16, 0, -18, -6, -2, -16, -21, 27, -7, 16, 19, 49, -6, 19, 13, -36, -33, 10, 20, 1, 42, 7, -39, 2, -55, -43, -33, 39, 5, 25, 46, 62, 4, -21, 12, -67, 15, 27, 30, 21, 45, -35, -81, 10, -42, -21, -26, 67, -19, -6, 49, -19, -10, 24, 59, -66, 81, 58, -32, -8, 6, 13, -69, 56, 4, 8, -29, -10, -59, -24, 95, -44, 33, 38, 17, -90, 17, 49, -102, 72, 4, 73, -61, 86, -15, -93, -25, 17, 22, 8, 203, 30, 38, 111, -52, -142, -75, 42, -191, 75, 60, 110, -51, 9, -36, -227, -33, -26, 77, 52, 301, 129, 7, 93, -145, -127, -160, 100, -95, 239, 136, 11, -87, -92, -106, -328, 41, 121, 141, 103, 235, 83, -182, 87, -191, -59, 8, 229, -58, 129, 125, -150, -43, -84, 61, -196, 144, 134, -33, 9, 28, 38, -231, 287, -63, -46, -9, 89, -86, -56, 159]
[0, 0, 0, -1, 0, 1, 0, -1, 1, 0, -2, 2, 1, -3, 2, 1, -1, 3, 0, 1, -2, 1, -3, -2, -2, 1, -2, 0, -1, 0, 1, 0, 0, -1, -1, -2, -4, -1, 0, 2, -1, -2, 2, 9, -40, -4, 16, -2, -1, 24, -10, -3, 15, 6, -3, 29, 6, -17, -21, 19, -23, -37, -23, -5, -6, 43, 27, -30, -10, -1, -48, -12, 33, 32, 36, 59, -12, -8, -6, -40, -91, -61, 18, 26, -23, 36, -7, -31, -43, -36, -41, 51, 70, 7, -6, 82, 10, -34, -21, 40, -27, 30, -34, -63, -26, 66, -91, -63, 7, 62, -26, 14, 3, 9, -4, 19, -43, 1, 74, 23, -164, 6, 23, -15, -47, 63, -22, 50, 54, -43, -118, 17, 16, -54, -77, 135, 99, -14, -50, -87, -150, 14, -50, -173, -18, 288, 36, -18, 57, 27, -88, -70, -121, -5, 88, 183, -37, -63, 20, -23, -337, -199, -16, 39, 103, 171, -9, 30, 21, -104, -279, 58, 122, 61, 44, 247, 35, -22, -189, -144, -309, 66, 126, -19, -42, 202, -75, -151, -178, -64, -63, 178, 10, -3, 11, 245, -196, -174, -28, 188, -98, -37, 0, 5, -30, 150, -206, -7, 167, 55, -205]
[0, 0, 0, 0, 0, 1, 0, 1, -1, 0, -1, 0, -3, 1, 2, -1, -2, 1, 0, 2, -2, 2, 1, 3, -3, 0, -2, 0, 2, 0, 2, 2, 1, -1, -2, 0, 0, -2, 1, 3, -3, 4, 25, 6, 1, -15, 3, -20, 10, -22, 2, 3, 5, -24, 14, -18, -7, -28, 3, 26, 25, 24, 48, 11, 14, -48, -7, -14, 26, -29, 31, 0, -3, -17, -13, -55, -11, -6, -16, 42, 57, 6, 6, -9, 58, -69, 49, 61, 38, -27, 9, -21, -74, 3, -41, -25, -3, 66, -9, -14, 26, -47, -37, -5, 106, -45, 71, 104, 2, -23, -39, 37, -34, 63, -81, -48, -12, -27, 3, -12, 35, -58, 19, -26, 91, -81, 44, -19, -48, 84, -26, 68, 77, 107, -89, -91, 16, -102, 109, -34, 128, -28, 101, -13, 55, -133, -27, -65, -130, 92, 52, 68, 137, 34, 4, -271, 42, -93, 164, -59, 253, 60, 42, -12, -29, -191, -71, 7, -44, 134, 109, -63, 32, -99, 69, -339, 139, 155, 210, -72, 130, -11, -179, 15, -76, -126, 50, 172, 46, 60, 42, -207, -76, -173, 243, -208, 278, 190, 21, -72, -59, 28, -123, 176, -19, -67, 40, -64, 70, -121, 51]
[0, -1, 0, 0, -1, 0, 2, 1, -1, 1, -1, 0, 1, 0, 0, 1, 3, -1, 0, 5, -1, 1, 2, 1, -2, -1, 0, -5, -1, 0, 3, -2, -1, -1, -1, 2, -2, 0, -2, -4, -1, 2, 1, 0, -2, -7, 10, 33, -2, -5, -6, 0, -12, 5, 19, 25, 21, 41, -1, 28, -22, -14, -42, 20, 7, 41, -11, 3, 27, 16, -23, -28, -44, 40, -23, 50, 6, -31, -11, -7, -80, 17, 51, -10, -62, 7, 4, -16, -22, 0, -22, 57, 125, 7, 17, 42, 15, -21, -36, 60, -9, 40, 82, -12, 26, 54, -53, -75, 39, 68, 51, 18, -30, 43, 46, 13, -48, -31, 69, -14, -79, -1, -20, 55, -79, 11, 22, 86, 64, -58, -80, 73, 20, -75, 1, 59, 69, 161, -90, 16, -118, 17, -53, -29, 77, 232, 22, 71, 43, 114, -70, -31, -136, 7, 153, 182, -12, 31, -10, -12, -259, -30, -102, 161, 9, 156, -22, 44, 53, -78, -249, 69, 145, 100, -52, 168, 44, -14, -120, -78, -207, 212, 249, -43, -53, 174, 19, -82, -164, 118, 38, 190, 192, 4, 114, 163, -107, -189, 143, 220, 60, 13, 7, 164, 33, 53, -142, 28, 136, 126, -79]
