45 2 4 16 15
[1, 0, -1, 0, 0, 0, -1, -2, 1, 0, 1, 2, 2, 1, -1, -3, 1, 1, -3, -2, 0, 0, 1, 0, 1, -1, -3, 4, 0, 2, -1, 0, 1, 2, 5, 0, 0, 3, -5, 0, 2, -1, 1, -2, -3, -1, -5, -7, 1, -3, 1, 1, -12, 4, -2, 3, 8, -4, 4, -1, 1, 11, 4, -2, -4, 4, 0, -2, 10, 0, -1, -6, -1, 6, 15, -3, -9, 3, -1, 11, -1, 1, 12, -16, 0, -2, -10, 2, -14, -12, 2, -12, -15, 2, -6, -1, 5, -5, 13, 4, -2, 11, 5, 1, -10, 2, 20, 18, 0, -14, -8, 3, 16, -5, -6, -2, -9, -4, 9, 19, 2, -3, 10, 1, 22, 3, -1, 9, -16, -3, -4, -1, -9, -19, -15, 1, -6, -13, -7, -3, -3, -8, -27, 12, 2, 0, 30, -9, 12, -1, 5, 12, 9, 7, -15, 0, -9, 7, 13, 4, 7, -18, -8, 27, 24, 9, -9, 6, 8, 21, 4, -3, 18, -19, 6, 2, -10, -5, -39, -18, 0, -20, -39, 11, -18, 6, 4, -22, 11, -5, -11, 20, -2, 1, -19, 1, 35, 16, 8, -18, 2, 3, 13, 6, 5, -1, -21, 2, 18, 22, 0]
[0, 0, 0, 0, 1, -1, -1, 0, 0, 2, -1, 0, 0, 0, 1, 0, 0, 0, 0, -1, 0, -1, 0, 0, -1, 0, 1, 0, 0, 0, 1, 1, 0, 0, 0, 1, 0, 0, 0, -2, 1, 1, 0, 0, -3, 0, -1, 0, 0, -3, 2, 3, 0, 0, -3, 3, 0, 0, 0, -2, 1, 0, 0, 0, 1, 0, 4, 0, 0, 1, 0, -3, 0, 0, 0, -2, -1, 0, 0, 0, -1, 0, 0, 0, 3, -2, -5, 0, 0, 6, -2, 3, 0, 0, 2, 1, -1, 0, 0, -3, -1, 0, 0, 0, 1, -3, 0, 0, 0, 5, 0, -3, 0, 0, 3, 0, 3, 0, 0, 0, -1, -6, 0, 0, 0, -3, 0, 0, 0, 5, -3, 4, 0, 0, 4, 3, -3, 0, 0, 0, -3, -2, 0, 0, 1, -3, 0, 0, 0, 1, 1, 0, 0, 0, -3, 0, -3, 0, 0, 0, 0, -1, 0, 0, 0, 2, 7, 0, 0, 0, 1, -2, 0, 0, -5, 6, 7, 0, 0, -9, 3, 2, 0, 0, 0, 0, -1, 0, 0, 3, 2, 0, 0, 0, -8, 3, 0, 0, 0, -9, 0, 1, 0, 0, -4, 0, -5, 0, 0, 0, 1]
[0, 0, 0, 0, 0, 0, 0, 0, 0, 1, -1, -1, 0, 0, 0, 1, 2, 0, 0, -1, 0, -2, 0, 0, -1, 0, 1, 0, 0, 2, -1, 0, 0, 0, 1, 1, 0, 0, 0, -1, 0, 0, 0, 0, -3, 0, -1, 0, 0, 0, 0, 2, 0, 0, 0, 3, 2, 0, 0, 0, -1, -5, 0, 0, 1, -2, 5, 0, 0, 1, 0, -3, 0, 0, -3, 2, 0, 0, 0, -2, -1, 0, 0, 0, 3, 0, 0, 0, 0, 6, -1, 3, 0, 0, 0, 0, -5, 0, 0, -6, -1, 2, 0, 0, 0, -3, -2, 0, 0, 5, 4, 0, 0, 0, 1, 1, 3, 0, 0, -5, 1, 0, 0, 0, -1, -3, 0, 0, 0, 1, 0, 0, 0, 0, 4, 0, -3, 0, 0, 0, 0, 1, 0, 0, 2, -3, -6, 0, 0, 0, 1, 9, 0, 0, -3, 1, -3, 0, 0, 2, -1, -1, 0, 0, 6, -2, 0, 0, 0, 0, 1, -1, 0, 0, -7, 0, 0, 0, 0, -9, 6, 2, 0, 0, 0, 0, 2, 0, 0, 6, 2, 5, 0, 0, 0, 3, 1, 0, 0, -9, -2, -4, 0, 0, 1, -6, -5, 0, 0, 4, -1]
[0, 0, 0, 0, 0, 0, 0, 1, 0, 0, 0, 1, -1, 0, 0, 1, -1, 0, 1, 1, 0, 1, 1, 1, 0, 0, 0, 0, -1, 0, 1, 1, 0, 1, 0, 1, 0, 2, 0, 2, -1, 1, -1, 1, 1, 2, 1, 1, 1, 1, 1, 1, 1, 2, 0, 0, -2, 2, 0, 2, -1, 4, 1, 0, -1, 2, -1, 3, -2, 2, 0, 3, -1, 4, 2, 2, -1, 2, 1, 3, 0, 3, 0, 5, -3, 4, 0, 4, -1, 1, 0, 2, -1, 2, 1, 3, 1, -1, -2, 6, 1, 3, 2, 4, -1, 4, 2, 3, 0, 2, 1, 3, -4, 6, 1, 4, -2, 6, 1, 4, -3, 4, 2, 2, -1, 3, 0, 3, -4, 4, 2, 4, 0, 4, 0, 3, -1, 7, 2, 4, -2, 4, 0, 7, -3, 7, 4, 6, 0, 5, 0, 1, -2, 4, 2, 4, 0, 2, 1, 4, 1, 5, 3, 4, -4, 7, 2, 3, -2, 7, 1, 6, -4, 3, 5, 4, 0, 8, 4, 9, -6, 5, 2, 2, -2, 4, 0, 8, -1, 3, 2, 5, -2, 8, 1, 5, -6, 10, 3, 9, -3, 8, 3, 5, -2, 11, 4, 7, -3, 6, -1]
[0, 0, 0, 0, 0, 0, 0, -1, 0, 0, 1, 1, 1, 0, 0, -1, -1, 0, -1, 1, -1, 1, -1, -1, 0, 1, 0, 0, 1, 0, 0, 1, 0, -1, 0, 0, 0, -2, 0, 2, 1, 1, 1, -1, 1, -2, 1, -1, -1, 1, 0, 1, -1, -2, 0, -1, -2, -2, 0, 2, 2, 4, -1, 0, -1, 3, -1, -3, 2, 2, -2, 3, 1, -4, 2, -1, -1, -2, -1, 3, -1, 3, 0, -5, -3, 0, 0, -4, 1, 1, 3, 2, 1, -2, 1, -1, 1, 1, 2, 6, -1, 3, -2, -4, -1, -1, 2, -3, 0, 2, -1, 3, 4, -6, 1, 1, -2, -6, -1, 4, -1, 4, -2, -2, -1, 3, 0, -3, 4, 4, -3, 4, 0, -4, 0, 3, -1, -7, -2, 4, 1, 4, 0, -7, -3, -2, 4, -6, 0, 5, 1, 1, 2, -4, 2, -3, 0, -2, -1, 4, 2, 5, -3, -4, -4, 4, 2, -3, 2, 7, -3, 6, 4, -3, 5, 0, 0, -8, -4, 9, -3, 5, -2, -2, -2, 4, 0, -8, 1, 3, 2, 5, 2, -8, 1, -2, -6, -10, -3, 9, 0, 8, -3, -5, -2, -4, 4, -7, 3, 6, 5]
[0, 0, 0, 1, 0, 0, 0, 0, -1, 0, 0, 0, -1, 0, 0, 1, 0, 3, 0, 0, 0, 0, 2, 2, 0, 1, 0, 0, 1, 0, 1, 0, 0, 1, 0, -2, 0, 1, 1, 0, -2, 0, -1, 3, 0, 3, 0, 3, -1, 0, 1, 0, -1, 4, 0, 3, 0, 4, 0, 0, 0, 0, 1, 6, 0, 2, 0, 6, -4, 0, 1, 0, 0, 2, 0, 2, 0, 4, 4, 0, 2, 0, -1, 4, 0, 4, 0, 7, -1, 0, -3, 0, -1, 5, 0, 4, 0, 8, -1, 0, -4, 0, 1, 8, 0, 1, 0, 2, -3, 0, -1, 0, -8, 12, 0, 2, 0, 9, 4, 0, -1, 0, 4, 5, 0, 7, 0, 15, -1, 0, 5, 0, 0, 7, 0, 3, 0, 8, 3, 0, -3, 0, 3, 14, 0, 8, 0, 9, 0, 0, 1, 0, -5, 3, 0, 7, 0, 4, 2, 0, -4, 0, 6, 5, 0, 3, 0, 6, -11, 0, 6, 0, -5, 12, 0, 4, 0, 14, 2, 0, 3, 0, 1, 12, 0, 0, 0, 12, -6, 0, -1, 0, -1, 16, 0, 11, 0, 8, 9, 0, -2, 0, 6, 10, 0, 8, 0, 15, -1, 0, -3]
[0, -1, 0, 0, 0, 0, 2, 0, 0, 0, 1, 0, 0, 0, 0, -2, 0, 0, 0, 1, 0, 0, 0, 0, -2, 0, -3, 0, 0, 0, 0, -1, 0, 0, 0, 3, -3, 0, 0, 0, 1, 6, 0, 0, 3, 3, 2, 0, 0, 1, -6, 5, 0, 0, 3, -3, 0, 0, 0, -6, -3, 0, 0, 0, -4, 0, -6, 0, 0, -1, 0, -9, 0, 0, 0, 6, 3, 0, 0, 0, 6, -9, 0, 0, 6, -4, 9, 0, 0, 3, 6, 3, 0, 0, -5, -3, 9, 0, 0, 3, 0, 0, 0, 0, 3, -6, 0, 0, 0, 4, 0, -3, 0, 0, -5, 0, -6, 0, 0, 0, -3, 1, 0, 0, 0, 0, -3, 0, 0, -9, 3, 6, 0, 0, -3, -3, -5, 0, 0, 8, -3, 5, 0, 0, -6, 6, 0, 0, 0, -6, -1, 0, 0, 0, 3, 0, 3, 0, 0, 2, 0, 0, 0, 0, 0, 0, -8, 0, 0, 0, 3, 6, 0, 0, 9, 6, -9, 0, 0, 9, 0, -5, 0, 0, -1, 6, 1, 0, 0, 9, -4, 0, 0, 0, 6, -3, 0, 0, 0, -11, 0, 9, 0, 0, -6, 0, 9, 0, 0, 0, -3]
[0, 0, 0, 0, 0, -1, 0, 1, 0, 0, 1, 1, -1, -1, 0, 1, -1, 0, 0, 1, 0, 1, -2, -1, 0, -1, 0, -3, 1, 0, 1, 1, 4, 1, 0, 0, 0, -2, -1, 2, -1, 1, -1, -2, 1, 0, 1, -2, 0, 1, 0, 1, 2, -2, 0, -1, -2, -1, 2, 2, -1, 4, -1, -3, -1, 0, -1, 2, -3, 2, -1, 3, 3, -4, 2, 0, -1, -5, -2, 3, -1, 3, 0, 1, -3, 5, 0, -5, 0, 1, 3, 2, 0, -3, 1, -1, 1, -9, 2, 6, -1, 3, 0, -5, -1, -2, 2, -3, 6, 2, 2, 3, 0, 4, 1, 2, -2, 0, -1, 4, -4, 4, -7, -10, -1, 3, 0, -3, -3, 4, -5, 4, 3, -3, 0, -3, -1, -1, -1, 4, 7, 4, -3, -7, -3, -2, 4, -1, 3, 5, 3, 1, 2, -9, 2, -3, 0, -6, -3, 4, 5, 5, -3, -4, -4, 1, 2, -6, 7, 7, -3, 6, 4, -9, 5, -2, 0, 2, 2, 9, -6, 5, 1, -5, -2, 1, 0, -4, 1, 3, 2, 5, 1, -9, 1, -4, -6, -10, -9, 9, -1, 8, -1, -5, -2, 3, 4, -9, 3, 6, 2]
[0, 0, -1, 1, 0, 0, 0, 0, 0, 0, 2, 1, 1, 0, 0, -1, -1, 1, -3, 1, 1, 1, 1, 1, 0, -2, 0, 3, -1, 0, -1, 1, 0, 2, 0, 1, 0, -1, 3, 2, -1, 1, 1, 6, 1, 3, 1, -1, -1, 1, 1, 1, -2, 0, 0, 4, -2, 0, 0, 2, -1, 4, -2, 0, -1, 5, -1, 3, -2, 2, 1, 3, 0, -2, 2, 2, -1, 2, 5, 3, -3, 3, 4, -2, -3, 4, 0, 2, -2, 1, 3, 2, 1, 5, 1, 3, 1, 7, 5, 6, -5, 3, 1, 4, -1, 2, 2, 8, 3, 2, -8, 3, -4, 6, 1, 2, -2, 3, -1, 4, -2, 4, 2, -2, -1, 10, 0, 3, 0, 4, 2, 4, -6, 5, 0, 0, -1, 15, -1, 4, -2, 4, -3, 1, -3, 2, 4, -1, 0, 5, 10, 1, -3, 3, 2, 6, 0, 2, 1, 4, 7, 5, -6, 13, -4, 13, 2, 3, -4, 7, 1, 6, 5, 5, 5, 4, 0, 10, -5, 9, 0, 5, -1, 7, -2, 4, 0, 6, -6, 3, -3, 5, 3, 8, 1, 7, -6, -4, 12, 9, -3, 8, 3, 5, -2, 6, 4, 9, 4, 6, -1]
[0, 0, 1, -1, 0, 0, 0, 0, 0, 0, -1, -1, 0, 2, 0, 0, 1, 0, 2, -1, -1, -1, -3, 0, 0, 3, 0, 0, -1, 0, 2, -1, 1, 3, 0, 0, 0, 2, -2, -2, 0, -1, 0, -3, -1, -2, -1, 4, -3, -1, -1, -1, 1, 2, 0, 1, 2, 4, 5, -2, -2, -4, 1, 3, 1, -3, 1, 2, 2, -2, 0, -3, -2, 4, -2, 1, 1, 2, -3, -3, 1, -3, 0, 6, 3, -4, 0, 0, 1, -1, 0, -2, -2, 2, -1, 3, -1, 1, -2, -6, 1, -3, 0, 0, 1, 3, -2, 3, -3, -2, 7, -3, 1, 0, -1, 0, 2, 6, 1, -4, 3, -4, -5, 9, 1, -3, 0, 3, -1, -4, 1, -4, 6, 2, 0, 0, 1, -7, 5, -4, -4, -4, 6, 7, 3, 2, -4, 4, -6, -5, -5, -1, -2, 8, -2, 1, 0, 16, 3, -4, -11, -5, 3, 4, 4, -10, -2, 14, -6, -7, 3, -6, -4, 7, -5, 1, 0, 0, 7, -9, 3, -5, 2, 12, 2, 2, 0, 6, -1, -3, -2, -5, -7, -2, -1, 6, 6, 10, -9, -9, 1, -8, -1, 8, 2, 2, -4, 5, -3, -6, -5]
[0, 1, 0, 0, 0, 0, -1, 0, 0, 0, 0, -1, 0, 0, 0, 1, -1, 0, 0, 1, 2, 5, 0, 0, 1, 0, 3, 0, 0, 3, -2, 2, 0, 0, -1, -2, -3, 0, 0, 1, 0, 2, 0, 0, -1, 3, 0, 0, 0, 2, 1, -2, 0, 0, 3, 2, -7, 0, 0, 4, 4, 6, 0, 0, 2, 5, 7, 0, 0, 6, 1, 15, 0, 0, 1, -5, -2, 0, 0, 10, -7, 6, 0, 0, -9, 4, 0, 0, 0, -1, 0, 1, 0, 0, 2, 2, -4, 0, 0, 6, 0, 0, 0, 0, -2, 6, 0, 0, 0, 0, 6, 12, 0, 0, 3, 6, 2, 0, 0, 17, -4, 8, 0, 0, -5, 6, -3, 0, 0, 11, -1, 8, 0, 0, 3, 12, 3, 0, 0, 8, -1, 4, 0, 0, 6, -1, 2, 0, 0, 10, 3, 9, 0, 0, 1, 4, 3, 0, 0, 10, -6, 10, 0, 0, -11, 5, 4, 0, 0, 7, -5, 9, 0, 0, -2, 4, 0, 0, 0, 9, -9, 15, 0, 0, -4, 8, 4, 0, 0, -3, 8, 1, 0, 0, 2, 0, -3, 0, 0, 29, 3, 13, 0, 0, -7, 10, -1, 0, 0, 18, 7]
[0, 1, 0, 0, -1, 1, -2, -1, 1, -1, 0, 0, 3, 1, -2, 1, -1, 0, 0, -1, -1, -1, 1, 0, 0, 1, 1, 3, 3, 0, -2, 0, 1, 0, -2, -2, 0, 0, 4, 1, 0, -8, 6, 2, -6, -6, -5, 1, 3, -1, 5, -7, 3, 0, -6, 2, -6, 0, 4, 7, 4, -2, 4, 3, -2, 3, 1, -2, 10, 0, -2, 9, 6, 0, -6, -5, -11, 3, 6, -2, -8, 9, 8, -3, -18, 4, -14, 0, 8, -6, -2, -6, 10, 3, -3, 1, -19, 8, 12, -3, 0, 0, 6, 1, -14, 6, -8, 4, 9, -7, 0, 3, 16, -5, -5, 2, -6, -3, 8, -6, 5, 2, 10, 6, -13, 2, -9, 0, 16, 5, -4, -11, 9, 4, -8, 6, -7, 0, 9, -11, 3, -6, 12, -3, -8, -10, -12, 0, 12, 4, 3, 0, 16, 6, -15, -3, -18, 7, 13, -4, 2, -4, 9, 6, -15, 5, -8, 6, 18, 0, -7, -8, 21, 6, -20, -10, -8, -3, 9, -9, 0, 2, 15, 6, -17, 0, -15, -2, 19, -15, 6, 0, 18, 1, -17, 0, -26, 0, 15, 11, -2, -14, 13, 6, -10, -11, -23, 3, 20, 0, 7]
[0, 0, 0, 0, 0, 0, 1, 1, 1, -1, 2, 0, 1, 0, 1, 0, 1, 0, 1, 1, 3, 2, 0, 0, 3, -1, 1, 0, 3, 0, 2, 0, 5, 2, 2, 1, 3, 0, 3, 1, 3, 1, 4, 1, 6, 2, 4, 0, 4, 3, 2, -1, 6, 0, 6, -1, 6, 1, 6, 1, 4, 2, 4, 0, 5, 0, 1, 3, 5, 0, 8, 3, 8, 0, 6, 2, 9, 0, 5, 2, 7, 0, 8, 3, 9, 3, 10, -1, 7, -3, 10, 0, 9, 2, 6, 1, 11, -2, 12, 3, 10, 0, 8, 0, 10, 5, 8, 4, 15, -2, 6, 3, 12, 5, 7, 1, 9, 3, 8, 6, 11, 3, 5, -2, 13, 5, 12, 0, 9, -1, 9, 1, 12, 5, 7, -3, 15, 6, 10, 3, 21, 3, 9, -3, 13, 2, 12, 5, 15, 1, 14, 0, 16, 1, 15, 3, 18, 3, 11, 2, 16, 5, 9, 6, 15, -1, 9, 3, 23, 0, 11, 4, 21, 0, 16, 3, 10, 7, 15, 9, 15, 1, 18, 3, 18, 3, 15, 2, 19, 3, 12, 0, 17, 0, 19, -2, 26, 0, 9, 9, 21, 4, 15, 6, 20, 8, 19, 1, 20, 0, 19]
[0, 0, 0, 0, 0, 0, 0, 0, -1, 0, 0, 0, 0, 1, -1, -1, -2, -3, 0, 2, 0, 0, 3, 2, -1, -1, 4, 0, -5, -2, 0, -4, 1, -2, -3, 0, 0, -5, 3, 0, 0, -5, -1, 0, 8, -1, 8, -1, 0, -7, 0, -3, 5, -8, -1, -3, -6, 0, 4, -9, 1, -1, -11, -2, 10, 0, 0, 4, 6, 0, -1, 6, -1, -10, -5, -3, -5, 7, 4, -3, 0, -3, -15, -2, -3, -6, -10, -2, 8, 8, -1, 10, 10, -6, -10, -1, 5, -1, -19, -2, 2, -5, -3, 9, -6, -2, -8, -16, 0, 10, -2, -9, 8, 7, 2, -2, 20, -4, -22, -5, 0, -19, 14, -7, -11, -5, -1, -21, 13, -3, 3, -17, 6, 1, 22, -3, 22, -1, 6, -19, -4, -4, 9, -22, -1, -4, -10, -9, 12, -21, -2, -10, -23, -5, 28, -8, 6, 11, 15, -12, 5, 18, -1, -25, -17, -3, -17, 12, -2, -7, -4, -3, -29, -3, 6, -2, -10, -13, 11, 18, 0, 16, 16, -9, -10, -10, -13, -6, -30, -5, 1, -10, 12, 17, -23, -7, -21, -28, 2, 18, 2, 3, 19, 16, 5, -9, 36, -4, -33, -10, 0]
[0, 0, 0, 0, 1, -3, -2, 2, 1, 2, 1, 3, 0, -2, -1, 0, -2, 0, 0, 0, 2, 0, -5, -3, -1, 1, 2, -1, 3, 0, 3, -2, -2, 1, 2, 2, 0, 0, 4, 0, -6, -4, 2, 5, 3, 0, 3, 4, -1, -12, -5, 2, 6, 0, -6, 2, 0, 0, -8, -10, -1, 14, 4, -2, 6, 9, 3, -5, -14, 3, 7, 0, 2, 0, 12, -8, -16, -12, -2, 11, 6, 1, 8, 12, -3, -10, -25, -5, 5, 3, 0, 3, 7, 4, -13, -10, 10, 5, 12, 5, 9, 9, -2, -14, -16, -2, 14, 4, 6, 3, 6, -6, -20, -8, 0, 12, 12, 2, 8, 18, 2, -24, -26, -1, 10, 2, -2, 0, 4, 3, -31, -10, -3, 16, 11, 0, 12, 21, -3, -18, -27, -10, 12, -3, -1, -1, 24, 8, -24, -16, 13, 3, 16, -2, 12, 15, -6, -20, -29, -4, 16, 4, -3, 6, 3, 6, -17, -21, 1, 21, 12, -2, 21, 15, 12, -16, -13, 14, 21, 0, -3, 3, 21, -7, -30, -24, -10, 22, 19, -4, 14, 15, -6, -26, -49, -7, 8, 0, -7, 0, 13, 15, -35, -27, 4, 34, 14, -4, 20, 18, -6]
[0, 0, 0, 0, 0, 1, 0, 0, -1, 0, -2, 0, 0, 1, 1, 0, 2, -3, 0, -2, 2, 0, 3, 2, 1, 0, -4, 0, -5, 2, 0, 4, 1, -2, 3, -4, 0, -5, 3, 0, 3, 5, -1, 0, -8, 0, -8, -1, 0, 7, 5, 3, 5, -8, 1, -7, 6, 0, 4, 9, -1, 1, -11, -2, -10, 1, 0, 4, 6, 0, 6, -6, -1, -10, 5, 0, 5, 7, 4, 3, -14, 3, -15, -2, 3, 10, 10, -2, 8, -8, -1, -10, 10, -6, 10, 9, -5, -1, -19, 2, -16, 5, -3, 9, 6, 4, 8, -16, 0, -10, 9, 9, 8, 7, -2, 3, -20, -4, -22, 5, -3, 19, 14, -7, 11, -17, 1, -21, 13, 3, 14, 17, 6, 1, -22, 2, -22, -1, 6, 19, 10, 4, 9, -22, 1, -20, 10, -9, 12, 21, -5, 10, -23, -5, -28, 1, -6, 11, 15, 12, 17, -18, -1, -25, 17, 9, 17, 12, -2, 7, -32, 3, -29, -3, -6, 17, 10, -13, 11, -18, 0, -16, 16, -9, 10, 22, 13, -6, -30, 5, -31, 10, 12, 17, 23, -4, 21, -28, 2, -18, 19, -3, 19, 16, -5, -2, -36, -4, -33, 10, -3]
