56 2 3 20 19
[1, 0, 0, 0, 0, 0, 0, 0, -1, -2, -1, 0, 1, -1, -1, 0, 0, -1, -1, 0, -2, 1, 0, 2, 0, 2, 1, 0, -1, -1, 2, 2, 1, 2, -2, 0, 0, 2, -2, -4, -1, -3, 1, -2, -1, 7, -1, -4, -2, -3, 0, -8, -2, -2, 0, 2, -3, 2, -1, -10, 3, -10, 4, 2, -1, -8, 2, 2, -4, 3, 1, 0, 0, -8, -2, 10, 0, -2, -2, 6, 2, 7, -3, -2, 0, 2, -4, 10, -2, 4, 10, -4, -2, 14, -6, -10, 0, -5, -5, 2, 2, 7, -6, -12, -4, -1, -6, -12, 3, -13, 1, 10, -4, -9, 2, -12, -4, -6, -12, -4, 7, -16, -8, 8, -5, 1, 1, -2, -6, -14, -7, 6, 4, -1, 2, 26, -6, 7, 1, -8, -2, 0, -4, 8, 2, 12, -12, -4, -2, 10, 14, -14, -1, -7, -1, -2, -4, 12, 5, -12, 1, -1, 8, -20, 0, -3, -10, -4, 6, -8, 0, -16, -4, -16, 12, 6, -10, -22, 0, 10, 12, -2, -9, 0, -5, -23, 18, 8, -14, 9, -10, 12, -1, 7, -9, -8, -2, -7, 3, 16, 0, 22, 0, -10, -2, 22, -9, -4, -10, -9, 6]
[0, 0, 0, 0, 0, 0, 0, 1, 0, 0, -1, 0, 1, -1, 0, 0, 0, 1, 1, -1, 0, 0, 0, 0, 1, 0, 1, 1, -1, 1, 1, -1, 0, 0, 0, 2, 0, 0, -1, 0, 1, -1, 1, 0, -1, 3, 0, -1, 0, -1, 0, 1, 2, 1, 1, 1, -2, 2, 1, -2, 1, 0, 2, 1, 0, 0, 0, 0, 0, 2, 2, 0, 0, 2, -2, 2, 0, -1, 0, 2, 2, 1, -1, 0, 0, -1, 0, 0, 1, 0, 4, 1, 2, 0, -3, 1, 2, 1, 1, 1, 2, 0, 3, 0, 0, 1, 0, 1, 3, -2, 0, 3, 0, -1, 2, 0, 0, 2, 0, 0, 4, 0, 0, 2, -1, 0, 3, 2, 0, 2, 1, 0, 0, -1, 0, 2, 1, 1, -1, 0, 0, 3, 0, 0, 2, 4, 0, 0, 0, 0, 4, 1, -1, 3, 3, 0, 4, 1, -2, 6, 0, 1, 2, 0, 0, 4, -2, -1, 5, -2, 0, 4, 0, 2, 2, 2, 0, 2, 0, 2, 4, 0, -1, 1, 1, -1, 6, 0, 0, 4, 4, -3, 2, -1, 3, 5, 2, 1, 3, -1, 0, 4, -4, -1, 2, 4, 6, 2, -2, -1, 4]
[0, 0, 0, 0, 0, -1, 1, -1, 1, 0, 0, 0, -1, 2, 0, 1, 0, 0, -2, 0, 0, 0, 0, 1, 0, 0, -1, 0, -2, 0, 0, 0, 0, 0, 1, 0, 0, -1, 0, 0, 1, 0, 1, 0, 1, 0, 2, -1, 0, 0, 0, 0, 0, -2, 0, -1, 1, 0, -1, 0, 2, 3, -2, 2, -2, 0, 0, 0, 2, -5, -1, -2, 0, 0, 4, 0, -1, 2, -1, -3, 0, 0, 3, 0, 4, -1, 0, 0, -2, 0, -3, 0, -1, 3, 0, 2, -2, 0, -1, 0, -2, 0, -4, 5, -2, 0, 0, 0, 0, 6, -1, 1, -2, 0, 2, 0, -4, 0, -1, 2, -1, 0, 0, 0, 3, -1, 2, -2, 0, 0, 2, 0, 2, -5, 1, 1, 0, 0, 1, 0, 3, 1, 0, 0, 4, 0, 0, 0, 2, -1, 0, -6, -1, 0, -2, 0, -2, 0, -2, -7, 4, 0, 1, 0, 0, -2, 2, 2, 0, 0, 2, 0, 0, -5, 1, -4, 2, 0, 0, 0, -6, 6, 1, 3, -1, 0, -4, 0, 3, -1, 3, 3, 0, 0, -7, 0, -6, 4, 1, 0, 0, 0, 5, 0, 1, -4, 0, 4, 2, 0, -1]
[0, 0, 0, 0, 0, 1, 0, 0, -1, 0, 1, 0, 1, 0, 0, 0, 0, 0, 1, 0, 0, 1, 0, 1, 1, 0, 1, 0, 1, 0, 1, 1, 1, 0, 0, 0, 2, 1, -1, 2, 0, 0, 1, 0, 1, 2, 0, 3, 1, 0, 0, 0, 0, 3, 1, 2, 1, 0, 1, 0, 1, -1, 2, 4, 3, 0, 0, 0, 0, 4, 2, 4, 2, 0, 0, 0, 2, 1, 4, 1, 1, 0, -1, 0, 0, 6, 0, 4, 1, 0, 4, 0, 0, 5, 5, 1, 3, 0, 1, 0, 2, 3, 3, -1, 2, 0, 4, 0, 3, 1, 4, 6, 2, 0, 2, 0, 2, 8, 0, 1, 5, 0, 2, 0, -1, 4, 3, 4, 2, 0, 1, 0, 4, 7, 0, 9, 1, 0, 5, 0, 2, 6, 4, 2, 2, 0, 0, 0, -2, 3, 4, 7, 4, 0, 3, 0, 2, 5, 6, 11, 2, 0, 2, 0, 6, 9, -2, 4, 5, 0, 6, 0, 4, 7, 6, 8, -1, 0, 0, 0, 8, 4, -1, 8, 2, 0, 8, 0, 0, 10, 0, 5, 4, 0, 3, 0, 8, 0, 3, 9, 4, 0, 4, 0, 8, 6, 2, 12, 2, 0, 4]
[0, 0, 0, 0, 0, 0, 0, 1, 0, 0, -1, 0, 0, 0, 0, -1, 1, 0, 1, 0, 0, -1, 1, 0, 0, 0, 0, 0, 1, 2, -1, 1, 0, 0, 1, 0, -2, 0, 2, 0, 0, 0, -2, 0, 0, 0, -1, 0, 0, 0, 2, 0, 2, 1, 1, 1, 0, 0, 0, 0, -1, 2, -1, -2, 1, 0, 2, 0, 0, 1, 2, 2, -2, 0, -2, 0, 1, 3, -3, 4, -1, 0, 2, 0, 0, -3, 4, -2, 2, 0, -3, 0, 5, 0, -4, 1, 1, 0, 6, 0, 0, 1, 4, 2, 2, 0, -4, 0, -3, 1, -3, -1, 1, 0, 4, 0, 4, -4, 6, 3, -2, 0, 0, 0, 2, 1, -5, 6, 1, 0, 3, 0, -2, 4, 4, -8, 4, 0, -6, 0, -3, -1, -4, 4, -2, 0, 6, 0, 4, 6, 2, 5, 0, 0, -1, 0, 2, 5, -3, 2, -1, 0, 3, 0, 0, -3, 8, 4, 0, 0, -8, 0, 0, 6, -7, 0, 4, 0, 8, 0, 0, 2, 8, -5, 4, 0, -6, 0, 3, -5, -2, 6, -1, 0, 12, 0, 0, 6, 6, 5, 0, 0, -5, 0, -7, 2, -1, -6, 2, 0, 1]
[0, 0, 0, 0, 0, 1, 0, 0, -2, 0, 1, 0, 1, 0, -1, -2, 0, 0, 1, 0, 0, -1, 0, 1, 1, 0, 1, 0, 1, 0, 0, 1, 0, 0, 0, 0, 0, -1, -2, 0, -1, 0, -1, 0, 1, 0, -1, 1, 0, 0, 0, 0, 0, 1, 0, 0, 0, 0, -1, 0, -1, -3, 0, 2, 4, 0, -2, 0, -2, 0, 3, 4, 0, 0, -2, 0, 0, 1, 2, -3, -2, 0, -3, 0, -2, 2, 0, -2, 1, 0, 0, 0, 2, 3, 4, -1, 2, 0, 3, 0, -2, -1, 2, -5, 0, 0, 0, 0, -3, -3, 1, 0, 0, 0, 2, 0, 2, 0, 0, -5, 2, 0, 0, 0, -3, 0, -1, 4, 0, 0, -1, 0, 0, 5, -2, 1, 1, 0, -1, 0, -2, -2, 0, -4, -2, 0, 0, 0, -4, -1, 2, 3, 1, 0, -1, 0, -2, 3, 1, 7, 0, 0, -2, 0, 6, 1, -2, 0, 1, 0, 2, 0, 0, 5, 0, 0, -4, 0, 0, 0, 6, 0, -3, -6, -1, 0, 2, 0, 0, -4, -6, 3, -2, 0, 7, 0, 4, -8, 1, 9, 0, 0, 0, 0, -2, -4, -5, -2, -2, 0, -4]
[0, 0, 0, 0, 0, 0, 0, 0, 0, 0, 0, -1, 0, -1, -1, 1, -1, -1, 0, -1, 0, 2, 0, 0, -1, 0, 0, 0, 0, -1, -1, 0, 1, -2, 0, -1, 0, 2, 1, -1, -1, -3, -2, -2, -2, -1, -3, 1, -1, -1, 0, -1, -2, 3, 1, 1, 0, -2, -2, -2, 2, -2, 0, -1, -2, -2, 2, -4, -2, 2, -1, 0, 0, -4, -6, 0, -2, -1, -2, 2, 0, -1, 2, -4, 0, 3, 0, 3, -1, -4, 0, -6, -4, -2, -3, -1, -2, -3, -2, -2, 0, 2, 1, 2, -2, -1, -4, -5, 0, 0, -3, 3, -1, -7, 0, -3, -2, 4, 0, 1, 0, -6, -6, -5, -4, 0, -4, -2, -1, -4, 2, -6, -4, 1, 2, 2, -5, -5, -6, -6, -2, 1, -4, 3, 0, -4, 0, -5, 0, 0, 2, 2, -1, -3, -4, -4, 2, -1, -7, 0, -3, -7, 4, -8, -6, 2, 0, 0, -1, -6, -4, -5, -4, 2, -6, 4, -5, -6, 0, -5, 2, 2, 2, 5, -3, -5, -2, -8, -2, 4, -8, -3, -1, -11, -4, -2, -2, 1, 2, -2, -4, -6, -12, -8, -2, 4, -9, 5, -6, -11, 8]
[0, 0, 0, 0, -1, 0, 1, -1, 0, 1, 0, 0, 0, 1, 0, 0, 0, 0, 0, -1, 0, -1, 0, -1, 0, 0, -1, 1, -1, -1, 0, 0, 1, 0, -1, 2, 0, -3, 0, 0, 0, -1, -1, 0, 0, 0, 0, 0, 1, 1, 0, 3, 0, -2, 0, -1, 0, 2, -1, 0, 3, -1, -4, -1, -1, 1, 0, 0, -1, -4, -1, -2, 0, 0, -2, 4, -1, -1, -1, -3, -1, 2, 3, -2, 3, -1, 0, -2, -4, 0, 3, -1, -1, 1, -2, -4, -1, 3, 3, 3, -2, -4, 0, -3, -4, 4, -2, -1, -1, 0, -1, -3, -2, -1, 2, 2, -2, -2, 3, -1, 2, -1, -2, 4, 0, -2, 2, -4, -2, 4, 4, 0, 0, -4, 1, -1, 0, 2, -3, 2, -3, -3, -4, -6, 0, 5, -4, 2, 0, -2, 4, -4, 0, 7, -6, 2, 2, -4, -4, -7, -2, -2, 3, -2, -2, -4, -2, -3, 2, 0, -2, 6, -4, -7, -3, -4, -3, 3, 0, 4, 4, -6, -3, -3, -2, 4, -2, 0, 1, -3, -3, 0, 2, -2, -3, 11, -5, -5, 5, -4, 4, 7, -3, 1, -1, -5, -6, 0, -2, -3, 5]
[0, 0, 0, 0, 0, 0, 0, 0, -1, 1, 1, 0, 1, 0, -1, 0, 0, -1, 1, 0, 1, 1, -1, -1, -1, 0, 2, 0, 1, 0, 0, 3, 0, 0, -1, 0, 0, -1, 1, 0, 0, 0, -2, 0, 1, 1, 0, -1, 2, 2, 2, 2, -2, 1, 2, 0, 1, 0, 0, 2, 1, -3, -1, 0, 2, 1, 0, 0, -1, 2, -1, 2, 2, -2, -2, 2, 0, 2, 5, -1, -2, 1, -2, -2, 1, 2, 0, 2, 1, 0, 3, -2, 0, 3, 3, 1, 2, 2, 2, 2, 0, -4, 3, 1, 0, 3, -4, -2, -1, -2, 0, 0, 4, 0, 0, 2, 0, 4, 2, -1, 3, -1, 4, 2, -3, 2, 5, 2, 0, 2, 1, 0, 1, 1, -2, 5, 3, 1, 0, 2, 0, 0, 0, -6, 2, 1, -2, 2, 1, 2, 4, 1, 0, 4, -1, 2, 2, -1, -2, 7, -2, -3, 5, -2, 4, 4, 0, 0, 1, 2, 2, 2, 0, 5, 1, -2, -4, 1, 0, 2, 6, -2, -2, -2, 0, 5, 6, 0, 2, -1, 0, 5, 6, -1, 2, 6, 4, -4, 4, 3, 0, 3, 1, 2, 2, 1, -6, 2, -4, -2, 7]
[0, 0, 0, -1, 0, 0, 1, 0, 0, 1, 0, -1, -1, 0, 1, 1, -1, -1, 0, 0, -1, 1, -1, 0, 1, 0, -2, 1, -2, 0, -1, 0, 1, 0, 0, -1, 2, -1, 0, 0, 1, -4, -2, -2, -1, 3, -4, 1, -1, -4, 2, 2, 2, 3, 3, 2, 2, -4, 0, -3, 4, -1, -1, 1, -2, -3, 0, -3, -3, 0, 0, 0, -2, -2, -4, 0, -1, 0, 0, 2, -2, 1, 0, -4, 1, 2, 0, 2, -3, -4, 4, -3, -3, 3, -6, -2, 0, -2, 2, -3, 0, 0, 2, 2, -4, 5, -6, -6, 0, 2, -3, 6, -3, 2, 4, -5, -2, 6, 1, 3, 0, -5, -4, -4, -1, 0, -2, 0, -1, -2, 4, -7, -1, -1, -1, 4, -1, -7, 2, -6, -1, 4, -4, 0, 4, -5, -2, -1, -5, 2, 8, 2, -3, 0, -6, -2, 4, 1, -4, 2, -1, -13, 8, -11, -6, 4, 0, 1, -3, -12, -6, 2, -4, 1, -4, 4, -1, -9, 0, -7, 8, 2, -2, 6, 1, 1, -4, -9, -3, 7, -1, 1, 7, -9, -2, 3, -2, 2, 8, 0, 0, -7, -12, -11, 5, 5, -10, 12, -6, -12, 10]
[0, 0, 0, 0, 0, -1, 0, -1, 1, 1, 1, 1, -1, 1, 0, 0, -1, 0, -1, 1, 2, -1, 0, 0, 0, 0, -1, 0, -1, -1, -1, -1, -2, 2, 0, 1, 0, 0, 1, -1, 1, 3, 1, 2, 1, -4, 4, -3, 2, 3, 0, 3, 0, -6, -1, -4, 1, 2, -1, 4, -1, 2, -2, -1, -1, 3, 0, 4, 2, -5, -2, -4, 2, 2, 6, 2, -2, -1, 0, -6, -1, 2, 1, 2, 2, -4, 0, -3, 0, 4, -4, 4, 0, -4, 3, 2, -1, 5, -1, 4, -2, -2, -3, 0, 0, 4, 2, 3, -1, 0, 0, -8, 1, 7, -2, 5, -2, -8, 0, -4, -3, 5, 0, 7, 5, -3, 5, -6, 3, 6, -1, 6, 0, -7, 0, -4, 0, 6, 3, 8, 4, -6, 4, -3, 2, 5, 0, 7, 2, -7, -4, -11, -1, 7, -1, 6, 0, -6, -2, -12, 1, 4, -2, 6, -2, -8, 2, -4, -4, 8, 6, 7, 0, -10, 2, -10, 4, 7, 0, 7, -6, -2, 1, -6, -1, 10, -2, 8, 8, -10, 4, -5, 1, 10, -3, 8, -4, -3, -3, -7, 0, 9, 10, 10, 0, -11, -2, -13, 4, 9, -4]
[0, 0, 0, 0, -1, 1, 0, 0, 0, 0, 0, 0, 1, 0, 1, 0, 0, 0, 0, -1, -1, 0, 1, 0, 0, 0, 1, -1, 1, 0, -1, 0, 3, -2, -1, 1, 0, 1, 0, 2, -2, -2, -1, 0, 1, 0, 2, 4, 1, 2, -2, -1, 0, 2, -3, 2, 0, 0, 3, 0, -1, 1, 1, 0, 1, -2, 0, -2, 2, 3, -1, 2, -2, 0, -2, -2, 2, 0, -1, 4, 1, -4, 3, 0, -2, 3, 0, 2, 0, 0, 3, -2, 0, 1, 2, -2, -1, 4, 1, -2, 2, 4, -2, -2, 2, -8, 6, -1, 1, 2, 4, 2, 0, -4, -2, -2, 2, 2, 2, 4, 0, 2, 2, -2, -1, 3, 0, 2, 2, -4, 0, 1, 1, 7, 2, 0, 0, 4, -3, 0, 0, 3, 4, 6, -8, 0, -2, -8, 1, 5, -4, 8, 6, -10, 6, -3, -2, 4, 6, 2, -4, 2, -5, -1, 2, 2, -2, 4, 4, 2, -2, -6, 4, 3, -3, 8, 1, -8, 0, 4, -4, 0, -1, 6, 6, -4, 6, 1, -2, 7, -2, 4, -2, -4, -1, -8, 7, 4, -3, 4, 4, -2, 3, 2, 0, 6, 6, 6, 6, 4, -5]
[0, 0, 0, 0, 0, 0, 1, 0, 0, 0, 0, -1, -1, 1, -1, 0, 0, 0, 0, 0, 2, 0, 0, 1, 0, 0, 1, 1, -2, 1, 1, 1, 1, -1, -3, -1, 0, 0, 1, 1, 2, -1, 3, 0, 1, 1, -1, 1, -5, -1, 0, -2, 2, 1, -3, 1, 6, -2, -1, -2, -2, 2, 6, 2, 1, 0, -2, 4, 0, 0, -4, 2, -2, -1, 4, -2, 7, 3, 1, 1, -3, -2, 3, -6, -4, 1, 0, 1, 2, 1, -7, 1, 1, 4, 3, 2, 3, -1, 7, -3, 2, 2, -3, 3, -8, -1, 2, 2, 0, 4, 0, 3, 4, 1, -2, 3, -2, 2, 7, 3, -2, -4, 0, -13, -3, 2, -4, 4, 2, -4, 2, -2, 6, 3, -1, 1, 2, -2, 5, 6, -5, 3, 4, 3, 4, -2, -8, -5, 0, 4, -2, 3, 2, -1, 6, -2, 2, 5, 3, 3, -2, 0, -3, -4, 6, 2, -2, 5, 2, 0, 6, -11, 4, 4, 7, 2, 3, -7, 0, 11, -8, 6, -7, 3, -2, 0, 0, 4, 9, 2, 3, 7, -2, 0, -1, -17, 0, 5, 1, 7, 0, -11, 3, -1, 1, 2, 7, 5, 6, -1, -5]
[0, 0, -1, 1, 0, 0, 1, 0, 0, 0, 0, 0, 0, 1, -1, 0, 2, -1, 0, 0, 0, -1, 1, 2, 2, 0, 0, 0, 0, 1, 3, -2, 0, 0, 1, -1, 0, -2, 0, 1, 0, 3, 3, 0, -2, 5, 0, 0, 0, 3, 0, 0, -2, 0, 1, 1, 0, 2, -2, 3, 4, 2, -1, 6, 0, 4, 2, 1, 2, -3, 0, 0, 0, -4, 2, 4, 2, 0, 2, -2, -2, 3, 2, -2, 6, 0, 0, -1, -2, 0, 2, -3, 2, 6, 2, 1, 4, -3, 1, 5, 4, 1, 2, 0, 0, 5, 1, 0, 8, 3, 1, 7, -2, -5, 7, 6, -2, 4, -3, 0, 8, -4, 0, 3, -2, -1, 4, 2, 4, 4, 4, 0, 4, -3, -3, 6, 4, -1, 3, 2, 0, 6, -2, -1, 8, 2, -1, 6, 0, -2, 4, -2, -2, 11, -3, 3, -2, 4, 0, 4, 4, 1, 5, 2, -2, 5, 2, 1, 8, 6, 7, 1, 0, -2, 8, 2, -4, 12, -2, 0, 10, 6, 6, 5, -10, 3, 2, 0, 2, 7, 1, 0, -4, 1, -2, 9, -6, 1, 8, 4, 4, 6, 3, 3, 6, 0, 2, 11, 4, -5, 5]
[0, 0, -1, 0, 0, 1, 0, 1, -1, 0, 0, 1, 1, -1, 1, -1, 2, -1, 1, 0, -2, 0, 0, 1, 1, -2, 1, -3, 1, 1, 0, 0, 1, 0, 0, -1, 0, -1, 0, -1, 0, 3, -1, 0, -1, 3, -1, 3, -1, 1, 0, -2, 0, 7, 0, 4, -1, -2, 3, 2, -1, -3, 2, 0, 3, 0, -1, 2, -2, 1, -1, 4, -6, -2, -1, -4, 6, 1, 2, 5, -3, -5, -3, -2, 0, 2, 0, -1, 1, 0, 2, -1, 2, 3, 2, -5, -1, -1, 2, -3, 6, 2, 0, -1, 6, -5, 2, -2, 1, 0, 3, 8, 4, 1, 1, -1, 2, 4, -4, 2, -1, 0, 5, -1, 1, -1, -3, 6, 6, -4, -1, 0, 0, 6, -2, -3, 5, -1, 2, 2, -6, 2, 2, 3, -6, -2, -2, -3, -2, 5, -4, 10, 6, -5, 5, -2, -8, 7, 9, 7, -6, -3, -4, 0, 2, 2, -4, 3, -3, 0, -3, -7, 4, 9, 0, 8, 1, -4, -1, -3, -2, 4, 5, 0, 0, -1, 3, 0, -4, 3, 0, 3, -4, 3, 5, -9, 12, 1, -1, 8, 4, -6, 2, 1, 0, 6, 5, 9, -2, 1, -7]
[0, 0, 0, 1, 0, 1, 0, 0, 0, -2, -1, -1, 1, -1, -2, 1, 0, 1, 1, -1, -1, 1, 3, 1, 1, 0, 0, 0, 1, 1, 1, -1, 1, 0, 1, 0, 2, 1, 0, 0, 1, -3, 2, 0, -5, 1, -5, 6, -5, -3, 2, -5, 0, 4, 5, 0, -2, 6, -8, -5, 3, 3, -3, 3, 3, -2, 6, -3, 1, -2, 6, 6, 0, -2, -6, 6, -4, 0, -1, -1, 5, 1, 10, -6, 3, 9, 0, 4, -1, 0, -7, -3, 4, -3, -4, -1, 5, -13, 2, 7, -4, 7, 6, 5, -6, 1, 4, -5, 5, 3, 1, 0, -2, -7, 4, 1, 2, 10, -2, 2, 14, -14, -12, -4, 5, -4, -9, 8, -8, 2, 7, 0, -9, 6, 16, -1, -5, -7, -2, -14, -4, 13, -16, 8, 2, 6, 2, -1, 9, -5, 14, 7, 9, -3, -9, 3, 0, 6, -7, 11, -2, 1, 19, -10, -2, 1, 12, -3, 9, 2, -8, 2, -4, 13, -13, 10, 3, 0, 8, -7, 18, 0, 10, 20, -15, -9, -10, 0, -8, 10, -6, -8, -2, -9, 16, -7, -6, 13, 4, 7, 0, 10, -25, -11, 10, -2, -5, 6, 8, -23, 17]
[0, 0, 0, 0, 0, 0, 0, 0, 0, 1, 1, 1, 1, 0, 1, -1, 0, 1, -1, 2, 0, -1, 0, 0, 1, 2, 3, 1, 1, 0, 0, 0, 2, 2, 0, 2, 0, -1, 0, -1, -1, 2, 1, 4, 3, -1, 5, -1, 2, 6, 0, 4, 2, -1, -2, -1, 2, 4, 5, 6, -1, -1, 4, -1, 4, 3, -2, 4, 4, -2, -1, 0, 0, 6, 4, 2, 2, 0, 6, -2, 0, 3, -1, 8, 0, -2, 0, -3, 5, 8, 4, 8, 4, -1, 8, -1, 2, 12, 1, 6, 2, -2, -4, -2, 4, 1, 8, 8, 1, -2, 7, -3, 4, 10, -2, 7, 4, -4, 0, -3, 0, 13, 10, 9, 3, -2, 9, 0, 6, 8, -3, 13, 4, -1, -2, -4, 7, 15, 7, 12, 6, -4, 12, -3, -2, 7, 0, 7, 4, -2, -6, -2, 7, 2, 13, 9, 0, -1, 11, -2, 2, 15, -6, 13, 8, -4, 2, -2, 3, 18, 8, 9, 8, -1, 8, -4, 6, 7, 0, 17, -4, -2, -1, -7, 9, 13, 16, 17, 6, -7, 10, -1, 4, 15, 1, 6, 10, -4, -5, 0, 4, 15, 16, 20, 4, -5, 13, -7, 10, 24, -12]
[0, 0, 0, 0, 0, -1, 1, 1, 0, 0, -2, -1, 1, 0, -1, -1, 0, 0, 0, 0, -1, 1, -1, 1, 0, 0, 2, -1, -2, -2, -1, 0, 1, 2, 0, 1, -2, 1, 2, -1, 0, -8, -2, 2, -3, 2, -2, -7, -1, -2, 2, -2, 2, 3, 1, 6, -2, 8, -4, -4, 4, -9, -1, -2, -2, -6, 4, -4, -3, 8, 0, -8, -2, -2, -6, 10, -1, -1, 0, 9, -1, 0, -4, -12, 3, -10, 4, -3, -2, 4, 4, -3, 1, 9, -14, -1, 0, -10, 2, 13, 0, -5, 0, -7, -4, 4, -10, -14, -2, -3, -1, 18, -2, 4, 12, 1, -6, -6, 1, 0, 4, -18, -10, -3, -5, 8, 0, -12, -4, 6, 0, 6, -1, -5, -1, 9, 0, -4, 0, -18, -5, -16, -16, -5, 4, 12, -2, -1, 3, 13, 16, -2, -4, -12, -6, 12, 8, -3, -6, -11, -3, -6, 8, -24, -10, 9, -8, 11, 4, 8, -16, 11, -4, -15, -8, -2, -7, -16, 8, -3, 8, 14, 0, -24, -2, 2, 10, 8, -7, -2, -1, 13, 4, -12, -10, -11, -6, -20, 22, -6, -4, 22, -20, -11, -7, 18, -16, 13, -12, -32, 14]
[0, 0, 0, 0, -1, 1, 0, 0, -1, 1, 1, -1, 1, -1, -1, 0, -1, 0, 1, -2, 0, 0, 1, 0, 2, -2, 0, -1, 0, 1, 0, 2, -1, -2, -3, 1, 2, 0, 1, -1, -1, -5, -2, 0, -1, 4, -4, 2, -1, -1, 2, 2, 2, -1, 0, -1, -1, 2, -2, 0, -2, -2, -5, 2, 4, -1, 4, -6, -3, 0, 1, 6, 2, 0, -10, 0, -5, 0, 3, 0, 2, -6, 0, -10, -1, 7, 0, 7, -6, -4, 1, -5, 3, 4, 3, -5, 0, -5, 4, 3, 0, 5, -1, -4, -8, 0, 2, -6, 6, -7, -2, -3, -1, -1, 4, 3, -6, 2, -2, -2, 9, -7, 0, -9, -5, -2, 1, 8, -1, 6, -3, -6, -8, 5, 6, 10, 4, -10, -8, -10, -3, 9, -4, 5, -10, -1, -10, -5, 2, 1, 16, -2, -1, -5, -7, 2, 6, 9, -14, 6, -11, -10, 11, -10, 6, -3, -4, -7, 2, 0, 0, 9, -12, 4, -13, 6, 1, -3, 8, -11, 6, -10, -4, 11, -3, 6, -10, -8, -9, 7, -2, 2, 13, -20, 4, -3, 1, 5, 10, 14, -8, -5, -19, -9, 9, 5, -2, -7, -6, -23, 9]
[0, 1, 0, -1, 0, -1, 0, 1, -1, 1, -1, 0, -2, 0, 2, -1, 2, -1, 1, -1, -1, -1, 0, -2, -1, 0, -1, 1, 1, 0, -1, 1, -1, -1, 2, 2, 0, -2, -1, -1, 2, 2, -7, -2, 2, 1, -2, -6, 5, -1, -4, 5, -2, -1, -3, 2, -3, -7, 7, 5, 1, -4, -2, -6, -11, 1, 0, 1, -7, 3, 2, -6, 0, 2, -2, 0, 1, 0, 0, 6, 1, 3, -3, 6, 3, -11, 4, -5, -1, -3, 10, -7, 3, 2, -9, -2, -1, 6, -1, -7, 2, -8, 3, -4, 8, 6, -22, 1, -7, -4, -10, 2, -6, 0, 6, -12, 0, -10, 4, 1, -17, 11, 12, 3, -10, 3, 3, -6, 2, 0, 1, -9, 3, -6, -4, -4, 5, -1, -5, 4, -1, -13, 0, -7, 2, -3, 8, 12, 1, 9, -4, -3, -12, 10, -3, 0, 2, -5, -4, -10, 4, -6, -12, 9, -8, -2, -10, 3, -9, -11, -10, 13, -4, -10, 2, -8, -9, 8, 0, 0, -8, -2, 3, -22, 16, -1, -2, -5, 1, -10, 4, 8, 4, 1, -7, 21, 2, -10, 7, -9, 0, -14, 4, -7, -11, 7, -8, -5, -14, 9, -2]
