52 2 31 18 17
[1, 0, 0, 0, 0, -1, 1, -1, 0, -1, -1, -1, 0, 1, -1, 1, -1, 1, 0, 3, -1, 2, -2, -1, 0, 1, 0, 0, -1, -1, 1, 3, 1, 2, 1, 0, 1, 4, 1, 1, 0, -6, 1, -2, 0, -4, -1, -5, -1, 1, 1, -2, -1, -3, 1, 1, 0, -4, -1, -7, 1, -2, 3, -5, 0, -1, 3, 7, 2, 1, 1, 6, 1, 8, 4, 0, 1, 1, 1, 3, 0, -2, -5, 9, -1, 10, -2, 3, -2, 10, -5, -1, -1, -4, -5, -2, -1, -10, 1, -9, 0, 6, -2, -3, -2, -1, -3, 6, 0, -13, -1, -8, 0, -2, -4, -14, -1, -2, -5, 13, 0, 2, -2, 8, 3, 12, -3, -7, 0, 5, 0, 6, 5, -6, 8, 11, 0, 16, 1, 6, 0, 10, 10, -2, 1, -18, 9, -2, 4, -18, 0, -17, 3, 2, 1, -4, 1, -6, 1, 3, 1, -18, -2, -17, -5, -1, 8, -19, 2, 0, 9, 15, -1, 9, 1, 21, -2, 14, 9, -8, -5, 7, -4, 6, 1, -3, -6, 20, -5, 16, -2, 9, 0, 20, -10, 2, 2, -25, -11, -9, -2, -16, 6, -24, 1, 4, -3, -6, 0, -4, 0]
[0, 0, 0, 1, 0, 0, 0, 0, -1, -1, 0, -1, 0, 1, -1, 0, 1, 0, 1, -2, 0, 1, 2, 0, 0, 0, -1, 1, 1, 0, 0, 0, 1, -1, 1, 1, 0, 0, 0, 0, -1, -1, -3, 0, -1, 1, -1, 0, -1, 0, 1, 0, 0, 0, -2, -2, 0, 0, -1, 2, -1, 0, 0, 2, 0, -1, 4, 1, 1, 0, 0, 4, 2, -1, -3, 0, 0, 0, 2, -2, 0, 0, 0, -1, 0, 1, 2, -2, 0, 1, 0, -3, 2, 2, 1, 0, -2, 0, 1, -2, -2, 0, -2, 0, 1, -1, 3, -2, 0, 0, 1, -4, 3, 4, 0, 1, 0, -2, -4, -2, -1, 0, -2, 0, -2, -3, 2, 0, -1, 0, -1, 1, -3, -2, 0, 2, -3, 2, -3, 5, 0, -1, 0, 6, 2, 1, 6, 0, 4, -3, 0, 4, 2, 0, 1, 0, 1, 0, -1, 4, 0, 1, -2, 1, 2, 0, 0, -2, 0, 1, -1, 0, -3, 0, 1, 0, -5, 2, -4, 0, 0, 0, 0, -2, 1, 3, 0, 1, -1, -1, -2, -10, 0, -2, 0, -2, -4, -4, 0, 0, 6, -1, 2, -1, 7, 0, -3, 0, -4, 4, 1]
[0, 0, 0, 0, 0, 0, -1, 0, 0, 2, 0, 0, 0, -2, 1, 0, 1, 0, 0, 0, 1, -2, 0, 0, -1, 0, 0, 0, 0, 0, 0, 0, -2, 2, 0, 0, 0, 0, 0, 0, 1, 2, 1, 0, -1, -2, 1, 0, 1, 0, -2, 0, -1, 0, 1, 0, 0, 0, 1, 0, 0, 0, 0, 0, 0, 2, -2, 0, -3, 0, -1, 0, -2, 2, 3, 0, 2, 0, -2, 0, 1, 0, 0, 0, 3, -2, -1, 0, 0, -2, 0, 0, 0, -4, -1, 0, 3, 0, 0, 0, 0, 0, 5, 0, 1, 2, -3, 0, 0, 0, 1, 0, -2, -8, 0, 0, 0, 4, 0, 0, 3, 0, 2, 0, 0, 6, -6, 0, 0, 0, 2, 0, -1, 4, 0, 0, 2, -4, 1, 0, 0, 2, 0, 0, -6, -2, -4, 0, -1, 6, -4, 0, -2, 0, -1, 0, 0, 0, 3, 0, 0, -2, 2, 0, 2, 0, 0, 0, 0, -2, -1, 0, -1, 0, 1, 0, 3, -4, 2, 0, 0, 0, 5, 0, -3, -6, 0, 0, 0, 2, 0, 0, 0, 4, 0, 0, 2, 8, 4, 0, -4, 2, -2, 0, -3, 0, -3, 0, 3, -8, 0]
[0, 0, 0, 0, -1, 0, 0, 0, 1, 0, 1, 1, -1, 0, 0, 0, 0, 1, 1, -2, 0, -1, 0, 0, 0, -1, -2, 0, 1, 0, -1, 0, 1, 1, -1, 0, 0, 0, 2, 0, 0, -1, 0, 1, -1, 1, 1, 0, 0, 1, -1, 3, 2, 0, -2, 0, 1, 0, -1, -2, 1, 0, -2, -2, -1, 0, 0, 1, 0, -2, 0, 4, -2, 1, 0, -4, 0, 0, 3, 0, 0, 0, 4, -1, 0, -1, -2, 0, -2, -1, 0, 2, 0, 2, 0, -2, -2, 0, -1, 2, 0, 0, 2, -6, 0, 0, 3, 0, 3, 0, 1, 4, -3, 0, 2, -1, 2, -1, 0, -2, 0, -2, -2, 0, 2, 3, 0, 8, 1, 3, -1, 0, -3, 0, 0, 2, -3, -2, 3, 0, -1, 1, -3, -4, 0, 1, 0, -2, 4, -3, 0, -4, 0, -4, -1, 2, -5, 0, -1, 0, -3, 1, -2, -1, -2, 0, -2, 2, 3, 1, 0, 0, 0, 4, 1, 0, 5, -2, 0, 3, 0, 2, 0, 0, 1, 0, -6, 1, -1, 1, 2, 0, 9, 2, -2, -3, 0, -4, 0, 4, 6, -1, -2, 1, 0, 0, 3, -4, 0, 0, 1]
[0, 0, 0, 0, 1, 0, 0, 0, -1, 0, 0, -1, 0, 0, 0, 0, -1, -1, 1, 2, 0, 1, -1, 1, 0, 2, 0, -1, 1, 0, 2, 0, 1, -2, -1, 0, -1, -1, -1, 1, 1, 2, -1, -1, 3, 0, -3, -2, -1, 1, -1, 1, -1, -3, 4, 0, 0, 0, 3, -1, -1, 0, 3, -1, 0, 3, 0, 2, -1, 3, 4, 0, -2, -6, -1, 3, -4, 4, -4, -2, 4, 0, 0, 2, 4, -1, -2, -1, 4, -2, 2, 0, -2, 0, -2, 5, 6, 4, -1, -3, -3, 0, -6, 5, -1, 0, 1, -1, 0, 4, 5, -5, -1, -3, -2, -2, 0, 0, -1, 4, -1, 5, 6, 0, -6, -3, -1, -1, -5, -2, 5, -2, 5, -3, 1, 4, 5, -4, -5, -2, 8, -5, 3, 2, -4, 6, -4, 5, 2, 8, 0, -4, -2, 7, -1, 5, 1, -3, 7, -3, 8, 6, 6, -7, -6, -1, 5, -7, 4, -3, -3, 6, -3, -1, 3, 12, -9, -2, -4, -1, 0, 0, 1, -2, 5, -4, 2, 8, 7, -5, -6, -4, -4, -10, 4, 3, -1, 12, -3, -3, 4, 6, -10, -6, -1, 8, -9, 2, 2, -1, 9]
[0, 0, 0, 0, 0, 0, 0, 0, -1, -1, 0, -1, 0, 0, -1, 0, -1, -1, -1, -1, 0, 1, 0, -1, 0, -1, -1, 0, -1, -1, 0, -1, -1, -2, -1, 0, -2, -1, -2, -2, -1, -2, -1, -2, -1, 0, -3, -2, -1, -1, -1, -2, -2, -3, -2, -1, -2, -2, -3, -1, -1, -2, -2, -1, -2, -1, 0, -3, -1, -1, 0, -3, -2, -6, -5, 0, -4, -1, -2, -3, -2, -2, -4, -3, -2, -1, -2, -3, -2, -2, 0, -3, -4, -2, -3, -2, -4, -4, -1, -3, -4, -6, -6, -3, -3, -1, -3, -6, -4, -4, -1, -5, -1, -2, -4, -2, -6, -6, -6, -2, -3, -2, -6, -2, -6, -3, 0, -7, -5, -5, -3, -6, -3, -6, -6, -2, -5, -4, -5, -6, 0, -5, -6, -2, -2, -2, -6, -2, -6, -8, 0, -4, -6, -2, -1, -4, -3, -6, -7, -3, -4, -4, -6, -7, -6, -1, -6, -7, -4, -6, -3, -7, -7, -9, -5, -1, -9, -2, -8, -8, 0, -7, -6, -6, -7, -3, -4, -6, -7, -5, -6, -9, -8, -10, -8, -2, -6, -10, -6, -9, -2, -6, -10, -6, -5, -4, -9, -6, -10, -4, -1]
[0, 0, 0, 0, -1, 0, 1, 0, 0, 0, 1, 0, -1, 0, 0, 0, 0, 2, 0, 0, 1, -2, 0, 0, -1, -2, -1, 0, 0, 0, -1, 0, 2, 2, 0, 0, 2, 0, -2, 0, 0, -2, 0, 0, 1, 2, 1, 0, 0, 2, -2, 0, -1, 0, -1, 0, 3, 0, -1, 0, 0, 0, -2, 0, 1, 0, 0, 0, 0, -4, 1, 0, -2, 2, 0, 0, 2, 0, 3, 0, -1, 0, 2, 0, -3, -2, -1, 0, -4, -2, 2, 0, 0, 4, 0, 0, -3, 0, 0, 0, 0, 0, 5, 0, 2, 0, 3, 0, -1, 0, -1, 0, -2, 0, 2, 0, 0, -2, 0, 0, 0, -4, -2, 0, 0, 6, 0, 0, 0, 6, -2, 0, 1, 0, 2, 0, -2, -4, 1, 0, -1, 2, 5, 0, 0, 2, 0, 0, 1, -6, -4, 0, 0, -8, -1, 0, 0, 0, -3, 0, -3, 2, -2, 0, 2, 0, -4, 0, 3, 2, 0, 0, 0, 8, -1, 0, 3, -4, 0, 0, 0, 4, -1, 0, 3, 0, -2, 0, 0, 2, 0, 0, 5, 4, -2, 0, 0, -8, 0, 0, 4, -2, -2, 0, 0, 0, -3, 0, 1, 0, 0]
[0, 0, 0, 0, 0, 0, -1, 0, 0, 1, 1, 1, 0, -2, 0, 0, 0, -1, 1, 1, 1, -1, -2, 1, 0, -1, 1, 0, 0, -1, -1, 1, -1, 0, 2, 0, -1, -1, -1, 2, 1, 0, 2, 2, -1, -2, -2, 2, 0, -1, 0, 2, 1, -3, -1, 1, 0, -2, 4, 1, 0, -2, -3, 1, 0, 1, 1, 3, -1, -1, -5, 3, -2, -4, 7, 0, -1, -1, -5, 3, 0, -2, 5, 3, 3, -3, -6, 3, 2, -4, 5, 3, -1, -6, -6, 2, 3, -4, 6, 3, 0, -6, -2, 3, -2, 1, 4, 6, 0, -4, -6, 5, -1, -10, 4, 2, 1, -2, -5, 2, 3, -2, 8, 2, -1, 3, -9, 7, 2, -5, 9, 6, 0, -2, -8, 2, -1, -8, 6, 6, 0, -3, -10, 2, -5, -4, 5, 2, 0, -2, -6, 4, 1, -2, 8, 4, -2, -6, -6, 3, -1, -6, 8, 7, 1, -1, -8, 7, -2, -8, 8, 7, -2, -9, -6, 1, 3, -6, 11, 8, 3, -7, -8, 6, 0, -9, 6, 6, -2, -3, -10, 9, 0, -6, 10, 2, 4, -2, -7, 9, -5, -4, 8, 6, -2, -4, -10, 6, 4, -12, 9]
[0, 0, 0, 0, 0, 0, 0, -1, 0, 0, 0, 1, 1, 0, 0, 0, -1, 0, 1, 1, -1, 0, -2, 0, -1, 0, 0, -2, 1, 0, 0, 1, 1, -2, 0, -2, 0, 0, 3, 2, 0, 2, -2, 2, 1, 0, -1, -1, -2, 0, -4, 0, 1, -2, 2, -2, 0, 2, 3, -5, -2, 0, 1, -1, 2, 0, -1, 3, -1, 2, 0, 3, 0, -4, 1, 0, -6, 0, 0, -2, 2, 0, 1, 3, 2, -4, -5, 0, 3, -2, 1, -1, -1, 2, -2, 0, 4, 4, -4, -3, -4, 2, -3, 0, -4, -4, 3, 2, 3, 4, 1, 0, -4, -2, 2, -6, 3, 0, 1, 2, -3, 4, 6, 2, -4, -6, -3, 4, -2, 0, -1, 0, 3, -4, 2, 2, 5, -4, -5, 0, 1, -4, -1, -5, -4, 2, -1, 0, 6, 8, -2, -9, 0, 4, -9, 2, 0, -2, 7, -4, 1, 4, 6, -3, -8, -6, 4, -7, -1, 0, -8, 7, -2, 0, 5, 1, -7, -2, -3, 6, -6, 4, -3, 0, 7, -8, 4, 6, 7, -6, -6, -2, 3, -8, 4, -2, -4, 10, -5, 8, 2, 6, -6, -8, 2, 2, -1, 4, 4, -2, 1]
[0, 0, 0, 0, 1, 0, 0, 1, 0, -1, 0, -1, 0, 1, -1, 0, 0, 0, 0, 0, 0, 2, 1, 2, 2, 3, 1, 1, 0, -1, 2, 0, 0, 0, 0, 0, 1, 0, 1, -1, -2, 0, 0, 1, 0, 0, 0, 1, 0, 2, 6, 3, 1, 0, 0, -1, 2, 0, 0, 5, 2, -2, 5, 1, 2, 0, 0, 0, 0, 4, 0, 0, 2, 2, -4, 3, 4, 5, 0, -1, 0, -2, 4, 0, 0, 6, 6, -2, 6, 4, 2, 2, -2, 0, -1, 7, 0, 0, 4, 3, -1, 6, -2, 8, 4, -1, 0, -5, 4, 0, 0, 0, 6, 1, 2, 6, 6, 1, -5, 0, -2, 7, 0, 0, 4, 0, 1, 6, 2, 3, 4, -4, 0, -3, 7, 0, 0, 8, 4, -4, 8, 2, 9, 7, 2, 0, -2, 7, 0, 0, 6, 9, -4, 9, 10, 9, 2, -3, 0, 0, 12, 0, 0, 3, 6, 0, 11, 7, 8, 3, 0, 0, -4, 8, 0, 0, 4, 6, -4, 7, 6, 7, 3, -4, 0, 1, 6, 0, 0, 4, 6, -5, 4, 4, 12, 3, -5, 0, -3, 6, 0, 0, 8, 8, -4, 12, 4, 8, -2, -3, 0]
[0, 0, 0, -1, 0, 1, 0, 0, 1, 0, 0, 1, 1, 0, 1, 1, 0, -1, -2, 2, -1, 1, 0, -1, 1, -1, 3, 1, 0, 1, 0, 2, 0, -1, -1, 1, -2, 0, 1, -1, 1, 3, 5, 0, 2, 3, 0, 0, 3, -1, 1, -2, 3, 5, 2, 5, -2, 2, 2, -2, 1, 2, -1, -2, 0, 0, -1, 1, 4, 1, 4, -1, 0, -1, 4, 0, -2, -1, 0, 7, 2, 2, -3, 5, 2, 1, -1, 5, 1, 1, 1, 5, 3, 0, 5, -2, 2, 2, -1, 2, 10, -4, -3, -3, 1, 4, 4, 6, -1, 5, 6, 4, -1, 8, -2, -1, -3, 2, 9, 9, 4, 2, 4, 6, 2, -3, 7, -3, 1, -5, 0, 5, 6, 8, -4, 3, 8, 2, 2, 1, 1, -1, -7, -3, 10, 9, 5, -2, 0, 5, 4, -4, 6, 2, 0, -2, 1, 8, 6, 3, -3, 7, 4, -1, -4, 7, -2, 2, -5, 5, 13, 2, 13, -9, 4, 8, 2, 2, 13, -2, 0, -3, 3, 8, 6, 14, 0, 5, 8, -1, 2, 21, -5, -2, -4, 6, 12, 7, 7, -1, 10, 5, 0, 1, -1, -2, 6, -2, 4, 10, 6]
[0, 0, 0, 0, 0, 0, 0, 1, 0, 0, 1, 0, 0, 0, 0, 0, 0, 1, -1, -1, 3, 1, 1, 1, 1, 0, 0, 1, -1, 0, 1, -1, -1, 2, 2, 2, 1, 3, 0, -1, 1, -2, 1, 1, -1, 0, 3, 3, 1, 3, 4, 1, 0, -1, -2, 2, 3, -2, -3, 6, 4, 0, 2, 4, 3, 3, 1, -3, 0, 1, 0, -3, 2, 4, -2, 3, 6, 4, 1, 0, -2, 0, 3, -3, -2, 7, 7, -1, 3, 6, 5, 3, -1, -2, 0, 5, -4, -4, 10, 6, 1, 2, 5, 5, 5, 4, -3, -3, 2, -4, -1, 3, 10, -1, 2, 12, 3, 0, -2, -2, 2, 5, -6, -2, 8, 15, 2, 3, 8, 4, 5, -2, -3, 1, 5, -2, -5, 8, 7, -2, 8, 7, 7, 7, 0, -2, -3, 5, -6, -8, 8, 13, -2, 3, 17, 7, 2, -1, -7, 1, 6, -4, -6, 10, 14, 5, 5, 12, 6, 3, 5, -7, -1, 7, -5, -1, 13, 8, -1, 5, 16, 8, 6, -2, -7, 4, 4, -6, -7, 13, 16, -2, 4, 14, 6, 5, 3, -10, 2, 5, -2, -6, 10, 18, -3, 10, 11, 6, 2, 1, -1]
[0, 0, 1, -1, -1, -1, 1, 0, 1, 0, 0, 1, 0, 1, 0, 1, -2, 1, -1, 0, 0, -1, -1, -1, 0, 1, -1, 1, -2, 1, -1, 2, 0, 1, -1, -1, 2, 0, 0, -3, 1, -3, 3, 2, 3, -1, 1, 0, 3, 1, -1, -2, 0, -3, -1, 1, 3, -2, -1, -2, 1, 2, -2, -2, -1, 2, -1, -1, 2, -3, 1, -1, -2, 1, -1, 0, 0, 1, 3, 3, 3, 2, 2, 3, -3, -1, -2, 1, -5, -1, 0, 3, -3, 4, 0, -2, -7, 2, -1, 2, -4, 2, 2, -3, -1, 0, 1, -2, -2, -1, -1, 4, -3, 0, 6, -1, 3, -1, 2, 5, -2, -6, 0, 6, 2, 3, 2, 1, 1, 5, 1, -3, -1, -2, 1, -1, 4, -2, 3, -7, 0, 1, 1, -5, 2, -1, -8, -2, 7, -3, 0, -4, 2, -6, -1, 0, 1, 0, -3, -1, 2, 1, -1, -1, -2, -1, -3, 2, -2, -3, 1, -4, 5, 9, -1, -4, 5, -2, 4, 4, 0, -1, -3, 0, 5, -2, 0, -3, 2, 1, 2, 9, 4, 2, -1, 2, 2, -3, -2, 7, -6, -1, -2, 1, -9, 0, 3, 2, -1, 6, -4]
[0, 0, 0, 0, 1, 0, 0, 1, 0, 0, -1, -2, -1, 1, 0, 0, 1, -1, 1, 1, -1, 1, 2, 1, 1, 0, 1, 3, 1, 2, 0, 1, 1, -2, -2, 0, -1, 1, -1, -1, 0, 2, 2, -3, 1, 0, -1, -1, 4, -3, 3, 3, 0, 3, 2, 0, -4, 2, 3, 4, 0, 4, 1, -4, -2, -1, 3, 3, 5, 1, 0, 3, -2, 0, 2, -3, 2, -4, 0, 6, 2, 4, -2, 3, 2, -1, 3, 3, 1, 2, -6, 1, 5, 2, 6, -1, 4, 4, -1, 0, 1, 0, -3, 1, 6, 0, 3, 3, 1, 4, 1, -1, -2, 9, -6, -4, -3, 3, 5, 2, 1, -1, 6, 2, 4, -9, 5, -1, -4, -4, 2, 6, 3, 5, -2, 2, 5, 4, 3, 6, -9, -1, -1, 5, 10, 2, 8, -1, 6, 8, -2, 5, 12, 1, -1, -5, -2, 9, 7, 9, -5, 4, 6, -4, 2, 1, 0, 4, 1, 3, 6, 7, 12, -7, 5, 1, -7, 4, 12, -7, -4, -4, 1, 6, 7, 8, -4, 6, 7, -3, -6, 12, -3, -2, -1, -1, 5, 10, 7, -11, 2, 6, -2, -6, 4, -8, -1, -6, 2, 15, 1]
[0, 0, 0, 0, 0, 0, 0, 0, 0, -1, 0, 0, 0, 1, -1, 0, 0, -2, -1, -1, 0, 2, 0, 2, 1, -1, 0, -3, -2, 1, 1, -1, -1, 2, 0, -2, 1, 0, -1, -1, -2, -6, -1, 5, -2, 0, 3, 0, -3, -4, 3, 1, 0, 6, -6, -5, 2, -6, -3, 0, 2, 2, 1, 4, -1, -2, 1, -3, -4, -6, -4, -3, 6, 6, -5, 9, 3, -5, -1, -13, -5, 2, -2, -3, -4, 10, 9, -10, -2, 6, 2, -1, -1, -6, -5, 13, -8, -12, -1, 0, 2, -12, 3, 12, -3, 11, 1, -17, -6, -12, -9, -4, 9, 13, 0, 8, 3, -3, -9, -2, 0, -15, -6, -2, 1, 6, 1, 10, 4, -9, -2, -20, -5, 11, 2, -2, -13, 12, -5, -20, 4, 6, 4, 2, 0, -6, 2, 13, -11, -24, 14, 0, -9, -13, 3, 21, 2, 9, -23, -16, 7, -12, -6, 0, 3, 18, 2, -4, 0, -3, 5, -7, -5, -16, -17, -1, 8, 8, -8, 19, 7, -23, -1, -20, -11, 29, -2, -6, -16, 10, 22, -33, -4, 12, -5, 3, -10, -30, -7, 22, -5, -18, 2, 8, 1, -18, 15, 20, -10, 17, 7]
[0, -1, 0, 0, 0, 1, -1, 0, 1, 1, 0, 0, 0, 0, 2, 0, 2, 0, -1, 0, -1, -2, -2, 0, -3, 0, 1, 0, -1, 0, 0, 0, 1, 0, -1, 0, 0, 1, 0, 0, -4, 1, 0, 0, 2, 1, 2, 0, 4, 0, 5, 0, 1, 2, 3, 0, 0, -4, -2, 0, 1, -2, 0, 0, 0, -3, 2, 0, -6, 0, -1, 0, 0, 7, -6, 0, -2, 0, -4, 0, -5, -1, 0, 0, 5, 0, -3, 0, 0, -3, 0, 0, -2, -4, -2, 0, 3, -1, -1, 0, 10, 0, 7, 0, 2, 4, 6, 0, 0, 5, 0, 0, -1, 0, 0, 0, 0, 10, 4, 0, 2, 0, -4, 0, 2, -6, -8, 0, -7, 0, -5, 0, -4, 0, 0, 0, 1, -1, 0, 0, 0, 2, 0, 0, -4, 4, 6, 0, -3, -5, -4, 0, 8, 0, 2, 0, -1, -12, 4, 0, 0, -4, -4, 0, 4, -4, 0, 0, 0, -7, 4, 0, 4, 0, 0, 0, -2, 0, -2, 0, -8, 0, 5, 0, -2, 10, 0, 0, 1, 6, 2, 0, 0, -1, 0, 0, -6, 3, 4, 0, 6, 4, 4, 0, -4, 0, 0, 0, 5, 8, -1]
[0, 0, 0, 0, 0, 1, 0, -1, -2, 1, 1, -1, 1, -1, 1, 0, 0, 0, -2, 2, 1, 0, 0, -1, 0, -1, -1, -2, -1, 1, 3, 0, 2, 1, 0, -2, -3, 0, 0, 0, 0, 4, -3, -1, 5, 2, 0, -3, -1, 5, -12, -5, 1, 1, 8, -3, 0, 0, -2, -4, -4, 2, 8, 0, 2, 4, -4, -1, -3, 5, 4, -4, 0, -4, -3, 4, 1, 5, -3, -5, -3, 2, -4, 1, 4, -4, 4, -3, -3, 2, 4, -6, 0, 2, 3, 0, 6, 7, -8, -8, -4, -4, 0, 3, 3, -3, 2, -4, -5, 13, 6, -9, -3, 0, 2, -7, -2, 4, 6, 2, -3, 7, -4, 0, -7, 6, 0, -11, 2, 4, -14, -6, 2, 2, 10, -2, 10, -1, -12, -6, 1, 0, 15, -3, -5, 9, -10, 0, -1, 8, 0, -9, -3, 16, -20, -4, 12, 4, 18, -7, -2, 5, -4, -9, -7, -5, 16, -16, -3, 7, -17, 0, -1, 13, 10, 0, -7, -2, -12, -5, -1, 11, 10, -6, 4, -5, 2, -1, 11, -6, 0, -11, -9, 5, -10, -1, -6, 19, 6, -5, 7, 15, -20, -15, 1, 0, 0, 2, 9, 2, -10]
[0, 0, 0, 0, 0, 1, -1, 0, 0, 0, 2, -1, 0, 0, -2, 0, 0, 1, 3, -2, 0, 1, -2, 0, -1, 2, 3, 0, 4, 0, -2, 0, 0, -1, 1, -2, 0, 1, -2, -2, -1, 4, 4, -1, -1, 6, -8, -4, 0, 4, 9, 3, -1, 0, -7, -4, 3, 4, 10, -4, 3, 0, -10, -6, 2, 7, 6, 1, -2, 2, -1, 4, -7, -2, 6, -4, -7, 10, -4, -4, 8, 0, 12, -1, 3, 7, -17, -4, 11, -2, 12, -2, -2, 2, -14, -2, 1, 5, 13, -4, -1, 6, -11, -6, -3, 12, 16, -8, 8, 5, 0, -4, -2, 0, 4, -9, 0, 1, -20, -2, 4, 15, 20, 0, -3, 9, -12, 4, -10, 1, 25, -8, 2, 6, -18, 2, -3, -3, 10, -8, 20, -1, -24, -6, -2, 23, 14, -2, 4, 12, -10, -12, -1, 2, 26, 0, -9, 0, -16, -4, 9, 23, 20, -15, -7, 16, -22, -10, 6, 5, 24, 0, -4, -2, -10, 0, -7, 2, 18, -3, -1, 10, -17, -8, 10, 16, 12, 1, 6, 11, -24, -12, 8, -7, 28, -7, -3, 11, -20, -4, 14, 5, 12, -15, -4, 36, -34, -8, -5, 4, 35]
