56 3 11 36 35
[1, -2, 1, 0, 1, 3, -4, -2, -2, -1, 4, 2, 1, -3, 0, 0, 1, 3, -3, -2, 1, -6, 1, 0, -1, -7, 0, 2, 0, -2, -3, 5, 2, -3, 0, 0, -4, 2, -4, 3, 1, 17, -46, 10, -1, -21, 4, -5, -29, 2, 64, 6, 2, 58, -67, -53, -20, -20, -16, 24, -6, -4, 32, -28, -14, 25, 16, -43, 54, -96, 110, 73, -26, -14, -13, -146, -13, 31, -173, -62, 28, -109, 92, 137, -20, -8, 50, -2, 55, 107, -201, 22, 47, -256, 61, 132, -87, 178, -63, -182, -170, 220, -16, -72, 60, -217, 176, 222, -166, 161, -219, -141, 55, 14, -95, -45, 72, -238, 280, 34, -246, 207, 73, -259, 91, -84, -121, -13, 145, -454, 157, 193, -87, 195, 0, -496, 177, 51, -457, 77, 111, -317, -12, 362, -174, 385, -13, -93, 81, -139, -322, 329, 121, -341, 53, 244, -474, 445, 18, -622, -223, 79, -118, 299, 138, -193, 306, 146, -467, 301, -125, -499, 268, -298, -377, -69, 231, -276, 542, -104, -464, 231, 466, -251, 201, -263, -655, 267, 445, -416, -63, -175, -236, 154, 344, -728, 175, 114, -550, 542, 178, -280, 91, 293, -703, -489, 36, 71, 210, 264, -882]
[0, 0, 0, 0, 0, 0, 0, 0, 0, 0, 0, -1, 0, 0, 1, 0, 0, 1, 1, 0, -1, 0, -1, 0, -1, 0, 0, 1, 1, 0, 0, 0, 0, 0, -1, -1, -1, 0, 1, 0, 0, 1, -1, 0, 0, 0, -1, 0, 1, -1, 2, 0, 1, 0, 0, 0, -1, 0, 0, 0, 0, 0, 0, 0, 2, 0, -2, 6, 0, 0, -3, 0, 0, -6, -3, 0, 4, 0, 3, 0, 3, -1, 0, -6, -3, 0, 0, 0, 1, 0, 5, 5, 3, 0, -4, 0, 0, -5, 2, 1, 0, 0, 3, 0, -4, 5, -7, 0, -2, 0, 0, 0, 2, 1, 0, 1, -1, 0, 0, 0, -7, 0, 7, -11, 0, 0, -1, 0, 0, 10, -3, 0, -2, 0, 0, 0, 2, 5, 0, 12, -1, 0, 0, 0, -2, 0, -4, -5, 0, 0, 4, 0, 0, 5, 4, -6, 0, 0, 1, 0, 2, -5, 1, 0, -5, 0, 0, 0, 4, -6, 0, -5, 2, 0, -1, 0, 1, 0, 0, 1, 0, 0, 8, 0, 0, 5, 15, 0, -8, 0, -3, 0, -12, -5, 0, -7, 9, 0, 0, 0, -6, 0, -14, -9, -4, 0, 3, 0, 0, 9, -5]
[0, 0, 0, 0, 0, 0, 0, 0, 0, 0, 0, 0, 0, 0, -1, 1, 1, 0, 1, 1, 0, 1, 1, 0, 1, 0, 0, 0, 1, -1, 1, 0, 0, 1, 1, 0, 0, 1, 0, 0, 0, 1, -3, 4, 3, 2, 5, 3, 0, 5, 4, 1, 5, 0, 1, 2, 4, -2, 4, 0, 1, 5, 4, 1, 0, 3, 0, 2, 1, 3, -1, 7, 2, 8, 9, 3, 2, 10, 7, 4, 9, 0, 4, 7, 7, 2, 6, 0, 5, 8, 7, 4, 0, 3, 1, 8, 6, 4, 2, 11, 4, 12, 10, 7, 8, 14, 13, 7, 11, 2, 6, 10, 13, 4, 8, 2, 9, 7, 12, 5, 2, 7, 5, 14, 13, 9, 2, 17, 14, 16, 15, 15, 12, 21, 22, 12, 20, 8, 10, 17, 23, 3, 14, 8, 10, 14, 18, 5, 8, 16, 10, 24, 15, 15, 14, 21, 15, 26, 17, 13, 16, 25, 23, 20, 25, 14, 22, 26, 26, 17, 16, 14, 16, 20, 17, 12, 12, 18, 16, 36, 21, 17, 21, 28, 23, 24, 15, 24, 26, 26, 33, 23, 20, 24, 28, 21, 35, 21, 21, 24, 22, 17, 26, 15, 18, 34, 29, 32, 34, 32, 17]
[0, 0, 0, 0, 0, 0, 0, 0, 0, 0, 0, 0, 0, 0, 0, 0, 0, -1, 0, -1, 0, 0, 0, 0, -1, 1, -2, 0, -1, 0, 0, 1, 1, -1, 0, -1, 0, -1, 0, 0, 0, 0, 0, 0, -3, -3, 2, -5, 1, -3, 0, -3, -3, 6, -10, 2, -4, 0, -4, 2, 3, -3, 2, 0, 2, -11, 2, -3, -3, 4, 0, 4, -12, -3, 4, -17, 2, -6, 4, -8, 1, 5, -22, 0, -7, 8, -16, 9, 5, -12, 4, -1, 4, -23, 14, 3, -10, 0, -2, 0, -24, 12, -4, -25, 2, -10, 8, -25, 5, 7, -28, 6, -6, 0, -28, 11, 9, -11, 0, 6, 2, -39, 24, 1, -21, 4, 4, 8, -39, 4, -10, -51, 4, 5, -4, -30, 4, 3, -38, 0, -7, 0, -30, 29, 16, -36, 0, -8, 4, -32, 10, 13, -43, 0, 10, 0, -55, 7, 14, -57, 9, -22, -8, -62, 17, 25, -70, 18, -12, 0, -38, 13, 20, -46, 20, 7, 9, -68, 8, 4, -63, 32, -30, 14, -65, 1, 28, -84, 14, -22, 30, -57, 11, 2, -88, 0, -13, 36, -84, 34, 22, -75, 32, -31, 10, -72, 36, 34, -72, 0, -48]
[0, 0, 0, 0, 0, 0, 0, 0, 0, -1, 0, 0, 1, 0, 0, 0, 1, 0, 0, 1, -1, 0, -1, 0, 0, 0, -1, 1, 1, 0, 0, 0, 0, 0, -1, 0, -1, 0, 0, 0, -2, 1, 0, 0, 0, 0, 0, 0, 1, -1, 2, -1, 0, 0, 1, 0, -1, 0, 1, 0, 0, 0, 0, 0, 2, 5, 0, 0, -3, 0, 1, 0, -4, 0, 0, -6, 4, 0, 3, 0, 0, 0, 3, -6, -4, 0, 0, 0, 0, 0, 5, -1, 3, 0, 0, 0, 6, -5, -1, 1, -2, 0, 0, 0, -4, 6, -7, 5, 0, 0, -1, 0, 3, 1, -4, 0, 0, 0, 0, 0, -7, -5, 0, 0, 0, 0, -4, 0, 2, 0, 0, 10, -2, 0, 0, 0, 0, 0, 0, 12, 2, 0, -2, 0, 0, 1, -4, 6, 0, 0, 0, 0, 3, 5, 3, -6, 7, 0, 0, 0, 2, -10, 1, -6, 0, 0, -8, 0, 2, -6, 3, 0, 0, 0, -1, 0, 1, -9, 0, 0, 5, 0, 3, 0, 9, 0, 0, 4, -8, 0, -3, 0, 0, 0, -5, -7, 10, 0, 7, 0, 0, -5, -14, -11, -4, 0, 0, 0, -18, 9, 1]
[0, 0, 0, 0, 0, 0, 0, 0, -1, 1, 0, 1, 0, 0, 0, -1, 0, 0, 0, -1, -1, 0, 0, -2, 0, 0, 1, 1, 0, 1, 0, 0, 1, 0, 0, 0, 0, -1, 0, 0, 0, -3, 11, -16, -1, 0, -3, 17, 9, -3, -30, 17, -3, -1, 22, -36, -27, -6, 17, 0, 26, 9, -41, 45, -8, 16, 9, -14, -14, -22, 30, -49, 54, 5, -20, 51, -33, -31, -28, -18, -31, 18, 29, -7, 34, 9, -38, 44, -18, -9, 9, -38, -41, 49, 53, 0, 70, -36, -55, -11, -4, -51, 16, 11, -54, 37, -90, 23, 92, 11, 32, -24, -100, -66, 160, -33, -37, 67, -74, 11, 89, 46, -100, 83, -31, -84, 64, -193, 75, 48, 48, 54, -5, -97, -126, 168, -157, -36, 119, -167, 4, 72, -14, 28, 154, 43, -151, 70, -125, 4, 204, -120, 13, -17, -14, -74, 111, -55, -127, 179, -159, -27, -18, 7, 51, 137, 56, -184, 77, -165, 72, 133, -146, -28, -30, -54, -169, 218, -141, -33, 267, -113, -16, 24, 93, -2, 172, -3, -169, 33, -165, -7, 47, -44, 95, 85, -153, -267, 100, -116, 68, 323, -259, -9, 33, 150, 33, 120, 4, -326, 221]
[0, 0, 0, 0, 0, 0, 0, 0, 0, 1, 0, 0, 0, -1, -1, 0, -1, 0, 0, 0, 0, -1, 0, -1, 0, 0, 1, 0, -1, -1, 1, -1, -1, -1, -1, 0, 0, 1, 0, 0, -1, 4, 2, -4, 11, -2, -16, -1, -3, -8, 6, 6, -19, -4, 24, -8, -2, 4, -31, -2, 9, -11, -25, 4, 7, 15, 42, 4, 1, 6, 18, -30, -20, -9, -46, 14, -6, -27, -38, -1, 18, -2, 31, -2, -23, 3, 62, 4, -20, 9, -41, 22, 16, 15, -94, -29, 3, 2, 73, -34, 36, -34, 52, -1, -20, -19, -99, 14, -89, -34, -9, -4, 15, 28, 32, 34, 17, 20, 38, -17, 8, 25, -6, -34, 43, -36, -84, -56, -38, -28, 14, 8, -32, -50, 32, 37, 51, 12, -72, 10, -71, 3, -14, -60, -56, 29, 66, 14, 16, -2, 18, -69, -16, -12, -79, -30, 127, -104, -112, 53, -8, 14, 81, 86, -179, 30, 160, -80, 3, 8, -191, -74, -16, -35, -166, -20, -17, 34, 216, -34, 73, -84, 122, -38, -40, -2, -234, 200, -16, -11, -227, -37, 62, 4, 193, -90, -101, -95, 336, -93, -88, 42, -264, 14, -74, -9, -378, -40, 6, 12, 257]
[0, 0, 0, 0, 0, 0, 0, 0, 0, 0, 0, 0, 0, 0, 0, -1, 0, 0, 1, 1, -1, 1, -1, 0, 1, 0, 1, 0, 0, -1, 0, 0, 0, -1, -2, 0, -1, 1, 0, 0, 0, -1, -1, -4, 2, 2, 5, 5, -5, 3, -4, 1, 5, 0, 5, -2, 1, -6, 1, 0, 1, -3, -9, -1, -6, 5, 0, 2, 0, -5, -3, -7, 8, 8, 9, 11, -11, 2, -7, 4, 9, 0, 11, -9, 3, -14, 4, 0, 5, 0, -16, -4, -14, 11, 1, 8, 0, -12, -3, -13, 12, 12, 10, 17, -18, 2, -14, 7, 11, 2, 19, -18, 2, -20, 8, 2, 9, 7, -22, -5, -21, 17, 5, 14, 2, -23, -6, -25, 16, 16, 15, 23, -28, 5, -28, 12, 20, 8, 30, -31, 2, -29, 16, 8, 10, 10, -34, -3, -34, 24, 10, 24, 10, -39, -9, -35, 26, 26, 17, 27, -38, -1, -38, 20, 25, 14, 34, -50, 6, -41, 25, 14, 16, 20, -39, -4, -49, 30, 16, 36, 20, -55, 1, -52, 26, 24, 15, 32, -49, 2, -58, 25, 20, 24, 37, -59, 3, -51, 29, 24, 22, 31, -50, -1, -57, 34, 29, 32, 28, -72, -2]
[0, 0, 0, 0, 0, 0, 0, 0, 0, 0, 0, 1, 0, 0, -1, -1, 1, -2, -1, 1, 0, 0, 0, 0, -1, 0, 0, -1, 0, 1, 0, 0, 0, -1, 1, -1, 0, 0, -1, 0, 0, -1, -2, 0, 1, -3, 1, -1, -2, 1, -2, -1, -3, -1, -1, 0, -2, -2, 0, -2, -2, 0, -2, -3, 0, 1, -2, -6, -3, -3, 2, 1, -6, 6, 3, -7, -1, -4, -4, 0, -1, -2, -2, 1, -3, -6, -2, -6, -3, 0, -9, -1, -5, -4, 0, -4, -6, 0, 2, -6, -8, 4, -11, -1, 2, -12, 2, -3, 0, -2, -3, -8, 1, -2, -8, -3, -1, -11, -2, 1, -12, -11, -7, -3, 3, -1, -9, -3, -2, -14, -9, -1, -14, 0, 0, -16, -2, -10, -11, -7, -10, -11, -10, 0, -10, -6, -2, -10, -2, -6, -16, -8, -3, -15, -7, -5, -11, -7, -1, -15, -12, -3, -17, -6, 3, -16, -10, -10, -20, -3, -9, -9, -10, -3, -12, -10, -2, -22, 0, 5, -27, -9, -13, -24, -3, -16, -31, 0, 1, -15, -14, -5, -20, -6, -6, -28, 1, 3, -17, -6, -6, -29, 1, -6, -23, -15, -7, -20, -10, -10, -39]
[0, 0, 0, 0, 0, 0, 0, 0, 0, 0, 0, 0, 0, 0, 1, -1, -1, 0, 0, 0, 1, 1, 0, 0, 0, 0, -1, 1, -1, 1, -1, 0, 0, -1, 1, 0, -1, -1, 0, 0, 2, -1, 2, -2, -1, 0, 0, 1, 1, 3, 0, 0, 0, 0, -2, 2, -1, 2, -1, 0, 0, -3, -1, -1, -2, -3, 0, 0, 3, -1, 0, 1, 4, 0, 0, 3, -1, 0, 2, 0, 0, 0, -1, -1, 2, -2, 2, 0, 0, 0, -5, -3, 0, 1, 0, 0, -4, 4, -1, 2, 4, 0, 0, 1, 0, -6, 3, 0, 0, 0, 1, -2, -1, -4, 0, 0, 0, 5, 2, -1, 1, 9, 0, 0, -5, 1, -4, 3, -2, 0, 0, -3, -4, -3, -2, 0, 0, 0, 8, -3, -1, 1, 2, 0, 0, 2, 0, 3, 4, 4, 0, 0, -1, -7, -9, 9, -1, 0, 0, -5, -4, -1, -1, 0, 0, 0, 8, -10, 6, -1, 7, 0, 0, 6, 0, 4, 9, -2, 0, 0, -5, 3, -2, -4, -7, 0, 0, -12, 3, -4, -7, 1, 0, 0, 1, 2, -4, 1, -6, 0, 0, 7, 20, 10, 1, 0, 0, 0, 6, 0, 1]
[0, 0, 0, 0, 0, -1, 0, 0, 0, 1, 0, -1, -1, 1, 1, 0, 1, 0, 1, 0, 0, -1, -1, 0, -1, 0, -1, 0, 0, 0, 0, 0, -1, 0, 0, -2, 0, 0, -1, -1, 0, -1, -10, 0, 2, -1, -5, 0, -7, 3, 14, 2, -15, -9, 12, 1, 14, -6, -21, -6, 0, 12, -4, -4, -13, 2, 26, 8, 23, -10, 5, -13, -10, -3, -35, 7, -6, 1, -43, 6, 38, -18, 31, -9, -31, -18, 74, -15, -21, 13, -56, 13, 16, 18, -90, -11, -25, 8, 61, -18, 34, -20, 33, 5, 4, -23, -31, 14, -82, 0, -16, -27, 27, -10, -8, 13, 23, -11, 46, 2, -58, 40, 11, -55, 52, -2, -107, 3, -12, -30, 9, 2, -56, -29, 62, 28, 68, 4, -69, 29, -51, -5, 34, -31, -82, 53, 68, -46, 28, 7, -60, -36, 23, -79, -60, -14, 99, -21, -63, 45, -18, 13, 48, 89, -141, -58, 152, -20, 4, 33, -162, -129, 2, 45, -197, -42, -1, -14, 216, 7, 23, -63, 124, -75, -55, -12, -217, 155, 0, 3, -181, 22, -6, -4, 169, -154, -21, -62, 260, -40, -70, -55, -149, 14, -138, 50, -285, -79, 104, 54, 108]
[0, 0, 0, 0, 0, 0, 0, 0, 0, 0, 0, 0, 0, 1, 1, -1, -1, 0, 0, -1, -1, 0, 0, 0, 0, 0, 1, 2, 1, 0, -1, 0, 0, -1, -1, 0, 1, 0, 0, 0, 2, 3, 2, -2, -3, 0, 0, -3, -3, -1, 0, 1, 0, 0, 2, 6, 3, -2, -3, 0, 0, -4, -5, -1, 2, 1, 0, 0, 5, 3, 0, 1, 0, 0, 0, -1, -3, -3, 2, 4, 0, 0, 1, 3, 2, -5, -2, 0, 0, -4, -7, -4, 0, 4, 0, 0, 0, 4, 1, 1, 4, 0, 0, 1, -4, -2, 5, 3, 0, 0, 5, -2, -1, 0, 0, 0, 0, 1, -2, -5, 1, 5, 0, 0, -3, 3, 0, -1, -2, 0, 0, -3, -4, -1, 2, -4, 0, 0, 4, -1, -3, 4, 2, 0, 0, 2, 0, -1, 0, 2, 0, 0, 3, -7, -7, 5, 1, 0, 0, 3, 4, -1, 1, -2, 0, 0, -8, -10, -6, 3, 9, 0, 0, 5, 8, 4, -7, -2, 0, 0, -7, -7, 2, -4, 5, 0, 0, 4, 5, 7, -3, 1, 0, 0, -1, -7, -4, 14, 6, 0, 0, 11, 20, 9, 3, -11, 0, 0, -6, -8, -1]
[0, 0, 0, 0, 0, 0, 0, 0, 0, -1, 0, 0, 1, 0, 1, 0, 0, 0, -1, 0, 0, 0, -1, 0, 1, 1, -1, 1, -1, 0, 0, 1, -1, -1, -2, 1, 0, 1, -1, 0, 0, 0, 6, -4, -2, -1, -1, 1, 3, -5, -2, 0, -3, 6, 0, 0, -2, 4, -1, 2, -1, -5, 0, 2, 2, 2, 2, -5, 3, 4, 5, -4, 0, -7, -1, -3, 1, -6, 1, 4, -9, 4, -1, -8, -5, 12, -6, 7, 1, -8, 6, -8, 9, -1, 10, -1, 8, -4, -3, -5, 2, 0, -7, 1, -8, -3, -7, 0, -5, 1, 4, 4, -8, -2, -8, 1, 1, 15, -10, 8, 12, -4, 9, 3, -12, -4, 13, -6, -7, -8, -13, -5, 6, -1, -26, 6, -10, -8, 17, -10, 0, 8, 10, 13, 8, -3, -16, 20, -2, 16, 0, 5, -9, 0, 10, -16, 5, -11, -3, 1, 5, -29, -14, -24, -3, 15, -20, 2, 2, -14, 24, -1, 8, 2, 15, 21, -1, -9, -16, -32, 3, 24, -24, 10, 1, -16, 13, -20, -13, -6, 11, -3, 15, -19, -23, 7, -15, 12, -4, 8, 2, 8, 5, -14, 15, 0, 7, 14, -24, -22, -2]
[0, 0, 0, 0, 0, 0, 0, -1, 0, 0, 0, 2, 0, 0, -1, 0, 1, -1, 0, 0, 0, 0, 1, -1, 0, 1, 0, 1, -1, 0, 1, -1, 1, -1, 0, 0, -1, -1, 0, 0, -1, 0, -6, -2, -2, 1, 2, 5, -2, 7, 4, 4, 5, -6, -1, -13, 11, -8, -6, 6, 0, 9, -3, -1, -24, 9, 6, 3, 13, -32, 17, -6, 10, 29, 2, -1, -22, 10, -35, -3, 11, 1, 28, 14, -2, -28, 22, -9, 0, 4, -40, -7, -1, -7, 4, 9, -6, 24, -6, -8, -4, -4, 8, 2, 4, -8, 14, 32, 8, 15, -14, -43, 5, -26, 12, 11, 15, -11, 18, -11, -51, 45, -26, 25, 20, -24, -52, -28, 35, -8, 50, 40, -41, -19, 0, -5, 19, 31, -24, -14, 5, -36, 24, -5, 2, 70, 2, -6, -5, 0, -2, -9, 27, -80, -16, 19, 2, 35, 10, -14, -61, 32, -8, 51, 27, -55, 84, -45, -7, 38, -28, 13, 6, 6, -143, -55, -34, 10, 80, 90, 10, -68, 67, -79, 29, 53, -66, 75, -8, -34, -88, 7, 1, 94, 98, -88, 3, -132, 29, 2, 60, -1, -42, 99, -118, 20, 4, -50, 60, 2, -20]
[0, 0, 0, 0, 0, 0, 0, 0, 0, 0, 0, 0, 1, 0, 1, 0, -1, 0, -1, -1, 0, 0, 0, 2, 0, 1, 1, 0, 0, 0, 1, 1, 2, 0, -1, 0, 0, -1, 0, 0, 1, 6, -3, 8, 2, 1, 2, -11, -4, -7, 24, -7, -5, 4, -20, 22, 18, 8, -19, 8, -10, -3, 25, -32, 8, -5, 9, 15, 17, 4, -10, 38, -44, -4, 7, -43, 24, 28, 6, 10, 33, -2, -21, 14, -35, -10, 42, -29, 12, 5, -14, 44, 42, -39, -34, 11, -50, 38, 45, -15, 14, 36, -6, -9, 36, -38, 54, -9, -80, 13, -11, 2, 89, 62, -120, 63, 41, -45, 64, -4, -74, -33, 111, -63, 46, 52, -58, 134, -66, -44, -25, -50, -8, 65, 86, -122, 145, 64, -106, 118, -17, -62, 38, 5, -104, -6, 109, -30, 100, 0, -156, 97, 0, 2, 53, 47, -79, 71, 118, -143, 116, 23, 11, 13, -43, -121, -32, 124, -65, 140, -93, -79, 162, 36, -16, 35, 128, -159, 181, 38, -203, 92, 44, -34, -66, 38, -119, 71, 112, -42, 99, 25, -2, 93, -51, -105, 113, 170, -46, 108, 8, -228, 178, 50, -52, -94, -20, -90, 4, 242, -152]
[0, 0, 0, 0, 0, 0, 0, 0, 1, 0, 0, -1, -1, 1, 1, 0, -2, 0, 0, 0, 1, -1, 0, 0, 0, 0, 0, 0, 0, 0, 1, 0, -1, -1, 1, 2, 0, 0, 0, 0, 1, 7, -7, 10, 9, 0, -11, -18, -11, -3, 32, -12, -16, -3, 2, 34, 29, 10, -48, -2, -16, -16, 20, -36, 17, -5, 33, 18, 21, 22, -16, 25, -70, -14, -24, -33, 31, 12, -10, 26, 53, -20, 0, 3, -57, -12, 100, -38, -2, 18, -52, 55, 59, -20, -139, -20, -71, 42, 126, -18, 54, 17, 32, -1, 40, -62, 13, -8, -176, -27, -31, 12, 112, 92, -128, 67, 56, -51, 108, -24, -79, -9, 104, -117, 73, 70, -142, 149, -106, -76, -34, -48, -27, 45, 170, -130, 210, 48, -167, 175, -71, -39, 20, -74, -204, -16, 213, -60, 149, 2, -198, 64, -17, -7, -53, 50, 22, -19, 37, -115, 152, 43, 89, 83, -220, -117, 96, 123, -76, 179, -231, -207, 144, 37, -120, 42, 161, -182, 357, -1, -192, 49, 146, -54, -125, 0, -376, 191, 157, -16, -42, 0, 18, 48, 88, -172, 72, 196, 220, 54, -136, -275, 51, 38, -91, -131, -373, -156, 28, 336, 30]
[0, 0, 0, 0, 0, 0, 0, 0, -1, 0, 0, 0, 2, -1, 0, 1, 0, 1, 1, -1, 0, 1, -1, 1, 0, 0, -1, 0, 0, 0, 1, 1, 0, 1, 0, 0, -1, 0, 1, 0, 1, 0, 7, -10, 3, 4, -9, 14, 5, -12, 0, 9, -4, 5, 12, -18, -10, -2, -1, 4, 15, 16, -21, 21, -7, 15, 24, -4, 4, -14, 27, -15, 20, -12, -29, 9, -12, 6, -31, 1, -5, 3, 33, -11, 1, 6, 30, 24, -8, 4, -10, -2, -3, 36, -6, 13, 43, -19, 1, -39, 24, -17, 31, 22, -26, -5, -78, 27, -7, 13, 11, -6, -14, -23, 88, 4, -6, 69, 6, 14, 16, 27, -35, -8, 39, -30, -21, -51, 33, -24, 43, 27, -17, -25, -20, 121, -26, 1, 14, -67, -14, 33, 18, 18, 42, 50, -30, 25, -37, 50, 90, -19, 44, -42, -7, -73, 93, 3, -79, 116, -53, -32, 40, 38, -38, 63, 120, -50, 36, -75, -31, -4, -18, 69, -119, 10, -55, 70, 64, -52, 157, -29, 98, 30, 76, -21, -31, 84, -94, 44, -158, 90, 31, -9, 167, -79, -56, -126, 196, -11, 36, 113, -212, -3, -40, 177, -107, 64, 60, -139, 190]
[0, 0, 0, 0, 0, 0, 0, 0, 0, 0, 0, 0, 0, 0, 1, 0, 0, 0, -1, -1, 0, 0, -1, 0, -1, 0, 1, 1, 0, 0, 1, 0, 1, 0, -2, 0, 0, 2, 0, 2, 0, 0, 4, -4, -1, -2, -3, 0, 3, -6, -2, 1, -5, 4, 1, 0, -2, 4, -1, 0, 2, -2, 0, 2, 2, 0, 0, 0, 3, 4, 3, -4, 0, -8, -3, 0, 1, -8, 1, 4, -5, 4, -3, -8, -7, 12, -8, 8, -1, -8, 6, -1, 9, -2, 7, -2, 6, -4, 1, -5, 0, 4, -6, 0, -8, -2, -7, -5, 0, 2, 4, 4, -6, -2, -4, 4, -3, 10, -10, 10, 12, -8, 17, -8, -7, -4, 18, -6, -7, -4, -15, -12, 6, 2, -26, 6, -6, -4, 9, -10, -2, 8, 10, 16, 4, -6, -16, 8, -2, 12, 2, -4, -11, 0, 14, -16, -1, -10, 5, 6, 5, -26, -14, -18, -3, 22, -20, 2, -2, -14, 14, 4, 2, -4, 15, 20, -1, 2, -16, -32, 3, 24, -25, 10, -1, -12, 27, -12, -13, 0, 11, -4, 7, -20, -19, 7, -9, 12, -5, 6, -2, 6, 5, -13, 15, 0, 9, 18, -12, -22, -8]
[0, 0, 0, 0, 0, 0, 0, 0, 0, 0, 0, 0, 0, 1, 0, 0, 0, -1, 0, -1, -1, -1, 0, 0, -1, 1, 0, 0, 1, -1, 0, 1, 0, 1, 0, 1, 1, 0, 0, -2, 2, 2, 0, 0, -2, -3, 0, -5, -3, -3, -2, 1, -3, 2, -2, 2, 1, -4, 0, 2, 0, 4, -2, 2, 2, -1, 2, -5, 6, 0, 2, 0, -6, -3, -2, -9, -2, -5, -4, 4, -3, 1, -6, 2, -5, -3, 0, 1, 1, 4, -6, 1, -1, -4, 6, -3, 6, 0, 4, -2, -4, -4, -8, -9, -2, -8, 4, 3, -6, 3, -8, -6, -8, 2, 0, 5, 3, 1, -4, 0, -3, -5, 2, -5, 8, -2, 0, -6, -4, -8, -10, -11, -6, -5, 6, -4, -10, -1, -16, -2, -9, -1, 0, 5, 2, 6, -2, -6, -6, -6, -2, -7, 8, -10, 4, -6, -10, -9, -8, -11, 0, -2, -8, -2, -5, -11, -20, 0, -18, 4, 0, -5, 2, 5, -6, -5, -15, -14, 8, 0, -6, -6, 4, -8, 2, -11, -14, -4, 0, -7, -2, -1, -16, -2, -10, -18, -7, 5, -2, 4, 2, -3, 0, 1, -10, -11, -2, -16, 0, -10, -18]
[0, 0, 0, 0, 0, 0, 0, 0, 1, 1, -1, 0, -1, -1, 0, 1, -1, -1, 1, 0, 2, 0, -1, 0, 0, 0, 1, 1, 0, 0, 0, 0, 0, -1, 2, 0, 0, 0, 0, 0, 0, -1, -2, -2, 2, 4, 2, 5, 2, 5, -2, 0, 3, 0, 1, -4, 1, 2, -1, -4, -4, -4, 4, -1, -6, -4, 0, 4, -3, 1, -1, -1, 10, 4, 4, 15, -4, 7, 5, -4, 5, 1, 3, -5, 5, 5, 0, -2, -6, -4, 2, 1, 0, 4, -10, 4, -12, 4, 3, 10, 6, 0, 6, 9, 4, -1, 9, -8, 8, -4, 9, 8, 3, -2, 4, 0, 5, -1, 2, -1, 11, 10, -4, 0, -8, 1, -8, 3, 2, 20, -1, 1, 12, 5, -6, 4, 17, -5, 16, 1, 3, 0, 2, -8, 8, -7, -4, -9, 2, 6, 14, 16, -11, -7, -12, 9, 3, 8, 6, 11, 2, 6, -2, 8, 1, 4, 28, 10, 19, 9, -3, 8, 2, -5, -1, 2, 12, 23, 0, 20, 1, 3, 7, 12, -11, 9, 18, 0, 12, 5, 11, 1, 2, -11, 15, 22, 5, -6, -5, -2, 0, 8, 17, 14, 20, 11, -6, 12, 18, 6, 20]
[0, 0, 0, 0, 0, 0, 1, 0, 0, -1, 0, 0, 0, 0, -1, -1, 0, 1, -1, 0, 0, -1, 0, -1, -1, 1, 0, -2, 0, -1, 1, 0, -1, -1, 0, 0, -1, 0, -1, -1, 0, 19, -17, 22, 10, -27, -9, -31, -30, -2, 60, -8, -15, 32, -13, 41, 63, -30, -74, 4, -51, -48, 28, -71, 14, 35, 31, 29, 53, 17, -2, 45, -124, 12, -17, -78, 45, -8, -57, -1, 80, -67, 26, 37, -116, 28, 146, -42, 19, 79, -141, 72, 114, -184, -159, -13, -128, 78, 182, -72, 48, 124, 27, -83, 74, -127, 49, 116, -295, -11, -94, -37, 190, 102, -268, 57, 157, -190, 213, 0, -243, 113, 199, -217, 144, 55, -282, 247, -152, -222, 9, 83, -175, 124, 253, -449, 380, 85, -394, 257, -78, -183, 108, 58, -334, 169, 335, -183, 233, -92, -396, 196, -16, -191, 0, 50, -130, 55, 63, -543, 207, 169, 38, 341, -183, -217, 192, 261, -212, 305, -362, -473, 268, -174, -369, 59, 262, -248, 689, 78, -506, 269, 275, -221, -104, -25, -815, 605, 361, -318, -27, -255, -70, 152, 224, -622, 133, 421, 103, 277, -166, -354, 192, 223, -401, -566, -481, -205, 92, 474, -351]
[0, 0, 0, 0, 0, 0, 0, 0, 0, 0, 1, 0, 0, 0, 0, -1, 0, 0, -1, -1, -1, 0, 0, 0, -1, 0, 0, 0, 0, 1, 0, 2, 0, 1, -1, 0, 1, 0, 2, 0, 2, 1, 0, 0, -2, -3, -2, -5, -3, -3, 0, 1, -3, -1, -2, 2, -1, -2, 0, 2, 3, 4, -4, -1, 2, -1, 0, -2, 6, 1, 2, 1, -6, -4, -2, -9, -1, -8, 0, 4, -3, 0, -6, 3, -3, -6, 0, -2, 7, 4, -5, 2, -4, -4, 2, -6, 6, 0, 6, -5, -4, 0, -8, -9, 0, -6, 0, 3, -7, 6, -8, -2, -4, 0, 0, 4, -3, 1, -2, 7, -9, -5, 2, -8, 8, 3, 4, -1, -4, -12, -7, -11, -8, -4, -2, -4, -12, 4, -16, -3, -10, -7, 0, 2, -10, 6, 0, -3, 0, -6, -6, -10, 8, -5, 1, -3, -10, -15, 2, -11, -4, -3, -7, -2, -3, 0, -20, -10, -16, -3, 0, -4, 4, 5, 2, -2, -3, -14, 8, -10, -6, -13, -2, -16, 2, -8, -12, -4, 3, 1, -8, -1, -12, 4, -10, -19, -5, 11, -2, 12, -6, -3, 1, -1, -11, -11, 6, -12, 0, -8, -21]
[0, 0, 0, 0, 0, 0, 0, 0, 0, 0, 0, 0, 1, -1, -1, 0, 0, 1, 1, 1, 0, 0, 1, 2, 1, -1, -1, 0, -1, 1, 0, -1, 1, 1, 0, -1, 0, -1, 1, 0, 0, 0, -2, 4, 2, 4, 1, 1, -1, 5, 6, 1, 5, -5, 0, 0, 0, 0, 3, 0, 3, 3, 0, -2, -2, 3, 2, 5, -5, 0, -1, 4, 4, 7, 1, 3, 1, 11, 7, -10, 7, -1, 7, 8, 11, -9, 10, -1, 1, 8, 4, 5, -7, 5, -6, 5, 0, 4, -3, 8, 2, -4, 15, 1, 8, 16, 1, 7, 7, 1, 0, 8, 16, 2, 8, 1, 1, -1, 14, -6, -6, 7, -9, 11, 12, 10, -9, 14, 7, 12, 25, 15, 6, 4, 18, 10, 10, 13, -5, 16, 12, -3, -10, -13, 4, 14, 20, 8, 10, -12, 12, 3, 17, 20, -4, 24, 13, 18, 3, 11, 3, 24, 32, 20, 5, 1, 28, -2, 22, 10, -10, 15, 0, 2, 5, -1, 15, 18, 16, 26, 23, -22, 28, 6, 7, 27, 3, 24, 15, 12, -3, 21, 17, 30, 25, 20, 17, -9, 28, -2, 10, 17, -5, 13, 7, 20, -3, 6, 12, 34, 44]
[0, 0, 0, 0, 0, 0, 0, 0, -1, 0, 0, 0, 1, 0, 1, 0, -1, 1, 0, 0, 2, 1, 0, 0, 0, 0, 0, -1, -2, 1, 0, 0, 1, 1, 0, 0, 0, -1, -1, 1, -1, -4, 9, -2, 1, 2, -4, 4, 7, -4, 0, 2, -2, 4, -5, -1, -5, 10, 2, 2, 6, -1, 5, 8, 0, -1, 6, 0, 0, -1, 2, -3, 8, -8, -6, 7, 7, 2, -2, -2, -4, 7, -6, -5, -2, 14, 2, 15, -2, -4, 14, 1, 9, 5, 13, 7, 8, -3, -12, -4, 6, -6, 3, 3, 0, 7, -11, -6, 2, 10, 15, 3, -3, -3, 4, 6, -6, 23, -4, 6, 25, -5, 12, 6, -5, 1, 27, 5, -1, 0, -2, -9, 14, -9, -16, 28, -8, 1, 29, -15, 3, 29, 12, 11, 22, 2, -12, 31, 4, 16, 14, 0, -1, 22, 21, -7, 8, 8, 10, 19, 7, -20, 8, -14, -10, 26, -8, 8, 22, -15, 13, 18, 8, 10, 26, 22, 17, 22, -16, -38, 28, 39, -15, 27, -5, -1, 50, -16, -27, 8, 15, 14, 35, -9, -24, 48, -4, -3, 5, 16, 20, 25, 7, -12, 37, 32, 16, 23, -4, -11, 42]
[0, 0, 0, 0, 0, 0, 0, 0, 0, -1, 0, 1, 0, 1, -1, 0, 1, -1, -1, 0, 0, 0, 0, 0, 1, -1, 0, 0, -1, -1, 1, -1, 1, 1, -1, -1, 2, 0, 0, 1, -1, -3, -8, 4, -6, 1, 5, -5, -9, 8, 10, -4, 6, -7, -10, 9, 20, -12, 0, -4, -13, 12, 12, -10, -22, -4, -14, -5, 16, -7, -8, 12, -2, 17, 17, -17, -11, 16, -6, 12, 4, -15, 4, 4, -4, -20, 12, -14, 5, 0, -25, -20, -5, -4, 3, 4, -16, 11, -14, 11, -8, 11, -18, 5, 18, -2, 58, 8, 1, 14, -13, -17, 13, -37, -40, -24, 8, -23, 10, -6, -60, 6, -7, -2, 10, 15, -24, 46, 23, -26, 7, 4, -26, 21, 20, -34, 15, -13, -13, 8, 17, -34, 24, -6, -44, 25, 10, -45, 4, 6, -80, 27, 33, -67, -13, 21, -38, 46, 41, -27, -9, -2, -23, -5, 28, -62, -12, 31, -25, 28, 31, -44, 2, 49, -38, -3, -1, -57, 0, 29, -48, -6, -8, -49, 7, -17, -57, -25, 25, 4, 26, 47, -31, 8, -24, -67, 48, 23, -58, 50, -14, -98, 93, 4, -73, 9, 43, -51, 40, 27, -127]
[0, 0, 0, 0, 0, 0, 0, 0, 0, 0, 0, -1, 1, 0, 0, 1, -1, 0, 0, 1, 0, -1, 0, 0, 1, 1, 2, -1, -1, 0, -1, 1, -1, 1, -2, 0, 0, 0, 0, 0, -1, -3, 3, -2, 5, 8, -1, 2, 1, 0, -4, 5, -2, -11, -2, -4, 2, 0, 10, -2, -3, 14, 3, 7, -6, 3, 0, -9, 8, -6, -3, -4, 8, -11, -8, 15, -4, 12, -2, 6, -2, -4, 6, -8, 4, -4, 16, -3, -5, 8, 8, -6, -8, 24, -6, 3, 16, -11, -12, -3, 14, -34, -10, 19, -6, 5, -1, 11, -3, 23, 36, -2, -13, -17, 16, -16, -12, 19, -20, 1, 4, 23, -22, -2, 11, 2, 9, -4, 47, -4, -12, 15, 8, -18, -24, 52, -37, -28, 47, -28, -4, 12, 46, -29, -16, 34, -28, 15, -20, 30, -26, -19, 55, -7, 11, -24, 52, 16, -7, 75, -19, -15, -14, 24, -44, -37, 28, -1, 25, -32, 39, -28, -22, 57, 2, -9, -27, 54, -28, -39, 76, -20, 1, 4, 27, -40, 20, 24, -44, 43, -3, 84, -7, -55, 10, 11, 6, -42, 43, -6, -14, 77, -21, -22, 4, 101, -15, -46, 52, -53, 20]
[0, 0, 0, 0, 0, 0, 0, -1, 1, 0, 0, 0, 0, -1, 0, 1, 0, 1, 1, 0, -1, -1, 0, 1, 1, 0, 0, 1, -1, 0, 1, 0, -2, 1, -1, -1, 1, 1, 1, 0, -1, -2, -11, 4, -4, 5, 1, -1, 1, 8, 12, 0, 9, -7, -3, -3, 12, -2, -6, 0, -6, -1, 7, -10, -20, -1, -2, 10, 10, -7, 4, 5, 12, 14, 1, 3, -14, 11, -8, -5, 9, -5, 18, 5, 7, -19, 18, -16, -1, 0, -13, -4, 5, -9, -18, 4, -16, 19, 0, 19, -8, -6, 11, -4, 16, 15, 35, 12, 0, 0, -22, 3, 18, -19, -12, -6, 3, -9, 26, -12, -42, 27, -29, 6, 4, 9, -33, 7, 14, 10, 29, 20, 2, 4, 14, -15, 18, 13, -20, 29, 13, -24, -4, -28, -14, 42, 32, -17, 18, -8, -4, 4, 9, -28, -32, 40, -16, 15, 3, -16, -14, 20, 25, 23, 3, -42, 56, -1, 18, 55, -12, -10, -2, -18, -50, -26, 3, 2, 32, 52, -6, -45, 35, -9, -7, 33, -37, 15, 42, -2, -13, -7, -14, 35, 44, -1, 9, -38, 19, -16, 6, -39, -4, 49, -38, -20, -15, -40, 38, 77, 5]
[0, 0, 0, 0, 0, 0, 0, 0, 0, 1, -1, 1, 0, 0, -1, 1, 0, -2, 0, 0, 1, 0, 1, 0, 0, 0, 2, 0, 0, -1, 1, 0, 2, 1, 0, -1, 1, 0, 0, 0, 1, 0, 1, 0, 2, 3, 1, 1, 1, 0, 0, 4, -1, 1, -1, 0, 1, 2, 0, -2, 1, 0, 2, 3, -2, 2, 6, -2, 0, 3, 5, -1, 4, 6, 3, 5, -3, 4, 1, 0, 1, 6, -4, 5, 3, 6, 2, 6, -6, 0, 4, 6, 2, 4, 1, 4, 4, 5, 2, 5, 0, -4, 4, 1, 2, 6, 5, -4, 11, 2, 12, 8, 4, 1, 12, 9, 7, 11, 2, -1, 19, -8, -1, 9, 10, 1, 6, 3, 0, 10, 2, -5, 16, 0, 0, 16, 9, -2, 12, -5, 6, 11, 0, 0, 20, 9, 6, 10, 2, 6, 22, 8, 1, 10, 3, 11, 6, 7, 5, 15, 10, 5, 16, 4, 3, 16, 0, 10, 13, 9, -2, 27, 4, 3, 13, 10, 1, 27, 8, 13, 16, 9, 3, 24, 5, 8, 19, 20, 7, 15, 17, 5, 22, 2, 6, 35, 9, -3, 25, 6, 16, 22, 13, 9, 27, 15, -5, 20, 10, 1, 36]
[0, 0, 0, 0, 0, 1, -1, 0, 0, 0, 1, 1, -1, 0, 0, 0, -1, 0, -1, -1, 0, 0, 0, -1, 1, 0, 2, 0, 0, 0, 1, 1, 1, 1, 0, 2, 1, 1, 1, 0, 0, -17, 20, -14, -9, 16, 11, 21, 22, 3, -64, 1, 23, -22, -1, -38, -53, 24, 72, 4, 35, 37, -15, 58, -7, -38, -51, -22, -51, -19, -15, -38, 96, 3, 48, 52, -34, -6, 67, 15, -89, 70, -52, -22, 104, -27, -170, 32, 7, -75, 139, -73, -115, 137, 198, 1, 113, -67, -190, 77, -58, -92, -65, 73, -58, 117, -4, -113, 281, 6, 87, 10, -177, -81, 196, -45, -137, 150, -225, -7, 205, -126, -142, 231, -153, -67, 309, -226, 133, 212, -39, -89, 149, -95, -257, 319, -342, -52, 366, -220, 91, 109, -86, -48, 300, -192, -343, 163, -223, 85, 294, -151, 0, 195, 49, -21, 20, -64, 49, 397, -188, -124, -126, -351, 247, 158, -288, -232, 132, -258, 430, 481, -200, 147, 411, -42, -232, 171, -717, -29, 360, -232, -344, 126, 114, 70, 806, -629, -310, 221, 142, 221, 59, -76, -338, 593, -91, -344, -310, -191, 162, 269, -37, -181, 354, 428, 641, 128, -132, -401, 109]
[0, 0, 0, 0, 0, 1, -1, 0, 0, 0, 1, 1, -1, -1, 0, -1, 0, 0, -1, -1, -1, 0, 0, 0, -1, 0, 0, 0, 1, 1, -1, 0, 0, 0, 0, 1, 0, -2, 1, -1, 2, -16, 22, -14, -18, 12, 15, 19, 26, 0, -78, -1, 33, -17, -9, -43, -74, 28, 92, 8, 37, 26, -17, 53, 4, -44, -79, -24, -78, -20, -21, -32, 108, 0, 68, 44, -29, -14, 101, -10, -122, 84, -84, -18, 130, -31, -250, 31, 15, -88, 183, -76, -141, 116, 266, 1, 118, -80, -244, 90, -106, -81, -97, 44, -68, 132, 6, -135, 355, -13, 77, 17, -212, -72, 208, -59, -175, 126, -273, -17, 240, -172, -170, 261, -210, -74, 383, -248, 119, 248, -59, -102, 181, -99, -311, 284, -424, -56, 400, -244, 112, 103, -160, -31, 372, -252, -417, 183, -261, 19, 366, -164, -49, 264, 75, -18, -81, -81, 61, 334, -198, -140, -174, -440, 361, 181, -450, -258, 110, -300, 520, 591, -240, 60, 555, -72, -250, 172, -933, -29, 309, -242, -466, 149, 117, 76, 994, -788, -345, 179, 246, 125, -1, -88, -500, 712, -97, -351, -560, -242, 206, 300, 35, -208, 445, 327, 861, 165, -248, -456, -13]
[0, -1, 0, 0, 0, 0, 1, 0, 0, 1, 0, -1, 0, 0, 0, 0, 0, 0, 1, -1, 1, 0, -1, 1, 0, 0, 1, 0, 0, 0, 1, -1, 2, -1, -1, -2, 1, 1, -1, 0, 0, 19, -43, 22, 9, -19, -8, -25, -35, 2, 96, -3, -34, 14, -16, 38, 61, -37, -87, -4, -33, -13, 30, -54, -6, 29, 73, 20, 77, 11, 46, 56, -96, 8, -61, -82, 32, 17, -128, -3, 133, -92, 81, 46, -100, 23, 222, -36, -4, 79, -224, 65, 123, -157, -249, 3, -138, 111, 189, -111, 28, 99, 89, -67, 58, -149, 68, 131, -351, 29, -146, -18, 174, 57, -200, 59, 184, -156, 345, 19, -259, 151, 189, -261, 203, 75, -345, 248, -79, -264, 73, 89, -152, 129, 287, -351, 426, 72, -480, 252, -58, -145, 80, 64, -386, 259, 365, -207, 236, -66, -404, 163, 59, -323, -113, 103, -103, 120, -46, -435, 126, 143, 207, 381, -320, -215, 420, 274, -214, 351, -505, -607, 250, -101, -518, 58, 313, -270, 965, 73, -413, 276, 547, -138, -91, -68, -1023, 639, 510, -228, -246, -129, -27, 136, 471, -783, 168, 396, 307, 275, -180, -448, -34, 185, -544, -387, -804, -176, 232, 474, -222]
[0, 0, 0, 0, 0, 0, -1, 0, 0, 1, 0, 0, -1, 0, 1, 1, 0, 0, 0, 0, 0, -2, 0, -1, 1, 1, -1, 0, 0, -1, 0, 0, -2, 0, 0, 0, 2, 0, -1, 0, -2, -15, 18, -12, -8, 15, -3, 13, 28, -6, -50, 2, 1, -19, 21, -34, -60, 42, 37, 0, 46, 10, -26, 55, 10, -35, -5, -11, -61, 6, 1, -61, 74, -15, -4, 60, -22, -37, 45, -5, -68, 76, -43, -31, 81, -9, -128, 39, -25, -82, 127, -40, -76, 140, 94, -26, 92, -62, -107, 72, -50, -123, -1, 35, -64, 117, -91, -138, 200, -44, 44, 42, -156, -30, 196, -3, -121, 146, -169, -24, 244, -153, -138, 195, -148, -68, 237, -251, 31, 218, -38, -127, 166, -148, -187, 337, -284, -44, 274, -153, 21, 164, -176, -93, 276, -215, -229, 187, -166, 20, 362, -220, -89, 259, -47, -16, 117, -186, -89, 413, -134, -130, 18, -339, 63, 224, -216, -262, 160, -209, 179, 427, -218, 28, 331, -65, -196, 157, -517, -70, 373, -267, -260, 176, -33, 78, 632, -529, -282, 219, -19, 57, 131, -103, -247, 628, -193, -361, 4, -333, 82, 223, -270, -211, 382, 300, 241, 142, -220, -274, 423]
[0, 0, 1, 0, 0, 0, -1, 0, 0, -1, 0, 0, 1, 0, 2, -2, 0, 0, -1, 1, -1, 1, 0, -1, -1, 0, -1, 0, 1, 1, -1, 1, -1, 0, 0, 0, -1, 0, 1, -1, 0, 21, -11, 16, 13, -17, -8, -25, -18, -21, 66, -11, -15, 48, -19, 61, 23, 14, -83, 20, -26, -106, 30, -90, 62, 22, 45, 32, 22, 56, 1, 79, -142, -29, -9, -121, 75, 3, -17, -19, 72, -34, -17, 33, -115, 49, 104, -57, 39, 79, -88, 144, 150, -192, -149, 18, -150, 88, 212, -101, 14, 187, 43, -68, 92, -159, 30, 67, -292, -51, -95, 33, 264, 192, -315, 152, 131, -233, 229, -13, -181, 0, 261, -268, 91, 114, -231, 297, -258, -234, -11, -15, -80, 204, 273, -539, 446, 160, -404, 315, -96, -144, -4, 83, -302, 89, 390, -93, 318, -110, -298, 317, -138, -45, 33, 69, -192, 106, 110, -598, 313, 97, 56, 230, -145, -147, 60, 344, -280, 321, -399, -360, 422, -287, -175, 100, 378, -364, 679, 20, -634, 375, 238, -73, -164, -4, -691, 474, 393, -284, 87, -379, -56, 216, 79, -519, 199, 651, 24, 283, -62, -451, 268, 193, -235, -735, -398, -51, -48, 604, -295]
[0, 0, 0, 0, -1, 0, 0, 0, 0, -1, 0, 1, 1, 1, 1, -1, 0, 1, -1, -1, 0, 0, -1, -1, -2, 0, -1, 0, -1, 1, 0, -1, 1, -1, 0, -1, 0, 0, 0, 1, 2, 5, -3, -12, 1, -27, -6, -16, -15, -7, 18, 21, -12, 45, 1, 17, 26, -40, -29, -4, -23, -48, -7, -13, -3, 65, 6, -10, 45, 20, 36, 28, -40, -9, -31, 0, -8, -29, -63, -63, 19, -71, 65, -2, -63, 83, 44, 43, 4, 89, -112, -16, 70, -200, -41, 38, -43, 13, 67, -104, 6, 140, 12, -121, 22, -118, 24, 207, -131, 48, -66, -3, 56, -49, -112, -77, 84, -176, 94, 48, -124, 263, 75, -181, 55, 22, -149, 96, -20, -264, 87, 234, -134, 107, 38, -359, 120, -59, -228, -42, -8, -57, 138, 235, -124, 323, 104, -115, 76, -176, -118, 167, 10, -311, 39, -104, -84, 157, -104, -485, 24, 73, -88, 416, 2, 50, 202, 206, -134, 0, -121, -431, 66, -376, -273, 58, 71, 116, 356, -141, -228, 352, 162, -27, 36, -219, -557, 618, 184, -288, -44, -406, -116, -93, 239, -592, -45, 375, -62, 315, -36, 220, 110, 222, -292, -584, -310, 167, 94, -101, -288]
[0, 0, 0, 1, 0, 0, 0, -1, 0, 0, 0, -1, 0, 0, -1, 1, 0, 0, 0, 2, -1, 0, 1, 0, 1, -1, -2, -1, 1, -1, 1, -2, 0, 0, 1, -1, 0, 0, -1, -1, -1, 8, -17, 16, 16, -17, 8, -23, -6, 9, 50, 0, -22, 15, -28, 28, 30, -10, -34, 1, -29, -26, 39, -52, -3, 18, 3, 8, 39, 6, -16, 65, -90, 5, -10, -38, 23, 15, -31, -30, 86, -40, 0, 35, -69, 23, 88, -40, 9, 78, -68, 57, 97, -180, -78, 17, -97, 77, 102, -35, 8, 101, 13, -94, 80, -81, 115, 92, -189, 18, -70, 0, 132, 51, -224, 24, 88, -172, 158, 5, -178, 114, 142, -151, 80, 68, -180, 199, -90, -168, -4, 66, -65, 124, 156, -364, 259, 12, -283, 179, -9, -124, 118, 80, -214, 164, 225, -92, 183, -120, -310, 142, -11, -126, 91, 80, -128, 130, 60, -468, 149, 114, 9, 276, -100, -194, 112, 258, -93, 255, -231, -333, 190, -222, -167, -1, 208, -126, 425, 57, -376, 277, 129, -46, -131, -32, -486, 418, 295, -239, 138, -249, -94, 135, 64, -351, 110, 359, -91, 193, -66, -164, 283, 172, -219, -482, -236, -121, 76, 383, -376]
[0, 0, 0, 0, 0, 0, 0, 1, 0, 0, 0, -1, 1, -1, 0, 0, -1, 0, -1, 1, 1, 1, 0, 1, 2, -1, -1, 1, -1, 1, 1, -1, 1, 1, -2, 0, -1, -1, 1, 0, -1, -3, 14, 2, 7, 16, -9, 7, 12, -8, -10, -7, -13, -30, 15, 1, -25, 36, 7, -6, 22, 19, -5, 17, 23, -25, 14, 1, -34, 19, -20, -26, 6, -25, -15, 13, 21, 2, 52, 31, -13, 40, -35, -20, 25, -20, -8, -5, -20, -44, 80, 12, -28, 133, -36, -43, 47, -29, -3, 49, 30, -103, 11, 66, -30, 65, -77, -113, 24, -48, 56, 43, -27, 51, 80, 42, -59, 121, -52, -25, 127, -149, -21, 64, -21, 5, 81, -44, -27, 116, -73, -137, 102, -78, -18, 243, -75, -8, 133, 28, -26, 90, -76, -163, 30, -188, -30, 107, -24, 88, 80, -133, -19, 233, -44, 26, 154, -153, -15, 324, 32, -73, 106, -210, -135, 54, -94, -115, 99, -52, 10, 178, -70, 196, 202, 15, -10, -16, -176, -71, 212, -170, -87, 83, -47, 48, 235, -258, -119, 203, -21, 213, 117, -61, -109, 375, -27, -147, 213, -218, -80, -17, -143, -188, 247, 334, -77, -50, -102, 39, 350]
