52 3 33 68 67
[1, 0, -5, 0, -5, 0, 4, 0, 2, 0, 4, 0, 7, 0, 7, 0, 5, 0, -10, 0, 5, 0, 10, 0, 10, 0, -1, 0, -5, 0, -6, 0, 15, 0, -4, 0, 6, 0, 13, 0, -6, 0, 2, 0, 4, 0, -10, 0, -6, 0, -3, 0, -10, 0, 8, 0, -1, 0, -3, 0, 2, 0, 12, 0, 8, 0, 0, 0, 3, 0, -11, 0, -3, 0, 4, 0, -248, 0, 34622, 0, -5016, 0, -62520, 0, -6929, 0, -28785, 0, 24278, 0, 81963, 0, 81673, 0, -5075, 0, -107292, 0, 715, 0, -110368, 0, 8465, 0, 56455, 0, -49239, 0, 95766, 0, 12796, 0, 117401, 0, -23925, 0, -66817, 0, -30455, 0, -120680, 0, 132433, 0, -16142, 0, -18998, 0, -225375, 0, 63609, 0, 365169, 0, -219096, 0, 169508, 0, -81937, 0, -239539, 0, 88908, 0, 338421, 0, 89797, 0, -543783, 0, 332432, 0, -117922, 0, -167734, 0, -67020, 0, -133931, 0, 170207, 0, -174307, 0, 885158, 0, -33331, 0, -357476, 0, -12835, 0, 12675, 0, 359106, 0, -536529, 0, 128239, 0, -849134, 0, -204277, 0, 771350, 0, -267364, 0, 781668, 0, -165266, 0, 446997, 0, 203880, 0, 42379, 0, 128722, 0, -1776885, 0, 355612, 0, -265929, 0, 44983, 0, 33506, 0, 79]
[0, 0, 0, 0, 0, 0, 0, 0, 0, 0, 0, 0, 0, 0, 0, 0, 0, 0, 0, 0, 0, 0, -1, 0, 0, 0, 1, 0, 0, 0, 0, 0, -1, 0, 1, 0, 0, 0, -1, 0, 1, 0, -1, 0, 0, 0, -1, 0, -1, 0, 0, 0, -1, 0, 2, 0, 1, 0, -1, 0, -1, 0, 0, 0, 0, 0, -2, 0, 0, 0, 0, 0, -1, 0, 1, 0, -1, 0, -3, 0, -1, 0, 1, 0, 4, 0, -4, 0, -3, 0, 1, 0, -4, 0, 2, 0, 0, 0, 1, 0, 2, 0, -2, 0, 1, 0, -7, 0, -7, 0, 3, 0, 2, 0, -2, 0, -3, 0, 2, 0, -3, 0, -3, 0, 2, 0, 3, 0, 0, 0, -5, 0, -1, 0, -7, 0, -9, 0, 0, 0, 6, 0, 1, 0, -2, 0, -2, 0, -7, 0, 0, 0, -2, 0, 0, 0, -1, 0, -7, 0, 5, 0, -9, 0, -8, 0, 0, 0, 0, 0, 4, 0, -1, 0, -2, 0, -8, 0, -9, 0, -2, 0, 8, 0, -2, 0, -5, 0, -2, 0, -2, 0, -9, 0, -3, 0, 2, 0, -11, 0, 0, 0, -7, 0, -10, 0, -6, 0, -6, 0, 16]
[0, 0, 0, 0, 0, 0, 0, 0, 0, 0, 0, 0, 0, 0, 0, 0, 0, 0, 0, 0, 0, 0, 0, -1, 0, 0, 0, 1, 0, 0, 0, 1, 0, -1, 0, -1, 0, 0, 0, 0, 0, 1, 0, 0, 0, 0, 0, -2, 0, -1, 0, 0, 0, 1, 0, 0, 0, 1, 0, 1, 0, -3, 0, 0, 0, 0, 0, 0, 0, 0, 0, -1, 0, -1, 0, 2, 0, -2, 0, -2, 0, 0, 0, -4, 0, 5, 0, 3, 0, -2, 0, -2, 0, -4, 0, -2, 0, -1, 0, 5, 0, 3, 0, -2, 0, -3, 0, 0, 0, -4, 0, -5, 0, 6, 0, -1, 0, -3, 0, -2, 0, -3, 0, 2, 0, 0, 0, 1, 0, 6, 0, -7, 0, -4, 0, 1, 0, -9, 0, -4, 0, 4, 0, 2, 0, -2, 0, 2, 0, -1, 0, 1, 0, -5, 0, -1, 0, -7, 0, -7, 0, -4, 0, 1, 0, 7, 0, -5, 0, 3, 0, 0, 0, 0, 0, -5, 0, 1, 0, -7, 0, -9, 0, 6, 0, 2, 0, -3, 0, -9, 0, -5, 0, -6, 0, 2, 0, 6, 0, 1, 0, -4, 0, -21, 0, -7, 0, 8, 0, 7, 0]
[0, 0, 0, 0, 0, 0, 0, 0, 0, 0, 0, 0, 0, 0, 0, 0, 0, 0, 1, 0, 0, 0, -1, 0, 0, 0, 1, 0, 1, 0, -1, 0, 0, 0, 0, 0, 0, 0, 1, 0, 1, 0, 0, 0, 0, 0, 1, 0, 1, 0, 0, 0, 0, 0, 1, 0, 1, 0, 2, 0, 0, 0, 1, 0, 0, 0, 1, 0, 3, 0, -1, 0, 1, 0, 2, 0, 1, 0, 1, 0, -1, 0, 5, 0, 3, 0, 2, 0, 4, 0, -2, 0, 0, 0, 2, 0, 3, 0, 2, 0, 0, 0, 5, 0, 3, 0, 2, 0, 3, 0, 0, 0, 6, 0, 1, 0, 6, 0, 4, 0, -4, 0, 2, 0, 5, 0, 12, 0, 9, 0, -4, 0, 4, 0, 3, 0, 1, 0, 8, 0, -1, 0, 10, 0, 4, 0, 9, 0, 8, 0, -1, 0, 8, 0, 1, 0, 9, 0, 6, 0, 1, 0, 2, 0, 2, 0, 14, 0, 11, 0, 5, 0, 14, 0, 6, 0, 6, 0, 2, 0, -5, 0, 15, 0, 8, 0, 6, 0, 13, 0, -1, 0, 10, 0, 12, 0, 12, 0, 8, 0, 0, 0, 18, 0, 10, 0, 10, 0, 12, 0, 6]
[0, 0, 0, 0, -1, 0, 1, 0, 1, 0, -1, 0, -1, 0, 0, 0, 1, 0, 0, 0, 2, 0, 0, 0, 0, 0, -1, 0, -1, 0, -1, 0, -1, 0, -1, 0, -2, 0, 1, 0, 0, 0, -1, 0, 0, 0, 0, 0, 0, 0, 0, 0, 0, 0, 0, 0, 1, 0, -1, 0, 0, 0, 2, 0, 2, 0, 0, 0, -1, 0, 1, 0, -1, 0, -1, 0, -9, 0, -420, 0, 185, 0, 813, 0, -77, 0, 6, 0, -154, 0, -819, 0, -811, 0, 401, 0, 780, 0, -247, 0, 988, 0, 421, 0, -158, 0, 17, 0, -868, 0, -413, 0, -1172, 0, 180, 0, 620, 0, 383, 0, 753, 0, -142, 0, 404, 0, -660, 0, 2040, 0, -923, 0, -2745, 0, 2373, 0, -1384, 0, -310, 0, 1282, 0, -360, 0, -2983, 0, 308, 0, 4496, 0, -3011, 0, 1434, 0, 2128, 0, 622, 0, -42, 0, -1228, 0, 967, 0, -7419, 0, 91, 0, 2362, 0, -493, 0, -184, 0, -520, 0, 5255, 0, -1461, 0, 6830, 0, 1013, 0, -5894, 0, 2802, 0, -6150, 0, -1875, 0, -4698, 0, -666, 0, -1595, 0, 684, 0, 15310, 0, -1399, 0, 2375, 0, 1983, 0, 690, 0, -5056]
[0, 0, 0, 0, 1, 0, 0, 0, -1, 0, -1, 0, 1, 0, 0, 0, -1, 0, -1, 0, 0, 0, 1, 0, -1, 0, 1, 0, 0, 0, -1, 0, 1, 0, 0, 0, -1, 0, 2, 0, 1, 0, 2, 0, -1, 0, 1, 0, 0, 0, 2, 0, 0, 0, -2, 0, 0, 0, 0, 0, 1, 0, -1, 0, 0, 0, 0, 0, 0, 0, -1, 0, 1, 0, 1, 0, -37, 0, -2055, 0, 547, 0, 3765, 0, 198, 0, 1051, 0, -1149, 0, -4418, 0, -4485, 0, 915, 0, 5215, 0, -538, 0, 5916, 0, 637, 0, -2212, 0, 1674, 0, -5174, 0, -1335, 0, -6389, 0, 1305, 0, 3595, 0, 1829, 0, 5633, 0, -4997, 0, 1339, 0, -413, 0, 11818, 0, -4077, 0, -18261, 0, 12254, 0, -8559, 0, 2429, 0, 11205, 0, -3837, 0, -17971, 0, -2705, 0, 27862, 0, -17689, 0, 7176, 0, 10205, 0, 3563, 0, 4556, 0, -8601, 0, 8174, 0, -45516, 0, 1479, 0, 17321, 0, -730, 0, -800, 0, -13546, 0, 29021, 0, -7321, 0, 43305, 0, 9150, 0, -38561, 0, 14897, 0, -39365, 0, 1992, 0, -25142, 0, -8438, 0, -4467, 0, -3137, 0, 92578, 0, -15540, 0, 14268, 0, 2243, 0, 70, 0, -9633]
[0, 0, 0, 0, 0, 0, 0, 0, 0, 0, -1, 0, 1, 0, 0, 0, 0, 0, -2, 0, 3, 0, 0, 0, 0, 0, -1, 0, -1, 0, -2, 0, -1, 0, -1, 0, 0, 0, 0, 0, -1, 0, 0, 0, -1, 0, 0, 0, 2, 0, -1, 0, 0, 0, -1, 0, 0, 0, -1, 0, -1, 0, 1, 0, 0, 0, -1, 0, 0, 0, 0, 0, -1, 0, -1, 0, -196, 0, -938, 0, 940, 0, 1989, 0, -538, 0, -1631, 0, 350, 0, -875, 0, -759, 0, 2393, 0, -1139, 0, -1656, 0, 396, 0, 3813, 0, 2481, 0, -3032, 0, -625, 0, -2541, 0, -934, 0, 68, 0, 349, 0, 926, 0, -2292, 0, 6893, 0, 1871, 0, -5142, 0, 447, 0, -2932, 0, 2535, 0, 3523, 0, 586, 0, -6925, 0, -4485, 0, 2739, 0, -932, 0, 7057, 0, -1186, 0, -1759, 0, 3340, 0, 5616, 0, 345, 0, -8619, 0, 764, 0, -3242, 0, 1468, 0, -965, 0, -4409, 0, -4920, 0, -557, 0, 18167, 0, 4340, 0, -2627, 0, -3134, 0, -4722, 0, 5228, 0, 3984, 0, 3967, 0, -24092, 0, -6503, 0, 7424, 0, -7579, 0, 12346, 0, 549, 0, 10713, 0, 1629, 0, 16936, 0, 6706, 0, -35383]
[0, 0, 0, 0, 0, 0, 0, 0, 0, 0, 0, 0, 0, 0, 0, 0, 0, -1, 0, 1, 0, 0, 0, 0, 0, -1, 0, 0, 0, 1, 0, -1, 0, 0, 0, 0, 0, -1, 0, -1, 0, 1, 0, 1, 0, -1, 0, -2, 0, 1, 0, 1, 0, -1, 0, -2, 0, -1, 0, -2, 0, 0, 0, 0, 0, -1, 0, -1, 0, 2, 0, -2, 0, 1, 0, -1, 0, -1, 0, -3, 0, -4, 0, 2, 0, -3, 0, -3, 0, 2, 0, 1, 0, -2, 0, -4, 0, -1, 0, 1, 0, -5, 0, -4, 0, -2, 0, 1, 0, -2, 0, 3, 0, -2, 0, -4, 0, 1, 0, -5, 0, -5, 0, -8, 0, -8, 0, -3, 0, 4, 0, 3, 0, 0, 0, -5, 0, -1, 0, 1, 0, -9, 0, -5, 0, -13, 0, -6, 0, -1, 0, 1, 0, -4, 0, -7, 0, 3, 0, 1, 0, 0, 0, -6, 0, -16, 0, -4, 0, -15, 0, 3, 0, 1, 0, 0, 0, -3, 0, -11, 0, -9, 0, -4, 0, -16, 0, -7, 0, 2, 0, -6, 0, 0, 0, -6, 0, -1, 0, -6, 0, -5, 0, -9, 0, -8, 0, -9, 0, -18, 0]
[0, 0, 0, 0, 0, 0, 0, 0, 0, 0, -1, 0, 1, 0, 1, 0, -1, 0, 1, 0, 0, 0, 0, 0, 0, 0, 1, 0, -3, 0, 0, 0, 2, 0, 0, 0, 1, 0, -1, 0, 1, 0, -1, 0, 2, 0, 0, 0, 0, 0, 1, 0, 1, 0, -1, 0, 0, 0, 1, 0, 2, 0, -1, 0, 0, 0, 1, 0, 1, 0, 0, 0, 0, 0, 1, 0, 34, 0, 439, 0, -264, 0, -864, 0, 118, 0, 209, 0, 86, 0, 718, 0, 695, 0, -632, 0, -417, 0, 383, 0, -775, 0, -814, 0, -232, 0, 400, 0, 722, 0, 673, 0, 989, 0, -125, 0, -502, 0, -419, 0, -234, 0, -852, 0, -549, 0, 1176, 0, -1544, 0, 1082, 0, 1672, 0, -2223, 0, 951, 0, 1172, 0, -350, 0, -132, 0, 2346, 0, -1194, 0, -3141, 0, 2448, 0, -1472, 0, -2322, 0, -503, 0, 1167, 0, 777, 0, -232, 0, 5265, 0, 32, 0, -1131, 0, 1069, 0, 172, 0, -2075, 0, -4470, 0, 1409, 0, -4613, 0, -111, 0, 3624, 0, -2583, 0, 3989, 0, 4650, 0, 4408, 0, -568, 0, 2181, 0, -2169, 0, -11303, 0, -449, 0, -1952, 0, -3723, 0, -1387, 0, 8457]
[0, 0, -1, 0, 2, 0, -1, 0, 0, 0, -2, 0, 2, 0, 1, 0, 0, 0, 0, 0, 0, 0, 2, 0, 0, 0, -1, 0, -1, 0, -1, 0, -1, 0, 2, 0, -1, 0, 1, 0, 0, 0, 1, 0, -1, 0, 1, 0, 1, 0, 0, 0, -1, 0, 0, 0, -1, 0, 0, 0, -1, 0, 1, 0, -1, 0, -1, 0, 0, 0, 0, 0, -1, 0, 0, 0, -203, 0, 1229, 0, 771, 0, -1916, 0, -1113, 0, -3838, 0, 2077, 0, 4570, 0, 4532, 0, 2416, 0, -8587, 0, -1937, 0, -6760, 0, 5018, 0, 6773, 0, -6931, 0, 5504, 0, -2034, 0, 6686, 0, -1375, 0, -3944, 0, -903, 0, -10837, 0, 16853, 0, 1068, 0, -7190, 0, -14524, 0, 874, 0, 27304, 0, -10771, 0, 12219, 0, -13346, 0, -21187, 0, 9115, 0, 21170, 0, 14132, 0, -37818, 0, 20343, 0, -3607, 0, -4811, 0, -4128, 0, -19016, 0, 12205, 0, -15457, 0, 61022, 0, -3215, 0, -29077, 0, -6572, 0, 254, 0, 45268, 0, -30929, 0, 5601, 0, -60427, 0, -19449, 0, 57820, 0, -13352, 0, 57246, 0, -39006, 0, 22006, 0, 22299, 0, -6217, 0, 23061, 0, -117846, 0, 36078, 0, -15868, 0, 22468, 0, 9880, 0, -40714]
[0, 0, 0, 0, 1, 0, 1, 0, -1, 0, -2, 0, 1, 0, -1, 0, -1, 0, -3, 0, 1, 0, 2, 0, 0, 0, 0, 0, -1, 0, 0, 0, 1, 0, 1, 0, 1, 0, 0, 0, 2, 0, -1, 0, 2, 0, 0, 0, 0, 0, 0, 0, 0, 0, 0, 0, 0, 0, 1, 0, 1, 0, 0, 0, 0, 0, 0, 0, 1, 0, 1, 0, 0, 0, -1, 0, -85, 0, -3934, 0, 1192, 0, 7295, 0, 202, 0, 1480, 0, -1991, 0, -8219, 0, -8241, 0, 2247, 0, 9178, 0, -1360, 0, 10724, 0, 2040, 0, -3407, 0, 2294, 0, -9431, 0, -2991, 0, -11770, 0, 2333, 0, 6562, 0, 3544, 0, 9605, 0, -7293, 0, 2887, 0, -2106, 0, 21487, 0, -8062, 0, -32294, 0, 23000, 0, -15330, 0, 2613, 0, 19020, 0, -6280, 0, -32509, 0, -3110, 0, 50007, 0, -32305, 0, 13669, 0, 19745, 0, 6548, 0, 6117, 0, -15257, 0, 13874, 0, -81735, 0, 2412, 0, 30080, 0, -2386, 0, -1555, 0, -20023, 0, 53414, 0, -13878, 0, 77340, 0, 15370, 0, -68342, 0, 27845, 0, -69987, 0, -2276, 0, -46774, 0, -13473, 0, -9875, 0, -2699, 0, 166982, 0, -25328, 0, 26054, 0, 8228, 0, 1796, 0, -26148]
[0, 0, 0, 0, 0, 0, 0, 0, 0, 0, 1, 0, -2, 0, 1, 0, 0, 0, -1, 0, 1, 0, 1, 0, 0, 0, -1, 0, 0, 0, 1, 0, -1, 0, -1, 0, 0, 0, 1, 0, 0, 0, 1, 0, 1, 0, 0, 0, -2, 0, 0, 0, 3, 0, 0, 0, 1, 0, 1, 0, -1, 0, -2, 0, 0, 0, 2, 0, 1, 0, 1, 0, 0, 0, 0, 0, 124, 0, -542, 0, -331, 0, 825, 0, 430, 0, 1742, 0, -907, 0, -2010, 0, -2044, 0, -1110, 0, 3859, 0, 843, 0, 3108, 0, -2316, 0, -3034, 0, 3126, 0, -2503, 0, 1001, 0, -3117, 0, 661, 0, 1830, 0, 427, 0, 4894, 0, -7641, 0, -482, 0, 3197, 0, 6584, 0, -297, 0, -12333, 0, 4745, 0, -5443, 0, 6107, 0, 9509, 0, -4129, 0, -9692, 0, -6404, 0, 17091, 0, -8999, 0, 1731, 0, 1996, 0, 1808, 0, 8632, 0, -5426, 0, 6923, 0, -27510, 0, 1473, 0, 13004, 0, 3080, 0, -45, 0, -20484, 0, 13986, 0, -2474, 0, 27297, 0, 8572, 0, -26054, 0, 5898, 0, -25708, 0, 17873, 0, -10033, 0, -10078, 0, 2631, 0, -10390, 0, 53392, 0, -16293, 0, 7033, 0, -10378, 0, -4552, 0, 18736]
[0, 0, 0, 0, 0, 0, 0, 0, 0, 0, 0, 0, 0, 0, 0, 0, 0, 0, 0, 0, 1, 0, 0, 0, 0, 0, -1, 0, 0, 0, 1, 0, 0, 0, 0, 0, 0, 0, 0, 0, 0, 0, 0, 0, 3, 0, 0, 0, -1, 0, 0, 0, 3, 0, -1, 0, 0, 0, -1, 0, 3, 0, -1, 0, 2, 0, 1, 0, 1, 0, -1, 0, -1, 0, 1, 0, 5, 0, 2, 0, 2, 0, -4, 0, 4, 0, 0, 0, 1, 0, 0, 0, 8, 0, 0, 0, -5, 0, -2, 0, 11, 0, -1, 0, -1, 0, 1, 0, 9, 0, -1, 0, -2, 0, 2, 0, 9, 0, -4, 0, 8, 0, 1, 0, 11, 0, -5, 0, -6, 0, 2, 0, 12, 0, 0, 0, 5, 0, -5, 0, 25, 0, -3, 0, -4, 0, -5, 0, 15, 0, 3, 0, 1, 0, -2, 0, 11, 0, 1, 0, 5, 0, 9, 0, 26, 0, -6, 0, -12, 0, -6, 0, 19, 0, 0, 0, 1, 0, -3, 0, 36, 0, -13, 0, 6, 0, 5, 0, 23, 0, 3, 0, -16, 0, -7, 0, 29, 0, 1, 0, 21, 0, -5, 0, 28, 0, 0, 0, 4, 0, -7]
[0, 0, 0, 0, 0, 0, 0, 0, 0, 0, 0, 0, 0, 0, 0, 0, 0, 0, 0, 0, 0, 0, 0, 0, 1, 0, 0, 0, -1, 0, 0, 0, 0, 0, 0, 0, 0, 0, 0, 0, -1, 0, 1, 0, 2, 0, 0, 0, -1, 0, 2, 0, 1, 0, -2, 0, 2, 0, -2, 0, -2, 0, -1, 0, -1, 0, -3, 0, 1, 0, -1, 0, 0, 0, 0, 0, 50, 0, 128, 0, -88, 0, -275, 0, 3, 0, 127, 0, -28, 0, 197, 0, 164, 0, -216, 0, 49, 0, 147, 0, -168, 0, -407, 0, -218, 0, 251, 0, 245, 0, 317, 0, 111, 0, -57, 0, -117, 0, -141, 0, 184, 0, -535, 0, -203, 0, 414, 0, -196, 0, 394, 0, 126, 0, -589, 0, 86, 0, 587, 0, 54, 0, -145, 0, 453, 0, -542, 0, -333, 0, 579, 0, -565, 0, -828, 0, -43, 0, 741, 0, 267, 0, 74, 0, 604, 0, 17, 0, -13, 0, 507, 0, 155, 0, -1431, 0, -882, 0, 412, 0, -316, 0, 136, 0, 79, 0, -743, 0, 351, 0, 2327, 0, 1052, 0, -443, 0, 632, 0, -1027, 0, -1668, 0, -608, 0, -560, 0, -1681, 0, -645, 0, 3459]
[0, 0, 0, 0, 0, 0, 0, 0, 0, 0, 0, 0, 0, 0, 0, 0, 0, 1, 0, -1, 0, 0, 0, 0, 0, 0, 0, 1, 0, 0, 0, 0, 0, 0, 0, 0, 0, 1, 0, -1, 0, 0, 0, 2, 0, -1, 0, 1, 0, -1, 0, 0, 0, 2, 0, 1, 0, 1, 0, 0, 0, 0, 0, 1, 0, 0, 0, 1, 0, -2, 0, 4, 0, 2, 0, 0, 0, 1, 0, -2, 0, 1, 0, 2, 0, 1, 0, 2, 0, -2, 0, 5, 0, 3, 0, -3, 0, 5, 0, -1, 0, 6, 0, 3, 0, -4, 0, 0, 0, -1, 0, 3, 0, 5, 0, 2, 0, 3, 0, 1, 0, 3, 0, 3, 0, -1, 0, 5, 0, 2, 0, 3, 0, 5, 0, 1, 0, 5, 0, 1, 0, 4, 0, 5, 0, -1, 0, -1, 0, 5, 0, 4, 0, 4, 0, 3, 0, 6, 0, 1, 0, 8, 0, 7, 0, 0, 0, 1, 0, 8, 0, 5, 0, 6, 0, -5, 0, 5, 0, 7, 0, 8, 0, 11, 0, 1, 0, 3, 0, 1, 0, 7, 0, 15, 0, -9, 0, 8, 0, 18, 0, -4, 0, 13, 0, -7, 0, 3, 0, 16, 0]
[0, 0, 0, 0, 0, 0, -1, 0, 1, 0, 1, 0, -1, 0, 0, 0, 0, 0, -1, 0, 0, 0, 1, 0, 0, 0, 1, 0, 0, 0, -1, 0, -3, 0, 0, 0, 0, 0, -1, 0, -1, 0, 2, 0, -1, 0, -1, 0, -2, 0, -1, 0, 0, 0, 0, 0, 0, 0, 0, 0, 0, 0, 0, 0, -2, 0, 2, 0, -2, 0, 0, 0, -1, 0, -1, 0, -11, 0, -77, 0, 69, 0, 157, 0, -61, 0, -89, 0, 11, 0, -129, 0, -75, 0, 167, 0, -8, 0, -91, 0, 71, 0, 207, 0, 116, 0, -125, 0, -99, 0, -163, 0, -150, 0, 4, 0, 53, 0, 81, 0, -73, 0, 360, 0, 135, 0, -339, 0, 157, 0, -213, 0, -69, 0, 379, 0, -90, 0, -405, 0, -156, 0, 130, 0, -259, 0, 390, 0, 281, 0, -279, 0, 241, 0, 408, 0, 24, 0, -431, 0, -23, 0, -122, 0, -471, 0, -59, 0, -103, 0, -303, 0, -36, 0, 880, 0, 670, 0, -234, 0, 267, 0, -177, 0, -108, 0, 423, 0, -305, 0, -1365, 0, -717, 0, 336, 0, -495, 0, 655, 0, 1133, 0, 489, 0, 186, 0, 1017, 0, 393, 0, -2231]
[0, 0, 0, 0, 0, 0, 0, 0, 0, 0, -1, 0, 1, 0, 1, 0, -1, 0, 1, 0, 0, 0, 0, 0, 0, 0, -2, 0, 1, 0, 2, 0, 0, 0, -2, 0, 1, 0, 0, 0, -1, 0, -1, 0, 2, 0, 1, 0, 2, 0, 0, 0, 1, 0, 1, 0, 1, 0, 0, 0, 0, 0, 0, 0, 1, 0, -1, 0, 0, 0, 2, 0, 1, 0, -2, 0, 10, 0, 0, 0, -2, 0, -1, 0, 5, 0, -12, 0, 3, 0, 8, 0, 3, 0, -4, 0, 12, 0, -5, 0, 5, 0, 18, 0, -9, 0, -10, 0, 20, 0, -10, 0, -30, 0, 10, 0, 12, 0, -23, 0, 16, 0, 16, 0, 17, 0, 18, 0, 16, 0, 1, 0, -2, 0, -9, 0, -9, 0, -17, 0, -6, 0, 0, 0, -9, 0, 9, 0, 58, 0, 12, 0, 5, 0, 19, 0, 35, 0, -47, 0, -20, 0, 0, 0, -18, 0, -32, 0, 25, 0, -18, 0, 30, 0, 78, 0, 9, 0, -19, 0, 83, 0, -6, 0, -66, 0, 7, 0, -3, 0, -94, 0, 4, 0, 7, 0, -4, 0, 45, 0, 81, 0, 33, 0, 54, 0, 47, 0, 0, 0, -53]
[0, 0, 0, 0, 0, 0, 1, 0, 0, 0, -1, 0, -1, 0, -1, 0, 1, 0, 0, 0, 1, 0, -1, 0, 1, 0, -2, 0, 0, 0, 1, 0, -1, 0, 0, 0, 0, 0, 0, 0, 0, 0, 1, 0, -1, 0, 0, 0, 1, 0, 0, 0, 2, 0, 0, 0, -2, 0, -2, 0, 1, 0, 0, 0, 2, 0, 0, 0, 0, 0, -3, 0, 0, 0, 1, 0, -48, 0, -2007, 0, 651, 0, 3777, 0, 39, 0, 575, 0, -966, 0, -4148, 0, -4101, 0, 1343, 0, 4454, 0, -799, 0, 5247, 0, 1307, 0, -1486, 0, 884, 0, -4636, 0, -1682, 0, -5874, 0, 1114, 0, 3239, 0, 1821, 0, 4552, 0, -2941, 0, 1581, 0, -1550, 0, 10636, 0, -4228, 0, -15627, 0, 11667, 0, -7530, 0, 612, 0, 8842, 0, -2830, 0, -15959, 0, -851, 0, 24497, 0, -16019, 0, 6896, 0, 10185, 0, 3283, 0, 2277, 0, -7379, 0, 6498, 0, -40079, 0, 1060, 0, 14368, 0, -1561, 0, -793, 0, -8261, 0, 26676, 0, -7093, 0, 37724, 0, 7150, 0, -33193, 0, 14079, 0, -34093, 0, -3237, 0, -23466, 0, -5973, 0, -5537, 0, -236, 0, 81996, 0, -11414, 0, 12894, 0, 5593, 0, 1494, 0, -16078]
[0, 0, 0, 0, 0, 0, 0, 0, 0, -1, 0, 0, 0, 1, 0, 1, 0, 0, 0, 1, 0, 0, 0, 0, 0, -1, 0, -1, 0, -1, 0, 1, 0, 0, 0, -1, 0, 0, 0, 0, 0, 1, 0, -1, 0, 0, 0, 2, 0, 3, 0, -1, 0, 2, 0, 2, 0, 0, 0, 1, 0, 1, 0, -2, 0, 0, 0, -1, 0, -1, 0, 0, 0, 1, 0, -2, 0, 6, 0, 0, 0, 2, 0, 0, 0, 0, 0, 2, 0, 6, 0, 2, 0, -1, 0, 7, 0, -3, 0, -6, 0, -5, 0, 6, 0, -5, 0, -3, 0, 1, 0, -3, 0, 12, 0, 6, 0, -5, 0, 0, 0, 9, 0, -3, 0, 4, 0, 13, 0, -8, 0, 15, 0, 7, 0, -3, 0, 7, 0, 12, 0, -12, 0, 2, 0, -1, 0, -6, 0, 19, 0, 6, 0, -7, 0, 1, 0, 11, 0, -1, 0, 9, 0, 12, 0, -18, 0, 13, 0, 2, 0, -3, 0, -1, 0, 4, 0, -9, 0, -4, 0, 12, 0, -8, 0, 7, 0, 8, 0, -2, 0, -3, 0, 8, 0, -2, 0, 17, 0, 0, 0, -9, 0, 26, 0, 30, 0, -7, 0, 5, 0]
[0, 0, 0, 0, 0, 0, -1, 0, -1, 0, 2, 0, 0, 0, 1, 0, 1, 0, -1, 0, 2, 0, -1, 0, 0, 0, 0, 0, -2, 0, -1, 0, -2, 0, -1, 0, 0, 0, 0, 0, -1, 0, 2, 0, 0, 0, -1, 0, -1, 0, 0, 0, 0, 0, -1, 0, -1, 0, -1, 0, 2, 0, -1, 0, 1, 0, -2, 0, -1, 0, -1, 0, 0, 0, 0, 0, -49, 0, 1697, 0, -345, 0, -3067, 0, -174, 0, -1181, 0, 1064, 0, 3820, 0, 3910, 0, -465, 0, -4928, 0, 242, 0, -5271, 0, 79, 0, 2413, 0, -1998, 0, 4512, 0, 702, 0, 5721, 0, -1146, 0, -3210, 0, -1479, 0, -5489, 0, 5577, 0, -917, 0, -340, 0, -10720, 0, 3163, 0, 16888, 0, -10454, 0, 7804, 0, -3261, 0, -10602, 0, 3882, 0, 16046, 0, 3472, 0, -25427, 0, 15540, 0, -5936, 0, -8149, 0, -3197, 0, -5486, 0, 7732, 0, -7780, 0, 41381, 0, -1435, 0, -16217, 0, -267, 0, 568, 0, 15066, 0, -25562, 0, 6167, 0, -39661, 0, -8873, 0, 35732, 0, -12713, 0, 36081, 0, -5752, 0, 21588, 0, 8747, 0, 3050, 0, 4732, 0, -83593, 0, 15559, 0, -12427, 0, 718, 0, 1001, 0, 3131]
[0, 0, 0, 0, 0, 0, 0, 0, 0, 0, 0, 0, 0, 1, 0, -1, 0, -1, 0, 0, 0, 1, 0, 0, 0, 0, 0, 0, 0, 0, 0, 0, 0, 1, 0, 0, 0, -1, 0, 0, 0, 0, 0, 1, 0, -1, 0, -1, 0, 0, 0, 2, 0, 0, 0, -2, 0, 0, 0, 0, 0, -1, 0, 2, 0, -3, 0, 3, 0, 2, 0, 1, 0, 1, 0, -1, 0, -3, 0, -2, 0, 0, 0, 2, 0, -4, 0, 0, 0, 2, 0, 0, 0, 3, 0, -2, 0, 1, 0, 1, 0, 1, 0, -2, 0, -2, 0, 5, 0, -1, 0, 1, 0, 6, 0, -7, 0, 2, 0, -5, 0, 0, 0, 1, 0, -13, 0, 3, 0, 6, 0, 6, 0, 6, 0, -7, 0, 1, 0, -2, 0, 2, 0, 1, 0, -9, 0, -1, 0, 3, 0, 4, 0, 2, 0, -12, 0, 8, 0, 1, 0, 3, 0, -1, 0, -11, 0, 3, 0, -4, 0, 9, 0, 7, 0, -13, 0, 12, 0, -6, 0, 8, 0, 7, 0, -21, 0, 3, 0, 11, 0, 6, 0, 2, 0, -6, 0, 0, 0, -3, 0, 4, 0, 1, 0, -17, 0, 10, 0, -12, 0]
[0, 0, 0, 0, 0, 0, 1, 0, -1, 0, -1, 0, 0, 0, 1, 0, 1, 0, -1, 0, -1, 0, 1, 0, -1, 0, 0, 0, 0, 0, 0, 0, -2, 0, 1, 0, 2, 0, 0, 0, 0, 0, 0, 0, -1, 0, 1, 0, -3, 0, 0, 0, -1, 0, 1, 0, 1, 0, 0, 0, 0, 0, 0, 0, -3, 0, 1, 0, 1, 0, 0, 0, -2, 0, 0, 0, 25, 0, -417, 0, -151, 0, 683, 0, 324, 0, 1010, 0, -575, 0, -1353, 0, -1426, 0, -565, 0, 2354, 0, 437, 0, 2083, 0, -1150, 0, -1761, 0, 1755, 0, -1752, 0, 377, 0, -1963, 0, 470, 0, 1215, 0, 368, 0, 2933, 0, -4444, 0, -195, 0, 1800, 0, 4188, 0, -479, 0, -7796, 0, 3318, 0, -3457, 0, 3494, 0, 6014, 0, -2500, 0, -6401, 0, -3677, 0, 10812, 0, -6071, 0, 1475, 0, 1849, 0, 1182, 0, 4910, 0, -3630, 0, 4357, 0, -17579, 0, 924, 0, 8230, 0, 1500, 0, -193, 0, -11855, 0, 9191, 0, -1785, 0, 17315, 0, 5329, 0, -16363, 0, 4185, 0, -16287, 0, 9599, 0, -7017, 0, -6002, 0, 1270, 0, -5823, 0, 34403, 0, -9877, 0, 4874, 0, -5385, 0, -2472, 0, 9563]
[0, 0, 0, 0, 0, 0, 0, 0, 0, 0, 0, 1, 0, -1, 0, 0, 0, 0, 0, -1, 0, -1, 0, 0, 0, 1, 0, 1, 0, 1, 0, 0, 0, 1, 0, 0, 0, -2, 0, 1, 0, -2, 0, 0, 0, 1, 0, -1, 0, -1, 0, -1, 0, 1, 0, -2, 0, 0, 0, 0, 0, 4, 0, -1, 0, 0, 0, -1, 0, 0, 0, 0, 0, 2, 0, 0, 0, -2, 0, -3, 0, 0, 0, -3, 0, -4, 0, 0, 0, 1, 0, -1, 0, 6, 0, -2, 0, 2, 0, 4, 0, -2, 0, 0, 0, -2, 0, 4, 0, 3, 0, -1, 0, -16, 0, -3, 0, 2, 0, 2, 0, -2, 0, 7, 0, -1, 0, -2, 0, -1, 0, -5, 0, -11, 0, 8, 0, 2, 0, -8, 0, 13, 0, -6, 0, -4, 0, 4, 0, -21, 0, -3, 0, 13, 0, 3, 0, -8, 0, 1, 0, -17, 0, -1, 0, 16, 0, -8, 0, 10, 0, 2, 0, -2, 0, -8, 0, 2, 0, 3, 0, -10, 0, 14, 0, 2, 0, -7, 0, -1, 0, 12, 0, -15, 0, -1, 0, -12, 0, -2, 0, 14, 0, -19, 0, -11, 0, 3, 0, 6, 0]
[0, 0, 0, 0, 0, 0, -1, 0, 1, 0, 1, 0, -1, 0, 1, 0, -1, 0, 2, 0, -1, 0, -1, 0, 0, 0, -1, 0, 4, 0, 1, 0, 0, 0, 0, 0, 0, 0, 0, 0, -1, 0, 1, 0, 2, 0, 1, 0, 0, 0, 1, 0, -2, 0, 0, 0, 0, 0, -1, 0, -2, 0, 0, 0, 0, 0, 0, 0, 0, 0, 1, 0, 0, 0, 1, 0, 57, 0, 1991, 0, -570, 0, -3683, 0, -155, 0, -824, 0, 1049, 0, 4199, 0, 4237, 0, -1058, 0, -4745, 0, 634, 0, -5508, 0, -922, 0, 1841, 0, -1278, 0, 4869, 0, 1467, 0, 5950, 0, -1204, 0, -3356, 0, -1798, 0, -5007, 0, 4029, 0, -1393, 0, 864, 0, -11007, 0, 4072, 0, 16706, 0, -11709, 0, 7904, 0, -1628, 0, -10018, 0, 3354, 0, 16684, 0, 1888, 0, -25690, 0, 16625, 0, -6936, 0, -9992, 0, -3347, 0, -3470, 0, 7944, 0, -7300, 0, 42088, 0, -1297, 0, -15693, 0, 1082, 0, 873, 0, 11010, 0, -27243, 0, 7041, 0, -39844, 0, -8135, 0, 35312, 0, -14203, 0, 36149, 0, 297, 0, 23805, 0, 7241, 0, 4760, 0, 1881, 0, -85786, 0, 13520, 0, -13421, 0, -3600, 0, -665, 0, 12111]
[0, 0, 0, 0, -1, 0, 1, 0, 0, 0, 0, 0, 0, 0, 0, 0, 2, 0, -1, 0, 0, 0, 0, 0, 0, 0, 1, 0, -1, 0, 1, 0, 0, 0, 0, 0, -1, 0, -1, 0, 0, 0, -1, 0, 0, 0, 1, 0, 0, 0, 1, 0, -2, 0, 2, 0, 2, 0, 0, 0, -3, 0, 0, 0, -1, 0, 2, 0, -2, 0, 2, 0, 0, 0, 0, 0, 42, 0, 1373, 0, -326, 0, -2550, 0, -204, 0, -682, 0, 779, 0, 3049, 0, 2906, 0, -616, 0, -3471, 0, 320, 0, -3818, 0, -458, 0, 1464, 0, -1151, 0, 3412, 0, 986, 0, 4154, 0, -851, 0, -2354, 0, -1230, 0, -3668, 0, 3261, 0, -918, 0, 248, 0, -7780, 0, 2795, 0, 12087, 0, -8265, 0, 5724, 0, -1485, 0, -7482, 0, 2553, 0, 11759, 0, 1818, 0, -18483, 0, 11874, 0, -4657, 0, -6962, 0, -2373, 0, -2950, 0, 5859, 0, -5456, 0, 30013, 0, -968, 0, -11522, 0, 571, 0, 506, 0, 8961, 0, -19239, 0, 4971, 0, -28476, 0, -6272, 0, 25468, 0, -10069, 0, 26124, 0, -971, 0, 16528, 0, 5694, 0, 2599, 0, 2170, 0, -60959, 0, 10305, 0, -9573, 0, -1748, 0, -141, 0, 6767]
[0, 0, 0, 0, 0, 0, 0, 0, 0, 0, 0, 0, 0, 0, 0, 0, 0, 0, 0, 0, 0, 0, 0, -1, 0, 0, 0, 1, 0, 0, 0, -1, 0, 1, 0, 1, 0, 0, 0, -1, 0, -2, 0, 0, 0, -1, 0, 1, 0, 1, 0, 0, 0, -1, 0, 0, 0, 0, 0, -1, 0, 2, 0, -1, 0, -2, 0, -1, 0, 0, 0, 0, 0, -1, 0, 5, 0, 0, 0, -6, 0, 0, 0, 1, 0, -6, 0, -4, 0, 1, 0, 4, 0, 7, 0, 0, 0, 1, 0, -3, 0, -7, 0, -1, 0, 1, 0, -4, 0, -2, 0, 2, 0, -8, 0, 2, 0, 6, 0, 1, 0, 0, 0, -4, 0, 0, 0, -9, 0, -3, 0, 6, 0, -3, 0, 5, 0, 3, 0, -1, 0, -8, 0, -9, 0, -6, 0, -3, 0, 2, 0, -8, 0, 8, 0, -2, 0, 2, 0, 9, 0, -2, 0, -5, 0, -2, 0, -5, 0, -8, 0, -3, 0, -10, 0, 4, 0, 2, 0, -8, 0, -2, 0, 5, 0, -5, 0, -11, 0, 15, 0, 3, 0, -1, 0, -1, 0, -19, 0, -10, 0, -5, 0, 9, 0, -1, 0, -5, 0, -11, 0]
[0, 0, 0, 0, 0, 0, 0, 0, 0, 0, 0, 0, 0, 0, 0, 0, 1, 0, -1, 0, -1, 0, 1, 0, 1, 0, 1, 0, -1, 0, -1, 0, 0, 0, 1, 0, 0, 0, 0, 0, 1, 0, 1, 0, -1, 0, 0, 0, 2, 0, -1, 0, 0, 0, -1, 0, 4, 0, 2, 0, -2, 0, 1, 0, -2, 0, 1, 0, 1, 0, -1, 0, 1, 0, 0, 0, 13, 0, -1, 0, 14, 0, -21, 0, -21, 0, 23, 0, 3, 0, 26, 0, -40, 0, -12, 0, 30, 0, -5, 0, 61, 0, -38, 0, -13, 0, 14, 0, -31, 0, 40, 0, -48, 0, 16, 0, 24, 0, 7, 0, 62, 0, -84, 0, -28, 0, 20, 0, 99, 0, 25, 0, -123, 0, -24, 0, 2, 0, 110, 0, 62, 0, -28, 0, -134, 0, -48, 0, 134, 0, -21, 0, 69, 0, -78, 0, 7, 0, 106, 0, 47, 0, 39, 0, -302, 0, 35, 0, 107, 0, 35, 0, -12, 0, -186, 0, 120, 0, 48, 0, 335, 0, -12, 0, -241, 0, -43, 0, -174, 0, 282, 0, -139, 0, -34, 0, -101, 0, -78, 0, 626, 0, -138, 0, -4, 0, -205, 0, -49, 0, 305]
[0, 0, 1, 0, -1, 0, 1, 0, -1, 0, 0, 0, -1, 0, 0, 0, 0, 0, 0, 0, -1, 0, -1, 0, -1, 0, 0, 0, -1, 0, 0, 0, 3, 0, 2, 0, -1, 0, -1, 0, 0, 0, 0, 0, -1, 0, 0, 0, 2, 0, 0, 0, 0, 0, 0, 0, 1, 0, 0, 0, 2, 0, 1, 0, -1, 0, 2, 0, 1, 0, -3, 0, -1, 0, 0, 0, 129, 0, -3066, 0, -276, 0, 5305, 0, 1346, 0, 4695, 0, -3060, 0, -8494, 0, -8489, 0, -1539, 0, 13041, 0, 1409, 0, 11926, 0, -4243, 0, -8556, 0, 8248, 0, -10122, 0, 671, 0, -12173, 0, 2559, 0, 7085, 0, 2577, 0, 15558, 0, -20910, 0, 157, 0, 6695, 0, 24773, 0, -4623, 0, -43126, 0, 21631, 0, -19593, 0, 15178, 0, 30899, 0, -12382, 0, -36862, 0, -16254, 0, 61901, 0, -35949, 0, 10118, 0, 14101, 0, 7208, 0, 22568, 0, -19859, 0, 22531, 0, -100459, 0, 4523, 0, 44095, 0, 5641, 0, -1086, 0, -56249, 0, 56236, 0, -12142, 0, 97808, 0, 27360, 0, -91041, 0, 26623, 0, -91263, 0, 39465, 0, -44134, 0, -29407, 0, 2196, 0, -25311, 0, 198254, 0, -49240, 0, 28515, 0, -19675, 0, -9478, 0, 30740]
[0, 0, 0, 0, 0, 0, 0, 0, 0, -1, 0, 0, 0, 2, 0, 0, 0, 0, 0, -1, 0, -1, 0, 1, 0, -1, 0, 2, 0, 0, 0, -2, 0, 0, 0, -2, 0, 0, 0, 0, 0, 0, 0, 0, 0, -1, 0, -1, 0, 2, 0, 1, 0, -1, 0, 1, 0, -2, 0, 0, 0, 0, 0, 0, 0, 0, 0, -2, 0, -2, 0, 1, 0, 0, 0, -3, 0, 1, 0, -6, 0, -2, 0, 0, 0, -3, 0, 1, 0, 0, 0, 6, 0, 0, 0, -1, 0, -3, 0, -8, 0, -2, 0, 0, 0, 2, 0, -2, 0, -10, 0, -5, 0, 5, 0, -6, 0, -6, 0, -4, 0, 2, 0, -4, 0, -7, 0, 7, 0, -2, 0, 6, 0, 10, 0, -5, 0, -2, 0, 6, 0, -4, 0, -7, 0, -14, 0, -7, 0, -2, 0, 1, 0, -9, 0, -16, 0, 2, 0, -6, 0, 11, 0, 0, 0, -20, 0, 5, 0, -11, 0, 2, 0, -1, 0, -9, 0, -1, 0, -13, 0, 5, 0, -9, 0, -23, 0, -4, 0, 7, 0, -18, 0, -12, 0, -20, 0, 0, 0, -4, 0, 5, 0, 18, 0, -2, 0, -7, 0, -20, 0]
[0, 0, 0, 0, 0, 0, 1, 0, -1, 0, 0, 0, 0, 0, -1, 0, 2, 0, -2, 0, 0, 0, 1, 0, 0, 0, -1, 0, 0, 0, 2, 0, 1, 0, 0, 0, 1, 0, -1, 0, 0, 0, 1, 0, 2, 0, 0, 0, -1, 0, 2, 0, 1, 0, -1, 0, 0, 0, -1, 0, -1, 0, -1, 0, -1, 0, -1, 0, 2, 0, -2, 0, -2, 0, -2, 0, 11, 0, -214, 0, 143, 0, 415, 0, -91, 0, -111, 0, -34, 0, -286, 0, -376, 0, 323, 0, 194, 0, -231, 0, 453, 0, 418, 0, 141, 0, -279, 0, -355, 0, -286, 0, -548, 0, 74, 0, 278, 0, 212, 0, 124, 0, 467, 0, 271, 0, -659, 0, 808, 0, -509, 0, -795, 0, 1028, 0, -411, 0, -574, 0, 105, 0, 80, 0, -1233, 0, 658, 0, 1537, 0, -1143, 0, 806, 0, 1100, 0, 282, 0, -632, 0, -286, 0, 60, 0, -2619, 0, -5, 0, 461, 0, -502, 0, -74, 0, 1198, 0, 2185, 0, -646, 0, 2429, 0, -143, 0, -1822, 0, 1187, 0, -1793, 0, -2333, 0, -2279, 0, 389, 0, -1307, 0, 1233, 0, 5743, 0, 280, 0, 945, 0, 1867, 0, 673, 0, -4295]
[0, 0, 0, 0, 0, 0, 0, 0, 0, 0, 0, 0, 1, 0, -1, 0, 0, 0, -2, 0, 0, 0, 3, 0, 0, 0, -1, 0, 1, 0, -2, 0, 0, 0, 2, 0, -1, 0, -1, 0, -1, 0, 3, 0, 0, 0, 0, 0, -1, 0, 0, 0, 0, 0, -2, 0, 0, 0, 0, 0, -1, 0, 0, 0, -2, 0, 1, 0, 0, 0, 0, 0, -2, 0, -2, 0, -62, 0, -1, 0, 362, 0, 88, 0, -352, 0, -969, 0, 404, 0, 597, 0, 581, 0, 940, 0, -1646, 0, -685, 0, -1030, 0, 1608, 0, 1622, 0, -1767, 0, 843, 0, -841, 0, 829, 0, -255, 0, -588, 0, 20, 0, -2197, 0, 4258, 0, 579, 0, -2358, 0, -2256, 0, -443, 0, 5041, 0, -1010, 0, 2109, 0, -3693, 0, -4555, 0, 2136, 0, 3267, 0, 3923, 0, -6404, 0, 3014, 0, 31, 0, 301, 0, -588, 0, -4921, 0, 2345, 0, -3292, 0, 10225, 0, -779, 0, -5806, 0, -2137, 0, -26, 0, 11329, 0, -4050, 0, 418, 0, -10431, 0, -4301, 0, 10524, 0, -1428, 0, 10177, 0, -11450, 0, 2113, 0, 5401, 0, -2829, 0, 6518, 0, -19072, 0, 8362, 0, -2406, 0, 7266, 0, 3069, 0, -14358]
[0, 0, 0, 0, 0, 0, 1, 0, -1, 0, -1, 0, 1, 0, 0, 0, 0, 0, -1, 0, 0, 0, 0, 0, -1, 0, 2, 0, -1, 0, -1, 0, -1, 0, 2, 0, 1, 0, 0, 0, -1, 0, 0, 0, -2, 0, 0, 0, -2, 0, 1, 0, -1, 0, 1, 0, -2, 0, 2, 0, 1, 0, 0, 0, 0, 0, 0, 0, 0, 0, 2, 0, -2, 0, 3, 0, -30, 0, -870, 0, 158, 0, 1582, 0, 184, 0, 638, 0, -581, 0, -1983, 0, -2033, 0, 203, 0, 2497, 0, -89, 0, 2709, 0, -13, 0, -1259, 0, 1039, 0, -2375, 0, -424, 0, -2803, 0, 600, 0, 1629, 0, 783, 0, 2781, 0, -2944, 0, 450, 0, 306, 0, 5372, 0, -1662, 0, -8677, 0, 5400, 0, -4054, 0, 1753, 0, 5682, 0, -2045, 0, -8233, 0, -1899, 0, 12936, 0, -8133, 0, 3034, 0, 4330, 0, 1613, 0, 2870, 0, -4174, 0, 4155, 0, -21166, 0, 786, 0, 8487, 0, 74, 0, -405, 0, -7916, 0, 12967, 0, -3175, 0, 20241, 0, 4795, 0, -18301, 0, 6615, 0, -18616, 0, 3008, 0, -11037, 0, -4617, 0, -1307, 0, -2589, 0, 42662, 0, -8227, 0, 6583, 0, -394, 0, -581, 0, -1313]
[0, 0, 0, 0, 0, 0, 0, 0, 0, 0, -1, 0, 1, 0, 0, 0, 0, 0, 1, 0, 2, 0, -3, 0, 1, 0, 0, 0, -1, 0, -1, 0, -2, 0, 2, 0, 1, 0, 0, 0, 2, 0, 0, 0, 1, 0, -1, 0, -1, 0, 0, 0, 0, 0, 0, 0, -2, 0, -1, 0, 1, 0, 1, 0, 3, 0, 0, 0, 2, 0, 0, 0, 0, 0, 1, 0, -200, 0, 730, 0, 438, 0, -1054, 0, -538, 0, -2366, 0, 1217, 0, 2621, 0, 2813, 0, 1531, 0, -5236, 0, -1123, 0, -4292, 0, 3185, 0, 4126, 0, -4207, 0, 3409, 0, -1443, 0, 4305, 0, -920, 0, -2508, 0, -531, 0, -6688, 0, 10438, 0, 706, 0, -4397, 0, -9013, 0, 341, 0, 16800, 0, -6268, 0, 7324, 0, -8419, 0, -12856, 0, 5590, 0, 13289, 0, 8729, 0, -23229, 0, 12104, 0, -2431, 0, -2508, 0, -2482, 0, -11783, 0, 7283, 0, -9339, 0, 37484, 0, -2027, 0, -17668, 0, -4211, 0, 58, 0, 27870, 0, -18926, 0, 3223, 0, -37307, 0, -11470, 0, 35523, 0, -7774, 0, 34838, 0, -24564, 0, 13679, 0, 13594, 0, -3332, 0, 14118, 0, -72787, 0, 22178, 0, -9466, 0, 14395, 0, 6311, 0, -25868]
[0, 0, 0, 0, 0, 0, 0, 0, 0, 0, 0, 0, 0, 0, 0, 0, 0, 0, 1, 0, -1, 0, 0, 0, -1, 0, 0, 0, 2, 0, 0, 0, 1, 0, -1, 0, 0, 0, 0, 0, -2, 0, 1, 0, 1, 0, 1, 0, -2, 0, 2, 0, -1, 0, 2, 0, 0, 0, 2, 0, -2, 0, 0, 0, -3, 0, 2, 0, 1, 0, 2, 0, 1, 0, -1, 0, 6, 0, 5, 0, -11, 0, 2, 0, -7, 0, -1, 0, 0, 0, 8, 0, 6, 0, 2, 0, -3, 0, 6, 0, 0, 0, 5, 0, -1, 0, -8, 0, -2, 0, 3, 0, -11, 0, 4, 0, 11, 0, 5, 0, -15, 0, 9, 0, 8, 0, 14, 0, -6, 0, 2, 0, -5, 0, 0, 0, 1, 0, 18, 0, -20, 0, 4, 0, -18, 0, 5, 0, 13, 0, 13, 0, 1, 0, 3, 0, 9, 0, 9, 0, -32, 0, 3, 0, 10, 0, 11, 0, -11, 0, 8, 0, 21, 0, 12, 0, -17, 0, 9, 0, -34, 0, 7, 0, -3, 0, 19, 0, 16, 0, 9, 0, -10, 0, 10, 0, 14, 0, 21, 0, -33, 0, 0, 0, -13, 0, 5, 0, -42, 0, 56]
[0, 0, 1, 0, -1, 0, 0, 0, -1, 0, 0, 0, 1, 0, 1, 0, 0, 0, 0, 0, -2, 0, -2, 0, 0, 0, 2, 0, -2, 0, 0, 0, 1, 0, 0, 0, 2, 0, 1, 0, 1, 0, -1, 0, -2, 0, 2, 0, 0, 0, 0, 0, -2, 0, 0, 0, 0, 0, 0, 0, -1, 0, -1, 0, -1, 0, -3, 0, 0, 0, -2, 0, 1, 0, 0, 0, 14, 0, 138, 0, -561, 0, -393, 0, 624, 0, 1432, 0, -590, 0, -616, 0, -549, 0, -1463, 0, 2086, 0, 1131, 0, 1020, 0, -2428, 0, -2338, 0, 2617, 0, -828, 0, 1219, 0, -618, 0, 207, 0, 506, 0, -213, 0, 2959, 0, -6075, 0, -991, 0, 3689, 0, 2390, 0, 886, 0, -6235, 0, 797, 0, -2661, 0, 5358, 0, 6192, 0, -2900, 0, -3426, 0, -5701, 0, 7523, 0, -3519, 0, -825, 0, -1014, 0, 642, 0, 7153, 0, -2925, 0, 4521, 0, -12120, 0, 1008, 0, 7663, 0, 3020, 0, -2, 0, -16186, 0, 3950, 0, -69, 0, 12532, 0, 6148, 0, -13054, 0, 1188, 0, -12791, 0, 16998, 0, -1322, 0, -7419, 0, 4864, 0, -9644, 0, 21647, 0, -11466, 0, 2663, 0, -10950, 0, -4518, 0, 22099]
[0, 0, 1, 0, -1, 0, -1, 0, 0, 0, 1, 0, 1, 0, -1, 0, 1, 0, 0, 0, 0, 0, -2, 0, -1, 0, 0, 0, 0, 0, 0, 0, 3, 0, 0, 0, 1, 0, -2, 0, 3, 0, 1, 0, 0, 0, 0, 0, 1, 0, -1, 0, -1, 0, 0, 0, -2, 0, 0, 0, -1, 0, -1, 0, 3, 0, -1, 0, -1, 0, -1, 0, 1, 0, 0, 0, -192, 0, 1178, 0, 53, 0, -1954, 0, -274, 0, -1808, 0, 1167, 0, 3115, 0, 3365, 0, 594, 0, -5152, 0, -423, 0, -4826, 0, 1821, 0, 3365, 0, -3169, 0, 3866, 0, -588, 0, 5200, 0, -1060, 0, -2896, 0, -1006, 0, -6239, 0, 8230, 0, -42, 0, -2376, 0, -9967, 0, 1545, 0, 16905, 0, -8117, 0, 7580, 0, -6112, 0, -11645, 0, 4805, 0, 14803, 0, 6238, 0, -24471, 0, 13530, 0, -4072, 0, -4894, 0, -2877, 0, -8926, 0, 7307, 0, -8524, 0, 39614, 0, -1740, 0, -16874, 0, -2549, 0, 145, 0, 22012, 0, -22204, 0, 4595, 0, -38918, 0, -9964, 0, 36021, 0, -9940, 0, 35486, 0, -16177, 0, 17616, 0, 11345, 0, 61, 0, 9660, 0, -78569, 0, 19094, 0, -10730, 0, 8335, 0, 4002, 0, -12705]
[0, 0, 0, 0, 0, 0, 0, 0, 0, 0, 0, 0, 0, 0, 0, 1, 0, -1, 0, 1, 0, -2, 0, 1, 0, 0, 0, 0, 0, 3, 0, -1, 0, 0, 0, 0, 0, 0, 0, 0, 0, 0, 0, 2, 0, 0, 0, -2, 0, 2, 0, 0, 0, 2, 0, 0, 0, 0, 0, 1, 0, 3, 0, 0, 0, 3, 0, 1, 0, 2, 0, 0, 0, 1, 0, 0, 0, -3, 0, -6, 0, 7, 0, 3, 0, 3, 0, 4, 0, 13, 0, -2, 0, -6, 0, 14, 0, -7, 0, -4, 0, -3, 0, 7, 0, -17, 0, 11, 0, 31, 0, -2, 0, 3, 0, 20, 0, -4, 0, -21, 0, 14, 0, -12, 0, -12, 0, 9, 0, 14, 0, 1, 0, -11, 0, 32, 0, 18, 0, 9, 0, 34, 0, 12, 0, -27, 0, -14, 0, -6, 0, -32, 0, -10, 0, 29, 0, -9, 0, 13, 0, 34, 0, 31, 0, 20, 0, 55, 0, 22, 0, -37, 0, -8, 0, -14, 0, -79, 0, -18, 0, 36, 0, -11, 0, 40, 0, 115, 0, 0, 0, 12, 0, 55, 0, -1, 0, -33, 0, -9, 0, -13, 0, -103, 0, 11, 0, 33, 0, 21, 0]
[0, 0, 0, 0, 0, 0, 0, 0, 0, 0, 0, 0, 0, 0, 0, 0, 0, 0, 0, 1, 0, 0, 0, 1, 0, -1, 0, 0, 0, 1, 0, -1, 0, -1, 0, 1, 0, 1, 0, -1, 0, 3, 0, 1, 0, 1, 0, 0, 0, 1, 0, 2, 0, -2, 0, 1, 0, 1, 0, 1, 0, 1, 0, 0, 0, 4, 0, 1, 0, 2, 0, -1, 0, 2, 0, -1, 0, 4, 0, 5, 0, -3, 0, 7, 0, 7, 0, -1, 0, 2, 0, 4, 0, -6, 0, 1, 0, 2, 0, 3, 0, 4, 0, 1, 0, 10, 0, 5, 0, 2, 0, 4, 0, 6, 0, 6, 0, -1, 0, 5, 0, 1, 0, 1, 0, 7, 0, 5, 0, 6, 0, 2, 0, 14, 0, 0, 0, 1, 0, 13, 0, 1, 0, 11, 0, 11, 0, 5, 0, 5, 0, 11, 0, -2, 0, 6, 0, 10, 0, 4, 0, 16, 0, 6, 0, -5, 0, 14, 0, 2, 0, 7, 0, 18, 0, 23, 0, 0, 0, 13, 0, 9, 0, -7, 0, 10, 0, 9, 0, 9, 0, 5, 0, 12, 0, 10, 0, 21, 0, 21, 0, 13, 0, 13, 0, 24, 0, 5, 0, 5, 0]
[0, 0, -1, 0, 1, 0, 1, 0, 0, 0, -1, 0, 0, 0, -1, 0, 0, 0, 0, 0, 1, 0, 1, 0, 1, 0, -1, 0, -1, 0, 0, 0, 2, 0, 1, 0, -3, 0, 0, 0, -1, 0, 0, 0, -2, 0, 0, 0, 1, 0, 0, 0, 0, 0, -2, 0, 1, 0, -1, 0, -3, 0, 1, 0, -1, 0, -2, 0, -2, 0, -2, 0, 0, 0, -1, 0, 28, 0, 63, 0, 408, 0, -36, 0, -567, 0, -1206, 0, 549, 0, 940, 0, 776, 0, 1077, 0, -2038, 0, -894, 0, -1281, 0, 1802, 0, 2002, 0, -2229, 0, 1154, 0, -731, 0, 901, 0, -268, 0, -706, 0, 3, 0, -2718, 0, 5150, 0, 620, 0, -2941, 0, -2758, 0, -276, 0, 6425, 0, -1759, 0, 2837, 0, -4334, 0, -6016, 0, 2613, 0, 4155, 0, 4763, 0, -8213, 0, 4356, 0, 8, 0, -249, 0, -743, 0, -5944, 0, 3212, 0, -4323, 0, 13191, 0, -917, 0, -7581, 0, -2188, 0, 130, 0, 13815, 0, -5522, 0, 718, 0, -13216, 0, -5829, 0, 13275, 0, -2363, 0, 13408, 0, -13233, 0, 3122, 0, 6620, 0, -3780, 0, 7936, 0, -24550, 0, 10346, 0, -3475, 0, 8190, 0, 3469, 0, -16351]
[0, 0, 0, 0, 0, 0, 0, 0, 0, 1, 0, -1, 0, 0, 0, 0, 0, -1, 0, 1, 0, -1, 0, 0, 0, 1, 0, 0, 0, 1, 0, 0, 0, 0, 0, 1, 0, 1, 0, 0, 0, 0, 0, -2, 0, 1, 0, -1, 0, 1, 0, 1, 0, -1, 0, 0, 0, -1, 0, 1, 0, -2, 0, 4, 0, -1, 0, 0, 0, 3, 0, 1, 0, 1, 0, 3, 0, -4, 0, 1, 0, 0, 0, 0, 0, 2, 0, -1, 0, -2, 0, 1, 0, 1, 0, 7, 0, -1, 0, 5, 0, -1, 0, -4, 0, 6, 0, 2, 0, 6, 0, 0, 0, -3, 0, -1, 0, 7, 0, 4, 0, 3, 0, -13, 0, 10, 0, -6, 0, 10, 0, 1, 0, -8, 0, 3, 0, -2, 0, 1, 0, 1, 0, 0, 0, 4, 0, 5, 0, 1, 0, 0, 0, 0, 0, 13, 0, -1, 0, 6, 0, 0, 0, -2, 0, 15, 0, 0, 0, 1, 0, -1, 0, -3, 0, 22, 0, -1, 0, 3, 0, -3, 0, 1, 0, 14, 0, 10, 0, 7, 0, -2, 0, 10, 0, 14, 0, -2, 0, -11, 0, 7, 0, -4, 0, 12, 0, 1, 0, -2, 0]
[0, 0, 0, 0, 0, 0, 0, 0, -1, 0, 0, 0, 1, 0, 1, 0, 1, 0, 0, 0, -1, 0, 1, 0, -1, 0, -1, 0, -1, 0, 0, 0, 3, 0, 1, 0, -1, 0, -1, 0, 2, 0, -2, 0, 3, 0, -1, 0, 1, 0, 0, 0, 0, 0, -3, 0, 0, 0, 0, 0, 1, 0, -2, 0, 0, 0, 1, 0, -1, 0, 0, 0, -2, 0, 1, 0, 27, 0, 1960, 0, -621, 0, -3694, 0, -4, 0, -593, 0, 981, 0, 4102, 0, 3977, 0, -1306, 0, -4473, 0, 731, 0, -5080, 0, -1159, 0, 1569, 0, -1004, 0, 4457, 0, 1564, 0, 5855, 0, -1049, 0, -3149, 0, -1764, 0, -4591, 0, 3035, 0, -1539, 0, 1470, 0, -10518, 0, 4070, 0, 15450, 0, -11490, 0, 7537, 0, -709, 0, -8656, 0, 2805, 0, 15618, 0, 928, 0, -24315, 0, 15703, 0, -6516, 0, -9852, 0, -3265, 0, -2485, 0, 7183, 0, -6405, 0, 39658, 0, -1008, 0, -14180, 0, 1366, 0, 656, 0, 8602, 0, -26355, 0, 6948, 0, -37318, 0, -7172, 0, 32979, 0, -13805, 0, 33877, 0, 2557, 0, 22953, 0, 6019, 0, 5305, 0, 503, 0, -80831, 0, 11359, 0, -12519, 0, -5144, 0, -1313, 0, 15132]
[0, 0, -1, 0, 2, 0, 2, 0, -2, 0, -3, 0, 0, 0, 1, 0, -1, 0, 1, 0, 1, 0, -1, 0, 0, 0, -1, 0, 1, 0, 0, 0, -1, 0, -1, 0, 0, 0, 1, 0, 1, 0, -1, 0, 2, 0, 1, 0, 0, 0, -2, 0, 0, 0, 0, 0, 1, 0, -1, 0, 1, 0, 2, 0, 3, 0, 0, 0, 1, 0, 0, 0, 0, 0, 1, 0, 34, 0, -3301, 0, 709, 0, 6019, 0, 402, 0, 2054, 0, -2007, 0, -7335, 0, -7484, 0, 1079, 0, 9105, 0, -629, 0, 10014, 0, 329, 0, -4216, 0, 3356, 0, -8664, 0, -1722, 0, -10755, 0, 2246, 0, 6113, 0, 2994, 0, 9952, 0, -9757, 0, 1933, 0, 165, 0, 20088, 0, -6346, 0, -31487, 0, 20046, 0, -14612, 0, 5416, 0, 19771, 0, -7107, 0, -30407, 0, -5911, 0, 47570, 0, -29570, 0, 11667, 0, 16175, 0, 6022, 0, 9309, 0, -14772, 0, 14375, 0, -77504, 0, 2728, 0, 30147, 0, -111, 0, -1199, 0, -26365, 0, 48381, 0, -12009, 0, 74166, 0, 16277, 0, -66558, 0, 24476, 0, -67319, 0, 7885, 0, -41393, 0, -15882, 0, -6273, 0, -7668, 0, 157121, 0, -28359, 0, 23924, 0, 537, 0, -1220, 0, -9552]
[0, 0, 0, 0, 0, 0, 0, 0, 0, 0, 0, 0, 0, 0, 0, 0, 0, 0, 0, 0, 0, -2, 0, -1, 0, 0, 0, 2, 0, 1, 0, 0, 0, -1, 0, 0, 0, 0, 0, -3, 0, 0, 0, -1, 0, -1, 0, -2, 0, -1, 0, -1, 0, 1, 0, -1, 0, -1, 0, 1, 0, -2, 0, -2, 0, -2, 0, -2, 0, -3, 0, 0, 0, 2, 0, -1, 0, -3, 0, -9, 0, -5, 0, -3, 0, 1, 0, -4, 0, -4, 0, 5, 0, -4, 0, -1, 0, -1, 0, -1, 0, -2, 0, -5, 0, -10, 0, -2, 0, -4, 0, -14, 0, -2, 0, -2, 0, -7, 0, -2, 0, -1, 0, -14, 0, 2, 0, 0, 0, -4, 0, -4, 0, -11, 0, -7, 0, -10, 0, -6, 0, -8, 0, -6, 0, -10, 0, -12, 0, -9, 0, -3, 0, -13, 0, 0, 0, -8, 0, -16, 0, -9, 0, 1, 0, -11, 0, -10, 0, 3, 0, -18, 0, -9, 0, -1, 0, -25, 0, -13, 0, -12, 0, -8, 0, 1, 0, -12, 0, -20, 0, -7, 0, -6, 0, -29, 0, -6, 0, -6, 0, -26, 0, -20, 0, -8, 0, -24, 0, 1, 0]
[0, 0, 1, 0, -2, 0, 0, 0, 1, 0, 0, 0, 1, 0, -1, 0, 0, 0, 1, 0, 1, 0, -3, 0, 0, 0, 1, 0, 1, 0, -2, 0, 1, 0, 1, 0, -1, 0, 0, 0, -2, 0, 0, 0, 1, 0, 1, 0, 0, 0, 2, 0, 2, 0, 2, 0, 0, 0, -1, 0, 0, 0, 0, 0, 1, 0, -2, 0, 1, 0, -2, 0, -1, 0, 2, 0, -72, 0, 138, 0, 122, 0, -174, 0, -118, 0, -548, 0, 230, 0, 523, 0, 659, 0, 451, 0, -1134, 0, -232, 0, -1093, 0, 755, 0, 876, 0, -906, 0, 910, 0, -405, 0, 988, 0, -333, 0, -656, 0, -173, 0, -1427, 0, 2492, 0, 212, 0, -1107, 0, -2021, 0, -9, 0, 3883, 0, -1169, 0, 1499, 0, -2123, 0, -3091, 0, 1386, 0, 3247, 0, 2207, 0, -5166, 0, 2573, 0, -848, 0, -434, 0, -455, 0, -2717, 0, 1785, 0, -2156, 0, 8295, 0, -591, 0, -4028, 0, -1101, 0, 28, 0, 6492, 0, -4062, 0, 660, 0, -8368, 0, -2457, 0, 7918, 0, -1598, 0, 7574, 0, -5916, 0, 3109, 0, 3320, 0, -780, 0, 3390, 0, -16569, 0, 5368, 0, -2190, 0, 3687, 0, 1653, 0, -6798]
[0, 0, 0, 0, 0, 0, 0, 0, 0, 0, 0, 0, 0, 0, 0, 0, 0, 0, 0, 1, 0, -1, 0, 0, 0, 1, 0, 0, 0, -1, 0, 0, 0, 1, 0, 0, 0, 0, 0, 0, 0, 0, 0, 1, 0, 2, 0, -3, 0, 0, 0, 4, 0, 0, 0, -3, 0, 1, 0, 3, 0, 0, 0, 0, 0, 0, 0, 0, 0, 3, 0, -1, 0, -1, 0, 0, 0, 4, 0, 1, 0, -1, 0, 3, 0, 2, 0, 0, 0, 0, 0, 1, 0, 0, 0, 2, 0, 0, 0, 3, 0, 0, 0, 0, 0, 3, 0, 2, 0, 2, 0, 1, 0, 1, 0, 2, 0, 3, 0, 0, 0, 2, 0, 4, 0, 3, 0, 1, 0, 2, 0, 2, 0, 1, 0, 1, 0, 2, 0, 4, 0, 6, 0, 2, 0, 2, 0, 5, 0, -3, 0, 8, 0, 4, 0, 0, 0, 2, 0, 9, 0, 2, 0, -3, 0, 5, 0, 4, 0, 3, 0, 8, 0, -2, 0, 6, 0, 10, 0, 6, 0, -7, 0, 6, 0, 12, 0, -2, 0, 1, 0, 4, 0, 4, 0, 9, 0, 10, 0, -1, 0, 13, 0, 2, 0, 8, 0, 4, 0, 2, 0]
[0, 0, 0, 0, 0, 0, -2, 0, 2, 0, 1, 0, -1, 0, 2, 0, -1, 0, 1, 0, -2, 0, 0, 0, -1, 0, 2, 0, 1, 0, 1, 0, 1, 0, -1, 0, 1, 0, -1, 0, 0, 0, -3, 0, -1, 0, 0, 0, 1, 0, 0, 0, -2, 0, 3, 0, 0, 0, 1, 0, -1, 0, 0, 0, -1, 0, 1, 0, 0, 0, 1, 0, 2, 0, 1, 0, 47, 0, 2218, 0, -675, 0, -4128, 0, -130, 0, -818, 0, 1178, 0, 4625, 0, 4657, 0, -1324, 0, -5175, 0, 771, 0, -5985, 0, -1172, 0, 1928, 0, -1255, 0, 5209, 0, 1721, 0, 6614, 0, -1256, 0, -3658, 0, -1998, 0, -5439, 0, 3984, 0, -1626, 0, 1298, 0, -12088, 0, 4585, 0, 18065, 0, -13008, 0, 8676, 0, -1345, 0, -10561, 0, 3464, 0, 18196, 0, 1566, 0, -28072, 0, 18206, 0, -7535, 0, -11156, 0, -3762, 0, -3379, 0, 8461, 0, -7729, 0, 45979, 0, -1315, 0, -16829, 0, 1420, 0, 863, 0, 11042, 0, -30035, 0, 7834, 0, -43573, 0, -8600, 0, 38493, 0, -15689, 0, 39324, 0, 1571, 0, 26362, 0, 7398, 0, 5684, 0, 1315, 0, -93693, 0, 14002, 0, -14642, 0, -4857, 0, -1091, 0, 15213]
[0, 0, 0, 0, 0, 0, 1, 0, -1, 0, -1, 0, 1, 0, -1, 0, 2, 0, 0, 0, -2, 0, 1, 0, 1, 0, -3, 0, 0, 0, 2, 0, 1, 0, 0, 0, 1, 0, -1, 0, -1, 0, 1, 0, 3, 0, 1, 0, -2, 0, -1, 0, 0, 0, -1, 0, 2, 0, 0, 0, -1, 0, -1, 0, 1, 0, 2, 0, -1, 0, 0, 0, -1, 0, -2, 0, -70, 0, -81, 0, 227, 0, 253, 0, -113, 0, -652, 0, 214, 0, 196, 0, 201, 0, 681, 0, -966, 0, -465, 0, -471, 0, 1239, 0, 1080, 0, -1231, 0, 286, 0, -771, 0, 482, 0, -86, 0, -253, 0, 134, 0, -1397, 0, 2821, 0, 440, 0, -1569, 0, -1161, 0, -607, 0, 2755, 0, -146, 0, 1165, 0, -2498, 0, -2519, 0, 1279, 0, 1565, 0, 2577, 0, -3473, 0, 1196, 0, 421, 0, 886, 0, -242, 0, -3338, 0, 1041, 0, -1843, 0, 5426, 0, -427, 0, -3173, 0, -1670, 0, -166, 0, 7481, 0, -1838, 0, -66, 0, -5657, 0, -2434, 0, 5877, 0, -186, 0, 5614, 0, -8319, 0, 488, 0, 3322, 0, -1866, 0, 4397, 0, -9821, 0, 5052, 0, -815, 0, 5412, 0, 2183, 0, -10582]
[0, 0, 0, 0, 0, 1, 0, -1, 0, 1, 0, 1, 0, -3, 0, -1, 0, 0, 0, 0, 0, 1, 0, -1, 0, 0, 0, 0, 0, 1, 0, 1, 0, 2, 0, 2, 0, 1, 0, 1, 0, 0, 0, 1, 0, -1, 0, -3, 0, 0, 0, -2, 0, 0, 0, -2, 0, -2, 0, 1, 0, -1, 0, -1, 0, -1, 0, -1, 0, 1, 0, -2, 0, -2, 0, -1, 0, -3, 0, 27, 0, -14, 0, 21, 0, 0, 0, -27, 0, 0, 0, 4, 0, 6, 0, 1, 0, 15, 0, 6, 0, -12, 0, -28, 0, 41, 0, 8, 0, -1, 0, 19, 0, -58, 0, -17, 0, 23, 0, 31, 0, 12, 0, -7, 0, 12, 0, -37, 0, -22, 0, 18, 0, 28, 0, -28, 0, 5, 0, -41, 0, -44, 0, -13, 0, 48, 0, 44, 0, -28, 0, 39, 0, 15, 0, -22, 0, 49, 0, 11, 0, -32, 0, -18, 0, -50, 0, -45, 0, -24, 0, 42, 0, 93, 0, 46, 0, 75, 0, 54, 0, -94, 0, 29, 0, -13, 0, -112, 0, 22, 0, -20, 0, -77, 0, 10, 0, 44, 0, 108, 0, 4, 0, 92, 0, -4, 0, -108, 0, 38, 0]
[0, 0, 0, 0, 0, 0, 0, 0, 0, 0, 0, 0, 0, -1, 0, 1, 0, 1, 0, 0, 0, -1, 0, 0, 0, 2, 0, -1, 0, -2, 0, 1, 0, 0, 0, -1, 0, -1, 0, 2, 0, 0, 0, 0, 0, 3, 0, 0, 0, 0, 0, -1, 0, 3, 0, -2, 0, -3, 0, 2, 0, 0, 0, -2, 0, 1, 0, 1, 0, 2, 0, 0, 0, -1, 0, 1, 0, 2, 0, 4, 0, 3, 0, -9, 0, 2, 0, 5, 0, -2, 0, -6, 0, 1, 0, 6, 0, -2, 0, 3, 0, 2, 0, 4, 0, -4, 0, -1, 0, 5, 0, -7, 0, -3, 0, 3, 0, -2, 0, 3, 0, 4, 0, 8, 0, 12, 0, 4, 0, -8, 0, -6, 0, -12, 0, 8, 0, 2, 0, -5, 0, 12, 0, 0, 0, 11, 0, 7, 0, -7, 0, -1, 0, 1, 0, 10, 0, -15, 0, 1, 0, -6, 0, 6, 0, 26, 0, 0, 0, 17, 0, -9, 0, -18, 0, -3, 0, -6, 0, 4, 0, -6, 0, 2, 0, 32, 0, 12, 0, -20, 0, 2, 0, -4, 0, 13, 0, -2, 0, -9, 0, 4, 0, -12, 0, 9, 0, 3, 0, 31, 0]
[0, 0, 0, 0, 0, 0, 0, 0, 0, 0, 0, -1, 0, 0, 0, 1, 0, 1, 0, 0, 0, -1, 0, 0, 0, 0, 0, 1, 0, -2, 0, -2, 0, -1, 0, -1, 0, 1, 0, -2, 0, 1, 0, 1, 0, 2, 0, 0, 0, 0, 0, 1, 0, -4, 0, -2, 0, -2, 0, -1, 0, -2, 0, -1, 0, -2, 0, -2, 0, 1, 0, 0, 0, -2, 0, 1, 0, 1, 0, -4, 0, -3, 0, -2, 0, 1, 0, 1, 0, -10, 0, -1, 0, -1, 0, -1, 0, -5, 0, -3, 0, -4, 0, -4, 0, 7, 0, -9, 0, -10, 0, -3, 0, -3, 0, -3, 0, -2, 0, -2, 0, -3, 0, -6, 0, 5, 0, -8, 0, -3, 0, -7, 0, -4, 0, 0, 0, -10, 0, -3, 0, 1, 0, -5, 0, -8, 0, -1, 0, -12, 0, -13, 0, -5, 0, -5, 0, -13, 0, 3, 0, 4, 0, -11, 0, 1, 0, -6, 0, -10, 0, -9, 0, -25, 0, -2, 0, -13, 0, -12, 0, -18, 0, -10, 0, 2, 0, -14, 0, -2, 0, -29, 0, -9, 0, 3, 0, -20, 0, -19, 0, 2, 0, -4, 0, 1, 0, -11, 0, -14, 0]
[0, 0, 0, 0, 0, 0, 0, 0, 0, -1, 0, 1, 0, 1, 0, 0, 0, 0, 0, -2, 0, 1, 0, -1, 0, 1, 0, 1, 0, -1, 0, 2, 0, 0, 0, 1, 0, -3, 0, -1, 0, -1, 0, 1, 0, 2, 0, -1, 0, 1, 0, -2, 0, 3, 0, 2, 0, 0, 0, 2, 0, -2, 0, 0, 0, 0, 0, 2, 0, 0, 0, 2, 0, 2, 0, 1, 0, 1, 0, -8, 0, -2, 0, -6, 0, 1, 0, 6, 0, 6, 0, 3, 0, 4, 0, 1, 0, 4, 0, -1, 0, -3, 0, -1, 0, -3, 0, 6, 0, -1, 0, -6, 0, 4, 0, 4, 0, -6, 0, -2, 0, 0, 0, 0, 0, -2, 0, 15, 0, 1, 0, 11, 0, 7, 0, 15, 0, -1, 0, -11, 0, 2, 0, -4, 0, 0, 0, -3, 0, -3, 0, 2, 0, 3, 0, 17, 0, 0, 0, -19, 0, 1, 0, 6, 0, 17, 0, -9, 0, 13, 0, 1, 0, 4, 0, 13, 0, -4, 0, -22, 0, -2, 0, 13, 0, 14, 0, -13, 0, 11, 0, 10, 0, -6, 0, 19, 0, -4, 0, 2, 0, -21, 0, 13, 0, 13, 0, -7, 0, 6, 0]
[0, 0, 0, 0, -1, 0, 2, 0, 1, 0, -3, 0, 0, 0, 0, 0, 1, 0, 1, 0, 0, 0, 0, 0, -1, 0, 0, 0, -1, 0, 1, 0, 1, 0, 1, 0, 2, 0, -1, 0, 1, 0, -2, 0, -1, 0, 0, 0, 1, 0, -1, 0, 1, 0, 0, 0, 3, 0, 0, 0, 2, 0, 0, 0, 0, 0, 2, 0, 0, 0, -3, 0, -2, 0, 3, 0, 31, 0, -98, 0, -29, 0, 165, 0, 31, 0, 251, 0, -103, 0, -308, 0, -420, 0, -162, 0, 618, 0, 70, 0, 641, 0, -294, 0, -467, 0, 422, 0, -507, 0, 175, 0, -569, 0, 163, 0, 378, 0, 77, 0, 795, 0, -1200, 0, -56, 0, 456, 0, 1199, 0, -113, 0, -2113, 0, 800, 0, -863, 0, 976, 0, 1554, 0, -685, 0, -1807, 0, -962, 0, 2917, 0, -1552, 0, 574, 0, 416, 0, 327, 0, 1264, 0, -959, 0, 1179, 0, -4759, 0, 227, 0, 2203, 0, 470, 0, -104, 0, -3073, 0, 2454, 0, -444, 0, 4717, 0, 1296, 0, -4399, 0, 1056, 0, -4256, 0, 2613, 0, -1893, 0, -1596, 0, 113, 0, -1475, 0, 9507, 0, -2649, 0, 1312, 0, -1458, 0, -664, 0, 2549]
[0, 0, 0, 0, 0, 1, 0, -1, 0, -1, 0, 1, 0, -1, 0, 2, 0, 1, 0, -2, 0, 0, 0, -1, 0, -2, 0, 1, 0, 3, 0, 2, 0, 1, 0, -2, 0, -1, 0, 1, 0, 0, 0, 0, 0, 3, 0, 2, 0, -1, 0, -1, 0, 0, 0, 1, 0, 1, 0, -1, 0, 1, 0, -1, 0, 0, 0, 2, 0, -3, 0, -1, 0, 1, 0, 0, 0, -10, 0, -3, 0, 13, 0, 2, 0, 9, 0, 24, 0, 9, 0, -11, 0, -6, 0, 6, 0, -9, 0, 6, 0, -3, 0, -1, 0, -10, 0, 5, 0, 21, 0, -6, 0, 3, 0, 9, 0, -2, 0, -28, 0, 7, 0, 21, 0, -16, 0, 15, 0, 34, 0, -32, 0, -10, 0, 37, 0, -6, 0, -23, 0, 73, 0, 4, 0, -26, 0, 10, 0, -36, 0, -52, 0, 14, 0, 26, 0, -39, 0, 24, 0, 20, 0, 42, 0, 66, 0, 51, 0, 28, 0, -23, 0, -13, 0, -53, 0, -70, 0, -21, 0, 24, 0, 21, 0, 11, 0, 86, 0, 0, 0, 10, 0, -6, 0, 42, 0, -36, 0, -3, 0, 29, 0, -148, 0, -13, 0, 76, 0, 39, 0]
[0, 0, 0, 0, 1, 0, -1, 0, 0, 0, 2, 0, -1, 0, -2, 0, -1, 0, -2, 0, 0, 0, -1, 0, -1, 0, 4, 0, 1, 0, 1, 0, 0, 0, 1, 0, -2, 0, 0, 0, 0, 0, 0, 0, -2, 0, -2, 0, -2, 0, -1, 0, -1, 0, 1, 0, -3, 0, 1, 0, 0, 0, -1, 0, 1, 0, 0, 0, -2, 0, 0, 0, 0, 0, -2, 0, -12, 0, -1986, 0, 464, 0, 3631, 0, 192, 0, 1121, 0, -1156, 0, -4365, 0, -4351, 0, 789, 0, 5238, 0, -409, 0, 5788, 0, 357, 0, -2322, 0, 1851, 0, -5090, 0, -1138, 0, -6275, 0, 1244, 0, 3528, 0, 1789, 0, 5650, 0, -5315, 0, 1228, 0, -192, 0, 11679, 0, -3857, 0, -18185, 0, 11953, 0, -8525, 0, 2742, 0, 11265, 0, -3954, 0, -17647, 0, -3064, 0, 27616, 0, -17349, 0, 6840, 0, 9717, 0, 3470, 0, 5033, 0, -8522, 0, 8156, 0, -45052, 0, 1543, 0, 17266, 0, -321, 0, -727, 0, -14517, 0, 28477, 0, -7124, 0, 42837, 0, 9325, 0, -38369, 0, 14500, 0, -39120, 0, 3438, 0, -24407, 0, -8828, 0, -3939, 0, -3908, 0, 91319, 0, -15950, 0, 13889, 0, 1212, 0, -330, 0, -7506]
[0, 0, 0, 0, 0, 0, 0, 0, 0, 0, 0, 1, 0, -1, 0, -1, 0, 2, 0, -3, 0, 2, 0, 0, 0, 1, 0, 0, 0, -1, 0, 1, 0, 0, 0, 0, 0, -2, 0, 2, 0, 0, 0, 2, 0, 0, 0, 2, 0, -2, 0, -2, 0, -1, 0, 1, 0, -1, 0, 0, 0, 2, 0, 3, 0, 0, 0, -1, 0, 2, 0, 2, 0, -2, 0, -1, 0, 2, 0, 4, 0, -3, 0, 0, 0, 0, 0, 4, 0, -1, 0, 1, 0, 2, 0, -15, 0, 9, 0, -3, 0, 8, 0, 4, 0, 8, 0, 6, 0, -5, 0, 5, 0, -6, 0, -5, 0, 4, 0, 10, 0, -13, 0, 17, 0, -11, 0, -1, 0, -1, 0, -12, 0, 18, 0, 11, 0, -2, 0, -11, 0, 15, 0, -6, 0, 8, 0, 19, 0, -14, 0, -5, 0, 14, 0, -6, 0, -7, 0, -8, 0, 18, 0, 1, 0, 9, 0, -10, 0, 5, 0, 6, 0, 10, 0, -7, 0, 21, 0, 12, 0, -1, 0, 11, 0, -13, 0, -22, 0, 18, 0, 17, 0, -3, 0, 7, 0, -17, 0, 22, 0, 10, 0, 18, 0, -32, 0, 12, 0, 3, 0]
[0, 0, 0, 0, 0, 0, 0, 0, 0, 0, 0, -1, 0, 1, 0, 0, 0, -1, 0, 2, 0, 2, 0, 0, 0, -1, 0, -3, 0, -1, 0, -1, 0, 2, 0, -1, 0, 0, 0, 3, 0, -1, 0, 0, 0, -1, 0, 1, 0, 2, 0, 3, 0, -1, 0, 1, 0, -2, 0, -1, 0, -3, 0, -1, 0, 0, 0, -1, 0, 2, 0, -1, 0, 1, 0, 1, 0, 3, 0, 9, 0, 1, 0, -2, 0, -5, 0, -3, 0, -5, 0, -2, 0, 6, 0, 1, 0, 0, 0, 10, 0, -5, 0, -5, 0, 11, 0, -12, 0, -19, 0, 14, 0, 4, 0, -15, 0, 12, 0, 10, 0, -1, 0, 2, 0, 16, 0, -5, 0, -3, 0, 20, 0, 1, 0, -35, 0, 1, 0, 10, 0, -44, 0, -8, 0, 23, 0, -2, 0, 36, 0, 45, 0, 8, 0, -22, 0, 31, 0, 7, 0, -39, 0, -35, 0, -19, 0, -38, 0, -35, 0, 58, 0, 5, 0, 20, 0, 85, 0, 16, 0, -28, 0, 16, 0, -35, 0, -75, 0, -12, 0, -21, 0, -34, 0, 19, 0, 74, 0, -7, 0, 20, 0, 97, 0, 25, 0, -26, 0, -21, 0]
[0, 0, 0, 0, 0, 0, 0, 1, 0, -1, 0, 0, 0, 0, 0, -1, 0, 2, 0, -1, 0, -1, 0, -1, 0, 3, 0, 1, 0, -3, 0, 2, 0, 1, 0, 1, 0, 1, 0, 1, 0, 0, 0, 2, 0, -3, 0, 0, 0, 1, 0, -1, 0, 1, 0, 2, 0, -1, 0, 1, 0, 3, 0, -2, 0, 1, 0, -1, 0, -1, 0, 1, 0, 1, 0, -1, 0, 37, 0, -15, 0, -29, 0, -2, 0, -18, 0, 73, 0, 21, 0, -6, 0, -34, 0, -72, 0, 57, 0, 9, 0, 64, 0, 16, 0, -111, 0, 3, 0, 14, 0, 6, 0, 67, 0, 27, 0, 14, 0, -23, 0, -45, 0, -18, 0, -44, 0, 69, 0, 89, 0, -35, 0, -89, 0, -35, 0, -1, 0, 200, 0, 13, 0, 14, 0, -107, 0, -169, 0, 144, 0, -5, 0, 65, 0, -57, 0, -17, 0, 25, 0, 51, 0, 36, 0, -21, 0, 117, 0, 42, 0, -1, 0, -108, 0, -201, 0, 16, 0, 98, 0, 232, 0, -44, 0, -185, 0, 125, 0, -158, 0, 274, 0, 141, 0, -120, 0, -46, 0, -100, 0, 94, 0, -130, 0, -21, 0, 35, 0, 80, 0]
[0, 0, 0, 0, 0, 0, 0, 1, 0, -1, 0, 0, 0, 1, 0, -1, 0, -1, 0, -1, 0, 0, 0, -2, 0, 1, 0, 3, 0, -1, 0, 3, 0, 2, 0, -1, 0, 0, 0, -1, 0, -2, 0, 0, 0, -2, 0, 1, 0, -2, 0, -2, 0, 2, 0, -1, 0, 1, 0, -2, 0, -1, 0, -2, 0, -1, 0, 1, 0, 1, 0, 2, 0, 1, 0, 2, 0, 1, 0, -12, 0, 3, 0, -7, 0, -7, 0, 3, 0, 2, 0, 4, 0, 7, 0, 1, 0, 1, 0, -5, 0, 5, 0, 6, 0, -10, 0, -1, 0, -9, 0, -9, 0, 12, 0, 1, 0, -12, 0, 2, 0, 2, 0, 4, 0, -7, 0, 10, 0, -20, 0, 6, 0, -3, 0, -7, 0, -2, 0, -7, 0, -10, 0, -6, 0, -9, 0, -8, 0, 10, 0, -2, 0, -4, 0, -12, 0, 5, 0, 1, 0, 7, 0, 18, 0, -12, 0, 2, 0, 12, 0, -5, 0, -2, 0, -21, 0, -1, 0, -15, 0, 21, 0, 11, 0, -9, 0, 2, 0, 6, 0, 1, 0, -2, 0, -19, 0, -13, 0, -8, 0, -19, 0, 8, 0, -15, 0, -4, 0, 3, 0]
[0, 0, 0, -1, 0, 2, 0, -1, 0, 0, 0, 1, 0, -2, 0, 2, 0, -1, 0, -2, 0, 1, 0, -1, 0, 3, 0, 1, 0, -1, 0, -1, 0, 1, 0, 0, 0, 0, 0, 0, 0, -3, 0, -2, 0, 1, 0, -1, 0, -1, 0, 1, 0, 0, 0, -2, 0, 2, 0, -1, 0, 1, 0, 0, 0, 0, 0, -3, 0, 3, 0, 0, 0, -1, 0, -1, 0, 93, 0, -14, 0, -99, 0, 25, 0, -204, 0, 258, 0, 71, 0, -139, 0, -24, 0, -308, 0, 294, 0, 193, 0, 121, 0, -58, 0, -407, 0, -44, 0, -25, 0, 268, 0, 54, 0, -29, 0, 281, 0, -213, 0, -143, 0, -90, 0, -150, 0, 119, 0, 546, 0, -47, 0, -390, 0, -209, 0, -109, 0, 729, 0, -98, 0, -16, 0, -410, 0, -683, 0, 599, 0, 200, 0, 443, 0, -369, 0, 45, 0, 239, 0, -467, 0, -21, 0, -53, 0, 170, 0, -40, 0, 438, 0, -278, 0, -936, 0, 615, 0, 361, 0, 606, 0, 41, 0, -911, 0, 45, 0, -838, 0, 884, 0, 193, 0, -266, 0, 1, 0, -219, 0, 782, 0, -397, 0, -225, 0, 44, 0, 351, 0]
[0, 0, 0, 0, 0, 0, 0, 0, 0, 0, 0, -1, 0, 2, 0, 0, 0, -2, 0, 0, 0, 2, 0, -1, 0, 0, 0, -1, 0, 0, 0, 2, 0, -2, 0, 1, 0, 2, 0, -3, 0, -1, 0, 0, 0, -2, 0, 2, 0, 0, 0, 3, 0, 0, 0, -1, 0, 0, 0, -2, 0, 0, 0, 0, 0, -3, 0, -2, 0, -2, 0, -2, 0, 2, 0, -1, 0, 73, 0, -36, 0, -56, 0, 12, 0, -164, 0, 233, 0, 82, 0, -106, 0, -42, 0, -260, 0, 227, 0, 149, 0, 137, 0, -7, 0, -415, 0, -55, 0, -22, 0, 193, 0, 166, 0, 8, 0, 206, 0, -257, 0, -167, 0, -69, 0, -160, 0, 170, 0, 470, 0, -49, 0, -357, 0, -117, 0, -110, 0, 649, 0, -36, 0, 10, 0, -404, 0, -628, 0, 579, 0, 121, 0, 334, 0, -279, 0, -13, 0, 110, 0, -301, 0, 35, 0, 19, 0, 224, 0, -1, 0, 273, 0, -328, 0, -799, 0, 356, 0, 239, 0, 647, 0, -8, 0, -719, 0, 225, 0, -780, 0, 780, 0, 365, 0, -280, 0, -25, 0, -313, 0, 556, 0, -499, 0, -181, 0, 200, 0, 292, 0]
[0, 0, 0, 0, 0, 0, 0, 0, 0, 0, 0, -1, 0, 2, 0, -1, 0, 0, 0, -1, 0, -1, 0, 3, 0, 0, 0, -3, 0, 0, 0, 1, 0, 0, 0, 0, 0, -3, 0, 0, 0, 1, 0, 0, 0, 1, 0, -2, 0, -1, 0, -1, 0, -1, 0, -1, 0, 1, 0, -3, 0, -3, 0, 2, 0, 0, 0, 0, 0, 0, 0, 2, 0, 0, 0, 4, 0, -8, 0, -18, 0, -35, 0, -9, 0, 3, 0, 118, 0, 30, 0, -53, 0, -71, 0, -74, 0, 30, 0, 29, 0, 101, 0, -9, 0, -159, 0, -17, 0, 58, 0, -17, 0, 134, 0, 52, 0, 0, 0, -152, 0, -68, 0, -18, 0, -102, 0, 155, 0, 150, 0, -60, 0, -220, 0, 21, 0, -29, 0, 211, 0, 148, 0, 54, 0, -186, 0, -274, 0, 116, 0, -103, 0, 111, 0, -42, 0, -59, 0, -56, 0, 52, 0, 33, 0, 136, 0, 210, 0, 61, 0, -73, 0, -228, 0, -317, 0, -167, 0, 110, 0, 247, 0, 4, 0, -278, 0, 369, 0, -273, 0, 321, 0, 255, 0, -80, 0, -149, 0, -266, 0, 98, 0, -541, 0, 75, 0, 106, 0, 173, 0]
[0, 0, 0, 0, 0, 0, 0, 0, 0, -2, 0, 2, 0, 2, 0, -1, 0, -1, 0, 1, 0, 0, 0, -1, 0, -1, 0, 3, 0, 0, 0, 1, 0, -2, 0, -1, 0, -1, 0, -1, 0, 1, 0, -1, 0, 4, 0, -1, 0, 2, 0, 1, 0, 1, 0, 0, 0, 2, 0, -1, 0, 2, 0, 0, 0, 1, 0, -1, 0, 4, 0, 2, 0, 1, 0, -1, 0, 3, 0, -7, 0, 1, 0, -2, 0, -8, 0, -1, 0, 25, 0, 3, 0, -15, 0, 10, 0, 10, 0, -2, 0, -5, 0, 4, 0, -1, 0, 17, 0, -2, 0, -38, 0, 11, 0, 25, 0, -20, 0, -21, 0, 12, 0, 34, 0, -6, 0, 16, 0, -4, 0, 6, 0, 25, 0, 9, 0, -33, 0, -1, 0, 40, 0, 7, 0, -34, 0, 14, 0, 27, 0, 1, 0, -17, 0, -14, 0, -1, 0, 3, 0, 17, 0, -7, 0, -28, 0, 73, 0, 19, 0, -57, 0, 26, 0, 36, 0, -26, 0, -36, 0, 31, 0, -9, 0, 19, 0, 26, 0, -21, 0, 6, 0, 33, 0, -6, 0, -64, 0, 20, 0, 62, 0, -18, 0, 0, 0, 31, 0, 7, 0]
[0, 0, 0, 0, 0, 0, 0, 1, 0, -1, 0, -1, 0, 1, 0, 0, 0, 1, 0, 0, 0, -4, 0, 0, 0, 1, 0, 0, 0, 2, 0, 2, 0, 0, 0, 1, 0, -1, 0, -2, 0, -1, 0, 0, 0, 0, 0, 0, 0, 1, 0, -2, 0, 0, 0, -2, 0, -1, 0, 3, 0, -1, 0, -1, 0, 1, 0, -2, 0, 2, 0, -3, 0, 4, 0, 0, 0, 12, 0, -31, 0, -21, 0, -11, 0, -4, 0, 102, 0, 29, 0, -20, 0, -66, 0, -58, 0, 29, 0, 9, 0, 81, 0, 9, 0, -144, 0, -7, 0, 56, 0, -27, 0, 108, 0, 55, 0, -13, 0, -88, 0, -51, 0, -30, 0, -75, 0, 126, 0, 119, 0, -65, 0, -167, 0, 18, 0, -22, 0, 205, 0, 117, 0, 25, 0, -179, 0, -209, 0, 122, 0, -107, 0, 68, 0, -39, 0, -62, 0, -9, 0, 104, 0, 78, 0, 64, 0, 215, 0, 84, 0, -99, 0, -205, 0, -268, 0, -183, 0, 69, 0, 276, 0, -33, 0, -197, 0, 338, 0, -207, 0, 289, 0, 238, 0, -107, 0, -140, 0, -216, 0, 78, 0, -433, 0, 28, 0, 101, 0, 130, 0]
[0, 0, 0, 0, 0, 0, 0, 0, 0, 0, 0, 1, 0, 0, 0, -2, 0, -2, 0, 2, 0, 2, 0, -1, 0, -1, 0, 2, 0, -2, 0, -2, 0, 3, 0, 1, 0, 0, 0, -3, 0, 1, 0, 1, 0, -1, 0, 1, 0, -3, 0, -1, 0, 0, 0, 1, 0, 0, 0, -3, 0, -1, 0, -1, 0, 0, 0, 0, 0, 1, 0, -4, 0, -1, 0, 0, 0, -8, 0, 23, 0, 17, 0, 19, 0, 13, 0, -134, 0, -42, 0, 41, 0, 61, 0, 95, 0, -42, 0, -33, 0, -85, 0, -25, 0, 192, 0, 6, 0, -72, 0, -1, 0, -129, 0, -33, 0, -16, 0, 122, 0, 74, 0, 11, 0, 91, 0, -136, 0, -186, 0, 73, 0, 195, 0, -22, 0, 14, 0, -229, 0, -149, 0, -40, 0, 209, 0, 258, 0, -142, 0, 82, 0, -113, 0, -1, 0, 105, 0, 16, 0, -45, 0, -57, 0, -152, 0, -199, 0, -93, 0, 51, 0, 234, 0, 321, 0, 136, 0, -86, 0, -287, 0, 22, 0, 243, 0, -344, 0, 247, 0, -358, 0, -275, 0, 98, 0, 105, 0, 248, 0, -107, 0, 475, 0, 34, 0, -196, 0, -144, 0]
[0, 1, 0, -2, 0, -1, 0, 4, 0, -2, 0, 1, 0, -2, 0, 0, 0, 2, 0, -1, 0, 0, 0, 0, 0, 1, 0, 0, 0, -1, 0, 0, 0, -2, 0, -1, 0, 0, 0, 0, 0, 3, 0, 1, 0, 2, 0, -2, 0, -2, 0, 1, 0, -1, 0, -1, 0, 1, 0, 3, 0, 3, 0, 2, 0, -2, 0, 1, 0, 0, 0, 0, 0, 1, 0, 0, 0, -139, 0, 53, 0, 120, 0, -8, 0, 289, 0, -514, 0, -154, 0, 267, 0, 113, 0, 550, 0, -411, 0, -396, 0, -336, 0, 100, 0, 845, 0, 105, 0, 26, 0, -352, 0, -362, 0, -52, 0, -495, 0, 585, 0, 372, 0, 30, 0, 388, 0, -447, 0, -1103, 0, 201, 0, 923, 0, 214, 0, 280, 0, -1373, 0, -63, 0, 28, 0, 894, 0, 1268, 0, -1068, 0, -254, 0, -747, 0, 709, 0, 71, 0, -275, 0, 514, 0, -73, 0, -176, 0, -532, 0, -139, 0, -554, 0, 682, 0, 1670, 0, -594, 0, -587, 0, -1404, 0, -79, 0, 1628, 0, -523, 0, 1713, 0, -1653, 0, -663, 0, 712, 0, -23, 0, 777, 0, -1201, 0, 1323, 0, 361, 0, -477, 0, -841, 0]
[0, 0, 0, 1, 0, -2, 0, 1, 0, 0, 0, 0, 0, 0, 0, -1, 0, 2, 0, 0, 0, -2, 0, 0, 0, -3, 0, 2, 0, 1, 0, 1, 0, 0, 0, -1, 0, 0, 0, 0, 0, -1, 0, 1, 0, -1, 0, 0, 0, 1, 0, -1, 0, -1, 0, 0, 0, 0, 0, 0, 0, 2, 0, -6, 0, -2, 0, -3, 0, 2, 0, 2, 0, 1, 0, -2, 0, -93, 0, 18, 0, 90, 0, -28, 0, 182, 0, -258, 0, -65, 0, 139, 0, 46, 0, 277, 0, -276, 0, -177, 0, -134, 0, 55, 0, 389, 0, 39, 0, 16, 0, -237, 0, -87, 0, -4, 0, -254, 0, 215, 0, 133, 0, 96, 0, 150, 0, -130, 0, -544, 0, 75, 0, 367, 0, 188, 0, 117, 0, -741, 0, 66, 0, -5, 0, 398, 0, 667, 0, -603, 0, -155, 0, -394, 0, 355, 0, -37, 0, -228, 0, 379, 0, -12, 0, 51, 0, -246, 0, 30, 0, -365, 0, 299, 0, 911, 0, -530, 0, -343, 0, -677, 0, 10, 0, 852, 0, -166, 0, 833, 0, -878, 0, -220, 0, 247, 0, 41, 0, 250, 0, -770, 0, 462, 0, 161, 0, -87, 0, -323, 0]
[0, 0, 0, 0, 0, 0, 0, 2, 0, -4, 0, 1, 0, -1, 0, 4, 0, 0, 0, 0, 0, -1, 0, 0, 0, 0, 0, 0, 0, 1, 0, -3, 0, -1, 0, 3, 0, 1, 0, 1, 0, 1, 0, 2, 0, 2, 0, 2, 0, -1, 0, -1, 0, 3, 0, 0, 0, 2, 0, 0, 0, -1, 0, -1, 0, 4, 0, 2, 0, 0, 0, 1, 0, -1, 0, -2, 0, -44, 0, -14, 0, 139, 0, -28, 0, 145, 0, -283, 0, -80, 0, 158, 0, 99, 0, 344, 0, -298, 0, -229, 0, -268, 0, 76, 0, 505, 0, 85, 0, 39, 0, -188, 0, -228, 0, 1, 0, -266, 0, 332, 0, 228, 0, 91, 0, 174, 0, -284, 0, -573, 0, 37, 0, 589, 0, 204, 0, 141, 0, -836, 0, 21, 0, -67, 0, 463, 0, 848, 0, -691, 0, -189, 0, -503, 0, 441, 0, -66, 0, 9, 0, 401, 0, 40, 0, -55, 0, -256, 0, -5, 0, -351, 0, 384, 0, 1017, 0, -444, 0, -555, 0, -636, 0, -119, 0, 1103, 0, -261, 0, 1150, 0, -1074, 0, -481, 0, 403, 0, -74, 0, 388, 0, -716, 0, 767, 0, 25, 0, -48, 0, -648, 0]
[0, -1, 0, 1, 0, 2, 0, -4, 0, 0, 0, 1, 0, 1, 0, 0, 0, 1, 0, 1, 0, 2, 0, 1, 0, -4, 0, -2, 0, -1, 0, -2, 0, -3, 0, 0, 0, -1, 0, -4, 0, 1, 0, -1, 0, -1, 0, 0, 0, -1, 0, -3, 0, 0, 0, 0, 0, -1, 0, -1, 0, 0, 0, 0, 0, -1, 0, 0, 0, -1, 0, -1, 0, 2, 0, -4, 0, 87, 0, -43, 0, -103, 0, 28, 0, -198, 0, 354, 0, 109, 0, -201, 0, -133, 0, -384, 0, 279, 0, 221, 0, 228, 0, -88, 0, -539, 0, -57, 0, -2, 0, 217, 0, 224, 0, 76, 0, 313, 0, -405, 0, -224, 0, -5, 0, -284, 0, 301, 0, 742, 0, -206, 0, -614, 0, -134, 0, -253, 0, 950, 0, 117, 0, -13, 0, -678, 0, -880, 0, 685, 0, 53, 0, 488, 0, -514, 0, -35, 0, 197, 0, -270, 0, 78, 0, 54, 0, 497, 0, 80, 0, 255, 0, -448, 0, -1204, 0, 317, 0, 405, 0, 979, 0, -40, 0, -1160, 0, 465, 0, -1240, 0, 1148, 0, 451, 0, -488, 0, -203, 0, -553, 0, 886, 0, -1133, 0, -208, 0, 304, 0, 612, 0]
