52 3 23 32 31
[1, 1, 0, 0, -2, -2, 0, 1, -1, 0, 2, 0, -2, 3, -1, 4, 2, -7, 4, -1, -2, 5, -1, -1, -3, -2, 0, -7, 6, 4, 3, 2, 2, -2, -4, 0, -5, -1, 0, -1, 2, -20, 19, 9, 6, 54, -16, 30, 9, -67, 27, -3, -1, 62, -16, -16, -12, -40, 6, -7, 36, 25, -58, 34, -40, -30, 89, -30, 10, 33, -101, -5, 41, -151, 12, 92, -74, 117, 8, -70, 47, -18, 73, 22, 62, -63, -164, 89, -61, -17, 216, -29, 36, 264, -133, -6, 138, -75, -4, 158, -104, -175, 132, -92, 2, 250, 104, 20, 14, -182, -190, 59, -114, -109, 185, -106, 6, 127, -149, -123, 70, -76, -174, 153, -90, -282, 170, 43, -50, 430, 123, -196, 327, -377, -152, 284, -135, -176, 228, 33, -204, 557, -27, -51, 322, 241, -136, 206, 66, -223, 59, 110, -150, -161, 369, -188, 146, 198, -447, 376, -185, -464, 425, -99, -94, 273, -346, -269, 221, -171, 139, 56, -248, -173, -287, 9, -149, 0, 323, 88, 399, 130, -419, 88, 81, -871, 798, 117, -238, 532, -556, -41, 158, 612, 194, 244, 151, 308, -15, -51, 3, 333, 78, 325, 232, -873, -258, 102, -238, 392, 1137]
[0, 0, 0, 0, 0, 0, 0, 0, 0, 0, 0, 0, 0, 0, 0, 0, -1, 0, 0, -1, 0, 0, 0, 0, 0, 0, 0, -1, 0, 0, 0, -1, -1, 1, 0, -1, 0, 1, 0, -1, -1, 1, -4, -2, 0, -2, 0, -2, -1, 2, 0, -3, 0, -1, 0, -4, -1, 0, -4, -1, 0, 1, 0, -2, -2, 2, -4, -4, -4, 0, 0, -6, -1, 2, -4, -4, 0, 0, 0, -7, -2, -1, -4, -6, -4, 3, 0, -6, -2, 3, -8, -7, -4, 0, 0, -8, -3, 3, -4, -7, -4, 1, 0, -11, -3, 2, -8, -12, -4, 4, 0, -11, -4, 3, -8, -12, -8, 1, 0, -14, -4, 5, -12, -13, -4, 3, 0, -16, -5, 1, -12, -16, -8, 2, 0, -15, -6, 3, -16, -19, -8, 1, 0, -18, -7, 4, -8, -17, -12, 9, 0, -21, -7, 0, -20, -20, -12, 8, 0, -20, -9, 7, -16, -30, -16, 1, 0, -28, -9, 6, -20, -24, 0, 7, 0, -22, -11, 3, -20, -32, -20, 11, 0, -22, -12, 12, -28, -31, -8, -4, 0, -35, -14, 5, -20, -34, -12, 11, 0, -36, -15, 1, -36, -43, -12, 12, 0, -34, -18, 9, -32]
[0, 0, 0, 0, 0, 0, 0, 0, 0, 1, -1, 0, 0, 0, 0, 0, 0, 0, 0, 0, 1, -2, -1, 0, 0, 0, 1, 0, 1, 1, 1, 0, 0, -1, 0, 0, 1, -1, 0, 0, 0, 0, 0, 0, -2, 0, 0, 0, 0, 1, 0, 0, -1, 0, -1, 0, 0, 2, 1, 0, 0, -3, 3, 0, 0, -1, 0, 0, -2, -1, 0, 0, -4, 10, 3, 0, 1, 0, -3, 0, -4, -4, -4, 0, -1, 4, 2, 0, -4, 5, 0, 0, 0, 0, 1, 0, 8, -1, 0, 0, 1, -5, 0, 0, 4, 0, 3, 0, -1, -8, -4, 0, 0, -4, 2, 0, 0, 4, 0, 0, 8, 3, 2, 0, 2, -12, 2, 0, -4, 0, -2, 0, 3, 1, 2, 0, 4, -2, -8, 0, 4, -6, 0, 0, 0, -1, -4, 0, -4, 5, -1, 0, -4, 7, 0, 0, -4, 0, 2, 0, 4, 2, 2, 0, 0, 18, -10, 0, 0, -1, 0, 0, -3, 5, -8, 0, 8, -10, -10, 0, 1, 0, 10, 0, 4, 11, 8, 0, -2, -7, 2, 0, 0, -6, 0, 0, 0, 5, 2, 0, -16, -5, 3, 0, 3, 2, -1, 0, 0, 0, -10]
[0, 0, 0, 0, 0, 0, 0, 0, 0, 0, 1, 0, -1, -1, 1, 0, 0, 0, 0, 0, -2, 1, 0, 0, 0, 1, 0, 0, 1, -1, 0, 0, 0, 2, 0, 0, -1, -1, 0, 0, 0, 0, 0, 0, 1, 0, 0, 0, 0, -1, 0, 0, 1, 0, -1, 0, 0, -1, -2, 0, 0, 0, -3, 0, 4, 5, -4, 0, 2, 0, 0, 0, 8, -5, 0, 0, 1, -5, -1, 0, -4, 4, 0, 0, 2, -8, -1, 0, 4, 5, 1, 0, -1, 0, -1, 0, -4, 2, 0, 0, 0, 5, 0, 0, -4, -2, 3, 0, 0, 4, 8, 0, 0, 0, -2, 0, -2, -6, 1, 0, -8, 0, -1, 0, -4, 6, 0, 0, -4, 7, 4, 0, 3, -1, 0, 0, -8, 4, 4, 0, -4, -6, -4, 0, 4, -1, 4, 0, 2, -10, 2, 0, 0, -7, 0, 0, 3, 10, 2, 0, 0, -1, -4, 0, 0, 0, 10, 0, -8, -5, 13, 0, 3, 0, 4, 0, -16, 5, 0, 0, 1, 2, -1, 0, 4, -11, 0, 0, 4, 14, -1, 0, 0, -6, 2, 0, -3, 5, -2, 0, 8, 10, -6, 0, 0, -2, -1, 0, 4, -13, -10]
[0, 0, 0, 0, 0, 0, 0, 0, 0, 0, 0, 0, 0, -1, 0, 1, 1, 0, -1, 0, 0, 1, 0, -1, 1, 1, -1, 0, 1, -1, -1, 0, -1, 1, 0, -2, 0, 0, 0, -1, 0, 2, 3, 2, -2, 0, 1, 2, 0, -1, 3, 0, -2, -2, 1, -2, -1, 1, -2, 0, 0, -2, 0, 4, 0, 1, -1, 0, 0, 3, 2, -1, 3, -2, -1, 4, 3, -5, 2, -2, -5, 1, 5, 0, 2, -3, -2, 3, 1, 8, -1, 0, -4, -1, -5, -1, 4, -1, 1, -4, 0, 2, 3, -2, 3, 5, -2, 2, 5, -1, 3, 3, -4, -1, 3, 0, -4, 5, -2, -4, -2, 3, 0, 2, -2, -3, 5, -3, -1, 2, -1, 0, 12, 3, -1, 6, -2, 3, 3, 4, 0, -1, -2, 6, 8, -6, -6, 0, 4, -2, 0, -8, -3, 7, -9, 0, 8, -2, 1, 11, 9, -4, 5, 0, 4, 13, -4, -6, 8, -4, 7, 6, -5, -12, 2, 0, -6, 7, -6, -4, 0, 10, 2, 12, -3, 1, 0, -8, 2, 13, 0, -5, 2, -23, 7, 2, 4, 3, 17, 3, -2, 15, -7, 16, 13, -8, -4, 12, -9, -9, 13]
[0, 0, 0, 0, 0, 0, 0, 0, 0, 0, 0, 0, 0, 0, 0, 0, 1, 0, 0, 1, 1, 2, 0, -1, 0, 1, 0, 0, 1, 0, 0, -1, -1, 0, 0, 1, 1, 2, 0, -1, 1, 1, 4, 0, 2, 6, 4, 3, -1, 1, 0, 2, 3, 3, 4, -3, 1, 1, -4, -3, 0, 9, 4, 1, 0, 1, 4, -1, 6, 7, 8, 5, 5, 6, -4, 2, 3, 10, 12, -2, 4, 2, 4, -2, -3, 6, 0, 7, 6, 7, 0, -7, 8, 11, 8, 1, 9, 16, 4, 4, -1, 12, 12, 3, 15, 7, 0, -6, 7, 13, 4, -2, 0, 20, 8, -1, 4, 10, 16, 1, 12, 18, 4, 11, 12, 24, 12, -4, 13, 21, 12, -4, 7, 18, 12, 2, 2, 16, 0, 5, 16, 24, 16, -5, 19, 24, 8, 7, 16, 31, 24, -1, 11, 25, 4, 2, 26, 24, 20, 2, 15, 27, 0, 2, 8, 28, 24, -2, 17, 22, 4, 9, 17, 33, 32, 2, 21, 46, 4, -6, 19, 37, 32, 1, 16, 33, 4, -8, 20, 39, 32, -2, 22, 44, 4, 5, 18, 43, 52, 1, 23, 54, 12, 10, 29, 42, 36, 9, 18, 54, 16]
[0, 0, 0, 0, 0, 0, 0, 0, 0, 0, 0, 1, 0, 0, -1, -1, 0, 0, 0, 0, 1, -1, -1, 0, 1, 2, 0, -1, 1, -1, 1, 0, -1, -1, -1, 0, 0, 1, 1, 1, -1, 1, 0, 1, 0, -2, 0, -1, -2, 1, 2, -3, -2, 0, 2, -1, 2, 0, -3, 1, -2, -1, 1, 1, -1, -1, 2, 3, 0, 0, -1, 0, -3, 2, 3, -1, 1, -5, -5, 3, 0, 0, 0, 0, -1, 1, 2, -2, 1, 5, -9, -5, -2, -3, 0, 0, -2, 3, 5, -1, 3, -3, 3, 4, 1, -2, -2, 2, -1, -2, 6, -4, 2, -1, -4, 0, -2, -2, -5, -1, 0, 5, 2, -6, 2, 0, -10, 1, 0, -12, 8, -6, -6, 5, -2, -5, 5, 9, -5, -1, -4, -6, 10, 1, 3, -2, 1, -3, 2, 3, -13, 4, 0, -5, -10, 8, 2, -6, -5, -5, -5, 0, -8, 5, 4, -1, -2, -2, -3, 7, 2, -4, -1, -5, -6, 4, 8, -12, 9, 1, -4, 18, 3, -9, 1, 1, -6, 3, -2, -12, 1, 4, -8, -14, 5, 2, 3, 8, -11, -4, 1, -15, -1, 1, -13, 8, 1, -21, 1, 6, -13]
[0, 0, 0, 0, 0, 0, 0, 0, 0, 0, 0, 0, 0, 1, -1, -1, 1, 0, 0, 0, 0, 0, 0, -1, 0, 0, -1, 0, 0, 1, 0, 0, 2, 1, 1, -2, -1, 1, -1, 1, -1, -1, 3, -2, -2, 2, -2, -4, 2, 1, -1, -4, -5, 6, -1, 0, 1, 6, 8, -4, 2, 0, -4, -6, 1, 5, 4, -4, -2, 5, -7, -9, -5, 0, 8, -4, -4, 4, -10, 0, 0, 14, 4, -4, 8, 5, -2, -13, -2, 3, 13, -4, -2, 13, -13, -9, -3, -3, 0, -16, 6, 11, -7, -10, -7, 12, 8, -2, 0, 10, -2, -9, 3, 3, 7, -12, 10, 22, -17, -10, -8, 7, 10, -26, -4, 6, -8, -13, -1, 14, 7, -16, -1, 19, -16, -16, 6, 23, 25, -24, -4, 22, -14, -16, 1, 18, 2, -24, -2, 4, -28, -24, 3, 31, 23, -24, 2, 16, -29, -19, -5, 20, 26, -12, 8, 25, -28, -22, 3, 25, 18, -30, -14, 22, -26, -36, -6, 30, 28, -24, 15, 18, -31, -46, -4, 25, 36, -28, 0, 51, -33, -33, -1, 32, 21, -30, -9, 20, -35, -37, -3, 49, 42, -36, -4, 24, -44, -54, -6, 34, 39]
[0, 0, 0, 0, 0, 0, 0, 0, 0, 0, 0, -1, 1, 1, -1, 0, 0, -1, -1, 0, 1, 1, -1, -1, 1, 1, 0, 0, -1, -2, 0, 1, -2, 0, 0, 0, 0, 0, 0, 0, -1, -1, 1, -3, -1, 1, 1, -1, 3, 2, -7, 0, -2, 1, 5, -8, -6, 3, -3, -5, 4, 3, 2, 0, -6, -1, 3, -6, -4, 4, 2, -7, -2, 3, -2, 1, -7, 1, 4, -4, 1, 2, -3, -14, 1, 2, -3, -7, -1, -2, -2, -1, -3, 7, -7, -7, 5, -1, -5, 0, -9, -2, 11, -13, 0, 10, -20, -6, 6, 0, -1, -1, -12, 1, -3, -19, -2, 16, -7, -11, 2, 0, -9, -4, -4, -3, 15, -19, -6, 0, -21, -22, -2, 8, -7, 8, -4, 8, 3, -13, -8, 18, -2, -35, 5, 3, -20, -7, -18, 9, 5, -35, -10, 22, -7, -28, 13, -14, -7, 2, 4, 4, -5, -25, -16, 11, -16, -19, 15, -5, -26, -5, -13, 6, 10, -32, -13, 24, -34, -41, 18, 15, 9, -8, -23, 12, -8, -44, -12, 25, -1, -41, 4, 4, -35, -7, -21, -1, 37, -49, -25, 29, -38, -46, 10, 2, -16, 1, -31, 14, 21]
[0, 0, 0, 0, 0, 0, 0, 0, 0, 0, 0, 0, 0, 1, -1, -1, 0, -1, 0, 0, 1, 1, 0, -1, -1, 0, -1, 0, 1, -1, 0, -1, -1, 0, 1, 0, 0, 1, -1, 2, -2, -3, -1, -4, 0, 1, 2, -1, -1, 1, -5, -2, -2, 3, 3, -6, -1, 0, -4, -4, 2, 4, 0, -4, -3, 2, 0, -6, -4, 1, 1, -6, -3, 0, -4, 0, -5, 3, 2, -4, -1, 0, -4, -6, -3, 2, -2, -4, -1, -3, -3, -10, -2, 7, -5, -8, -1, -1, -8, -6, -3, 3, 5, -9, 1, -2, -12, -10, -5, 6, 2, -8, -6, 1, -5, -14, -2, 4, -1, -8, -6, 2, -14, -12, -4, 3, 4, -19, 0, 1, -9, -20, -14, 5, -4, -10, -6, 6, -11, -24, -8, 6, 2, -24, 4, 10, -14, -8, -14, 4, -4, -25, -3, 7, -13, -22, 0, 2, -9, -9, -11, 7, -14, -20, -20, -3, -4, -26, -2, -4, -26, -12, -5, 13, 6, -28, -11, 15, -20, -36, 2, 5, 1, -33, -17, 13, -20, -34, -4, 10, -1, -38, -12, 16, -31, -22, -23, 2, 17, -36, -16, 19, -26, -44, -11, 4, -8, -33, -30, 17, -21]
[0, 0, 0, 0, 0, 0, 0, 0, 0, 0, 0, 0, 1, 0, -1, 0, -1, -2, 1, 0, -1, 0, -1, 0, 0, 1, -1, 1, 1, -1, 0, -1, -2, 0, 1, 0, 1, -1, -1, 1, 0, -4, -1, -1, -1, -2, -3, -1, -3, -1, -3, 2, -3, -4, 3, 2, 0, -5, -1, -1, 0, -1, -5, 2, -5, -7, 3, -2, -2, 1, -5, -1, 2, -9, -2, 2, -7, -10, -1, -2, -6, -2, 1, 2, 3, -12, -10, 5, -8, -9, 0, -1, -9, -2, -9, -1, 1, -10, 2, 4, -1, -17, 0, -3, -2, 0, -12, -4, -6, -10, -11, 7, -10, -22, 7, -2, -10, 0, -19, 2, 0, -22, -8, 8, -12, -16, -5, -2, -3, -19, -7, 1, -1, -25, -27, 6, -12, -18, 6, -7, -16, -12, -20, -2, 0, -23, 5, 15, -22, -23, -9, -1, -8, -11, -7, -5, -5, -48, -34, 10, -18, -21, 5, -5, -16, -20, -26, -4, 8, -45, -3, 18, -21, -33, -8, -4, -27, -1, -9, -2, 13, -24, -31, 11, -32, -51, 10, -3, -32, -9, -35, -7, 10, -56, -8, 17, -18, -57, -20, -1, -28, -24, -28, 1, -18, -46, -53, 23, -29, -53, 30]
[0, 0, 0, 0, 0, 0, 0, 0, 0, 0, 0, 0, 0, -1, 1, 2, 0, 0, 0, 0, -1, 0, 1, 1, 1, -2, -1, 2, 1, 0, 1, 1, 0, 1, 0, 0, 1, 0, 0, 1, 1, -1, 0, 5, 0, -2, 2, 4, 1, -3, 4, 7, 1, -6, 2, 7, 2, -4, 1, 7, 2, -5, 2, 13, 2, -3, -4, 7, 2, -2, 4, 8, 9, -8, -5, 12, 7, -6, 10, 5, -2, -6, 2, 14, 5, -9, 5, 20, 1, -3, 5, 17, 0, -7, 8, 14, 8, -11, -2, 19, 3, -8, 10, 13, 5, -6, 2, 18, 9, -10, 6, 32, 3, -15, 4, 23, 2, -12, 17, 21, 8, -17, -3, 38, 2, -14, 28, 28, 6, -6, -8, 37, 23, -22, 16, 41, 3, -25, 4, 35, 12, -24, 8, 43, 15, -20, -2, 49, 6, -23, 35, 37, 8, -19, -8, 37, 12, -16, 22, 58, 11, -24, 12, 35, 12, -15, 28, 42, 23, -33, 1, 69, 13, -33, 40, 52, 1, -20, -10, 56, 7, -38, 29, 90, 9, -35, 4, 56, 18, -24, 29, 58, 31, -48, 6, 78, 22, -45, 50, 74, 15, -25, -15, 86, 41, -46, 32, 114, 19, -56, 14]
[0, 0, 0, 0, 0, 0, 0, 0, 0, 0, 0, 0, -1, -1, 2, 1, 0, 1, -1, 0, 0, 0, 2, 0, -1, 1, 0, -1, 0, 0, 1, 0, -1, 0, -1, -2, 0, 1, 1, -1, 1, 5, -3, 0, 1, 1, 5, 1, 4, 1, -1, 3, 4, -2, -1, -3, 0, 1, -10, 0, 2, -4, 7, 5, 1, 6, -7, 3, 0, -5, 9, 4, 6, 5, -3, 2, 6, 6, 11, -7, -3, -5, -7, 0, -10, 4, 15, -2, 5, 14, -19, -2, 9, -2, 17, -2, 1, 15, -8, 1, 4, 9, 10, 4, 4, -10, -14, -4, 7, 8, 17, -2, 5, 7, -19, 3, -12, -11, 36, 1, 2, 18, -19, 12, 10, 8, 33, -3, -4, 13, -13, -4, -4, 10, 43, 5, -4, 4, -34, -6, 12, -1, 28, 1, 7, 17, -23, 2, 4, 20, 44, -4, 8, -9, -37, 6, 5, 28, 56, 5, 12, 11, -45, -8, -4, -1, 54, 0, -11, 18, -28, 7, 26, 15, 48, 8, 10, -13, -33, -6, -26, 22, 60, 13, 11, 29, -58, -3, 22, -16, 64, -6, -5, 21, -42, 1, 8, 43, 70, 2, 13, -1, -51, -1, 27, 28, 85, 17, 17, 25, -80]
[0, 0, 0, 0, 0, 0, 0, 0, 0, 0, 0, 0, 0, 0, 0, 0, 0, 0, -1, 0, 2, -1, -1, 1, 0, 0, 1, 0, -1, 0, -2, 0, 1, 2, -1, -2, 1, -1, 1, 0, 1, 0, 0, -3, -2, 2, 5, -1, -4, 3, 0, 1, 1, 1, -4, -1, -7, -2, 5, 9, -4, -9, 6, -3, 3, 1, 3, -3, 2, -11, -3, 9, 7, 0, -8, 4, -3, 5, -2, 5, -6, 1, -13, -8, 10, 16, -5, -17, 10, -4, 5, 1, 6, -11, 8, -15, -10, 16, 19, -11, -18, 9, -12, 10, 1, 10, -8, 14, -23, -14, 19, 21, -10, -22, 8, -11, 12, -3, 14, -15, 12, -24, -11, 24, 28, -19, -35, 16, -18, 15, 0, 15, -15, 20, -29, -21, 38, 34, -26, -31, 16, -23, 20, 1, 19, -20, 18, -49, -16, 45, 33, -20, -45, 17, -24, 25, -8, 26, -20, 18, -39, -27, 51, 45, -24, -48, 20, -26, 25, 3, 24, -33, 31, -55, -44, 60, 66, -49, -60, 28, -39, 31, 4, 35, -28, 45, -72, -28, 68, 51, -28, -63, 16, -39, 40, -12, 41, -32, 30, -71, -37, 70, 74, -44, -85, 38, -36, 35, -3, 39, -48]
[0, 0, 0, 0, 0, 0, 0, 0, 0, 0, 0, -1, 0, 1, 0, -1, 0, 0, -1, 0, 0, 0, -1, -1, 0, 0, 0, -1, -2, 0, 1, 0, 0, -1, -2, 0, -2, 0, 0, -2, -2, -1, -1, -5, 0, 2, 0, -5, 2, 1, -9, -3, -2, 4, 1, -7, -6, 2, -3, -9, 0, 3, 1, -7, -4, 1, -3, -9, -4, 0, 0, -10, -6, 4, -5, -9, -8, 6, -1, -7, 2, 2, -12, -20, -6, 5, 0, -18, -4, -3, -7, -9, 0, 5, -1, -14, -6, 3, -16, -9, -14, 4, 4, -20, -10, 0, -20, -18, -2, 4, 0, -18, -12, 7, -21, -30, -4, 4, -2, -22, -8, 5, -18, -22, -6, 6, 6, -30, -16, 4, -28, -38, -22, 10, -2, -17, -12, 9, -19, -31, -8, 12, -2, -56, -14, 12, -37, -33, -24, 9, 3, -48, -18, 9, -17, -48, -2, 8, -2, -37, -12, 10, -38, -45, -24, 3, -6, -39, -18, 13, -47, -44, -18, 19, 2, -60, -22, 8, -48, -63, -12, 8, 8, -54, -24, 17, -44, -69, -18, 10, 0, -68, -24, 32, -67, -46, -44, 15, 10, -88, -30, 13, -49, -87, -16, 18, -7, -57, -30, 28, -46]
[0, 0, 0, 0, 0, 1, 0, 0, 0, 0, 0, 0, 0, 0, -1, -1, -1, -1, -2, -1, -1, 0, 0, 0, 2, -1, 1, 0, 0, 1, 1, -1, 2, 1, 1, 1, 0, -1, 1, 0, 0, -2, -2, -2, 6, -3, -1, -3, -9, 1, -4, -6, -8, 4, 4, -1, -2, -7, 2, -1, -6, 7, -4, -7, 3, 6, -10, -7, -4, 9, -3, -10, -4, -1, -3, -6, 0, -2, -2, 0, 0, 2, -5, -6, 1, 3, 0, -4, -2, 3, -1, -5, -6, -4, 2, -6, -9, -4, -12, -8, -1, 3, 4, -15, -4, 4, 0, -8, -10, 18, 11, -9, 2, 0, -14, -15, 6, -7, -5, -15, -12, -21, -8, -25, -6, 6, -13, -13, -3, -12, -19, -12, -6, 4, -7, -20, 0, 11, -21, -13, -8, -20, 10, -19, -22, 13, -24, -19, -26, -7, -8, -17, -6, -1, 0, -26, 0, 11, -12, -25, -2, 0, -19, -22, -4, 6, 16, -28, -16, 24, -10, -31, 0, 44, 10, -30, -17, 12, -45, -26, -18, 12, -11, -35, -2, 19, -34, -28, 2, -4, -3, -29, -30, 24, -23, -35, -29, -10, -22, -38, -8, -6, -21, -42, -36, 7, 0, -51, -19, 16, -52]
[0, 0, 0, 0, 0, 0, 1, 0, -1, 0, 0, 0, 0, 0, -1, 0, -1, -1, 0, 1, 1, -2, 0, -2, 0, 0, 1, 0, -1, 1, -1, 1, -2, 0, 0, -1, -1, -1, -1, 1, 0, -2, 1, 1, -2, -5, -3, 4, -1, 1, -1, -1, -3, -6, -1, -6, -1, -6, -7, -2, 4, -2, -5, 0, -1, -8, 2, 0, 2, -3, -4, 0, -8, -5, -5, 6, -5, -8, -10, 3, -2, -4, 0, -2, 3, -8, -7, 0, 2, -11, -4, -2, -8, -8, -15, 0, 1, -5, 3, -7, -7, -21, -8, 3, 1, -1, -6, 8, -11, -11, 0, -1, -20, -19, 5, 0, -16, -8, -15, 0, -16, -22, -2, -5, -2, -13, -4, -4, -7, -21, 1, -5, -7, -31, -19, 5, -17, -24, -6, 6, -32, -16, -11, 2, -8, -23, 5, -6, -24, -16, -22, -11, -9, -25, -5, 3, -20, -40, -26, 12, -6, -17, -6, 15, -4, -29, -30, 0, 3, -31, -8, 0, -9, -27, -33, -2, -21, -20, -13, -6, -9, -28, -25, -10, -24, -53, -6, -8, -26, -36, -20, -1, -6, -44, -10, -3, -18, -51, -26, 4, -17, -57, -15, 14, -23, -30, -41, -10, -29, -52, 6]
[0, 0, 0, 0, 0, 0, 0, 0, 1, -1, 0, 1, 0, -1, 0, 0, -1, 0, -1, -1, 1, 1, 0, 2, 1, -1, -1, -1, -1, 1, 0, 1, 0, -1, 0, 1, -1, 1, 2, 1, -1, 3, -6, 3, 2, -6, 2, 0, -2, -2, 4, -1, 1, -5, 2, 2, 1, -7, -4, 8, -4, -3, 4, 6, -1, -2, -5, 8, -2, -7, 6, 4, -3, -10, 0, 1, 5, -5, 6, 5, 6, -14, 0, 6, -7, 2, 4, 4, 3, -4, -17, 6, 0, -19, 14, 8, -9, -5, -5, 11, 3, -3, 6, 11, 0, -15, -10, 10, 1, 1, 8, 7, 3, -4, -18, 13, -4, -20, 14, 8, -4, 1, -14, 9, 4, -8, -8, 18, 3, -27, -13, 14, -11, -17, 16, 9, 6, -20, -21, 18, 8, -24, 26, 22, -9, -19, -16, 14, 8, -9, 12, 29, 3, -40, -32, 30, -10, -10, 26, 12, -1, -21, -24, 15, 8, -48, 32, 22, -10, -9, -27, 17, 19, -37, 18, 38, 14, -44, -1, 31, -31, -17, 26, 36, 5, -8, -54, 39, 12, -75, 34, 39, -23, -34, -15, 27, 12, -14, 14, 32, 14, -69, -30, 27, -21, -28, 52, 24, 2, -24, -54]
[0, 0, 0, 0, 0, 0, 0, 0, -1, 0, 1, -1, 0, 1, 1, 2, -1, -1, 0, 0, -1, -1, 2, 0, -1, -1, 0, 1, 1, -1, 0, 2, 0, 0, 0, 0, -1, 1, 1, 0, -1, -7, -3, 2, 2, -3, 2, 6, 2, 0, -3, 4, 1, 1, 1, -2, 1, -7, -4, 4, 8, 2, 0, 4, -1, 1, -6, 2, 2, -7, 4, 4, 5, -7, -12, 9, -1, -3, 4, 2, -2, -4, -4, 4, -1, -8, 7, 8, 9, -12, -4, 14, 4, -1, 4, 8, -1, -5, -7, 6, -7, -7, 7, 6, 6, -22, -5, 14, -9, 0, 16, 14, -9, -13, -11, 13, 8, -26, 15, 10, -12, -16, -12, 16, 0, 1, 32, 12, 11, -14, -7, 21, 1, -19, 18, 24, -2, -12, -18, 26, -12, -28, 11, 22, -1, -1, -5, 14, -12, -22, 20, 10, 11, -38, -9, 17, -14, -6, 20, 34, 15, -10, -24, 20, 0, -45, 34, 26, -16, -27, -20, 25, 21, -1, 23, 28, -6, -26, -29, 23, -19, -33, 27, 44, -5, -34, -38, 25, 12, -38, 42, 30, 1, -6, -26, 20, -2, -36, 34, 44, 20, -41, -34, 39, 9, -20, 30, 56, 10, -28, -40]
[0, 0, 0, 0, 0, 0, 0, 0, 0, 0, 0, 0, 0, 0, 0, 0, -1, -1, 0, 0, -1, 0, 0, -1, 0, 0, 0, 1, 1, -2, 0, -1, -1, -2, 0, 2, -3, 0, 0, 1, 1, -1, -4, 0, -2, -3, -4, -2, 1, -7, 0, 3, -1, 1, 4, -5, 1, -8, -4, -4, -4, 2, -12, 5, 2, -4, 4, 7, -10, 1, -8, -4, -7, -14, 4, -10, 3, 0, -4, 7, 8, -18, 4, -6, -9, -16, -16, 8, -18, 1, 8, 0, 4, 11, -24, 8, -13, -19, -12, -7, 5, -30, 12, 11, -5, -2, 16, -22, 3, -20, -20, -14, -20, -5, -24, 23, 8, -12, 0, 29, -36, -8, -20, -16, -24, -29, 4, -30, 23, -1, -4, 16, 23, -56, -4, -15, -30, -40, -16, 14, -48, 22, 0, -3, 7, 16, -40, 26, -36, -48, -40, -21, 11, -67, 44, 20, -14, -8, 20, -48, 7, -49, -32, -20, -40, -5, -72, 54, 9, -40, 20, 57, -71, -1, -48, -28, -49, -45, 20, -58, 59, -11, -32, 22, 40, -103, 36, -31, -56, -64, -64, 32, -86, 34, 20, 1, 12, 21, -108, 36, -57, -79, -44, -43, 13, -122, 36, 34, -28, -9, 80]
[0, 0, 0, 0, 0, -1, 0, 1, 0, 0, -1, -1, 1, 1, -1, 1, 1, 0, 1, 0, 0, 0, 0, -1, 1, -1, 0, -1, -2, -1, -1, 0, -2, 1, -1, 0, 0, -1, 1, 0, 2, 1, -7, -1, -7, -3, 5, 3, 5, 0, -5, 1, 2, -5, 4, -3, -5, 5, -2, 1, 8, -3, 10, 5, -7, -8, -5, -1, -8, -9, 9, -7, -7, 3, -9, 11, -2, 0, 8, 3, 3, -10, -7, 0, -6, -6, 6, 3, -7, -6, -12, 7, -1, -9, -2, 0, 8, -13, -10, 3, -12, -3, 14, -4, 1, 4, -25, -6, 5, -20, 5, -1, -11, -1, -9, -6, 2, 11, 9, -2, 2, 9, -28, 16, 14, -17, 25, -10, -7, -25, -39, -10, -4, -9, 19, 15, -2, 3, -28, 3, 0, -6, 20, -2, -16, -15, -11, 11, 2, 13, 12, -12, -11, -22, -29, -4, -5, -33, 26, 29, 3, -9, -41, 5, -32, -23, -4, 5, 6, -30, -41, 16, 0, -34, 16, -1, -7, -39, -43, -11, -8, -1, 43, 41, -15, -14, -50, -9, 6, -57, 35, -9, 9, -22, -62, 10, -16, -18, 76, -3, -24, -37, -75, -3, 17, -14, 34, 47, -23, -11, -30]
[0, 0, 0, 0, 0, 0, 0, 0, 0, 0, 0, -1, 1, 0, 1, 1, 0, 0, 0, 0, -1, 1, 1, 0, -1, 2, 0, 1, 0, 1, -1, 0, 1, 1, 1, 0, 1, -1, 3, -1, 2, 3, 0, -1, 1, 2, 0, 1, 3, 3, -2, 3, 3, 4, 2, 1, -1, 4, 3, -1, 4, 5, 3, -1, 3, 5, 2, -3, 2, 4, 5, 0, 5, 6, 1, 1, 2, 5, 9, -3, 3, 8, 4, 0, 5, 7, 6, 2, 3, 7, 1, 5, 7, 7, 8, 0, 7, 13, 3, 1, 3, 11, 9, -4, 5, 14, -2, -2, 9, 14, 10, 4, 6, 17, 4, 0, 2, 18, 9, 1, 10, 19, 2, 6, 10, 16, 18, -1, 12, 16, 0, 6, 11, 19, 18, 5, 10, 23, 5, 1, 12, 30, 14, -1, 6, 18, 7, 3, 10, 25, 29, -4, 13, 25, 10, -8, 15, 22, 33, 5, 23, 28, 4, -5, 8, 25, 26, 2, 18, 33, 10, 4, 20, 33, 30, -4, 13, 36, 3, -1, 21, 42, 25, 9, 19, 35, 6, -3, 18, 40, 31, -4, 28, 46, 7, -2, 14, 52, 39, 4, 20, 39, 5, -1, 33, 48, 43, 21, 24, 50, 21]
[0, 0, 0, 0, 0, 0, 1, 1, -1, 0, 0, -1, -1, -1, 0, -2, 2, 1, -1, 1, -2, 1, 0, -1, -1, -1, 0, 0, 1, 0, -1, 1, -1, -1, 1, 0, 0, -1, 0, -1, 1, -1, -5, -2, 9, 1, 11, 4, -18, 4, -5, -16, 6, -5, -12, 17, -13, -21, 6, 6, -16, 29, 17, -27, 15, -9, -32, -15, 23, -13, 12, -13, -14, 28, -28, 3, 7, 9, -14, 15, 15, -35, 5, 24, -26, 1, 24, -33, 11, -3, -43, 18, -5, -58, 33, 8, -7, 46, 0, -43, -20, 33, -39, -21, 33, -51, -20, 44, -68, 21, 70, -17, 15, 46, -31, -32, 1, -85, 36, -19, -38, 7, 5, -55, 46, 78, -82, 42, -2, -75, -8, 14, -97, 28, 37, -55, 9, 43, -102, 8, 76, -133, 44, 35, -115, 0, 57, -123, 43, 97, -24, 29, 15, -86, -31, -14, -79, 14, 24, -10, 4, 35, -141, 78, 27, -90, 144, -2, -120, 28, -15, -174, 127, 54, -42, -7, 64, -60, -59, 101, -204, 43, 86, -163, 7, 78, -242, 86, 146, -182, 130, -5, -105, 17, -32, -122, -46, -19, -6, 29, 128, -104, 18, 78, -222, 162, 51, -216, 65, 52, -332]
[0, 0, 0, 0, 0, 0, 0, 0, -1, 0, 1, 0, 0, 0, 1, 1, 0, 2, 1, -1, -1, 1, 0, -1, 2, 2, 2, 1, 0, -1, 1, 0, 0, -1, -1, 1, 1, 0, 0, 2, 0, 3, 10, 1, -2, 13, -9, -2, 12, -6, 8, 4, 5, 9, 2, -11, 1, 10, 6, -2, 2, 7, -21, 17, 8, -4, 29, 7, -1, 23, -11, -9, 10, -6, 9, -2, 8, 13, -9, 4, 16, 25, 21, -12, 19, -8, -20, 13, -12, 5, 43, 4, 6, 50, -31, 7, 8, 5, 19, 4, 5, -16, 19, 4, -5, 50, 53, -20, 42, -14, -39, 2, -4, 27, 42, 15, 19, 45, -23, 24, 4, 7, 21, -1, -26, 9, 33, -36, 28, 87, 54, 9, 80, -12, -23, 14, -23, -13, 86, 16, -36, 129, -19, -12, 74, 38, 0, 48, -11, -27, -24, -36, 21, 54, 102, 17, 56, 32, -12, -13, 18, -1, 119, -35, -15, 115, -116, 47, 99, 24, 94, 93, -80, 36, -11, -26, -24, 91, 96, -74, 163, 23, -83, 73, 66, -84, 208, -47, -54, 161, -110, 18, 10, 105, 98, 40, 66, 87, -68, 21, -25, 105, 71, -45, 140, -53, -13, 94, 2, 47, 332]
[0, 0, 0, 0, 0, 0, 0, 1, 0, -1, 0, 0, 0, -1, 0, 1, 0, -1, 0, 1, -2, 1, 0, 0, 3, -1, 0, 0, -2, -2, 0, 1, 0, 0, 0, 1, 2, -1, 0, 1, 0, -2, 0, 5, 0, -5, 0, 4, 0, -5, 0, 5, -2, -10, 4, 8, -1, -9, -4, 6, 0, -6, -4, 14, -4, -10, 0, 10, 0, -4, 0, 4, 7, -21, -4, 16, -2, -15, 4, 15, 3, -9, 4, 14, 2, -19, -4, 16, -5, -16, 0, 18, -4, -17, -4, 15, -1, -19, 0, 19, -2, -21, 8, 17, -1, -10, -12, 14, 6, -18, 8, 21, -5, -28, 8, 18, 4, -21, -4, 21, -2, -36, -8, 43, 0, -24, 8, 24, -6, -33, -16, 21, 10, -42, -8, 41, -10, -41, 8, 38, -8, -33, -4, 39, 2, -46, 4, 48, -4, -46, 8, 37, -3, -43, -8, 41, 12, -62, -8, 63, -3, -53, 0, 55, 0, -56, 8, 53, 12, -64, -8, 66, -6, -75, 20, 49, -28, -39, -8, 56, 10, -60, -4, 98, -17, -83, -4, 56, -12, -53, -4, 61, 19, -95, -16, 85, 4, -94, 16, 64, 2, -69, -28, 86, 6, -90, -12, 116, -10, -101, 36]
[0, 1, 0, -1, 0, 0, -1, -1, 3, 0, -1, 0, -1, 0, 1, 0, -1, 1, 0, -1, -1, 0, -2, 0, 0, -1, -1, 0, -1, 0, 2, 0, 0, 0, -1, -2, -1, 0, -1, -1, 1, 12, 11, -1, -15, 5, -34, -25, 28, -15, 31, 15, 1, 7, -20, -25, -2, 35, 28, -29, 12, -34, -67, 25, -31, 21, 61, 24, -37, 30, -82, -20, 1, -41, 113, -58, -39, 16, -58, -11, 40, 44, 54, -56, 29, 2, -99, -12, -56, 39, 176, -21, 15, 112, -142, -17, 7, -82, 18, -17, 27, -64, 37, 6, -44, 131, 71, -81, 68, -37, -185, -36, -17, -58, 49, 34, -29, 136, -147, 48, -24, 29, 9, -29, -116, -146, 37, -115, -51, 157, 28, -19, 226, -75, -94, -37, -29, -116, 235, -39, -168, 272, -97, -96, 185, 83, -64, 70, -19, -154, -200, -116, -44, 121, 359, -5, 79, 18, -201, -216, -41, -101, 256, -195, -35, 299, -466, 85, 68, 21, 180, 154, -349, -47, -315, -185, -180, 124, 366, -292, 309, 11, -401, 53, 152, -181, 652, -232, -256, 354, -514, -12, -39, 162, 409, -19, 190, 159, -449, -88, -166, 162, 147, -308, 184, -345, -147, 111, -60, 26, 775]
[0, 1, 1, -1, -1, 0, 1, -1, 0, 0, 1, 0, -2, 1, -1, -1, 1, 1, 2, 0, 0, -2, -1, 0, 0, 1, 0, 1, 0, 0, -1, 2, -1, 1, 1, 1, 0, 2, -1, 0, 0, 18, 28, 2, -14, 9, -30, 7, 22, -28, 34, -7, -3, 18, -27, -20, 2, 37, 31, -7, 32, -34, -70, 0, -15, 24, 64, -33, -14, 53, -85, -7, 12, -72, 86, 22, -28, 44, -67, -25, 36, 50, 70, -32, 75, -35, -112, 21, -12, 70, 193, -31, -8, 196, -146, -36, 36, -109, 27, 45, 15, -118, 33, -64, -20, 194, 113, 39, 54, -60, -153, 70, -39, -51, 126, -95, -53, 184, -177, -101, 4, 32, 80, 64, -100, -186, 41, 26, -95, 259, 94, -80, 240, -179, -158, 77, -30, -163, 339, -27, -188, 458, -78, -77, 230, 214, -7, 10, 27, -238, -137, -10, -102, 48, 370, -106, 116, 66, -338, 109, -28, -149, 374, -52, 37, 414, -438, -203, 164, 19, 206, -47, -304, 57, -304, -27, -156, 133, 399, -12, 376, 76, -463, 1, 132, -420, 790, -95, -192, 395, -543, -144, 162, 414, 365, 37, 144, 335, -258, -223, -128, 131, 182, -5, 294, -561, -296, 15, -63, 127, 958]
[0, 0, 0, 0, 0, 0, 0, -1, 2, 2, -2, 0, 0, -1, -1, -1, 0, -1, 1, 0, 1, 2, 0, -1, -2, 1, 0, 0, 1, -1, 0, 2, -1, -1, 1, 1, 1, -1, 1, 1, 0, 5, -1, 5, -2, -11, -4, 1, 3, 7, -3, -6, -11, -10, 13, 4, 18, 15, -24, -20, 16, 9, 16, -16, -15, 10, -27, -4, -7, 13, 23, -11, -16, 36, 28, -6, -3, -22, 32, -19, -22, -14, -12, 10, -9, -3, 22, 27, -10, 27, -26, -16, -14, -3, 9, 2, 42, -22, -49, 27, 23, 1, 23, -30, -2, -23, -20, -10, 53, 35, -18, -30, 33, 40, -29, 8, -61, 24, -23, -16, 16, 77, 28, -54, -36, 17, 64, -13, -6, -50, -50, -66, 2, 17, 72, 55, -40, -39, 22, 18, 24, -4, -36, -20, -50, 4, -48, 81, 45, -23, 0, 46, 46, 33, -47, -108, 8, -48, 69, -5, 74, 90, -134, -91, 63, 114, 36, -62, -66, -1, -131, 2, 3, 100, 128, -111, -91, 103, 19, -30, 13, -32, 87, -114, 2, 83, 70, 36, -100, -106, 153, 70, 23, -14, -152, 12, -136, 66, 91, 41, 66, -88, -200, 66, 147, 20, 72, -127, 8, -85, -147]
[0, 0, 0, 0, 0, 1, 1, -1, 0, 2, -1, -1, -1, -2, 0, -1, 0, -1, -2, 2, 0, 0, 0, -1, 0, 0, 0, 0, 3, 0, -1, -1, 0, -1, 0, 1, -1, 1, 2, 1, -1, 10, 7, -7, -1, -12, -1, 19, -3, -21, -7, -3, -15, 15, 18, -9, 7, -2, -30, -12, 14, 12, -5, -23, -1, 14, -17, -49, -13, 49, 15, 15, 0, -28, -2, 51, 1, 0, 36, -54, -27, -23, -11, 0, 12, -38, -15, 35, 0, 64, 1, -48, -15, 93, -2, -40, 34, -82, -76, 78, -4, -87, 53, -69, -16, 70, 3, 26, 54, -24, -6, 50, -24, 38, -11, -106, -59, 60, -8, -122, 18, 41, -21, 84, -42, -83, 84, 44, -16, 84, -49, -135, 60, -154, -15, 122, -65, -117, 30, -62, -68, 207, 7, -78, 43, 138, -146, 37, -33, -186, 106, 43, -25, -103, -31, -177, 95, 73, 3, 219, 34, -74, -67, -33, -7, 248, -6, -299, 57, -8, -140, -100, -85, 164, 153, 13, -143, 28, -61, 81, 119, 43, 8, -91, -12, -275, 162, 12, -130, -54, 9, -162, 103, 275, -222, 59, -141, 282, 217, -183, -77, -144, -274, 120, 228, -392, 3, -71, -125, 54, 75]
[0, 0, 0, 0, 0, 0, 0, 0, 0, 1, 0, -1, -2, 1, 1, -1, -1, 0, 1, 0, 1, 1, 0, -1, 1, 0, 0, -2, -3, -2, 0, 1, 0, -1, 1, 0, 0, 0, 1, 1, 3, 2, -1, -8, -18, 4, 12, -2, 14, 5, -27, -1, 10, 6, 11, -17, 6, 8, -24, -8, -2, -3, 6, -5, 1, 12, -23, -7, -24, -2, 63, -7, 0, 11, -24, -3, 15, 21, 2, -11, -17, -3, -52, -22, -7, 16, 36, -21, 27, 16, -36, -12, 16, 7, 59, -15, -74, 14, -45, -5, 21, 14, 7, -13, 22, -17, -18, -18, 33, -1, 22, -21, -24, 43, -89, -28, -6, 2, 67, -16, -62, 10, 54, -14, 28, 37, 24, -36, 11, 9, -94, -47, -62, 19, 24, -9, 20, 16, -54, -40, 56, 4, 72, -62, -17, 50, -28, -28, -146, 57, 52, -55, 38, 13, -103, -39, 46, 56, 129, -23, 64, 81, -174, -48, -56, -60, 48, -35, -45, 9, -89, -34, -37, 107, 228, -48, 14, -56, -193, -77, -2, 58, 101, -51, -27, 117, -202, -70, 76, 7, 179, -73, -4, 83, -160, -47, -51, 76, 231, -85, -193, -10, -160, -108, 75, 55, 106, -50, 46, 98, -195]
[0, 0, 0, 0, 1, 0, -1, 0, 0, -1, 1, 0, 0, 0, -1, 0, 0, -1, -1, -2, -1, -1, 1, -1, -3, 1, -1, 1, 0, 1, -2, 1, 1, -1, -3, 0, -1, 1, 0, 1, 0, -17, -8, 4, 6, 4, 1, -12, -15, 21, -2, -5, -6, -19, -4, 1, 3, -11, 1, -2, -10, -4, 11, -9, -10, -10, -26, 29, 13, -40, 12, -22, -7, 33, -7, -50, -12, -29, -12, 35, -11, 16, -17, -2, -20, 25, 31, -18, 5, -51, -38, 22, 0, -117, 25, 22, -30, 72, 21, -75, -10, 91, -47, 37, 9, -122, -51, -34, -62, 58, 28, -74, 28, -45, -40, 93, 4, -104, -1, 81, -34, -41, -24, -134, 14, 113, -66, -64, -4, -158, -5, 76, -102, 156, 35, -111, 26, 102, -110, 40, 68, -316, -20, 45, -106, -154, 60, -24, 14, 142, -85, -43, 25, 75, -68, 68, -114, -112, 34, -220, -15, 108, -101, -28, 20, -243, 96, 180, -168, 0, -10, 39, 104, -122, -18, -88, 67, -4, -60, -122, -215, -89, 49, -38, -55, 293, -276, -39, 74, -51, 133, 136, -137, -362, 24, -125, -28, -337, -112, 142, 122, 40, 71, -135, -240, 411, 11, -76, 96, -152, -426]
[0, 1, 1, 0, -1, 0, 1, -1, 0, 0, 0, -1, 0, -1, -2, 1, 1, 1, 0, 0, 0, -1, 0, 2, -1, 1, 1, 0, -2, 2, 2, 0, 2, 0, 0, 0, 2, 1, 2, 1, 1, 27, 36, -4, 4, 8, -38, 25, 22, -52, 38, -1, -21, 17, -13, -9, -8, 43, 1, -2, 60, -30, -57, 1, -43, 9, 71, -79, -12, 98, -115, 19, 35, -107, 86, 111, -60, 35, 4, -83, 16, 50, 89, -12, 121, -89, -133, 79, -45, 90, 211, -56, -30, 283, -159, -74, 181, -189, -13, 185, -31, -207, 112, -128, -69, 293, 60, 62, 114, -95, -199, 169, -33, -67, 250, -204, -139, 277, -238, -235, 168, 56, -49, 238, -146, -296, 201, 103, -175, 355, 86, -223, 352, -321, -168, 301, -115, -298, 440, -94, -252, 695, -125, -133, 321, 259, -131, 138, 141, -440, 70, 72, -194, 22, 320, -281, 240, 12, -456, 513, -101, -281, 511, -40, 43, 709, -426, -536, 319, -27, 30, -52, -302, 40, -183, 105, -274, 282, 420, 181, 504, 15, -482, 110, 39, -788, 1096, 2, -410, 443, -615, -313, 429, 534, 102, 293, 8, 455, 38, -397, -25, 105, -48, 234, 556, -947, -389, 171, -262, 34, 1204]
