56 3 13 18 17
[1, 0, 0, 0, 0, 0, -1, 0, 1, -2, 0, 1, 0, -2, 1, -2, -1, 4, -1, -2, 2, 3, 5, -4, -1, 0, -2, -2, -5, 2, -5, 0, -2, 4, 0, -1, 2, 4, -1, 0, 1, 8, -3, 1, 8, -14, -7, 16, 3, 2, 5, 18, 0, 18, -2, 16, -12, -24, 4, -14, -4, -16, 6, 2, 5, -30, 4, 31, -2, -26, -6, -46, 11, 28, -2, -38, -10, 11, 5, -22, 3, -32, 12, -40, 0, 34, 13, 48, -2, 36, -6, 3, 0, 38, 10, -52, -7, 52, 6, 41, 2, -54, 6, 48, -15, 8, 32, 63, -2, 62, 14, 64, -2, -60, -43, -70, -4, -80, -17, 10, -8, -82, -24, 92, 14, -74, 8, -76, 24, 84, -37, -76, 14, -5, 19, -94, 4, -114, -26, -102, -10, 122, -46, 112, -1, 128, 36, -10, 0, 92, -35, -112, 19, 132, 7, 130, -8, -118, -30, 128, 21, 28, -27, 147, 4, 154, -41, 144, 3, -128, 46, -180, 16, -162, 36, -48, -28, -180, 52, 149, -32, -172, 12, -202, -12, 168, 74, -172, 2, -10, -39, -172, -19, -206, 32, -202, 6, 228, 41, 192, 15, 236, -78, -6, -16, 228, 60, -254, -25, 204, 17]
[0, 0, 0, 0, 0, 0, 0, 0, 0, 0, 0, 0, 0, 0, 0, 1, -1, 0, 1, 0, 0, -1, -1, -1, 0, 0, 0, 0, 1, 0, 1, 0, 1, 0, 0, 0, 0, 2, 0, -1, 0, 0, -1, 4, -4, 0, 3, 0, 0, -4, -5, -4, 0, 0, 0, 0, 4, 0, 4, 0, 2, 0, 0, 1, 1, 8, 0, -4, 0, 0, -3, 6, -6, 0, 2, 0, 0, -5, -9, -6, 0, 0, 0, 0, 6, -2, 7, 0, -2, 0, 0, 4, 4, 10, 0, -5, 0, 0, -2, 8, -8, 0, 2, 0, 0, -4, -8, -8, 0, 0, 0, 0, 7, -8, 11, 0, -4, 0, 0, 6, 6, 8, 0, -4, 0, 0, -3, 11, -13, 0, 5, 0, 0, -7, -7, -12, 0, 0, 0, 0, 8, -10, 14, 0, -3, 0, 0, 8, 8, 14, 0, -5, 0, 0, -9, 4, -10, 0, -2, 0, 0, -4, -5, -8, 0, 2, 0, 0, 2, -8, 10, 0, -12, 0, 0, 11, 12, 8, 0, 4, 0, 0, -5, 1, -6, 0, -2, 0, 0, 0, 3, -8, 0, 8, 0, 0, 0, -14, 11, 0, -2, 0, 0, 4, 8, 0, 0, 9, 0, 0, -9]
[0, 0, 0, 0, 0, 0, 0, 0, 0, 0, 0, 0, -1, -1, 1, 0, 0, 1, 0, 2, 1, -1, 0, 0, 0, 0, 0, 0, -1, 0, 0, -2, 0, -1, 0, 0, 0, 0, -2, 0, -2, 0, 2, 0, 0, 3, 0, 2, 2, -1, 0, 0, 3, 0, 2, 0, -2, 0, 0, -4, 0, -2, -2, 2, 0, 0, -4, 0, 2, 5, -2, 0, 0, 1, 0, -6, -3, 2, 0, 0, 6, 0, 4, -2, 1, 0, 0, 2, 0, -1, -4, 4, 0, 0, 2, 0, 4, 1, -4, 0, 0, -3, 0, -2, -6, -1, 0, 0, -4, 0, -2, -2, 2, 0, 0, 4, 0, 0, 6, -2, 0, 0, 4, 0, -2, -1, 1, 0, 0, -5, 0, 4, 2, 0, 0, 0, -8, 0, -4, 6, 1, 0, 0, 4, 0, 6, 12, -6, 0, 0, 2, 0, 0, 1, -2, 0, 0, -11, 0, -6, 0, 6, 0, 0, -4, 0, -4, 2, 6, 0, 0, 16, 0, 9, -4, -6, 0, 0, 12, 0, 1, -20, 0, 0, 0, -4, 0, 10, 2, -7, 0, 0, -20, 0, -16, -4, 2, 0, 0, -2, 0, 5, 0, -10, 0, 0, 4, 0, -6, -7, 8]
[0, 0, 0, 0, 0, 0, 0, 0, 0, 0, 1, 0, -1, -2, 1, 0, 0, 0, 0, 2, 1, 0, 0, 0, -2, 0, -1, 2, -1, 0, 0, 0, 0, 0, 0, -2, 0, 0, 0, 0, 0, 0, 1, 0, 0, 2, 0, 0, 2, 0, 0, 0, -1, 0, 0, 0, 0, 0, 0, -2, 0, 0, -2, 0, 0, 0, -4, 0, 6, 6, -4, 0, 0, 0, 0, -10, -3, 2, 0, 0, 10, 0, 4, -8, 5, 0, 0, 0, 0, 0, -3, 8, 0, 0, 2, 0, 0, 0, -4, 0, 0, -6, 0, 0, -8, 0, 0, 0, 4, 0, -2, 0, -2, 0, 0, 6, 0, 0, 8, 0, 0, 0, 1, 0, -10, 6, 1, 0, 0, 0, 0, 12, -2, -6, 0, 0, -12, 0, 0, 6, -7, 0, 0, 0, 0, 0, 12, -4, 0, 0, -8, 0, 2, 0, 2, 0, 0, -6, 0, 0, 4, 0, 0, 0, -4, 0, 8, 0, 8, 0, 0, 4, 0, -2, -4, 0, 0, 0, 12, 0, -3, -28, 12, 0, 0, 0, 0, 12, 10, -6, 0, 0, -12, 0, -16, 10, -2, 0, 0, 0, 0, 0, -5, -16, 0, 0, 4, 0, -10, 0, 8]
[0, 0, 0, 0, 0, 0, 0, 0, 0, 0, 0, 0, 0, 0, 0, 0, 1, -1, 0, -1, -1, 1, 1, 2, -1, 0, -1, -1, 0, 2, 0, 0, 1, -1, -1, -1, 0, 0, -1, 2, -1, -2, 1, 0, 6, -4, 1, -4, -4, 3, 6, 8, -5, 2, -5, -4, -1, 8, 0, -3, 6, -4, -5, -4, 1, 0, -5, 8, -6, -8, 4, 2, 14, -7, 6, -7, -6, 3, 14, 14, -10, 8, -10, -8, -5, 14, 1, -12, 14, -9, -11, -6, 6, 2, -11, 14, -14, -13, 5, 8, 20, -12, 14, -12, -11, 5, 20, 24, -14, 14, -15, -16, -9, 24, 6, -19, 20, -20, -19, -6, 14, 8, -20, 24, -20, -20, 5, 14, 31, -21, 20, -22, -26, 7, 31, 38, -22, 24, -25, -27, -8, 38, 15, -28, 31, -32, -31, -6, 20, 16, -35, 38, -31, -33, 10, 24, 46, -28, 31, -32, -34, 0, 46, 40, -32, 38, -32, -36, -7, 40, 26, -46, 46, -40, -40, -2, 32, 32, -45, 40, -47, -36, 5, 40, 50, -42, 46, -46, -44, 4, 50, 56, -44, 40, -41, -53, -6, 56, 45, -48, 50, -59, -51, 2, 52, 52, -56, 56, -54, -51, -1]
[0, 0, 0, 0, 0, 0, 0, 0, 0, 0, 0, 0, 0, 0, 1, 0, 1, 1, 0, 1, 1, 1, 1, 2, 1, 0, 1, 1, 0, 2, 0, 0, 1, 1, 1, 1, 0, 0, 1, 2, 1, 2, 5, 0, 6, 4, 1, 4, 4, 5, 6, 8, 5, 2, 5, 4, 1, 8, 0, 3, 6, 4, 5, 4, 1, 0, 5, 8, 6, 8, 10, 2, 14, 7, 6, 7, 6, 11, 14, 14, 10, 8, 10, 8, 5, 14, 1, 12, 14, 9, 11, 6, 6, 2, 11, 14, 14, 13, 15, 8, 20, 12, 14, 12, 11, 19, 20, 24, 14, 14, 15, 16, 11, 24, 6, 19, 20, 20, 19, 10, 14, 8, 20, 24, 20, 20, 26, 14, 31, 21, 20, 22, 26, 31, 31, 38, 22, 24, 25, 27, 20, 38, 15, 28, 31, 32, 31, 22, 20, 16, 35, 38, 31, 33, 36, 24, 46, 28, 31, 32, 34, 40, 46, 40, 32, 38, 32, 36, 35, 40, 26, 46, 46, 40, 40, 30, 32, 32, 45, 40, 47, 36, 45, 40, 50, 42, 46, 46, 44, 52, 50, 56, 44, 40, 41, 53, 46, 56, 45, 48, 50, 59, 51, 46, 52, 52, 56, 56, 54, 51, 69]
[0, 0, 0, 0, 0, 0, 0, 0, -1, 1, 0, 1, 0, 0, -1, -1, 1, 0, 0, 0, 0, -1, 0, 1, 0, -1, 0, 0, 0, 0, 2, 0, 1, 0, 0, -1, 2, -2, 0, -3, 0, 0, 2, 1, -2, 0, 0, 0, 0, 2, 0, -2, 0, 4, 0, 0, -1, -1, -4, 0, -2, 0, 0, 3, 3, -3, 0, -1, 0, 0, 4, 6, -3, 0, 0, 0, 0, 3, -2, -2, 0, -1, 0, 0, 2, 2, -8, 0, -4, 0, 0, 1, -6, 6, 0, 9, 0, 0, -8, -3, 6, 0, 0, 0, 0, -5, 4, 3, 0, -12, 0, 0, 3, 3, 16, 0, 8, 0, 0, -10, 0, 2, 0, -4, 0, 0, -5, -15, 1, 0, 0, 0, 0, -3, 8, 0, 0, 10, 0, 0, -6, -6, 10, 0, 3, 0, 0, 6, -4, -2, 0, -3, 0, 0, 6, -2, 2, 0, 2, 0, 0, -5, -16, 11, 0, 2, 0, 0, 0, -1, -12, 0, -2, 0, 0, 5, -4, 3, 0, 1, 0, 0, 4, 15, 2, 0, -4, 0, 0, 4, -10, -4, 0, 5, 0, 0, -4, -2, -8, 0, 5, 0, 0, -4, 20, -4, 0, -5, 0, 0, 8]
[0, 0, 0, 0, 0, 0, 0, 0, 0, -1, -1, 0, 1, 1, 1, 1, -2, 1, 0, -1, 1, 0, 2, 0, 0, -1, -1, -1, 1, 0, 0, -1, -2, 1, -2, 1, 0, 0, 2, 1, -2, -2, -3, 0, 4, -1, 2, 1, -2, 1, -4, 0, 3, 0, 2, 1, -2, -1, 0, 1, 4, 0, 4, -2, -2, 7, 2, 0, -2, -3, 0, -7, 4, -5, -4, 5, -1, -1, -4, 1, -6, 7, 0, 4, -3, 0, 2, 4, 4, -7, 5, -4, 4, 0, -4, -7, 4, 9, 6, 0, -8, 3, -4, -4, 2, -6, 8, 0, -8, 0, 0, -2, 4, 7, -4, -3, -8, 0, -10, 9, 4, -16, -1, 0, 2, -3, -5, 16, 2, 9, 8, -6, -2, 3, -2, -6, 16, -16, 6, -3, 7, 0, -2, -1, 2, 16, -2, 2, -8, 0, -2, 16, 0, -11, 6, 0, -12, 3, -2, 0, 8, 15, 12, 0, 4, 0, -16, -6, 2, -17, 4, -2, -12, 1, -4, -8, 0, 7, 2, 0, -7, 14, -2, -7, -4, -10, 12, -6, -2, 3, 4, 9, 4, 7, -2, -5, -10, 0, -6, -14, -4, -9, -1, 8, -8, 0, 4, -6, 6, 3, -10]
[0, 0, 0, 0, 0, 0, 0, -1, 0, 1, -1, 0, 1, 1, -1, -1, 2, 1, 0, -1, 1, 0, -2, 0, 0, 1, -1, -1, 1, 0, 0, -1, 2, 1, -2, 1, 0, 0, 2, -1, -2, -2, 1, 0, -4, -1, -2, 1, -2, 1, 4, 0, 3, 0, 2, 1, -2, 1, 0, 1, -4, 0, 4, 5, 2, -7, 2, 0, -2, -3, 4, 7, -4, -5, 4, 5, -1, -1, 4, -1, -6, -7, 0, 4, -3, 0, -2, 4, -4, -7, 5, -4, -4, 0, -4, 7, 4, 9, -2, 0, 8, 3, 4, -4, 2, -4, -8, 0, -8, 0, 0, -2, 8, -7, 4, -3, 8, 0, -10, -7, -4, 16, -1, 0, 2, -3, -3, -16, -2, 9, -8, -6, -2, 3, 2, 6, 16, 16, 6, -3, -1, 0, 2, -1, -2, 16, -2, 2, 8, 0, -2, -16, 0, -11, -6, 0, 12, 3, 2, 0, 8, 1, -12, 0, 4, 0, -16, -6, -6, 17, -4, -2, 12, 1, -4, -1, 0, -7, 2, 0, -7, 14, -6, 7, 4, -10, -12, -6, -2, 3, -4, -9, 4, -7, -2, -5, 6, 0, 6, -14, 4, -9, -1, 8, 8, 0, 4, 6, 6, 3, 14]
[0, 0, 0, 0, 0, 0, 0, 0, 0, 1, 0, -1, 0, 0, 0, -1, 2, 0, -2, 0, 0, 1, -2, 1, 0, -1, 0, 0, 2, 0, 2, 0, -2, 0, 0, 1, 0, 2, 0, -3, 0, 0, 2, -1, 0, 0, -2, 0, 0, 2, 2, 2, 0, -4, 0, 0, 0, -1, 0, 0, -4, 0, 0, 3, -2, -3, 0, 1, 0, 0, 2, 6, -4, 0, 4, 0, 0, -3, 6, -2, 0, -1, 0, 0, -4, -2, -2, 0, 4, 0, 0, -1, 0, -6, 0, 9, 0, 0, -4, 3, 0, 0, 4, 0, 0, -5, -8, -3, 0, 12, 0, 0, 2, 3, 2, 0, 8, 0, 0, -10, 4, 2, 0, 4, 0, 0, -6, -15, -6, 0, 6, 0, 0, 3, 2, 0, 0, 10, 0, 0, -8, 6, -12, 0, 6, 0, 0, -6, 0, 2, 0, -3, 0, 0, -6, 2, 4, 0, 4, 0, 0, -5, 2, -11, 0, -2, 0, 0, -4, -1, -4, 0, 16, 0, 0, 5, 8, 3, 0, -1, 0, 0, -2, 15, 12, 0, -12, 0, 0, -4, -18, -4, 0, 5, 0, 0, 16, 2, 6, 0, -12, 0, 0, 4, 0, 4, 0, -5, 0, 0, 10]
[0, 0, 0, 0, 0, 0, 0, 0, 0, 1, 0, 0, 0, 0, -1, -2, 2, 0, -2, 0, 0, 1, 0, 0, 0, 1, 0, 0, 0, -2, 2, 0, -2, 0, 0, 2, 4, 0, 0, 0, 0, 0, 0, -4, 0, 0, -4, 0, 0, 4, 6, 0, 0, 2, 0, 0, -4, -7, 0, 0, -8, 0, 0, 6, 6, -7, 0, 4, 0, 0, 0, 2, -4, 0, 0, 0, 0, 3, 10, -2, 0, 1, 0, 0, -4, -6, 0, 0, -4, 0, 0, 2, 0, -2, 0, 12, 0, 0, -8, -4, 4, 0, 0, 0, 0, -3, 0, -4, 0, 6, 0, 0, 2, 1, 6, 0, 8, 0, 0, -6, 4, 8, 0, 4, 0, 0, -5, -20, 2, 0, -2, 0, 0, -1, 0, 2, 0, 8, 0, 0, -8, 2, -10, 0, 6, 0, 0, -4, 0, -4, 0, -12, 0, 0, 0, 8, 0, 0, 6, 0, 0, -3, -10, 0, 0, -2, 0, 0, 4, 9, 0, 0, 16, 0, 0, -4, -8, 9, 0, -8, 0, 0, 0, 22, 4, 0, 0, 0, 0, -8, -22, -8, 0, 1, 0, 0, 16, 16, 0, 0, 4, 0, 0, -2, 0, 8, 0, -10, 0, 0, 22]
[0, 0, 0, 0, 0, 0, -1, 0, 0, 0, 0, 0, 1, 0, 0, 0, 0, 2, 0, -2, 1, 2, 0, 0, 0, 0, 0, 2, -1, 0, 0, -4, 0, -2, -2, -2, 0, 0, 1, 0, 2, 0, 0, 0, 0, -4, 0, 4, 2, -2, 0, 0, -1, 0, 0, 0, -2, 0, 0, 6, 0, 4, 4, 4, 0, 0, 2, 0, -6, -4, 1, 0, 0, 2, 0, 2, -5, -2, 0, 0, -2, 0, 0, -4, 5, 0, 0, 4, 0, -2, 8, 0, 0, 0, -4, 0, -12, 2, 2, 0, 0, 0, 0, -4, -10, -2, 0, 0, 4, 0, 0, -4, 10, 0, 0, -2, 0, 0, -3, -4, 0, 0, -8, 0, 14, 8, -4, 0, 0, -10, 0, 4, 10, -6, 0, 0, 8, 0, 0, -6, -9, 0, 0, 8, 0, 12, -2, 8, 0, 0, 3, 0, 24, 2, -8, 0, 0, 16, 0, -12, 16, 12, 0, 0, -4, 0, -1, 4, -14, 0, 0, -28, 0, -20, -4, -12, 0, 0, 2, 0, -19, 12, 3, 0, 0, -8, 0, -8, -14, 8, 0, 0, -4, 0, -2, 18, 10, 0, 0, -4, 0, 10, -24, 4, 0, 0, 4, 0, -14, -14, 2]
[0, 0, 0, 0, 1, 0, 0, 0, 0, 1, 0, -1, 0, 0, -1, -3, 1, 1, -2, 1, 1, -2, -3, -3, 1, 3, 1, 1, 1, 2, 0, 0, -1, 1, 1, -2, 1, 2, 1, 1, 1, 2, -1, 7, -8, 4, 1, 4, 4, 3, -4, -6, 5, -10, 5, 4, -1, -21, -4, 3, -12, 4, 5, 13, -1, -11, 5, -15, 6, 8, 2, -4, -22, 7, 6, 7, 6, -12, -6, -16, 10, -5, 10, 8, 3, -4, 5, 12, -14, 9, 11, 1, -10, -4, 11, 1, 14, 13, -1, 3, -15, 12, -26, 12, 11, -6, -24, -19, 14, -14, 15, 16, 15, -25, 12, 19, -12, 20, 19, 4, -18, 6, 20, -28, 20, 20, -20, -39, -27, 21, -46, 22, 26, -2, -37, -34, 22, -18, 25, 27, 2, -36, -41, 28, -29, 32, 31, 8, -16, -6, 35, -59, 31, 33, -30, -38, -40, 28, -1, 32, 34, -1, -60, -51, 32, -36, 32, 36, 11, -21, -50, 46, -32, 40, 40, -11, -20, -17, 45, -25, 47, 36, 13, -11, -26, 42, -22, 46, 44, 8, -58, -68, 44, -43, 41, 53, 19, -86, -15, 48, -58, 59, 51, 6, -48, -64, 56, -71, 54, 51, 35]
[0, 0, 0, 0, 0, -1, 0, 0, 0, 0, 1, 0, 1, -1, 1, 0, 0, 0, 0, 0, -1, 1, 0, 0, -2, 0, 3, 4, -3, 0, 0, 0, 0, 0, -4, 0, 0, 0, 0, 0, -4, 0, -3, 0, 0, 1, 0, 0, 6, 0, 0, 0, 1, 0, -8, 0, 4, 0, 0, -4, 0, 3, 6, 0, 0, 0, 0, 0, 10, 2, 4, 0, 0, 0, 0, 0, -5, -2, 0, 0, 6, 0, 4, -20, 3, 0, 0, 0, 0, 0, 1, -4, 0, 0, -6, 0, -8, 0, 0, 0, 0, -1, 0, 0, -4, 0, 0, 0, 4, 0, -2, 0, 2, 0, 0, 20, 0, 5, 0, 0, 0, 0, -7, 0, -14, 6, -7, 0, 0, 0, 0, 0, 2, -7, 0, 0, -12, 0, -4, 32, -1, 0, 0, 0, 0, 0, 8, 20, 0, 0, 8, 0, 18, 0, 2, 0, 0, -9, 0, 0, -12, 0, 0, 0, -12, 0, 32, 0, -12, 0, 0, -32, 0, -21, -12, 0, 0, 0, 16, 0, -13, -13, -4, 0, 0, 0, 0, 4, 14, 14, 0, 0, 12, 0, -20, -20, 2, 0, 0, 0, 0, 0, 7, -32, 0, 0, 12, 0, 26, 0, 12]
[0, 1, 0, 0, 0, 0, 0, 1, 0, -1, 0, 0, 0, 0, 0, 0, -4, 0, -4, 0, 0, 0, 4, -2, 0, -1, 0, 0, 4, 0, -4, 0, 4, 0, 0, 0, 0, 0, 0, 0, 0, 0, 4, 0, 16, 0, 20, 0, 0, 1, -12, 0, 0, 0, 0, 0, -16, -8, 16, 0, -24, 0, 0, -9, 4, 8, 0, 0, 0, 0, -20, 2, -24, 0, -40, 0, 0, 0, 4, 18, 0, 9, 0, 0, 24, 0, -28, 0, 56, 0, 0, 0, -16, 0, 0, 0, 0, 0, 40, 0, 32, 0, 56, 0, 0, -8, 0, 0, 0, 0, 0, 0, -36, 22, 52, 0, -80, 0, 0, 32, 24, -23, 0, 0, 0, 0, -52, -18, -52, 0, -84, 0, 0, 0, 28, -64, 0, -30, 0, 0, 64, 0, -88, 0, 116, 0, 0, 0, -32, 0, 0, -2, 0, 0, 68, 0, 56, 0, 104, 0, 0, 22, -12, 0, 0, 0, 0, 0, -56, -17, 88, 0, -144, 0, 0, -57, 48, 24, 0, 0, 0, 0, -76, 64, -88, 0, -120, 0, 0, 0, 20, 114, 0, 38, 0, 0, 64, 0, -108, 0, 120, 0, 0, 0, -32, 0, 0, 18, 0, 0, 68]
[0, 0, 0, -1, 0, 0, 1, 0, 0, 0, 1, 0, 0, 0, -1, 0, 0, -2, 0, 1, 2, 0, 0, 0, 2, 0, -1, 0, -2, 0, 0, 4, 0, 2, -6, 1, 0, 0, -5, 0, -2, 0, 5, 0, 0, 8, 0, -4, -12, 2, 0, 0, -10, 0, 4, 0, 10, 0, 0, -3, 0, -8, 14, -4, 0, 0, 10, 0, 8, 0, -9, 0, 0, -2, 0, 3, 24, -8, 0, 0, 16, 0, -4, -1, -14, 0, 0, -4, 0, 2, -19, 3, 0, 0, -14, 0, -4, -2, 10, 0, 0, -24, 0, 4, -14, 2, 0, 0, -8, 0, 2, 4, 0, 0, 0, 4, 0, 24, 23, 4, 0, 0, 17, 0, -12, 8, -13, 0, 0, 10, 0, -5, 0, 24, 0, 0, 4, 0, -8, -3, 0, 0, 0, -8, 0, -12, -18, -5, 0, 0, -7, 0, -10, -2, 6, 0, 0, 40, 0, 12, -20, -12, 0, 0, -8, 0, 1, -4, 22, 0, 0, 17, 0, -32, -8, 12, 0, 0, -6, 0, 34, -24, 9, 0, 0, 8, 0, -20, 12, -32, 0, 0, 0, 0, 10, 6, 0, 0, 0, 4, 0, -10, 19, -20, 0, 0, 8, 0, 32, 14, -2]
[0, 0, 1, 0, 1, 0, 0, 0, -2, 0, 0, 1, 0, 0, -1, -4, 0, 1, 0, 1, 1, -6, 0, 4, 1, -2, 1, 1, -2, 0, -1, 0, 0, 1, 1, -2, -3, 4, 1, 0, 1, 2, 2, 17, -4, 4, 2, 4, 4, 15, -8, -22, 5, 0, 5, 4, 1, -2, -16, 3, -10, 4, 5, -4, 4, -36, 5, -25, 6, 8, 11, -28, -14, 7, 0, 7, 6, -18, -17, 16, 10, -10, 10, 8, 13, -12, -16, 12, -4, 9, 11, 17, -6, 36, 11, 8, 14, 13, -2, 17, -11, 12, -32, 12, 11, 13, 0, -41, 14, -32, 15, 16, -6, 18, 17, 19, 8, 20, 19, -28, -56, -54, 20, -44, 20, 20, -25, -64, -4, 21, -47, 22, 26, -30, -16, 20, 22, -22, 25, 27, -22, -76, -11, 28, -56, 32, 31, 40, -72, 28, 35, -4, 31, 33, -3, -22, -26, 28, 13, 32, 34, 18, -70, -53, 32, -28, 32, 36, 33, -10, -80, 46, -84, 40, 40, -44, 16, -78, 45, -19, 47, 36, 28, -52, -48, 42, -16, 46, 44, 8, -41, -12, 44, -76, 41, 53, 19, -116, -48, 48, -6, 59, 51, 8, 40, -64, 56, -96, 54, 51, 20]
[0, 0, 0, 0, 0, 1, 1, -1, 0, -1, 0, 2, -2, 0, -1, -2, 0, -3, 1, 5, 2, 0, 3, -3, -1, -1, -4, 1, -1, 4, -5, -1, 3, -3, 2, 5, 0, 2, 3, -4, 1, -10, 5, 6, 2, 16, -5, -15, -7, -7, 3, 16, 0, 20, 12, -15, -7, -17, 0, 15, -2, 13, -12, -28, 4, -33, -10, 26, 2, 33, 0, -35, 8, -33, 2, 23, 8, 44, -3, -23, 5, -41, -8, 48, -2, 42, 3, -44, -6, -43, 4, 50, -10, 46, -4, -48, 19, -43, -12, 42, 12, 46, 10, -52, 5, -54, 28, 70, -2, 44, -16, -66, -19, -65, -29, 59, 4, 75, 23, -65, -16, -72, 32, 84, -18, 77, -4, -87, 21, -75, -43, 94, -22, 99, 29, -90, 0, -96, 36, 79, 6, 114, -24, -113, -6, -112, -22, 94, 4, 94, 9, -119, -33, -143, 53, 120, 6, 118, -32, -128, 7, -133, -45, 158, 4, 158, 9, -150, 35, -121, 30, 218, 10, 180, -36, -168, -24, -193, -42, 158, 32, 143, 64, -202, -10, -178, 58, 186, 2, 183, -31, -177, -13, -209, -46, 237, -42, 210, 39, -206, 20, -245, 60, 208, 12, 216, -60, -243, -15, -201, -59]
