60 3 29 30 29
[1, 0, 0, 0, 1, 0, -1, 0, -1, 0, -3, 0, 3, 0, 1, 0, -1, 0, -2, 0, 0, 0, 1, 0, -2, 0, 0, 0, 0, 0, -2, 0, -1, 0, 1, 0, 0, 0, 2, 0, 0, 0, -11, 0, -4, 0, 27, 0, 11, 0, 4, 0, 14, 0, 17, 0, 2, 0, -49, 0, 1, 0, 18, 0, -1, 0, -6, 0, -2, 0, -24, 0, 11, 0, 4, 0, -2, 0, -39, 0, -6, 0, -126, 0, 9, 0, -7, 0, 94, 0, 22, 0, -24, 0, 39, 0, -9, 0, 38, 0, 47, 0, -59, 0, 0, 0, 89, 0, 11, 0, 22, 0, 132, 0, 43, 0, 0, 0, -195, 0, 27, 0, 46, 0, -18, 0, 30, 0, -63, 0, -77, 0, 38, 0, -1, 0, -38, 0, -58, 0, -14, 0, -294, 0, -43, 0, 20, 0, 98, 0, -35, 0, -54, 0, 184, 0, 0, 0, 110, 0, 96, 0, -108, 0, 14, 0, 171, 0, 122, 0, 38, 0, 182, 0, 84, 0, -8, 0, -494, 0, 7, 0, 120, 0, -34, 0, 145, 0, -44, 0, -186, 0, 131, 0, -28, 0, 29, 0, -287, 0, -77, 0, -531, 0, 30, 0, -17, 0, 490, 0, -83]
[0, 0, 0, 0, 0, 0, 0, 0, 0, 0, 0, 0, 0, 0, 0, 0, 0, 0, 0, 0, 0, 0, 1, 0, 0, 0, 0, 0, 0, 0, 0, 0, -1, 0, 1, 0, 0, 0, 0, 0, 0, 0, 1, 0, -1, 0, 2, 0, 0, 0, 0, 0, 1, 0, 1, 0, -2, 0, 3, 0, 0, 0, 0, 0, 1, 0, 2, 0, -3, 0, 5, 0, -1, 0, 0, 0, 2, 0, 3, 0, -5, 0, 4, 0, -1, 0, 0, 0, 3, 0, 5, 0, -3, 0, 8, 0, -2, 0, 0, 0, 5, 0, 3, 0, -7, 0, 9, 0, -3, 0, 0, 0, 2, 0, 7, 0, -7, 0, 13, 0, -5, 0, 0, 0, 6, 0, 7, 0, -10, 0, 15, 0, -1, 0, 0, 0, 5, 0, 10, 0, -10, 0, 18, 0, -5, 0, 0, 0, 7, 0, 10, 0, -16, 0, 20, 0, -3, 0, 0, 0, 5, 0, 14, 0, -14, 0, 26, 0, -4, 0, 0, 0, 13, 0, 12, 0, -21, 0, 26, 0, 0, 0, 0, 0, 7, 0, 17, 0, -19, 0, 30, 0, -11, 0, 0, 0, 14, 0, 13, 0, -25, 0, 41, 0, -1, 0, 0, 0, 9, 0, 15]
[0, 0, 0, 0, 0, 0, 0, 0, 0, 0, 0, 0, 0, 0, 0, 0, 0, 0, 0, 0, 0, 0, 0, 0, 0, 0, 0, 0, -1, 0, 0, 0, 0, 0, 1, 0, 0, 0, 1, 0, -1, 0, 0, 0, -1, 0, 2, 0, -1, 0, 1, 0, -3, 0, 1, 0, -2, 0, -2, 0, -1, 0, 3, 0, 1, 0, 2, 0, 1, 0, 1, 0, -3, 0, 0, 0, 2, 0, 0, 0, -2, 0, -5, 0, -1, 0, 0, 0, -9, 0, 3, 0, 2, 0, 8, 0, -2, 0, 7, 0, -3, 0, 1, 0, -7, 0, 9, 0, -6, 0, 4, 0, -16, 0, 7, 0, -7, 0, -8, 0, -6, 0, 11, 0, 6, 0, 7, 0, 1, 0, 2, 0, -9, 0, 0, 0, 5, 0, 4, 0, -3, 0, -12, 0, -5, 0, 0, 0, -25, 0, 5, 0, 2, 0, 20, 0, -3, 0, 19, 0, -13, 0, 3, 0, -14, 0, 26, 0, -18, 0, 11, 0, -32, 0, 12, 0, -21, 0, -20, 0, -8, 0, 24, 0, 7, 0, 17, 0, 8, 0, 5, 0, -20, 0, 0, 0, 14, 0, 0, 0, -11, 0, -22, 0, -1, 0, 0, 0, -55, 0, 11]
[0, 0, 0, 0, 0, 0, 0, 0, 0, 0, 0, 0, 0, 0, 0, 0, 0, 1, 0, 0, 0, 0, 0, 0, 0, 0, 0, 1, 0, 1, 0, 0, 0, 0, 0, 0, 0, 0, 0, 1, 0, 2, 0, 0, 0, 0, 0, 2, 0, 0, 0, 2, 0, 3, 0, 0, 0, 1, 0, 2, 0, 0, 0, 3, 0, 5, 0, 0, 0, 1, 0, 4, 0, 0, 0, 5, 0, 4, 0, 0, 0, 2, 0, 6, 0, 0, 0, 2, 0, 8, 0, 0, 0, 3, 0, 10, 0, 0, 0, 6, 0, 9, 0, 0, 0, 5, 0, 6, 0, 0, 0, 5, 0, 13, 0, 0, 0, 4, 0, 14, 0, 0, 0, 7, 0, 15, 0, 0, 0, 8, 0, 14, 0, 0, 0, 5, 0, 17, 0, 0, 0, 9, 0, 20, 0, 0, 0, 13, 0, 19, 0, 0, 0, 13, 0, 20, 0, 0, 0, 7, 0, 24, 0, 0, 0, 15, 0, 30, 0, 0, 0, 14, 0, 23, 0, 0, 0, 16, 0, 26, 0, 0, 0, 9, 0, 25, 0, 0, 0, 18, 0, 38, 0, 0, 0, 15, 0, 39, 0, 0, 0, 22, 0, 32, 0, 0, 0, 15, 0, 36, 0]
[0, 0, 0, 0, 0, 0, 0, 0, 0, 0, 0, 0, 0, 0, 0, 0, 0, 0, 0, 0, 0, 0, 0, -1, 0, 0, 0, 0, 0, 1, 0, 0, 0, -1, 0, -1, 0, 0, 0, 1, 0, 2, 0, 0, 0, -1, 0, -3, 0, 0, 0, 2, 0, -3, 0, 0, 0, -3, 0, 2, 0, 0, 0, -2, 0, 0, 0, 0, 0, 1, 0, 4, 0, 0, 0, 1, 0, -8, 0, 0, 0, 2, 0, -10, 0, 0, 0, -5, 0, 8, 0, 0, 0, -7, 0, -1, 0, 0, 0, 6, 0, 9, 0, 0, 0, -1, 0, -18, 0, 0, 0, 5, 0, -16, 0, 0, 0, -10, 0, 14, 0, 0, 0, -8, 0, -3, 0, 0, 0, 8, 0, 14, 0, 0, 0, -4, 0, -26, 0, 0, 0, 9, 0, -26, 0, 0, 0, -14, 0, 19, 0, 0, 0, -14, 0, -7, 0, 0, 0, 7, 0, 24, 0, 0, 0, -2, 0, -33, 0, 0, 0, 14, 0, -43, 0, 0, 0, -17, 0, 26, 0, 0, 0, -30, 0, -10, 0, 0, 0, 18, 0, 38, 0, 0, 0, -4, 0, -49, 0, 0, 0, 22, 0, -56, 0, 0, 0, -33, 0, 36, 0]
[0, 0, 0, 0, 0, 0, 0, 0, 0, 0, 0, 0, 0, 0, 0, 0, 0, 0, 0, 0, 0, 0, 0, -1, 0, -1, 0, -1, 0, 0, 0, 0, 0, 1, 0, 1, 0, 0, 0, 0, 0, 1, 0, 0, 0, 0, 0, -1, 0, -3, 0, -4, 0, -5, 0, -2, 0, -1, 0, 4, 0, 1, 0, -1, 0, -1, 0, 0, 0, 2, 0, 4, 0, 0, 0, -2, 0, -8, 0, -8, 0, -3, 0, -4, 0, -3, 0, -3, 0, 4, 0, -4, 0, -5, 0, -1, 0, 0, 0, 0, 0, 4, 0, 0, 0, 1, 0, -8, 0, -7, 0, 0, 0, -8, 0, -8, 0, -6, 0, 4, 0, -12, 0, -11, 0, -5, 0, 0, 0, 0, 0, 12, 0, 0, 0, 1, 0, -14, 0, -12, 0, -4, 0, -18, 0, -10, 0, -11, 0, 15, 0, -12, 0, -14, 0, -9, 0, 0, 0, -4, 0, 15, 0, 0, 0, -5, 0, -35, 0, -24, 0, 0, 0, -21, 0, -8, 0, -11, 0, 24, 0, -30, 0, -15, 0, 1, 0, 0, 0, -9, 0, 16, 0, 0, 0, -15, 0, -31, 0, -24, 0, 0, 0, -36, 0, -13, 0, -12, 0, 28, 0]
[0, 0, 0, 0, 0, 0, 0, 0, 0, 0, 0, 0, 0, 0, 0, 0, 0, 0, 0, 1, 0, 1, 0, 0, 0, 1, 0, 0, 0, 0, 0, 1, 0, 0, 0, 0, 0, 0, 0, 1, 0, 0, 0, 0, 0, 0, 0, 0, 0, 6, 0, 5, 0, 0, 0, 5, 0, 0, 0, 0, 0, 6, 0, 0, 0, 0, 0, 0, 0, 5, 0, 0, 0, 0, 0, 1, 0, 0, 0, 15, 0, 10, 0, 0, 0, 10, 0, 0, 0, 0, 0, 16, 0, 0, 0, 0, 0, 0, 0, 10, 0, 0, 0, 0, 0, 5, 0, 0, 0, 26, 0, 15, 0, 0, 0, 15, 0, 0, 0, 0, 0, 30, 0, 0, 0, 0, 0, 0, 0, 16, 0, 0, 0, 0, 0, 10, 0, 0, 0, 45, 0, 25, 0, 0, 0, 25, 0, 0, 0, 0, 0, 51, 0, 0, 0, 0, 0, 0, 0, 30, 0, 0, 0, 0, 0, 15, 0, 0, 0, 66, 0, 31, 0, 0, 0, 32, 0, 0, 0, 0, 0, 76, 0, 0, 0, 0, 0, 0, 0, 41, 0, 0, 0, 0, 0, 25, 0, 0, 0, 81, 0, 36, 0, 0, 0, 40, 0, 0, 0, 0, 0]
[0, 0, 0, 0, 0, 0, 0, 0, 0, 0, 0, 0, 0, 0, 0, 0, 0, -1, 0, 0, 0, 0, 0, -1, 0, 0, 0, 0, 0, 0, 0, 0, 0, 0, 0, 0, 0, -2, 0, 0, 0, -1, 0, -5, 0, -4, 0, -1, 0, 3, 0, 4, 0, 3, 0, 2, 0, -7, 0, -4, 0, -1, 0, -9, 0, -4, 0, -5, 0, -2, 0, -4, 0, -2, 0, 0, 0, 0, 0, 8, 0, 3, 0, -13, 0, -7, 0, -5, 0, -4, 0, 4, 0, -3, 0, -3, 0, -20, 0, 0, 0, -4, 0, -22, 0, -10, 0, -5, 0, 7, 0, 0, 0, -1, 0, 3, 0, -10, 0, -4, 0, 12, 0, -19, 0, -17, 0, -22, 0, 0, 0, -12, 0, -22, 0, -7, 0, -25, 0, 12, 0, 4, 0, -16, 0, -5, 0, -19, 0, -15, 0, 12, 0, -17, 0, -9, 0, -30, 0, 4, 0, -15, 0, -45, 0, -23, 0, -9, 0, 24, 0, 0, 0, -21, 0, -14, 0, -46, 0, -24, 0, 30, 0, -39, 0, -16, 0, -50, 0, 9, 0, -16, 0, -50, 0, -11, 0, -13, 0, 24, 0, 0, 0, -16, 0, -27, 0, -52, 0, -28, 0]
[0, 0, 0, 0, -1, 0, 1, 0, 0, 0, 0, 0, 0, 0, 0, 0, 1, 0, 0, 0, -1, 0, 0, 0, 0, 0, 0, 0, 0, 0, 0, 0, 0, 0, 0, 0, 1, 0, 0, 0, -1, 0, 6, 0, 20, 0, -30, 0, -15, 0, -6, 0, -6, 0, -5, 0, 40, 0, 24, 0, 8, 0, -12, 0, -33, 0, 0, 0, -6, 0, 6, 0, -18, 0, 0, 0, -22, 0, 18, 0, 42, 0, 60, 0, 18, 0, 0, 0, -42, 0, -32, 0, -30, 0, -42, 0, 32, 0, -24, 0, -55, 0, 24, 0, 140, 0, -60, 0, -6, 0, -6, 0, -60, 0, -64, 0, 140, 0, 96, 0, 9, 0, -24, 0, -70, 0, -42, 0, -48, 0, 12, 0, -42, 0, 0, 0, -96, 0, 30, 0, 80, 0, 144, 0, 121, 0, 0, 0, -42, 0, 13, 0, -48, 0, -168, 0, 84, 0, -72, 0, -123, 0, 48, 0, 280, 0, -210, 0, -96, 0, -24, 0, -78, 0, -84, 0, 420, 0, 240, 0, -9, 0, -72, 0, -156, 0, -124, 0, -78, 0, 60, 0, -123, 0, 0, 0, -229, 0, 132, 0, 212, 0, 264, 0, 46, 0, 0, 0, -222, 0, 6]
[0, 0, 0, 0, 0, 0, 0, 0, 0, -1, 0, 1, 0, 0, 0, 0, 0, 0, 0, 1, 0, 0, 0, 0, 0, -1, 0, 0, 0, 1, 0, -1, 0, 0, 0, 0, 0, 0, 0, 1, 0, -3, 0, 0, 0, 1, 0, 0, 0, -1, 0, 0, 0, 0, 0, 2, 0, 0, 0, -3, 0, 3, 0, 0, 0, 1, 0, 0, 0, 5, 0, -2, 0, 0, 0, -1, 0, 0, 0, -5, 0, 1, 0, 0, 0, 3, 0, 0, 0, -2, 0, 0, 0, 0, 0, -3, 0, 0, 0, -3, 0, 11, 0, 0, 0, -5, 0, 0, 0, 3, 0, -1, 0, 0, 0, -7, 0, 0, 0, 12, 0, -8, 0, 0, 0, -2, 0, 0, 0, -7, 0, -1, 0, 0, 0, 3, 0, 0, 0, 9, 0, -5, 0, 0, 0, 0, 0, 0, 0, -4, 0, 11, 0, 0, 0, 11, 0, 0, 0, -4, 0, -7, 0, 0, 0, 7, 0, 0, 0, 0, 0, 3, 0, 0, 0, 4, 0, 0, 0, -9, 0, -6, 0, 0, 0, -1, 0, 0, 0, -3, 0, -4, 0, 0, 0, 4, 0, 0, 0, -5, 0, 7, 0, 0, 0, -7, 0, 0, 0, 6, 0]
[0, 0, 0, 0, 0, 0, 0, 0, 0, 0, 0, 0, 0, 0, 0, 0, 0, 0, 0, 0, 0, -1, 0, 0, 0, 0, 0, 0, 0, -1, 0, 2, 0, 0, 0, -1, 0, 0, 0, 0, 0, -3, 0, 0, 0, 1, 0, 0, 0, 1, 0, -2, 0, 0, 0, -1, 0, 0, 0, -6, 0, 5, 0, 0, 0, -3, 0, 0, 0, 0, 0, -8, 0, 0, 0, 1, 0, 0, 0, 4, 0, -5, 0, 0, 0, 1, 0, 0, 0, -12, 0, 8, 0, 0, 0, -7, 0, 0, 0, -4, 0, -13, 0, 0, 0, -1, 0, 0, 0, 9, 0, -10, 0, 0, 0, 6, 0, 0, 0, -18, 0, 14, 0, 0, 0, -12, 0, 0, 0, -8, 0, -26, 0, 0, 0, -3, 0, 0, 0, 12, 0, -6, 0, 0, 0, 5, 0, 0, 0, -34, 0, 16, 0, 0, 0, -15, 0, 0, 0, -4, 0, -39, 0, 0, 0, -8, 0, 0, 0, 18, 0, -8, 0, 0, 0, 12, 0, 0, 0, -50, 0, 22, 0, 0, 0, -27, 0, 0, 0, -14, 0, -54, 0, 0, 0, -6, 0, 0, 0, 38, 0, -14, 0, 0, 0, 21, 0, 0, 0, -64, 0]
[0, 0, 0, 0, 0, 0, 0, 0, 0, 0, 0, 0, 0, 0, 0, 0, 0, 0, -1, 0, -1, 0, -1, 0, 0, 0, 0, 0, -1, 0, 0, 0, -1, 0, 0, 0, 0, 0, -1, 0, -1, 0, -2, 0, 0, 0, 0, 0, -5, 0, -3, 0, -4, 0, 0, 0, 0, 0, -5, 0, -2, 0, -7, 0, 0, 0, 0, 0, -6, 0, -4, 0, -8, 0, 0, 0, 0, 0, -9, 0, -3, 0, -9, 0, 0, 0, 0, 0, -12, 0, -7, 0, -15, 0, 0, 0, 0, 0, -15, 0, -8, 0, -16, 0, 0, 0, 0, 0, -13, 0, -6, 0, -18, 0, 0, 0, 0, 0, -21, 0, -11, 0, -19, 0, 0, 0, 0, 0, -27, 0, -13, 0, -28, 0, 0, 0, 0, 0, -27, 0, -15, 0, -30, 0, 0, 0, 0, 0, -32, 0, -19, 0, -34, 0, 0, 0, 0, 0, -43, 0, -18, 0, -41, 0, 0, 0, 0, 0, -40, 0, -19, 0, -45, 0, 0, 0, 0, 0, -46, 0, -29, 0, -48, 0, 0, 0, 0, 0, -53, 0, -25, 0, -51, 0, 0, 0, 0, 0, -53, 0, -30, 0, -63, 0, 0, 0, 0, 0, -64, 0, -29]
[0, 0, 0, 0, 0, 0, 0, 0, 0, 0, 0, 0, 0, 0, 0, 0, -1, 0, 0, 0, 0, 0, 1, 0, -1, 0, 0, 0, 0, 0, -1, 0, -1, 0, -1, 0, 0, 0, 0, 0, -1, 0, 1, 0, -1, 0, -4, 0, 0, 0, 0, 0, 1, 0, -3, 0, -2, 0, 3, 0, -4, 0, 0, 0, -8, 0, 0, 0, -3, 0, 1, 0, -1, 0, 0, 0, -14, 0, 3, 0, -5, 0, 4, 0, -9, 0, 0, 0, 3, 0, -1, 0, -3, 0, -10, 0, -11, 0, 0, 0, -3, 0, 3, 0, -7, 0, -19, 0, -3, 0, 0, 0, 2, 0, -9, 0, -7, 0, 13, 0, -13, 0, 0, 0, -26, 0, -9, 0, -10, 0, -3, 0, -1, 0, 0, 0, -37, 0, 10, 0, -10, 0, 18, 0, -30, 0, 0, 0, 7, 0, -4, 0, -16, 0, -36, 0, -27, 0, 0, 0, -28, 0, 14, 0, -14, 0, -34, 0, -4, 0, 0, 0, 13, 0, -18, 0, -21, 0, 26, 0, -16, 0, 0, 0, -67, 0, -27, 0, -19, 0, -10, 0, -11, 0, 0, 0, -66, 0, 13, 0, -25, 0, 41, 0, -49, 0, 0, 0, 9, 0, -5]
[0, 0, 0, 0, 0, 0, 0, 0, 0, 0, 0, -1, 0, 0, 0, 1, 0, 0, 0, 1, 0, 1, 0, 0, 0, -1, 0, 0, 0, -1, 0, -1, 0, 0, 0, 0, 0, 0, 0, -1, 0, 3, 0, 0, 0, -2, 0, 0, 0, -1, 0, -2, 0, 0, 0, 2, 0, 0, 0, 3, 0, 3, 0, 0, 0, -1, 0, 0, 0, 0, 0, 2, 0, 0, 0, -3, 0, 0, 0, -5, 0, -3, 0, 0, 0, 3, 0, 0, 0, 2, 0, 0, 0, 0, 0, 3, 0, 0, 0, 7, 0, -11, 0, 0, 0, 6, 0, 0, 0, 3, 0, 5, 0, 0, 0, -7, 0, 0, 0, -12, 0, -8, 0, 0, 0, 2, 0, 0, 0, 0, 0, 1, 0, 0, 0, 2, 0, 0, 0, 9, 0, 4, 0, 0, 0, 0, 0, 0, 0, 4, 0, 11, 0, 0, 0, -11, 0, 0, 0, -14, 0, 7, 0, 0, 0, 1, 0, 0, 0, 0, 0, 3, 0, 0, 0, 4, 0, 0, 0, 9, 0, -6, 0, 0, 0, 1, 0, 0, 0, -4, 0, 4, 0, 0, 0, -4, 0, 0, 0, -5, 0, -8, 0, 0, 0, -7, 0, 0, 0, -6, 0]
[0, 0, 0, 0, 0, 0, 0, 0, 0, 0, 0, 0, 0, 0, 0, 1, 0, -1, 0, 0, 0, 0, 0, 1, 0, -1, 0, 0, 0, 1, 0, 0, 0, -1, 0, 1, 0, 0, 0, 1, 0, 3, 0, 0, 0, 2, 0, -1, 0, -3, 0, -2, 0, 2, 0, -2, 0, 0, 0, 6, 0, 1, 0, -2, 0, 2, 0, 0, 0, 3, 0, 8, 0, 0, 0, 1, 0, 4, 0, -8, 0, -1, 0, -2, 0, -3, 0, 1, 0, 12, 0, -4, 0, 2, 0, 5, 0, 0, 0, 6, 0, 13, 0, 0, 0, 2, 0, 2, 0, -7, 0, 5, 0, -5, 0, -8, 0, 2, 0, 18, 0, -12, 0, 4, 0, 14, 0, 0, 0, 8, 0, 26, 0, 0, 0, 5, 0, -3, 0, -12, 0, 5, 0, -2, 0, -10, 0, -2, 0, 34, 0, -12, 0, 1, 0, 19, 0, 0, 0, 3, 0, 39, 0, 0, 0, 4, 0, 5, 0, -24, 0, 14, 0, -2, 0, -8, 0, -5, 0, 50, 0, -30, 0, 6, 0, 28, 0, 0, 0, 9, 0, 54, 0, 0, 0, 2, 0, -8, 0, -24, 0, 22, 0, 4, 0, -13, 0, -3, 0, 64, 0]
[0, 0, 0, 0, 0, 0, -1, 0, 0, 0, 1, 0, 0, 0, 1, 0, 0, 0, 0, 0, 0, 0, -1, 0, 0, 0, -1, 0, 1, 0, 1, 0, 0, 0, 0, 0, 0, 0, 1, 0, -1, 0, 1, 0, -9, 0, 8, 0, -3, 0, -8, 0, 1, 0, 2, 0, -4, 0, 3, 0, 3, 0, -1, 0, 7, 0, 1, 0, -1, 0, 4, 0, -1, 0, -3, 0, 8, 0, 3, 0, -4, 0, 11, 0, -5, 0, -20, 0, -1, 0, 2, 0, -8, 0, 12, 0, -12, 0, -1, 0, 3, 0, 6, 0, -23, 0, 10, 0, 6, 0, 3, 0, 4, 0, 3, 0, -27, 0, 11, 0, -6, 0, 3, 0, 16, 0, -10, 0, -15, 0, 21, 0, -1, 0, -28, 0, 25, 0, 4, 0, -31, 0, 18, 0, -13, 0, -6, 0, 11, 0, 5, 0, -14, 0, 40, 0, -15, 0, -5, 0, 25, 0, 5, 0, -36, 0, 62, 0, -4, 0, -28, 0, 6, 0, -3, 0, -77, 0, 34, 0, -26, 0, 0, 0, 17, 0, 29, 0, -18, 0, 37, 0, -8, 0, -92, 0, 40, 0, 31, 0, -67, 0, 25, 0, -3, 0, -85, 0, 9, 0, 14]
[0, 0, 0, 0, 0, 0, 0, 0, 0, 0, 0, 0, 0, 0, 0, 0, 0, 0, 0, 0, 0, 0, -1, 0, -1, 0, -1, 0, 0, 0, -1, 0, 1, 0, 1, 0, 1, 0, 0, 0, 2, 0, -1, 0, -3, 0, -3, 0, 0, 0, -3, 0, -1, 0, -1, 0, -2, 0, -3, 0, -1, 0, 0, 0, 1, 0, -1, 0, 3, 0, -2, 0, 1, 0, -7, 0, 0, 0, -3, 0, 1, 0, -4, 0, -4, 0, -13, 0, -3, 0, -10, 0, 3, 0, 1, 0, 2, 0, 0, 0, 1, 0, -3, 0, -9, 0, -1, 0, 3, 0, -7, 0, -2, 0, -14, 0, -13, 0, -13, 0, 0, 0, 0, 0, 8, 0, -14, 0, 10, 0, -9, 0, 1, 0, -27, 0, 7, 0, -10, 0, -6, 0, -18, 0, -1, 0, -26, 0, -7, 0, -9, 0, 16, 0, -8, 0, -9, 0, 0, 0, 1, 0, -14, 0, -22, 0, -9, 0, 4, 0, -23, 0, -13, 0, -27, 0, -27, 0, -26, 0, -7, 0, 0, 0, 23, 0, -22, 0, 19, 0, -10, 0, 11, 0, -64, 0, 16, 0, -13, 0, -7, 0, -41, 0, -5, 0, -68, 0, -9, 0, -23]
[0, 0, 0, 0, 0, 0, 0, 0, 0, 0, 0, 0, 0, 0, 0, 0, 0, 0, 0, 0, 0, 0, 0, 0, -1, 0, -1, 0, 0, 0, 0, 0, 1, 0, 2, 0, 0, 0, -2, 0, 0, 0, 0, 0, -1, 0, 1, 0, -1, 0, -5, 0, -1, 0, 2, 0, 2, 0, 4, 0, 0, 0, -6, 0, -5, 0, -1, 0, 1, 0, 5, 0, -1, 0, -7, 0, -2, 0, 0, 0, 5, 0, 10, 0, -1, 0, -13, 0, -7, 0, -5, 0, -1, 0, 11, 0, -1, 0, -14, 0, -5, 0, -2, 0, 5, 0, 18, 0, 1, 0, -15, 0, -10, 0, -5, 0, 1, 0, 16, 0, 0, 0, -22, 0, -6, 0, -5, 0, 8, 0, 20, 0, -3, 0, -27, 0, -17, 0, -8, 0, 0, 0, 24, 0, -1, 0, -26, 0, -7, 0, 5, 0, 12, 0, 28, 0, -3, 0, -38, 0, -25, 0, -6, 0, 6, 0, 25, 0, -6, 0, -45, 0, -13, 0, -9, 0, 15, 0, 40, 0, -10, 0, -48, 0, -19, 0, 5, 0, 3, 0, 50, 0, -2, 0, -64, 0, -14, 0, 0, 0, 15, 0, 44, 0, -5, 0, -68, 0, -37, 0, -10]
[0, 0, 0, 0, 1, 0, -1, 0, 0, 0, 0, 0, 0, 0, 0, 0, -1, 0, 0, 0, 1, 0, 1, 0, 0, 0, -1, 0, -1, 0, 1, 0, 0, 0, 0, 0, 1, 0, -1, 0, -1, 0, -3, 0, -13, 0, 27, 0, 8, 0, 0, 0, 1, 0, 5, 0, -22, 0, -11, 0, -7, 0, 5, 0, 26, 0, -5, 0, 3, 0, 1, 0, 7, 0, -7, 0, 16, 0, -9, 0, -23, 0, -31, 0, -5, 0, -13, 0, 15, 0, 27, 0, 18, 0, 37, 0, -12, 0, 9, 0, 38, 0, -14, 0, -79, 0, 60, 0, -4, 0, -7, 0, 16, 0, 45, 0, -83, 0, -43, 0, -4, 0, 5, 0, 52, 0, 23, 0, 31, 0, 17, 0, 15, 0, -27, 0, 69, 0, -14, 0, -49, 0, -66, 0, -70, 0, -26, 0, 3, 0, -3, 0, 30, 0, 156, 0, -39, 0, 29, 0, 57, 0, -21, 0, -162, 0, 183, 0, 36, 0, -18, 0, 20, 0, 51, 0, -237, 0, -114, 0, 1, 0, 24, 0, 123, 0, 95, 0, 44, 0, 5, 0, 49, 0, -64, 0, 187, 0, -75, 0, -119, 0, -113, 0, 9, 0, -68, 0, 65, 0, -8]
[0, 0, 0, 0, 0, 0, 1, 0, 0, 0, -1, 0, 0, 0, -1, 0, 1, 0, 0, 0, -1, 0, 0, 0, 0, 0, 0, 0, -1, 0, 2, 0, 0, 0, -1, 0, 0, 0, 1, 0, 1, 0, 2, 0, 13, 0, -11, 0, -6, 0, 3, 0, -5, 0, -1, 0, 16, 0, 6, 0, 0, 0, -1, 0, -8, 0, -10, 0, -1, 0, -4, 0, -9, 0, -4, 0, -4, 0, 6, 0, 17, 0, 15, 0, 17, 0, 7, 0, -23, 0, -10, 0, -8, 0, -23, 0, 30, 0, -1, 0, -19, 0, 9, 0, 63, 0, -9, 0, -8, 0, -6, 0, -36, 0, -27, 0, 63, 0, 24, 0, 12, 0, 3, 0, -20, 0, -14, 0, -15, 0, -6, 0, -23, 0, 1, 0, -25, 0, 14, 0, 45, 0, 36, 0, 62, 0, -20, 0, -39, 0, 4, 0, -14, 0, -56, 0, 51, 0, -5, 0, -55, 0, 19, 0, 112, 0, -107, 0, -50, 0, 11, 0, -58, 0, -36, 0, 197, 0, 60, 0, 9, 0, 0, 0, 3, 0, -65, 0, -18, 0, 3, 0, -61, 0, 28, 0, -44, 0, 44, 0, 111, 0, 66, 0, 51, 0, 17, 0, -129, 0, -11]
[0, 0, 0, 0, 0, 0, 1, 0, 0, 0, 0, 0, 0, 0, -2, 0, -1, 0, 0, 0, -2, 0, 0, 0, 0, 0, -1, 0, 0, 0, -1, 0, 0, 0, 0, 0, -1, 0, 0, 0, 1, 0, 0, 0, 4, 0, -7, 0, 0, 0, 5, 0, 0, 0, -11, 0, -8, 0, 0, 0, -9, 0, 0, 0, -7, 0, -5, 0, 0, 0, -1, 0, 0, 0, -15, 0, -14, 0, 0, 0, -8, 0, 0, 0, -11, 0, 1, 0, 0, 0, -7, 0, 0, 0, -9, 0, -5, 0, 0, 0, -2, 0, 0, 0, -16, 0, -20, 0, 0, 0, -23, 0, 0, 0, -11, 0, -20, 0, 0, 0, -11, 0, 0, 0, -18, 0, -7, 0, 0, 0, -12, 0, 0, 0, -25, 0, -30, 0, 0, 0, -8, 0, 0, 0, -35, 0, -66, 0, 0, 0, -22, 0, 0, 0, -44, 0, -36, 0, 0, 0, -27, 0, 0, 0, -64, 0, -43, 0, 0, 0, -7, 0, 0, 0, -45, 0, -32, 0, 0, 0, -7, 0, 0, 0, -44, 0, -81, 0, 0, 0, -20, 0, 0, 0, -8, 0, -50, 0, 0, 0, -16, 0, 0, 0, -70, 0, -34, 0, 0, 0, -32]
[0, 0, 0, 0, 0, 0, 0, 0, 0, 0, -1, 0, 0, 0, 0, 0, 2, 0, 0, 0, 1, 0, 0, 0, 1, 0, 0, 0, -1, 0, 0, 0, 0, 0, -1, 0, -2, 0, 1, 0, 1, 0, -2, 0, -1, 0, 2, 0, 4, 0, 3, 0, -1, 0, 3, 0, -2, 0, -10, 0, 6, 0, 7, 0, 13, 0, -6, 0, 3, 0, -9, 0, 3, 0, 0, 0, 22, 0, -6, 0, -2, 0, -25, 0, 9, 0, 0, 0, 5, 0, 2, 0, 12, 0, -4, 0, 11, 0, 15, 0, 7, 0, -7, 0, -7, 0, 11, 0, -4, 0, 6, 0, 4, 0, -3, 0, -7, 0, -40, 0, 13, 0, 19, 0, 34, 0, -3, 0, 17, 0, -26, 0, 5, 0, 0, 0, 59, 0, -6, 0, 5, 0, -60, 0, 33, 0, 0, 0, -11, 0, -7, 0, 18, 0, 12, 0, 21, 0, 43, 0, 55, 0, -13, 0, -14, 0, -10, 0, 14, 0, 19, 0, -6, 0, 0, 0, -21, 0, -100, 0, 25, 0, 48, 0, 113, 0, 3, 0, 34, 0, -57, 0, 21, 0, 0, 0, 90, 0, -44, 0, 5, 0, -110, 0, 43, 0, 0, 0, 19, 0, -23]
[0, 0, 0, 0, 0, 0, 1, 0, 0, 0, -1, 0, -1, 0, -1, 0, 1, 0, 1, 0, 1, 0, -1, 0, 0, 0, 0, 0, -2, 0, 1, 0, -1, 0, -1, 0, 0, 0, 0, 0, 0, 0, 0, 0, 13, 0, -11, 0, -3, 0, 6, 0, -9, 0, -1, 0, 16, 0, 1, 0, -2, 0, 4, 0, -8, 0, -10, 0, -1, 0, -8, 0, -9, 0, -4, 0, -4, 0, 3, 0, 14, 0, 6, 0, 17, 0, 7, 0, -35, 0, -11, 0, 7, 0, -23, 0, 30, 0, 8, 0, -27, 0, 9, 0, 63, 0, -9, 0, -22, 0, -6, 0, -54, 0, -27, 0, 63, 0, 3, 0, 9, 0, 8, 0, -20, 0, -14, 0, 6, 0, -19, 0, -27, 0, 1, 0, -25, 0, 3, 0, 54, 0, 6, 0, 62, 0, -20, 0, -71, 0, 3, 0, 0, 0, -56, 0, 51, 0, 24, 0, -73, 0, 10, 0, 112, 0, -107, 0, -66, 0, 16, 0, -103, 0, -36, 0, 197, 0, 14, 0, 15, 0, 24, 0, 3, 0, -65, 0, 7, 0, -22, 0, -80, 0, 28, 0, -44, 0, 27, 0, 129, 0, 3, 0, 51, 0, 17, 0, -193, 0, -16]
[0, 0, 0, 0, 0, 0, 0, 0, 1, 0, 0, 0, -1, 0, 0, 0, 0, 0, -2, 0, 2, 0, -1, 0, 1, 0, 1, 0, 1, 0, 1, 0, 0, 0, 0, 0, -1, 0, -1, 0, 0, 0, -3, 0, 2, 0, 5, 0, 10, 0, -2, 0, 4, 0, 2, 0, 0, 0, -9, 0, 5, 0, -11, 0, 0, 0, 3, 0, 2, 0, -5, 0, 19, 0, 7, 0, 2, 0, -15, 0, 5, 0, -19, 0, 3, 0, 13, 0, 20, 0, -1, 0, 33, 0, 7, 0, -4, 0, -23, 0, 6, 0, -28, 0, 2, 0, 10, 0, 10, 0, -1, 0, 34, 0, 21, 0, 6, 0, -37, 0, 12, 0, -27, 0, -2, 0, 21, 0, 70, 0, -15, 0, 24, 0, 27, 0, -2, 0, -40, 0, 21, 0, -54, 0, -4, 0, 26, 0, 32, 0, -24, 0, 56, 0, 28, 0, 6, 0, -67, 0, 35, 0, -65, 0, 8, 0, 35, 0, 78, 0, -4, 0, 45, 0, 39, 0, 6, 0, -86, 0, 55, 0, -72, 0, -16, 0, 39, 0, 59, 0, -35, 0, 114, 0, 64, 0, -2, 0, -93, 0, 81, 0, -107, 0, 4, 0, 68, 0, 120, 0, -24]
[0, 0, 1, 0, 1, 0, 0, 0, 0, 0, 0, 0, -3, 0, -1, 0, 0, 0, 0, 0, 0, 0, 0, 0, 1, 0, 0, 0, -1, 0, 0, 0, 0, 0, 1, 0, 1, 0, 1, 0, 1, 0, 11, 0, -3, 0, 23, 0, 8, 0, 14, 0, -3, 0, 6, 0, -16, 0, -2, 0, 1, 0, -5, 0, 27, 0, -6, 0, -23, 0, 4, 0, -25, 0, -4, 0, 22, 0, 6, 0, -48, 0, -5, 0, 9, 0, 7, 0, -9, 0, 22, 0, 40, 0, 35, 0, 11, 0, 58, 0, 28, 0, 37, 0, -49, 0, 69, 0, -19, 0, 46, 0, -16, 0, 51, 0, -49, 0, -8, 0, 11, 0, -17, 0, 62, 0, 42, 0, -9, 0, 38, 0, -53, 0, 1, 0, 81, 0, -27, 0, -57, 0, -12, 0, -27, 0, -20, 0, -25, 0, -5, 0, -2, 0, 152, 0, 3, 0, 79, 0, 33, 0, 94, 0, -112, 0, 155, 0, -20, 0, 39, 0, -32, 0, 72, 0, -139, 0, -20, 0, 48, 0, 96, 0, 173, 0, 93, 0, -62, 0, 65, 0, -111, 0, 28, 0, 213, 0, 80, 0, -149, 0, -22, 0, 61, 0, 17, 0, -55, 0, 74]
[0, 0, 0, 0, 0, -1, 0, 0, 0, 0, 0, 2, 0, 0, 0, -1, 0, 1, 0, -1, 0, 0, 0, -1, 0, -1, 0, 1, 0, -1, 0, 1, 0, -1, 0, 2, 0, 0, 0, -1, 0, -7, 0, 0, 0, 5, 0, -1, 0, -5, 0, -13, 0, 0, 0, -6, 0, -2, 0, 8, 0, -1, 0, 1, 0, 0, 0, 0, 0, 9, 0, 4, 0, 0, 0, 0, 0, -4, 0, -11, 0, 1, 0, -4, 0, -9, 0, -3, 0, -8, 0, -8, 0, -4, 0, -4, 0, 0, 0, -24, 0, 15, 0, 0, 0, -8, 0, -12, 0, -17, 0, -5, 0, -3, 0, -9, 0, -6, 0, 2, 0, -16, 0, -1, 0, -3, 0, 0, 0, -8, 0, 16, 0, 0, 0, 1, 0, -9, 0, -33, 0, -29, 0, -6, 0, -20, 0, -1, 0, 10, 0, -35, 0, -1, 0, 8, 0, 0, 0, 18, 0, -11, 0, 0, 0, -8, 0, -3, 0, -48, 0, -23, 0, -20, 0, -20, 0, -1, 0, 24, 0, -54, 0, -21, 0, 6, 0, 0, 0, -45, 0, -42, 0, 0, 0, -28, 0, -10, 0, -43, 0, -22, 0, -24, 0, -19, 0, -18, 0, 44, 0]
[0, 0, 0, 1, 0, 0, 0, 0, 0, -1, 0, 0, 0, -1, 0, 1, 0, -1, 0, 1, 0, -1, 0, -1, 0, 0, 0, 2, 0, 0, 0, -1, 0, -1, 0, 2, 0, 1, 0, 0, 0, -3, 0, 7, 0, -1, 0, 7, 0, -1, 0, 1, 0, 21, 0, -5, 0, 0, 0, -12, 0, 3, 0, 4, 0, -2, 0, -7, 0, -3, 0, -12, 0, -18, 0, 1, 0, 24, 0, -5, 0, -9, 0, -7, 0, 20, 0, 9, 0, -12, 0, 0, 0, 16, 0, 13, 0, 16, 0, -4, 0, -12, 0, 20, 0, -2, 0, 33, 0, 3, 0, -16, 0, 55, 0, -20, 0, 27, 0, -12, 0, -8, 0, 26, 0, -15, 0, -6, 0, -23, 0, -36, 0, -12, 0, 7, 0, 11, 0, 9, 0, -15, 0, 44, 0, -5, 0, 45, 0, -45, 0, 11, 0, 25, 0, 27, 0, -21, 0, -37, 0, -45, 0, 17, 0, 18, 0, 99, 0, 0, 0, -19, 0, 69, 0, 0, 0, 35, 0, -72, 0, -6, 0, 38, 0, 22, 0, 2, 0, -26, 0, -48, 0, -16, 0, 15, 0, 137, 0, -5, 0, -29, 0, 128, 0, 15, 0, 17, 0, -84, 0]
[0, 0, 0, -1, 0, -1, 0, 0, 0, 0, 0, 2, 0, 2, 0, 0, 0, 0, 0, 0, 0, 2, 0, 0, 0, 0, 0, 2, 0, 0, 0, 0, 0, 1, 0, -1, 0, 0, 0, 0, 0, -5, 0, -9, 0, 0, 0, -8, 0, 3, 0, -2, 0, -5, 0, 16, 0, -7, 0, 10, 0, -1, 0, -10, 0, -1, 0, 19, 0, 12, 0, 8, 0, 38, 0, 7, 0, -12, 0, 8, 0, 19, 0, -15, 0, -21, 0, 4, 0, 0, 0, 4, 0, -1, 0, -14, 0, -12, 0, -10, 0, 24, 0, -18, 0, -10, 0, -39, 0, 7, 0, 20, 0, -44, 0, 39, 0, -10, 0, 16, 0, 12, 0, -6, 0, 0, 0, 34, 0, 16, 0, 30, 0, 46, 0, 6, 0, -42, 0, 12, 0, 6, 0, -46, 0, 35, 0, -19, 0, 29, 0, 12, 0, 26, 0, -4, 0, 72, 0, 56, 0, 13, 0, 11, 0, -18, 0, -50, 0, 24, 0, 16, 0, -89, 0, 38, 0, -33, 0, 50, 0, 30, 0, -44, 0, -23, 0, 46, 0, 19, 0, -4, 0, 82, 0, 16, 0, -111, 0, 24, 0, 28, 0, -112, 0, 9, 0, -22, 0, 80, 0]
[0, 0, 0, 0, 0, -1, 0, -1, 0, -1, 0, 2, 0, 2, 0, 2, 0, 1, 0, 0, 0, -1, 0, -1, 0, 1, 0, 0, 0, 0, 0, 0, 0, 1, 0, 0, 0, 0, 0, 0, 0, -6, 0, 8, 0, 6, 0, -3, 0, -12, 0, -18, 0, 2, 0, -2, 0, 6, 0, 6, 0, 4, 0, 11, 0, 1, 0, 30, 0, 11, 0, 4, 0, 22, 0, 8, 0, -4, 0, -32, 0, -12, 0, -10, 0, -8, 0, 20, 0, -4, 0, -16, 0, -2, 0, -4, 0, 56, 0, -22, 0, 20, 0, 43, 0, -2, 0, -22, 0, -28, 0, -16, 0, -11, 0, -8, 0, 22, 0, 12, 0, -48, 0, 38, 0, -1, 0, 71, 0, -23, 0, 18, 0, 78, 0, 1, 0, -21, 0, -48, 0, -43, 0, -14, 0, 15, 0, 44, 0, 14, 0, -48, 0, 83, 0, 10, 0, 112, 0, -20, 0, -2, 0, 118, 0, 34, 0, -1, 0, -96, 0, -28, 0, -42, 0, 51, 0, 47, 0, 26, 0, -120, 0, 12, 0, -5, 0, 114, 0, -71, 0, -20, 0, 162, 0, 8, 0, -28, 0, -96, 0, -29, 0, -44, 0, 52, 0, 45, 0, 52, 0]
[0, -1, 0, -1, 0, 0, 0, 1, 0, 2, 0, 0, 0, 0, 0, 0, 0, -1, 0, 2, 0, 1, 0, -1, 0, -1, 0, 1, 0, 3, 0, 2, 0, 0, 0, 1, 0, 0, 0, -5, 0, 10, 0, -17, 0, -11, 0, -9, 0, -7, 0, 20, 0, -15, 0, -4, 0, -17, 0, 22, 0, 8, 0, -24, 0, 3, 0, -11, 0, 38, 0, 28, 0, 16, 0, 18, 0, -24, 0, 50, 0, 15, 0, -19, 0, 4, 0, -24, 0, 40, 0, -24, 0, -11, 0, 2, 0, -68, 0, -26, 0, 43, 0, -61, 0, -34, 0, -43, 0, -40, 0, 51, 0, -57, 0, 9, 0, -48, 0, 58, 0, 47, 0, -63, 0, 17, 0, -37, 0, 133, 0, 90, 0, -32, 0, 78, 0, -61, 0, 106, 0, 40, 0, -76, 0, 30, 0, -88, 0, 117, 0, 10, 0, -85, 0, 0, 0, -40, 0, 15, 0, 132, 0, -107, 0, -117, 0, -117, 0, -73, 0, 176, 0, -111, 0, -149, 0, -108, 0, 174, 0, 122, 0, -101, 0, 27, 0, -68, 0, 227, 0, 178, 0, -80, 0, 31, 0, -163, 0, 178, 0, 69, 0, -160, 0, -6, 0, -112, 0, 220, 0]
