63 3 31 36 35
[1, -1, 3, 2, 0, -2, -3, 2, -3, -1, -2, 1, 4, -1, -3, 1, -3, -3, 4, 1, -2, -3, 2, -2, -4, -5, -1, -1, -2, 1, 4, -2, 0, 3, -4, 2, 0, 4, 7, -1, -7, -36, 118, -237, 60, -36, 171, -391, 245, -26, 45, -32, 355, -56, -304, 267, 301, -635, 127, 238, 325, -945, 345, -171, 222, -154, 158, -328, 517, 78, -235, -684, 1195, -203, -378, -873, 1286, -649, -113, -234, 709, -1029, 464, -75, -3, -693, 1669, -191, -562, -979, 1733, -376, -248, -794, 1231, -582, 828, -1795, 814, -151, 1924, -2809, 848, 100, 1177, -1651, -425, 682, 429, -84, -1039, -216, 1245, -474, 1568, -1787, 2311, -2296, 2149, -1113, -357, -499, 2238, -325, -2890, -458, 2410, -788, 21, -804, 2798, -933, 212, -1694, 1042, 583, 48, -2678, -322, 1115, 312, -2564, 1091, 1330, -1422, -1314, 1042, 1151, -77, 1061, 2547, -3049, -113, 430, 2481, -5432, 2048, 588, 353, -2312, -132, 977, -976, 1728, -2131, 365, 2054, 475, 48, -3972, 5766, -2866, 1453, -5538, 4186, -2491, 621, 660, 457, 395, -927, 1399, -110, -2713, 3848, 1081, 1847, -6404, 3674, -2406, 2177, -2595, 2357, -3161, 3298, -2444, 145, -3197, 5451, -1937, -1182, -4866, 5860, -2387, 708, -2437, 5909, -6190, 2703, -3048, 3824]
[0, 0, 1, -1, 0, 0, -1, 0, 0, -1, 0, 0, 1, 0, 0, -1, 1, 0, 0, 1, 1, -1, 0, 0, 0, 0, 0, 1, 0, 0, 1, 0, 0, 0, 0, 0, 0, 1, 0, 0, 0, -21, 41, -129, 50, -16, 88, -197, 150, -28, -23, -6, 188, -34, -153, 129, 137, -312, 78, 134, 153, -507, 233, -88, 112, -77, 125, -202, 215, 32, -90, -339, 631, -119, -178, -470, 683, -348, -46, -66, 385, -547, 277, -35, 34, -401, 899, -116, -240, -546, 889, -215, -132, -394, 641, -341, 370, -891, 485, -137, 1069, -1391, 427, -106, 625, -828, -232, 328, 264, -76, -501, -89, 591, -350, 894, -894, 1096, -1213, 1090, -579, -218, -217, 1201, -177, -1515, -179, 1221, -367, 135, -408, 1297, -673, 180, -779, 553, 381, 172, -1339, -248, 598, 196, -1356, 782, 652, -723, -758, 662, 492, -130, 613, 1297, -1553, -134, 193, 1299, -2688, 1163, 310, 166, -1285, 56, 521, -419, 961, -938, -8, 824, 169, 93, -2132, 3106, -1419, 728, -2862, 2329, -1299, 94, 349, 401, 34, -639, 632, 98, -1476, 2061, 444, 1018, -3328, 1999, -1266, 1133, -1176, 1373, -1726, 1365, -1111, 203, -1680, 3065, -885, -541, -2688, 3193, -1348, 255, -1204, 3195, -3232, 1271, -1352, 1972]
[0, 0, 0, 0, 0, 0, 0, 0, 0, 0, 0, -1, 0, 1, 0, -1, 0, 1, 1, 0, 0, 1, 0, 1, 0, 0, 1, 0, 0, 1, 0, 0, 0, 1, 0, 0, -1, -1, 0, 1, -1, -4, 8, -10, -2, -4, 16, -14, 4, 1, 11, -1, 3, 6, -5, 17, 11, -20, -5, 12, 18, -32, -6, 4, 17, -3, -13, -4, 27, 18, -21, -23, 45, 6, -18, -36, 59, -8, -12, -31, 24, -36, 28, -15, 7, -3, 56, -5, -24, -1, 64, -16, -11, -25, 43, -4, 56, -71, 36, -4, 50, -138, 32, 39, 36, -59, -34, 38, 3, 22, -49, 5, 64, 2, 32, -95, 140, -52, 90, -69, -19, -32, 83, 17, -108, -18, 91, 11, -51, -40, 148, 23, -10, -88, 80, 9, -15, -90, -4, 77, -7, -103, -36, 91, -47, 16, 4, 97, 25, 51, 121, -117, 51, 46, 121, -252, 58, 22, 42, -60, -34, 61, -66, 75, -194, 84, 121, 59, -21, -148, 207, -117, 108, -175, 153, -66, 70, -1, -112, 118, 33, 117, -81, -70, 125, 76, 96, -196, 143, -79, 140, -161, 36, -63, 201, -120, -65, -54, 128, -51, -64, -91, 223, -58, 51, -168, 207, -162, 234, -172, 191]
[0, 0, 0, 0, 0, 0, 0, 0, 0, 0, 0, 0, 0, 1, -1, 0, 0, 1, 0, -1, 0, 0, -1, -2, 0, 0, -1, 0, 0, 1, 0, 1, 0, 0, 0, 1, 1, 0, -1, 0, 0, 1, -1, 0, -2, 1, -1, 2, -5, 0, 0, 1, -3, 0, 0, 3, -3, 0, -4, 2, -4, 0, 1, 2, -4, -2, -1, 1, -3, -6, 1, 5, 3, -1, 1, 2, -1, -3, -3, 1, -3, 1, -3, 4, -1, -3, -7, 0, -3, 2, -11, 6, -1, 5, -5, -1, -3, 8, -9, -1, -3, 4, -3, -3, -5, -1, -17, -2, -3, -1, -7, 2, 2, 7, 0, 6, 0, 3, -3, 0, -5, 8, -15, 14, -8, 0, -11, -1, -14, 5, -16, 8, -15, 4, -4, 8, -2, -3, -13, 11, -7, 2, -13, -3, -7, 6, -13, -3, -12, 10, -12, -2, -5, -1, -9, 18, -3, -1, -10, 6, -12, -6, -17, 3, -22, 8, -16, 12, -7, 16, -19, 2, -17, 0, -26, 14, -2, 13, -9, -4, -15, 7, -21, 0, -13, 7, -22, -1, -5, 1, -32, 11, -24, 7, -20, 15, -4, 9, -22, -4, -16, 13, -22, 11, -15, 7, -28, 15, -16, 15, -23]
[0, 0, 0, 0, 0, 0, 0, 0, 0, 1, -1, 0, 0, 0, 0, 0, 0, -1, 0, -1, 1, 0, 0, 0, -1, 1, 0, 0, -2, 0, 0, 1, -1, 0, 1, -1, 0, 0, 0, 0, 0, -2, -4, 2, 0, 0, -4, 5, 0, 2, -2, 0, 0, -3, 0, -5, 2, 0, 0, 0, -3, 7, -7, 2, -10, 4, -3, 3, -3, -5, 4, -6, -2, -9, 6, 3, 1, 0, -6, 8, -12, 0, -12, 8, 0, 1, -1, -2, 7, -14, -1, -10, 8, 0, -1, 5, -7, 11, -20, -1, -24, 15, -3, 4, 5, 5, 10, -24, -3, -20, 5, 0, -6, 8, -9, 24, -30, 0, -31, 18, -6, 5, 2, 3, 8, -25, -12, -19, 17, 9, -8, 14, 2, 20, -46, -5, -36, 21, -18, 4, 2, 9, 20, -28, -6, -34, 12, -6, 7, 10, -5, 26, -56, -4, -62, 39, -12, 7, -3, 7, 23, -41, -11, -48, 23, 3, -4, 16, 0, 32, -75, -2, -64, 29, -18, 25, 6, 3, 24, -50, -18, -45, 29, 6, 3, 11, -21, 34, -78, 1, -89, 48, -30, 25, 0, 11, 47, -56, -18, -55, 37, 0, 11, 25, -21, 41, -100, -10, -103, 58, -24]
[0, 0, 0, 0, 0, 0, 0, 0, -1, 0, 1, 0, 0, 1, 0, 0, 0, 0, -1, 1, 0, 1, 1, 0, 0, 0, -1, 0, 1, 0, 0, 0, 0, 1, 1, 0, 1, 0, -1, -1, -1, 28, 0, 34, -76, 16, -18, 89, -140, 46, 58, 20, -168, 54, 114, -35, -116, 180, -25, -23, -72, 259, -172, 70, -73, 53, -187, 160, -83, 26, -69, 208, -366, 143, 6, 269, -319, 309, -8, -50, -247, 365, -185, -7, -68, 365, -530, 106, -7, 471, -524, 188, -59, 326, -339, 276, -218, 509, -324, 114, -703, 606, -294, 254, -332, 505, -229, -139, -204, 237, -4, 101, -141, 439, -574, 337, -369, 804, -565, 141, 63, 270, -636, 200, 640, 219, -815, 353, -397, 202, -588, 713, -243, 236, -222, -252, -174, 613, 103, -189, -64, 758, -889, -281, 375, 669, -674, -40, 258, -111, -670, 689, 270, 16, -574, 1042, -587, 81, 22, 691, -344, -102, -45, -468, -160, 357, -240, 261, -206, 885, -1834, 881, -241, 1315, -1460, 1093, 333, -152, -996, 517, 399, 96, -844, 929, -942, 354, -682, 1593, -919, 771, -669, 401, -1100, 1306, -419, 598, -861, 1301, -2149, 548, -372, 1940, -1828, 1261, -207, 471, -2187, 2199, -340, 420, -1163]
[0, 0, 0, 0, 0, 0, 0, 0, 0, 0, 0, -1, 1, 0, 0, -1, 0, 0, 1, 0, -1, 1, -1, 1, 1, 0, 0, 0, 0, -1, 0, 0, 0, -2, -1, 0, -1, 0, 0, 0, 0, -2, 0, 1, 2, -3, 0, -1, 2, -1, 3, -1, 0, 1, -3, 1, 0, -2, -3, -1, -2, -1, -4, 1, 4, 3, 0, -1, -1, 4, -2, 0, -1, 0, 1, -6, 2, 1, -1, -7, 0, -9, -2, -9, 2, 8, 4, -9, 1, 0, 3, -7, 3, 2, 0, -1, 3, 4, 2, -8, -10, -4, -1, -2, -7, 6, 5, 1, 6, -4, 0, 3, -7, -15, 3, -3, -6, 0, -1, -7, -8, -6, 6, 1, 1, -12, 4, -4, -3, -4, 4, 5, -1, -10, -1, -6, -7, 2, 2, -5, -5, -11, 2, -1, 5, 2, -1, -6, 4, -8, 12, -9, 0, 3, -2, -16, -10, -11, 4, -8, 7, -16, -6, -8, 3, -14, 1, -14, -3, -5, 6, -6, 13, 0, 1, -8, 8, -15, -9, 6, 3, -5, 1, -8, -2, -14, -16, -4, -2, -6, 9, 7, 3, -16, -9, -8, -5, -22, 2, -7, -3, -9, 5, -22, -15, -19, -3, -8, -2, -6, 17]
[0, 0, 0, 0, 0, 0, 0, 0, 0, 0, 0, 0, 0, -1, 1, 0, 0, -1, 1, 0, 0, 1, 0, 1, 0, 0, -1, -1, 0, 0, 1, 1, 0, 0, -1, 0, 0, 0, -1, 2, 0, 2, -4, 1, -1, -1, -7, 0, 5, 5, 3, -2, 9, -4, -4, -6, 4, 3, 3, -1, 2, 6, -3, -6, -8, 4, -1, 4, 4, 3, 8, -7, -6, -6, 1, 1, -2, 6, 3, 13, -13, 4, -14, 13, -5, 1, 5, 6, 11, -11, 1, -12, 8, -2, 6, 2, 0, 5, -14, 2, -17, 10, 6, 6, 14, -1, 20, -20, 0, -11, 19, -3, 0, -3, 0, 12, -33, 8, -35, 25, 6, 13, 12, 2, 19, -15, 1, -27, 24, 5, 5, 2, 0, 20, -43, 3, -35, 27, 7, 3, 11, 14, 28, -25, -4, -19, 35, -7, 13, 1, -21, 35, -47, 13, -49, 33, -12, 16, 11, 6, 38, -26, 17, -33, 54, -9, 17, 6, 8, 18, -58, 3, -40, 41, -3, 6, 4, -5, 36, -33, 9, -52, 54, 10, 16, 11, -1, 48, -80, 7, -55, 44, -9, 19, 16, 12, 54, -57, 3, -38, 65, -16, 24, 21, -6, 62, -67, -9, -95, 57, 6]
[0, 0, -1, 1, 0, 0, 0, 0, 0, 1, 0, 0, 0, 0, 0, -1, 1, 0, 1, 0, 0, 1, 1, 1, -1, -1, 0, 0, 0, 0, 0, 1, 1, 0, -1, 0, 0, 1, -1, 0, 0, 17, -28, 87, -31, 14, -66, 133, -102, 25, 19, 2, -128, 23, 103, -90, -97, 217, -44, -91, -105, 345, -158, 60, -80, 57, -73, 143, -144, -15, 61, 227, -418, 81, 116, 319, -457, 250, 33, 51, -263, 375, -198, 29, -30, 285, -597, 82, 155, 359, -604, 140, 88, 280, -402, 248, -255, 599, -338, 99, -739, 959, -301, 84, -402, 569, 158, -218, -177, 39, 329, 65, -373, 263, -604, 615, -785, 812, -743, 402, 146, 180, -779, 119, 1018, 120, -830, 230, -92, 305, -858, 481, -100, 536, -402, -244, -125, 898, 146, -380, -93, 938, -498, -454, 513, 499, -459, -318, 126, -364, -867, 1055, 60, -145, -915, 1821, -775, -149, -65, 886, -44, -359, 290, -648, 675, -15, -558, -70, -54, 1457, -2117, 989, -536, 1941, -1575, 945, -6, -199, -270, -82, 435, -433, -90, 1042, -1314, -226, -723, 2236, -1373, 868, -820, 805, -889, 1221, -903, 790, -147, 1118, -2038, 615, 334, 1820, -2096, 992, -159, 852, -2190, 2203, -921, 930, -1336]
[0, 0, 0, 0, 0, 0, 0, 0, 0, 0, 0, 1, -1, 0, 0, 0, 0, 0, -1, 0, 0, 0, 2, 0, 0, -1, 0, 0, 0, 0, 0, -1, 1, 1, 1, -1, -1, -1, -1, -1, 0, 0, 2, 1, 1, 3, -1, -1, 0, 1, -2, 0, -2, 2, 0, -1, -2, -1, 1, 0, 0, 1, 0, 1, 2, 0, 4, -2, 1, -2, 0, -1, -2, -4, 0, 4, -1, -4, -3, 1, -1, 3, 2, 2, 3, -4, 1, 7, 0, -2, 0, 3, -3, -3, -2, 3, -5, -3, -2, -1, 6, 3, 2, 2, 2, -5, 3, -1, -3, 0, 3, -2, -2, 6, -6, 0, 2, 0, 4, -1, 0, -3, -3, -6, -1, 3, 2, 1, 5, -4, -1, -9, 5, 4, 0, 3, 5, 1, -4, 3, 5, 3, -2, 1, -4, -2, -5, -2, 3, 3, -10, 2, 5, -3, -8, 8, 2, 5, -7, 6, -4, 5, 6, -7, -1, -3, -2, -3, 6, -6, -4, -6, -3, -6, 4, 2, -3, 12, 6, -7, -3, -2, 11, -1, 3, 6, 15, 0, -5, -6, -5, -11, -6, 9, 14, 1, -9, 4, -1, 5, -7, -1, 0, 4, 9, 0, 2, -1, -6, 0, -10]
[0, 0, 0, 0, 0, 0, 0, 0, 0, 0, 0, 0, 0, 0, 0, 0, -1, 0, 0, 0, -1, 0, 0, 0, 0, 0, 0, 1, -1, 0, -1, 1, -1, -1, 0, 0, -2, -2, 0, 0, -1, -2, 0, 1, 0, -1, 0, 0, 1, -2, 0, -1, 0, -1, -2, 1, -1, -3, -5, 0, -2, -1, -6, 0, 1, 1, -2, -1, -1, 3, -5, -1, -3, 0, -3, -4, 0, -2, -8, -4, -2, -3, -3, -6, 0, 3, 2, -4, -2, -2, -1, -4, -3, 0, -8, 1, -3, 0, -5, -3, -8, -3, -8, 0, -13, 1, -1, 4, -3, -5, -5, 3, -9, -7, -6, -5, -5, -5, -7, -4, -13, -5, -8, -4, -6, -9, 1, 3, 0, -5, -4, -3, -6, -7, -9, -3, -15, 1, -7, -3, -9, -6, -13, -2, -14, -3, -20, 2, -4, -1, -6, -8, -8, 0, -17, -11, -14, -6, -12, -10, -10, -8, -27, -5, -11, -9, -13, -8, -5, 3, -8, -9, -7, -6, -18, -7, -13, -5, -27, 5, -12, -3, -19, -4, -15, -2, -26, -3, -22, -5, -12, -3, -9, -17, -22, -5, -19, -16, -20, -10, -17, -8, -21, -12, -24, -7, -25, -9, -17, -5, -16]
[0, 0, 0, 0, 0, 0, 0, 0, 0, 0, 0, 0, 0, 0, 0, 0, 0, 0, 0, -1, 1, -1, 0, -2, 0, 0, 1, -1, 0, 0, 0, -1, 0, 0, 0, -1, 2, 0, 0, -1, 1, 1, -2, -2, -1, 1, 0, -1, -2, 0, -3, -2, -1, -1, 2, -2, -1, 1, 2, -3, -1, -1, 5, -3, -3, -5, 0, -2, -2, -7, 2, -2, 0, -3, 1, 0, -3, -5, 2, 1, 0, 0, 3, 3, -2, -9, -3, -3, -3, -7, -2, 0, -3, -5, 2, -7, -1, -7, 2, -3, 6, -4, 3, -10, 5, -8, -6, -12, -3, -7, 0, -11, 3, 3, 0, -4, 2, -7, -3, -4, 5, -2, 1, -5, -2, -3, -4, -15, -4, -7, -4, -11, -2, -7, 1, -9, 5, -17, -2, -12, 4, -3, 8, -17, 2, -15, 3, -16, -5, -11, -5, -10, -2, -21, 7, -3, 3, -13, 1, -11, -7, -13, 9, -13, -6, -10, 2, -7, -1, -18, -3, -21, -5, -20, 1, -10, -4, -10, 9, -34, -3, -18, 4, -17, 0, -20, 14, -26, 3, -28, -4, -22, -11, -11, 10, -20, 9, -15, 5, -23, -2, -21, 4, -11, 9, -27, 6, -30, -6, -21, -8]
[0, 0, 0, 0, 0, 0, -1, 1, 0, 0, -1, 0, 1, 0, 0, 0, 0, -1, 1, 0, -1, 0, 0, 0, -1, 1, 0, 0, 0, 0, -1, 2, 0, -1, 0, 1, -1, 0, 0, 0, 0, -5, 18, -48, 14, -8, 34, -64, 44, -8, -1, -1, 44, -8, -43, 53, 34, -112, 29, 48, 48, -175, 81, -24, 32, -35, 35, -51, 72, 19, -53, -112, 216, -30, -66, -161, 253, -103, -27, -45, 124, -165, 98, -30, -1, -117, 302, -56, -108, -166, 291, -65, -67, -112, 221, -67, 126, -301, 150, -47, 334, -485, 124, -10, 220, -261, -136, 128, 69, -12, -204, -17, 238, -91, 284, -336, 378, -404, 389, -237, -85, -56, 387, -35, -541, -49, 394, -112, -35, -127, 482, -157, 75, -297, 194, 119, 34, -482, -84, 240, 109, -471, 182, 207, -193, -223, 137, 189, -14, 247, 407, -541, -13, 45, 441, -977, 371, 129, 150, -417, -55, 197, -220, 326, -432, 29, 304, 147, 26, -748, 1042, -481, 278, -1004, 752, -348, 95, 119, -46, 35, -219, 294, -149, -474, 738, 183, 326, -1169, 746, -417, 337, -493, 440, -478, 501, -328, -53, -518, 984, -302, -271, -822, 1126, -350, 42, -496, 976, -978, 482, -521, 620]
[0, 0, 0, 0, 0, 0, 0, 0, 0, 0, 0, 0, 0, 0, 0, 1, 0, -1, 0, 0, 1, -2, 0, -1, 0, 0, 0, -1, 1, 1, 0, 1, 0, 1, 0, 0, -1, 0, -1, 1, -1, 3, -1, -3, -3, 1, -1, 1, -1, 1, 1, 1, 3, -3, 2, -3, 0, 0, 1, -2, 5, 0, 3, -6, -5, -4, -1, -3, 2, -3, 3, 1, 0, 3, -1, -2, -2, 1, 1, 3, -2, 6, 0, 5, -3, -8, -1, 1, -4, -2, -2, 3, 1, -2, 1, -4, 0, -5, -4, 9, 4, -4, 2, 2, 2, -9, -4, -3, -6, -1, -2, -9, 9, 4, 0, -5, 1, -7, 3, 2, 8, 3, -3, -4, -2, 7, -1, -6, 2, -1, 3, -9, -3, 5, -1, 0, 2, -9, 7, -7, -3, 2, -1, -4, -4, -6, 5, -3, -9, -11, -3, 0, -1, -9, 4, -4, 5, -2, -3, -8, -4, 10, 3, 4, 7, 2, -4, 6, 0, -6, 1, 3, -5, -10, -3, -11, -11, -6, 6, -6, 3, -8, -3, 0, 4, -1, -2, -9, 1, -1, 0, -23, -3, -3, 1, -10, -2, 2, 2, -17, 6, -7, 0, 3, 9, 8, 11, -9, -1, -9, -3]
[0, 0, 0, 0, 0, 0, 0, 0, 0, 0, 0, 1, 0, 0, 0, 0, 0, 1, -1, -1, -1, 0, 0, 0, 0, 0, 0, 0, -2, 1, 0, 1, -1, -1, 0, 1, 0, 0, -1, 1, -1, 7, -30, 63, -15, 30, -65, 78, -41, 20, -30, 10, -32, 18, 10, -61, -60, 139, -47, -51, -94, 216, -55, 28, -59, 75, 9, 42, -129, -28, 86, 153, -276, -10, 89, 240, -367, 106, 12, 170, -217, 236, -151, 115, -34, 146, -390, 59, 128, 169, -399, 98, 66, 185, -286, 68, -232, 487, -234, 68, -432, 762, -206, -47, -337, 391, 147, -184, -87, 34, 224, 43, -382, 151, -339, 544, -614, 476, -539, 392, 61, 131, -507, 56, 605, 149, -539, 55, 216, 254, -810, 121, -56, 517, -444, -55, -152, 683, 22, -349, -118, 638, 33, -405, 267, 284, -101, -318, -37, -267, -713, 807, -95, -57, -740, 1361, -491, -1, -354, 579, 232, -232, 200, -457, 838, -148, -588, -343, 20, 954, -1471, 718, -381, 1242, -1013, 499, -215, 94, 293, -103, 48, -367, 258, 607, -993, -148, -592, 1381, -930, 604, -799, 1104, -467, 431, -978, 713, 222, 531, -1150, 290, 355, 939, -1728, 503, -225, 1127, -1636, 1317, -917, 1258, -1086]
[0, 0, 0, -1, 0, 0, 0, 0, 1, -1, 0, 0, -1, 0, 0, 0, 1, 1, 0, 0, 0, 0, -1, -1, 0, 0, -1, 0, 0, 1, 0, 1, 0, -1, -1, 1, -1, -1, 0, 0, -1, -27, 20, -93, 70, -28, 67, -151, 150, -48, -43, -15, 170, -52, -120, 94, 126, -263, 57, 82, 121, -419, 224, -81, 97, -91, 156, -185, 155, 8, -23, -295, 546, -121, -105, -420, 568, -341, -21, -44, 362, -485, 271, -57, 68, -423, 767, -124, -129, -525, 747, -225, -50, -388, 518, -309, 318, -786, 453, -165, 968, -1106, 383, -213, 533, -734, -45, 270, 234, -167, -273, -104, 426, -458, 787, -719, 811, -1074, 925, -458, -152, -277, 950, -201, -1164, -204, 1084, -341, 198, -350, 1050, -739, 239, -591, 488, 329, 253, -1085, -195, 465, 157, -1175, 798, 539, -576, -766, 643, 289, -218, 400, 1074, -1274, -185, 75, 1075, -2038, 953, 55, 176, -1088, 116, 342, -220, 819, -559, -194, 569, 28, 144, -1649, 2750, -1281, 536, -2275, 2048, -1270, -158, 180, 596, -283, -549, 337, 388, -1316, 1620, -59, 959, -2648, 1661, -1117, 1047, -1038, 1318, -1540, 980, -932, 454, -1544, 2782, -708, -152, -2469, 2832, -1401, 225, -1096, 3011, -2871, 950, -1183, 1714]
[0, 0, 0, 0, 0, 0, 0, 0, 0, 0, 0, 0, 0, 0, 0, 0, -1, 0, 0, 0, -2, 1, 0, 0, 0, -1, -1, -1, 0, -1, 0, 1, 1, -1, -1, 0, -1, -1, -1, -1, 0, 0, 2, -3, -2, -2, 0, -4, -3, 1, 7, 0, -5, -2, -2, 4, -7, -6, 0, 5, -3, -9, -3, -1, -1, -7, -3, 3, 5, 0, -12, 1, 1, 0, -12, -6, 13, 2, -5, -16, -1, -4, -3, -16, -5, 7, 8, -4, -18, 2, -6, -1, -12, 1, 6, 9, 0, -12, -8, -8, -6, -24, -8, 9, 5, -6, -28, 3, 0, -2, -24, -6, 15, 3, 3, -30, 6, -6, 2, -34, -7, 6, 5, 1, -35, -9, 1, 3, -42, -6, 17, 16, -21, -33, 10, -3, -4, -34, -6, 17, 14, -22, -55, 2, -14, 1, -51, -2, 19, 15, -3, -50, 4, -8, 3, -50, -8, 13, 23, -22, -54, -4, -29, -6, -67, -9, 29, 14, -9, -48, 5, -15, -4, -55, -15, 16, 39, -13, -75, 3, -15, 5, -85, -18, 28, 30, -33, -60, 2, -17, -3, -66, -9, 7, 28, -20, -81, -3, -22, -8, -86, -6, 30, 20, -18, -69, -16, -7, 7, -87, -13]
[0, 0, 0, 0, 0, 0, 0, 0, 0, 0, 0, -1, 0, 1, 0, -1, 0, 1, 2, -1, -1, -1, -1, -1, 0, 0, 0, -1, 1, 0, -1, -1, 0, 0, 0, 0, 0, -1, 0, 0, 0, -16, -4, 1, 28, -7, -2, -18, 56, -23, -30, -11, 74, -16, -57, -4, 47, -47, -26, -11, 17, -63, 61, -22, 23, -3, 93, -71, 6, -22, 78, -52, 89, -93, 47, -55, 28, -126, 15, 69, 34, -112, 68, 38, 27, -137, 112, -60, 68, -156, 127, -75, 64, -133, 57, -131, 80, -86, 95, -44, 196, -79, 111, -128, 29, -150, 188, -17, 51, -86, 107, -43, -76, -199, 162, -9, 43, -236, 128, 42, -6, -168, 117, -63, -92, -67, 252, -173, 262, -52, 55, -304, 94, 48, -3, 76, -15, -64, 9, -49, -58, -221, 444, -29, -62, -169, 345, -97, -147, -124, 73, -65, -69, -31, 75, -115, 66, -110, -117, -116, 300, -49, 95, 36, 325, -191, -14, -336, 97, -154, 395, -266, 119, -217, 426, -485, -234, 22, 580, -188, -90, -176, 558, -306, 6, -331, 222, -326, 184, -207, 118, 124, 337, -572, -60, -119, 551, -490, 650, -309, 438, -638, 254, -581, 51, 79, 519, -626, 61, 220, 280]
[0, 0, -1, 1, 0, 0, 1, 0, 0, 0, 1, 0, 0, -1, 0, 0, 1, -1, 0, 0, 0, 0, -1, 1, 1, -1, -1, 0, 0, 0, 0, 0, 0, 0, 0, 0, -2, 1, 0, 1, 0, 26, -42, 127, -48, 16, -91, 192, -146, 27, 22, 8, -181, 32, 151, -132, -136, 313, -69, -136, -149, 501, -226, 81, -115, 84, -119, 195, -218, -25, 93, 333, -622, 126, 170, 456, -678, 354, 49, 73, -376, 545, -289, 40, -39, 398, -881, 121, 235, 536, -877, 216, 127, 402, -623, 327, -385, 886, -480, 139, -1049, 1393, -430, 89, -615, 825, 227, -312, -249, 73, 491, 97, -578, 338, -867, 897, -1114, 1184, -1074, 589, 211, 238, -1173, 155, 1500, 190, -1213, 351, -102, 410, -1294, 639, -160, 780, -563, -361, -152, 1323, 233, -603, -189, 1353, -733, -644, 714, 728, -622, -491, 114, -596, -1270, 1539, 98, -188, -1283, 2650, -1112, -294, -174, 1243, -21, -507, 420, -912, 994, -26, -865, -156, -96, 2109, -3033, 1439, -743, 2812, -2294, 1278, -120, -326, -353, -58, 606, -629, -83, 1466, -1987, -423, -1031, 3275, -1955, 1268, -1130, 1205, -1313, 1699, -1414, 1125, -203, 1648, -2980, 904, 527, 2627, -3145, 1344, -279, 1260, -3124, 3181, -1329, 1359, -1932]
[0, 0, 0, 0, 0, 0, 0, 0, 0, 0, 0, 0, 0, -1, 1, 0, 0, 0, 0, 0, 1, 1, -1, 1, 1, 1, 0, 0, 0, 0, 0, -1, -1, 1, -1, 0, 1, 2, 0, 1, -1, 0, -4, 4, 2, 0, -3, 1, 4, 2, -5, 0, 7, 2, -5, 0, 5, 6, -1, -3, 0, 8, 1, 0, 0, 5, 0, 0, -6, 2, 10, -1, -7, -2, 7, 5, -13, -4, 5, 19, -2, 4, -1, 16, 1, -5, -11, 6, 14, -1, -2, 1, 10, 2, -12, -8, -2, 15, 5, 2, 0, 23, 5, -12, -4, 10, 23, -5, 0, 3, 24, 4, -28, -10, -6, 25, -15, 20, -20, 34, 4, -6, -13, 5, 29, 12, -8, -4, 35, 9, -31, -13, 7, 30, -20, 12, -4, 39, 2, -15, -22, 19, 42, 4, 2, 6, 43, -6, -29, -19, -22, 55, -15, 23, -16, 54, -10, -7, -34, 24, 47, 5, 23, 3, 55, 6, -32, -25, -3, 37, -22, 15, 6, 64, -1, -14, -53, 7, 54, 10, 3, -3, 75, 12, -45, -39, 12, 72, -26, 19, -14, 80, -3, -11, -54, 24, 72, 7, 4, 26, 75, 1, -54, -20, -6, 73, -18, 10, -34, 93, -7]
[0, 0, 0, 0, 0, 0, 0, 1, 0, -1, 0, -1, 0, 0, 1, 0, 0, 0, 0, -2, -1, 0, 0, 0, 0, 1, 1, -1, 0, -1, 0, -1, -1, -1, 0, 1, -1, -1, 0, 0, 0, -1, 11, -19, -2, -9, 26, -23, 6, -6, 6, 0, -10, 8, -1, 23, 6, -33, 3, 13, 17, -52, 11, 0, 17, -15, -21, -3, 22, 22, -43, -36, 52, 14, -31, -54, 82, -14, -22, -51, 36, -34, 42, -33, -1, -18, 73, -22, -53, 2, 86, -11, -51, -29, 43, 2, 48, -97, 52, -21, 84, -188, 31, 24, 52, -73, -95, 59, -6, 37, -91, 9, 90, -16, 41, -150, 189, -85, 143, -126, -33, -35, 82, 8, -167, 0, 97, 1, -95, -77, 188, 6, 13, -157, 108, -7, -4, -160, -11, 81, 20, -162, -81, 89, -36, 9, -23, 89, 10, 57, 111, -181, 71, 33, 188, -399, 87, -7, 83, -120, -77, 86, -135, 115, -313, 77, 124, 99, -39, -276, 321, -175, 177, -321, 201, -92, 47, -14, -235, 137, -21, 188, -204, -152, 187, 28, 145, -353, 299, -133, 169, -274, 32, -72, 211, -131, -172, -68, 179, -72, -151, -142, 306, -81, -12, -298, 259, -202, 290, -278, 194]
[0, 0, 0, 0, 0, 0, 0, 0, 0, 0, 0, 1, 0, -1, 1, 0, 0, -1, 2, 0, 0, 0, 1, 0, 0, 0, 0, 0, 0, 1, -1, 2, 1, 1, 0, 0, 1, 0, 1, 0, 0, 6, -15, 30, -9, 23, -36, 37, -15, 22, -21, 4, -6, 14, -10, -27, -30, 73, -27, -21, -48, 112, -8, 11, -39, 51, 16, 18, -69, -4, 50, 79, -147, -19, 48, 139, -202, 59, 7, 131, -143, 146, -79, 96, -37, 84, -203, 25, 71, 89, -208, 53, 22, 111, -143, 44, -123, 286, -126, 43, -224, 425, -102, -21, -178, 219, 65, -108, -54, 56, 111, 35, -206, 100, -161, 297, -327, 250, -286, 225, 29, 93, -258, 45, 285, 133, -275, 1, 166, 162, -442, 57, -1, 312, -287, 4, -139, 383, 26, -187, -35, 338, 109, -270, 176, 182, 0, -170, -17, -119, -450, 475, -36, -4, -409, 705, -264, 78, -196, 327, 199, -77, 91, -262, 517, -73, -299, -215, 50, 446, -810, 393, -136, 625, -492, 272, -112, 120, 205, -1, 6, -149, 159, 333, -513, -25, -302, 682, -429, 344, -509, 715, -221, 200, -533, 476, 177, 236, -569, 84, 239, 488, -958, 325, -147, 759, -991, 759, -470, 860, -628]
[0, 0, 0, -1, 0, 0, 0, 0, 0, 0, 0, 0, -1, 1, 0, 0, 1, 0, -1, 1, 1, 1, 1, 1, 0, -1, -1, 1, 0, 0, 0, -2, 0, 1, 0, 0, 0, 1, 0, -1, 0, -2, 28, -58, -7, -28, 63, -54, 3, -13, 37, -4, -15, -9, 30, 44, 25, -92, 43, 44, 74, -150, 13, -8, 48, -63, -66, 2, 104, 31, -101, -107, 186, 48, -85, -180, 306, -20, -15, -192, 165, -152, 104, -135, 28, -64, 266, -23, -125, -55, 271, -65, -75, -106, 189, -7, 164, -378, 157, -47, 259, -627, 134, 101, 266, -278, -227, 137, 33, 18, -222, -17, 354, -62, 187, -462, 518, -265, 386, -378, -51, -76, 351, -11, -436, -102, 316, 55, -334, -225, 662, 59, -9, -467, 406, -31, 145, -526, -16, 328, 104, -451, -285, 361, -200, -148, -95, 309, 106, 257, 580, -661, 141, 62, 596, -1084, 366, -10, 378, -431, -354, 181, -211, 350, -926, 242, 519, 447, -86, -724, 1022, -516, 274, -913, 638, -207, 266, -172, -571, 203, 33, 371, -470, -396, 780, 217, 441, -957, 684, -422, 642, -1062, 152, -66, 881, -600, -478, -214, 609, -130, -488, -458, 1340, -193, 168, -1079, 1116, -792, 784, -1234, 826]
[0, 0, 0, 0, 0, 0, 1, -1, 1, 0, 0, -1, 0, 0, -1, 0, 1, 1, -1, -1, 0, 1, -1, 0, 0, 0, -1, 0, 0, 0, 1, 0, 0, -1, 0, 0, 0, -1, 0, 1, -2, -5, -13, 27, 9, 8, -21, 23, 0, -2, -21, -1, 8, -2, -7, -21, 4, 33, -21, -18, -27, 61, -13, 0, -8, 23, 23, -12, -38, -19, 44, 37, -60, -10, 37, 54, -112, -8, 13, 61, -36, 25, -32, 31, 14, 5, -91, 16, 68, 8, -81, 7, 56, 19, -78, -24, -55, 115, -41, 6, -75, 215, -36, -62, -99, 86, 130, -47, 0, -32, 114, -5, -145, -26, -64, 173, -188, 94, -139, 140, 23, 0, -125, -10, 191, 0, -96, 1, 132, 58, -250, -66, -11, 172, -107, -1, 3, 202, -1, -131, -78, 158, 115, -76, 32, 10, 58, -118, -69, -125, -127, 224, -80, -11, -202, 447, -110, -74, -185, 127, 130, -87, 130, -117, 363, -113, -222, -194, 15, 310, -309, 161, -155, 378, -205, 3, -153, 7, 295, -121, 3, -188, 276, 123, -321, -163, -142, 416, -296, 122, -125, 364, -32, -25, -334, 134, 238, 44, -194, 103, 233, 106, -438, -45, -21, 329, -226, 174, -280, 377, -224]
[0, 0, -1, 0, 1, 0, -1, 0, 1, 0, 0, 1, 0, 0, 0, 0, -1, 0, 0, 2, -1, 0, 1, 1, -1, 0, 0, 0, 0, 0, 0, 0, 1, -1, 1, -1, -1, 0, 0, 0, -1, 26, -9, 16, -20, 3, -24, 57, -54, 14, 19, 7, -91, 0, 80, -18, -77, 81, 28, -26, -43, 123, -72, 29, -49, -9, -66, 107, -51, 17, -48, 94, -141, 106, 1, 90, -74, 164, -17, -74, -58, 175, -103, -76, -28, 147, -184, 46, -13, 147, -239, 66, -35, 181, -123, 208, -127, 164, -141, 34, -284, 291, -176, 74, -27, 253, -109, 6, -90, -3, 23, 51, 8, 149, -222, 103, -317, 313, -262, 16, 12, 205, -283, 60, 326, 71, -362, 174, -269, 130, -172, 293, -39, 86, -66, -102, 78, 221, -5, 57, 111, 352, -477, -76, 205, 100, -458, -31, 101, 77, -246, 235, -24, -77, -261, 551, -192, -13, 268, 216, -324, -79, -18, -83, -95, 44, -158, 391, -45, 496, -641, 412, -331, 647, -645, 668, 86, -93, -597, -142, 120, -6, -509, 463, -160, 67, -343, 775, -421, 328, -306, -118, -343, 867, -207, 339, -496, 561, -836, 499, -262, 830, -317, 722, -132, -58, -728, 1020, -440, -186, -517]
[0, 0, 0, 0, 0, 0, 0, 0, 0, 0, 0, 0, -1, 1, 0, 1, -1, 1, -1, -1, 0, -1, 0, -1, -1, 0, 0, -1, 0, 1, 1, 0, 0, 0, 1, -1, 0, -2, -1, 0, -1, 0, 0, -2, -3, 1, 0, 0, -3, 0, -1, 2, -1, -2, -1, 2, -3, -1, -2, 1, -2, -2, -1, -1, -5, -7, -1, -1, 0, -7, 1, 2, 1, -3, -1, 4, -3, -6, -6, 2, -6, 3, -1, 1, 1, -9, -7, 4, -5, -2, -11, 2, -3, -2, -5, -3, -3, 1, -7, -4, 1, 2, -6, -5, -1, -7, -10, -4, -9, -8, -7, -12, 0, 10, -6, -5, 3, -1, -2, -6, -3, -2, -14, 0, -8, 3, -8, -6, -2, -3, -13, -10, -14, -2, -2, 3, -3, -7, -13, 8, -10, -7, -16, -6, -15, -8, -11, -8, -13, -6, -18, -8, -13, -6, -8, 10, 0, -7, -9, -6, -11, -11, -12, -5, -25, 2, -11, -6, -7, -3, -21, -3, -19, -2, -16, 2, -13, 5, -9, -16, -15, -7, -21, -21, -18, -9, -12, -8, -19, -10, -27, -11, -18, -14, -13, -5, -12, -2, -18, -12, -12, -16, -23, -5, -6, -4, -22, 2, -22, -6, -34]
[0, 0, 0, 0, 0, 0, 0, 0, 0, 0, 0, 0, 0, 0, 0, 0, 0, 0, 0, 0, -1, 1, 0, 0, 1, -1, -1, -1, 2, -1, 0, -1, 0, 1, 0, 1, -1, 1, -1, -2, 0, 0, 3, 10, -10, -4, 0, 21, -27, 0, 18, 2, -35, 9, 27, -10, -22, 32, -13, -13, -13, 53, -35, 16, -2, 1, -31, 29, -17, -2, -4, 44, -76, 26, 16, 47, -64, 49, 7, -32, -35, 65, -17, -25, -3, 60, -114, 6, 11, 102, -108, 35, 9, 47, -83, 47, -26, 91, -48, 13, -134, 115, -44, 40, -82, 90, -10, -31, -33, 36, 40, 10, -48, 43, -113, 60, -61, 160, -90, 11, 32, -3, -153, 32, 165, 21, -143, 86, -93, 22, -113, 127, -45, 35, 15, -79, 0, 119, 65, -69, -33, 130, -206, -44, 91, 148, -135, -42, 41, -88, -121, 129, 114, -29, -78, 228, -153, -64, 20, 146, -75, -36, 36, -105, -22, 47, -33, -4, -32, 200, -327, 146, 1, 289, -285, 150, 50, -101, -180, 103, 126, -19, -122, 162, -255, -49, -93, 354, -161, 139, -28, -4, -206, 223, -79, 63, -143, 288, -426, 116, -20, 396, -378, 152, -9, -7, -338, 421, 29, -2, -178]
[0, 0, 0, 0, 0, 0, -1, 0, 0, 0, 0, 0, 2, -1, 1, -1, 0, 0, 1, 0, 0, 1, -1, -1, 2, 1, 0, 0, 1, 0, 0, -1, 0, 0, 0, 0, 0, 1, 0, -1, 0, -5, 5, -13, 9, -5, 6, -22, 21, -6, 1, -4, 33, -5, -22, 15, 16, -38, 7, 10, 17, -60, 35, -14, 19, -11, 31, -28, 24, -1, 6, -40, 77, -25, -2, -60, 81, -55, 7, -2, 50, -69, 43, -4, 6, -54, 107, -31, -15, -79, 103, -30, 13, -46, 76, -54, 51, -95, 64, -22, 114, -149, 62, -33, 63, -92, 5, 25, 45, -28, -17, -20, 55, -68, 124, -96, 104, -149, 132, -52, -21, -52, 140, -21, -138, -33, 163, -65, 48, -46, 142, -94, 34, -75, 77, 40, 22, -149, 5, 33, 19, -165, 157, 45, -52, -98, 116, 23, -26, 35, 155, -162, 6, -8, 157, -289, 123, 12, 43, -145, 52, 36, -5, 89, -20, -40, 94, -46, 37, -221, 379, -179, 123, -303, 284, -183, 5, 13, 132, -29, -45, 32, 99, -183, 213, -19, 130, -374, 240, -166, 151, -115, 213, -271, 132, -137, 122, -226, 419, -130, 26, -344, 361, -227, 45, -128, 377, -401, 161, -113, 275]
[0, 0, 0, 1, 0, 0, 1, 0, -1, 0, 1, 0, 0, 0, -1, 0, -1, 0, -2, 0, -1, 0, -1, 1, 1, 0, 0, -1, -1, -1, 0, 0, 1, -1, -1, 0, 0, 0, 0, -1, 0, 26, -28, 95, -54, 32, -74, 138, -132, 44, 20, 22, -154, 46, 96, -81, -126, 251, -53, -76, -133, 387, -190, 77, -100, 89, -120, 152, -175, -11, 26, 285, -513, 107, 84, 398, -562, 300, 10, 83, -338, 456, -268, 75, -65, 374, -723, 126, 120, 474, -726, 226, 33, 373, -496, 273, -350, 765, -424, 136, -862, 1118, -393, 127, -531, 705, 48, -228, -201, 147, 241, 103, -458, 409, -711, 726, -833, 982, -878, 457, 126, 293, -920, 159, 1051, 235, -1038, 310, -115, 369, -1111, 586, -213, 605, -523, -234, -196, 1035, 107, -458, -161, 1114, -656, -503, 504, 684, -578, -332, 118, -364, -1080, 1203, 84, -69, -1048, 2009, -868, -31, -293, 1006, -74, -299, 197, -714, 650, 77, -703, -104, -125, 1559, -2542, 1262, -574, 2108, -1932, 1164, 13, -66, -420, 165, 360, -321, -320, 1215, -1558, 2, -1003, 2454, -1532, 1077, -1063, 1159, -1147, 1355, -1174, 1004, -389, 1436, -2552, 754, 95, 2211, -2770, 1282, -303, 1207, -2791, 2670, -1084, 1249, -1757]
[0, 0, 0, 0, 0, 1, 0, -1, 0, 1, 0, 1, 0, -1, 0, -1, 0, 0, 1, 0, -2, 0, 0, 0, 0, 0, 0, 0, 1, -1, 0, 0, 0, -1, -2, 0, 1, 0, 1, 0, 1, 11, -37, 72, -11, 38, -78, 91, -47, 30, -38, 13, -35, 14, 8, -68, -70, 164, -43, -57, -115, 245, -57, 33, -72, 87, 18, 48, -152, -30, 84, 184, -326, -5, 95, 274, -415, 133, 26, 199, -239, 269, -187, 124, -52, 175, -437, 62, 145, 175, -451, 113, 73, 221, -317, 101, -267, 550, -270, 75, -486, 874, -240, -43, -357, 466, 179, -204, -90, 31, 245, 52, -434, 164, -363, 623, -741, 541, -640, 439, 66, 192, -565, 56, 682, 188, -615, 69, 227, 318, -926, 141, -57, 601, -514, -50, -135, 769, 23, -387, -95, 731, 36, -460, 316, 292, -155, -370, -44, -267, -813, 898, -121, -82, -848, 1581, -551, 29, -376, 638, 231, -242, 247, -506, 1006, -199, -674, -364, 46, 1061, -1655, 855, -478, 1424, -1146, 600, -245, 113, 327, -170, 33, -412, 274, 730, -1079, -134, -717, 1574, -1059, 683, -913, 1235, -489, 562, -1131, 841, 239, 609, -1300, 399, 355, 1086, -1888, 623, -243, 1258, -1828, 1532, -1083, 1384, -1274]
[0, 0, 0, 0, 0, 0, 1, 0, 0, 0, 1, -1, 0, 0, 0, -1, 0, 0, -1, -1, -1, 0, -1, 0, 1, 1, 1, 1, -1, 0, 1, -1, 0, -1, 0, 0, 2, 0, 1, -1, 0, -3, 1, 5, 8, -2, 7, 1, 0, -1, -9, 2, -7, 6, -4, 7, 5, 0, -10, 1, -4, 2, 0, 5, 7, 2, 2, -11, -11, -1, -3, 9, -4, 4, 0, 3, -11, -12, 0, 3, 7, -3, 12, -5, 12, -2, -9, -3, 7, 13, 0, 8, 2, -2, -18, -6, 0, 11, 16, -15, 15, 15, 0, -22, -26, 13, 14, 11, 6, 12, 6, 10, -33, -17, -8, 12, 20, 12, 16, -3, -6, -17, -23, 2, 9, 18, 3, 22, 9, -4, -30, -19, 9, 3, 23, 12, 27, 18, -9, -20, -37, -5, 10, 28, 1, 27, 9, -6, -32, -33, 1, 3, 20, 16, 25, 11, -3, -36, -50, 13, 18, 21, 0, 21, -5, -6, -46, -50, -10, 3, 38, 3, 42, 13, 17, -43, -46, 2, 21, 37, -3, 42, 28, -5, -73, -69, 4, 23, 49, 0, 65, 50, 12, -28, -61, 9, 15, 32, -7, 49, 27, 3, -71, -49, -6, -9, 70, 7, 65, 30, -11]
[0, 0, 0, 0, 0, 0, -1, 1, -1, 0, 0, 1, -1, 1, 0, 0, -1, 1, -1, 0, 1, 0, 1, -1, 1, 1, 0, 1, -1, 1, 0, -1, -1, 0, 1, 0, 0, 0, 1, 0, -1, -1, 26, -61, 11, -23, 53, -79, 43, -18, 22, -5, 38, -18, -15, 61, 52, -136, 55, 53, 85, -217, 55, -23, 52, -66, -4, -36, 118, 27, -80, -158, 279, 0, -90, -234, 368, -108, -27, -143, 210, -231, 127, -83, 31, -156, 400, -36, -134, -197, 393, -91, -74, -171, 286, -68, 201, -469, 209, -61, 435, -731, 190, 40, 347, -392, -164, 188, 87, -55, -237, -29, 376, -126, 338, -503, 570, -481, 504, -350, -84, -92, 509, -52, -613, -145, 516, -87, -172, -231, 773, -128, 58, -481, 368, 99, 132, -663, -86, 388, 127, -611, 14, 398, -303, -321, 106, 329, 21, 333, 671, -775, 6, 72, 666, -1311, 523, 59, 319, -569, -209, 207, -248, 483, -806, 151, 521, 398, -18, -903, 1426, -689, 288, -1229, 973, -435, 174, 4, -263, 34, -135, 368, -232, -598, 1050, 222, 549, -1372, 861, -591, 637, -995, 450, -405, 904, -634, -197, -553, 1187, -276, -382, -969, 1716, -446, 177, -988, 1530, -1320, 689, -1125, 1024]
[0, 0, 0, 0, 0, 0, 1, -1, 0, 0, 1, -1, 0, 0, 1, 0, 0, 0, 1, 0, 1, -1, -1, 1, -1, 1, 0, 0, 0, 1, 0, 0, 1, 0, 0, 0, -1, 1, 2, 1, 1, 8, -20, 51, -18, 8, -38, 77, -49, 11, 4, 6, -56, 5, 52, -59, -47, 132, -29, -55, -56, 202, -91, 33, -48, 42, -47, 73, -87, 1, 47, 126, -250, 48, 69, 187, -274, 150, 19, 44, -157, 216, -126, 27, -18, 155, -342, 45, 117, 205, -343, 73, 64, 150, -252, 120, -152, 362, -186, 57, -408, 574, -166, 34, -247, 329, 125, -127, -87, 26, 212, 43, -249, 116, -317, 380, -462, 461, -449, 252, 84, 103, -453, 52, 607, 87, -467, 134, 12, 175, -520, 222, -62, 338, -252, -142, -76, 565, 100, -235, -78, 540, -245, -261, 273, 258, -194, -208, 27, -232, -507, 632, 0, -52, -518, 1095, -436, -120, -82, 478, 52, -209, 191, -349, 481, -20, -334, -89, -7, 858, -1214, 593, -328, 1165, -859, 471, -91, -112, -48, -45, 234, -296, 45, 576, -793, -184, -418, 1348, -805, 535, -453, 552, -492, 645, -600, 471, 0, 593, -1167, 342, 287, 1022, -1230, 519, -114, 579, -1236, 1258, -595, 597, -768]
[0, 0, 0, 0, 0, 0, -1, 0, 0, 0, 0, -1, 1, 1, -1, -2, 1, 1, 0, 1, 0, 1, 0, 0, 0, -1, -1, 0, 1, 0, 0, -1, 1, -1, -1, -1, 0, -1, 0, -1, 0, -12, 32, -71, 22, -27, 60, -99, 58, -25, 25, -11, 65, -26, -38, 68, 72, -171, 52, 64, 99, -272, 75, -38, 74, -76, 30, -75, 147, 20, -78, -188, 353, -23, -102, -288, 429, -159, -14, -160, 256, -318, 166, -111, 40, -194, 493, -69, -148, -264, 482, -134, -51, -232, 371, -129, 260, -577, 268, -83, 531, -873, 237, 15, 387, -483, -131, 204, 132, -90, -258, -67, 425, -191, 442, -594, 655, -631, 622, -419, -93, -156, 658, -91, -754, -208, 672, -131, -155, -277, 899, -220, 55, -563, 463, 112, 162, -817, -87, 397, 129, -768, 136, 453, -370, -412, 185, 340, 25, 336, 864, -969, 12, 40, 800, -1572, 613, 57, 321, -709, -203, 227, -214, 530, -812, 69, 619, 287, -8, -1111, 1759, -850, 355, -1511, 1221, -642, 233, -27, -107, -20, -153, 334, -155, -757, 1201, 215, 615, -1729, 1028, -755, 850, -1142, 678, -704, 1050, -838, -114, -784, 1528, -397, -405, -1304, 2016, -700, 270, -1171, 1949, -1748, 903, -1323, 1281]
[0, -1, 1, 0, 0, -1, 1, 0, 0, 0, 0, 0, 0, 0, -1, -1, -1, 0, 1, -1, -1, 1, 0, 0, 1, -1, 2, 0, 0, -1, 1, -1, 0, -1, 0, -1, 0, -1, -1, 1, 0, -22, 41, -94, 44, -41, 87, -147, 92, -28, 22, -13, 102, -39, -77, 101, 118, -255, 65, 75, 126, -375, 129, -47, 112, -106, 51, -127, 197, 35, -106, -273, 493, -46, -124, -392, 579, -248, -36, -197, 364, -428, 239, -129, 47, -312, 706, -96, -183, -359, 711, -171, -89, -351, 487, -218, 355, -781, 371, -137, 800, -1206, 391, -14, 534, -705, -170, 269, 168, -87, -374, -112, 528, -304, 647, -813, 960, -916, 912, -564, -125, -229, 869, -178, -1101, -265, 1022, -203, -136, -372, 1218, -402, 139, -786, 614, 165, 196, -1045, -89, 513, 177, -1087, 260, 681, -537, -577, 336, 415, -37, 460, 1173, -1319, 60, 135, 1147, -2220, 823, 33, 292, -970, -176, 307, -324, 712, -1098, 148, 865, 353, 23, -1624, 2497, -1313, 589, -2221, 1756, -1030, 217, 77, -11, -9, -309, 480, -52, -1154, 1634, 131, 843, -2459, 1547, -997, 1219, -1462, 975, -1134, 1414, -1078, -45, -1167, 2213, -641, -371, -1945, 2759, -1012, 330, -1496, 2821, -2509, 1273, -1723, 1700]
[0, 0, 1, -1, 0, 0, 0, -1, 0, 0, 0, 0, 0, 0, 1, 0, 0, 0, -1, 0, 2, 1, 0, 1, -1, 0, -1, -1, 0, 1, 1, 0, 0, 1, 1, -1, 2, -1, 0, 1, -1, 2, 10, -27, -31, 13, 14, -25, -20, 25, 17, 13, 0, 14, -12, 21, -8, -8, 8, 42, 12, -32, -13, 2, -4, 19, -61, 1, 32, 20, -53, -13, 13, 13, -58, 0, 47, 37, -21, -5, -30, 2, -25, 23, -33, 56, 24, 29, -70, 51, 27, 16, -57, 38, 33, -7, -2, -3, -22, 22, -26, -133, -4, 100, 18, -11, -189, -9, -9, 109, -170, 13, 95, 135, 13, -83, 167, 22, 18, -84, -47, 79, 102, 47, -192, 62, -21, 38, -78, -25, 65, 126, -112, -97, 3, 0, -99, -80, -36, 77, 3, -45, -113, 37, -102, 76, -48, 125, 85, 149, 74, -118, 39, 116, 77, -313, 90, 197, -40, -85, -71, 108, -144, 9, -305, 193, 161, 96, -67, -269, -26, 5, 76, -259, 19, 117, 198, 85, -234, 309, -42, 203, -301, -32, 165, 419, -56, -271, 91, -11, -58, 6, -137, -16, 208, -64, -271, 14, -111, -99, -329, 70, 5, 193, -24, 40, -232, 11, 144, -34, 23]
