66 3 5 112 111
[1, 0, -1, -6, 1, 1, 5, -1, 2, 4, -1, -3, -6, -7, -3, -1, 10, -2, 5, 6, 7, -2, 1, 4, 1, 1, 4, -1, -5, 11, 7, 1, -18, -5, -9, 4, 4, 9, -14, -13, -3, -4, 2, 8, -3, -6, 6, 7, 1, -12, 3, 6, -12, -4, 8, 1, 4, 5, 7, -13, -6, 4, -2, 20, -5, 19, 0, 14, -4, 7, -3, 4, 1, 9, 8, -6, 12, -9, 14, 7, -7, 4, 9, 1, 4, 9, -3, 2, -5, 0, 2, -22, 13, -15, 3, -3, 3, 3, -12, -4, 12, 2, -14, 12, 1, -2, 5, -4, -3, -9, 8, -18, -7, 13, -16, 2, 5, 6, -15, 8, 7691, 20330, -15635, -9880, -11479, 7171, -12596, -44402, 60895, -15842, 15575, -28199, 19032, 14212, -39839, 61069, 359, -39556, 13632, 31359, 34732, -9468, 3141, 71937, -134522, 22773, -90594, 32721, -76349, 43840, 1095, -51915, -18058, -17663, 104004, -5491, 136547, -135333, 129504, 23373, 157638, -52438, 78394, -6016, -95257, -187320, -52026, -102491, -68382, 214125, -78990, -92920, -182584, 271465, -56298, 77172, -7312, 216065, -210112, 105695, 131572, -132662, 213966, -82437, 134791, -269159, 36617, -56109, -2420, 39738, 218112, -305495, -42193, 83057, -65527, 88268, -235273, 135992, -178487, 222011, -18215, 89860, -198019, 181033, -42529, -60214, -55686, 43776, 380597, -197447, -89133]
[0, 0, 0, 0, 0, 0, 0, 0, 0, 0, 0, 0, 0, 0, 0, -1, 1, 0, 0, 0, 0, 0, 0, 0, 0, 1, 0, 0, -1, 0, 0, 0, 0, 1, -1, 0, 0, 0, 0, 0, 0, 0, 0, -1, 0, 0, 0, 0, -1, 1, 0, 1, 0, 0, 0, 0, 0, 0, 1, 0, 0, -1, 0, 1, 0, 0, 1, -1, 0, -1, 0, 0, 0, -1, 0, 0, 0, 0, 1, 0, 0, 3, -3, 0, 1, -1, 0, 0, 0, 0, 0, -3, 0, 0, 4, 0, 0, 0, 0, -4, 3, 0, -1, 1, 0, 0, -1, 0, 0, 4, 0, 1, 0, 0, 2, -2, 0, -4, 0, 0, 0, -1, 0, 0, -2, 0, -1, 4, 0, -4, 0, 0, -3, 3, 0, 3, 1, 0, 0, 4, 0, 0, -1, 0, -3, 0, 0, 0, -2, 0, -3, 4, 0, 1, -1, 0, 0, 0, 0, -1, -2, 0, 1, 0, 0, 3, 1, 0, 2, -2, 0, 0, 3, 0, 0, -1, 0, -3, 0, 0, 4, -5, 0, 3, -1, 0, 0, 3, 0, 0, -4, 0, 3, -3, 0, 2, 0, 0, -1, 0, 0, 0, -1, 0, 1, -3, 0, 0, 3, 0, -1]
[0, 0, 0, 0, 0, 0, 0, 0, -1, 0, 0, 0, 0, 0, 0, 0, 0, 1, 1, 0, 1, 0, -1, 1, 1, 0, 1, -1, 0, -1, -1, 1, 0, -1, 0, 1, -1, -1, 0, 0, 1, -1, 0, -1, -2, -1, 0, -2, 2, -1, -1, 0, -1, 0, 2, 0, 2, 1, 0, 2, -2, 0, 1, 0, 1, 1, 1, 0, 1, 0, 1, 1, -1, -1, 3, 0, -1, 3, 0, -1, 1, 4, -3, 1, 0, -2, 0, 1, 1, 1, -1, -4, -1, 0, -1, 0, 0, -3, 0, -1, -1, -2, 1, 1, 2, 0, 0, 5, 1, 3, 2, 0, 0, 0, 1, -2, 1, -2, -1, 3, -6, 0, 1, -3, -3, -2, -2, -1, 8, 0, -3, 2, -7, -6, 6, 1, 0, -2, 8, -5, 6, 2, -5, -3, 3, -4, 6, -8, -2, -4, 0, 2, 3, -3, -4, -6, 3, 0, 5, 1, -4, 12, 12, -7, 6, 15, 3, 6, 9, 2, 5, -4, -7, 2, -2, -8, 14, -1, 2, 10, -9, -5, 14, 5, 0, 1, 0, -11, 3, 3, -2, 2, 17, -8, 3, 0, -13, -4, 5, -3, -8, -10, -9, 8, -7, 2, -8, -6, 9, 8, 4]
[0, 0, 0, 0, 0, 0, 0, 0, 1, 0, 0, -1, 0, -1, -1, -1, 2, 0, 0, 1, 1, 1, 0, 0, -1, 0, -1, 0, -1, 2, -1, 0, -1, 0, -1, -1, 2, -1, 0, -1, 1, 0, 0, 1, 0, 2, -1, -1, 1, 1, 1, 0, -1, -1, 0, -2, 1, -1, 1, 0, -3, 0, 1, -1, -1, 1, 2, 5, -1, 2, 0, -2, 2, 2, -4, -1, -1, -4, 1, -1, -1, -1, -5, 0, -1, 3, 0, -1, -4, -1, 0, 2, 1, -2, 1, -2, -1, -1, 3, -2, 4, 0, 1, 1, 1, -1, -4, 3, 0, 1, 0, -2, 1, 1, 2, 0, -2, 0, 3, -2, 523, 740, -1185, -512, -89, 239, -753, -2558, 4826, -1333, 1316, -1490, 1037, 1679, -3616, 3942, -2516, -2845, 820, 1562, 2052, -292, -573, 5292, -8221, 4422, -6342, 2598, -2176, 3578, -1068, -6778, 643, -2064, 8816, -2330, 10043, -12808, 9848, 2048, 9713, -4440, 5428, 1256, -9830, -12754, -4047, -6574, -5015, 18785, -5085, -6361, -15421, 22367, -5054, 9581, -558, 14086, -14895, 8231, 10207, -16093, 17778, -4586, 11200, -23840, 4095, -6360, -2194, 3353, 18431, -22154, -5023, 6027, -5106, 4705, -14216, 12784, -14156, 16935, -2058, 7697, -21186, 13839, -768, 1639, -3742, 2132, 25960, -12975, -1884]
[0, 0, 0, 0, 0, 0, 0, 0, 1, -1, 0, 0, 0, 0, -1, 0, 1, 0, -1, -1, 1, 1, 1, -1, 1, 1, 0, 1, -1, 0, -1, -1, -3, 1, -1, -1, 0, 2, 0, 0, 0, 2, -1, 1, -1, 2, -1, 2, 1, 1, 0, -1, -5, 0, -2, -2, 2, 1, 1, 1, -1, 1, -1, -2, 0, 1, 1, 1, 2, -3, 4, -1, 0, -1, -1, 3, 0, 1, -1, 0, -3, -1, -2, 0, 2, -3, -3, -2, -3, -2, -1, -2, 2, 1, 3, 1, 1, 0, 0, -1, 2, 3, -3, 2, 0, 2, -1, -1, 1, -1, 0, 4, 2, -2, 0, 1, 0, 4, 4, 0, 1, 3, -13, -2, -7, 2, -3, 2, -5, -3, -6, -2, -3, -1, -6, 9, 1, 7, -5, 6, -3, -2, -4, -1, 1, 4, -5, 11, -5, 3, -8, 3, 0, 4, -1, 19, -8, 5, -14, -4, 4, 5, -9, 4, 5, 0, -3, 8, -4, -9, -5, 0, -6, 1, -5, 6, -3, -18, 0, -4, -2, -6, -16, -1, 4, 13, -4, 9, 13, 0, -5, 1, 4, -2, -10, 23, 6, 10, -14, 1, -12, 13, -13, 1, 0, -2, -11, 5, 3, -2, -7]
[0, 0, 0, 0, 0, 0, 0, 0, 0, 0, 1, 0, 0, 0, 0, 0, 0, 0, 0, -1, 0, -1, -3, 0, 0, 1, 0, 0, 1, 0, 1, 3, -2, -2, 1, 1, -1, -1, 0, 0, 1, 4, 2, -1, 0, 2, 0, 0, 0, -2, -3, 1, 1, 0, -1, 0, 1, 1, -2, 0, 0, -3, 0, 2, -3, -2, 0, 1, 2, -2, -1, -3, -1, 5, 0, 1, -2, 1, 0, 0, -1, -2, 2, 0, -1, 2, 0, 1, 0, 3, 1, 2, 1, -1, -5, 0, 3, -2, 2, 1, 1, 0, 0, -2, -2, 2, -1, -4, -3, -2, 0, -1, -1, -1, -3, 0, 3, -1, 0, 5, -3, 5, 1, -4, 9, 3, -2, 4, -4, 5, 0, 2, -6, 3, -2, 18, -2, 5, -4, -11, 3, 0, -4, -6, -4, 2, -2, 7, -4, -2, 2, 13, 3, -1, 10, -2, -1, -7, -6, 4, 0, 6, -20, -8, -3, 5, -15, 4, 1, 1, 2, -12, -8, 4, -7, 16, -4, -1, -4, -6, 2, 14, 5, 3, -7, 0, -1, -10, -5, 15, -2, 0, 1, 3, 1, 0, 1, 7, 15, -12, -12, -28, 1, 12, 3, 12, -6, 0, -4, 10, 8]
[0, 0, 0, 0, 0, 0, 0, 0, 0, -1, 0, 0, 0, 0, 0, 0, 1, 0, -1, 0, 1, 2, 0, -1, 1, 1, 2, -1, 0, 0, 0, 0, -2, 1, -1, -1, -3, -1, -3, 1, 0, 2, -1, 1, -1, 1, 0, 1, 1, -1, 0, 1, -3, 1, -2, -1, 1, 0, -1, 1, 1, 0, 0, -1, 1, 2, 5, 0, 2, -2, 2, 0, 0, 2, -1, 3, 0, 0, 1, -1, -4, -1, -4, -1, -2, 0, 1, -3, -2, 0, 3, 0, 2, 1, -2, 1, -3, 0, -1, 2, 2, 3, -3, -2, 2, -1, 1, 1, 4, 3, -2, 2, 1, -3, -3, 2, 2, 1, 3, 2, 0, 1, -10, -1, -6, 1, -7, 0, -3, 2, -2, -2, -15, -2, -6, 10, 1, 4, 1, 2, 2, 2, -1, 3, -4, 0, -5, 2, -7, 5, 6, 3, -7, 1, 5, 14, -15, 2, -12, 3, 10, 11, -1, 2, 1, -5, -6, 11, 11, 5, -2, 0, -9, 2, -15, -6, 6, -10, -1, 7, 14, -2, -8, -2, -1, 7, 4, 4, 7, 7, 10, 1, 2, 2, -10, 13, -16, 9, -6, 8, -6, 0, -11, 3, -11, -8, -17, 0, -7, 2, -8]
[0, 0, 0, 0, 0, 0, 0, 0, -1, 1, 0, 0, 0, 0, 1, -1, 0, 0, 0, -1, 1, 2, -2, -1, 1, 0, 1, -2, 0, 0, -1, 1, 0, 1, 1, 0, -2, 0, 0, 1, 1, 1, -2, 0, -1, -1, 3, -5, 2, -1, 1, 2, -1, 1, -1, -1, 2, -3, 0, -1, -2, 1, -1, -1, -1, 1, 3, -1, -2, 0, 1, 2, 2, 2, -1, 1, -1, -1, 0, -2, -2, 1, 0, 0, -3, 4, 1, -4, 0, 1, 1, 1, 2, -2, -2, -1, -2, -3, -1, 0, 0, 1, 2, -2, 0, -4, 1, 0, 1, 2, -1, 0, -5, 2, -1, -1, -2, -6, -2, 0, 5, 0, -6, 5, 2, 2, 3, -7, 1, 8, 1, -2, -9, -2, 5, 0, 0, -10, 1, -4, 4, -10, 0, 6, -1, -2, 0, 2, -5, 0, 9, 3, -13, -5, 13, -3, -5, -9, 0, 5, 3, -2, 6, 3, 2, -7, -6, -3, 4, -9, -2, -2, -8, -4, 7, -10, 12, -5, -5, 16, 1, -6, 1, 3, 6, -8, -5, 3, -6, 4, -4, -9, 8, 3, 7, -18, -4, -2, 5, 7, -6, -11, 0, 0, -15, -4, -8, -3, 7, -5, 8]
[0, 0, 0, 0, 0, 0, 0, 0, 0, -1, 0, 0, 0, 0, 0, 0, 1, 0, 0, 1, 0, 0, -1, 0, 1, 1, 1, 1, 1, 0, -1, 2, -1, -1, -1, -1, -3, -3, 0, 2, 0, -1, 0, -1, -1, 0, -1, 1, 1, 0, 0, 1, 0, 2, 1, -2, 0, -1, 2, 2, 0, -1, -1, 2, -2, 2, 5, 3, 0, 1, -1, -3, 0, 2, -2, 0, 0, 0, -2, 1, -2, 0, -1, -3, 1, 1, 1, 1, 1, 1, 1, 3, 1, -3, -1, -1, -2, -2, 4, 2, 3, 0, 2, 1, 1, -2, -3, -1, -3, 1, 4, 4, -2, -3, -3, 4, 2, -2, 1, -3, -4, 11, -3, 2, 3, -5, 2, -1, -3, 0, -7, -7, -7, 1, 0, 1, 2, 8, 0, 0, -5, 4, 1, -2, 2, 4, -1, 2, 9, 11, -10, 2, -6, 0, 3, -5, -11, 7, -2, 6, -5, 7, 0, 1, -7, 0, -1, 5, 13, 12, 0, -5, 0, 10, 6, 17, -2, -8, 2, -1, 4, 4, -4, 0, 0, -6, 2, -2, -3, 10, -12, 2, 0, 6, 8, 3, 19, 2, -6, -4, -7, -1, -7, -7, -3, 10, 5, 8, -6, 0, 1]
[0, 0, 0, 0, 0, 0, 0, 0, 0, 1, 0, 0, 0, 0, 0, 0, 0, 0, 0, -1, -1, 0, 0, 0, -2, -1, 0, -2, -1, 0, 1, 0, 2, 2, 0, 1, 1, 1, 0, 2, 1, -1, 2, 2, 2, -3, 0, -3, -2, -1, 1, 0, 2, 0, 0, 3, -2, -2, -2, -1, -2, -1, -2, 0, 0, 0, -2, -5, 1, 1, -2, 3, 0, 2, -1, -1, 2, 1, 0, 0, -2, 1, -1, 0, -1, 1, 1, 1, -1, 2, 3, -3, -2, -1, 3, -1, -2, 1, -5, -1, -3, 0, -1, -2, -1, -2, 0, 3, -1, -2, -3, 1, 2, 3, 0, -5, -2, -2, -3, 2, 0, -3, 2, 3, -3, 4, 3, 5, 6, 2, 8, 3, 5, 3, -5, -7, 0, -6, -3, -9, 0, -2, -2, 2, -2, -5, 2, -2, -11, 3, 6, 4, -5, 0, 3, -9, -1, -7, 5, 6, 1, -1, 1, 0, 4, -10, 2, -5, -7, -7, -10, -4, -9, -3, -9, -11, -10, 9, -4, 13, 8, 2, -6, 9, -7, -7, 0, -10, 2, 5, 13, -4, -7, -4, -5, -14, -18, -2, -8, 8, 3, -4, 13, -4, 3, -3, 2, -5, -6, 5, -5]
[0, 0, 0, 0, 0, 0, 0, 0, 0, 0, 0, 0, 0, 0, -1, 0, 0, 0, -1, 1, 1, 0, 1, 0, 0, 0, 2, 1, 0, 0, -1, -1, -1, 1, 0, -1, -1, -3, -1, 0, 0, 0, 0, 2, -1, -2, 0, 2, 2, 1, 0, 0, -2, 0, 2, 2, 0, -1, -1, 0, -1, 1, 0, 3, 0, 0, 2, -2, 0, 1, 1, -2, -1, 1, -1, 1, -3, 5, -2, 0, -5, -2, 0, 1, 0, -1, -2, 0, -3, 1, 3, 2, 1, 3, 2, -3, 0, 1, -2, 0, -2, 3, -6, 3, 1, 3, 3, 3, -1, 3, 3, 5, 1, -2, 0, -2, 0, -1, 0, 4, -11, -2, -10, 2, -4, -2, -3, 1, -8, -5, 1, 7, -5, 4, 4, -3, 4, 7, 4, 2, -1, 0, 10, -4, 0, -1, 0, 3, -7, 2, 3, -6, -2, 9, 1, -2, -8, 3, -12, -4, -3, 11, 1, 7, -1, 2, 8, 4, 6, 13, -10, 1, -17, 5, -4, -9, -15, 2, -2, -3, -3, 4, -7, 8, 4, 2, 4, 2, 17, 7, 10, 12, -5, -5, 4, 4, -5, -7, -6, 8, -27, 10, -5, 11, -10, -2, -8, 3, -4, 3, 7]
[0, 0, 0, 0, 0, 0, 0, 0, -1, 0, 0, 1, 1, 0, 0, 0, 0, 0, -1, -1, 0, 0, -1, 0, 2, 0, 2, 0, 1, -1, 0, 0, 0, -3, 0, 2, -2, 1, -1, 1, 0, 0, 1, 0, 0, 0, 1, 0, 1, -2, 0, 0, -3, -1, 1, 0, 1, -1, 1, 2, 2, 0, -2, -2, 0, 2, 4, -1, -1, -5, 2, -2, -1, 1, 4, 2, 0, 2, -2, -1, 3, 3, -3, 1, 3, -3, 4, -1, 4, 1, -2, -3, -1, 2, -2, 0, -3, -2, 2, 3, -2, 0, 0, -2, 4, -2, 1, 2, -1, 2, 1, 2, -2, -2, 1, -2, 3, 0, 3, -3, 0, -7, 1, -1, -7, 2, -5, -2, 15, 2, 0, -4, -10, -5, 10, 12, 3, 9, 14, -5, 11, -4, -1, -7, 2, -6, 3, -4, -3, -4, 3, 1, 5, -4, -7, -1, 1, -4, 3, -10, 2, 8, 13, -6, -5, 12, 4, -7, 11, -4, 12, -6, 1, 1, -2, -16, 16, -13, -2, 1, 6, -4, 15, 0, 1, 23, -1, -2, 11, 2, -1, -9, 13, -10, 0, 1, -5, 5, 6, 0, 7, -3, -12, 5, -12, -11, -14, -7, 6, 1, 15]
[0, 0, 0, 0, 0, 0, 0, 0, 0, -1, 2, 0, -1, -1, 0, 0, -2, 2, 0, 2, 0, 1, 0, -1, 0, 1, 0, 1, 1, -3, -1, 0, 0, 1, -2, -2, 1, -1, 1, 0, 3, 0, 0, -1, 1, -1, 1, -2, 1, 2, 1, 0, -1, -1, -2, -4, 1, -2, 1, 3, 2, -1, -1, 3, 0, 1, 2, 1, 0, 3, -4, 4, -2, -1, -1, 0, -2, 2, 3, 3, 0, -2, -2, 1, -3, -2, -3, -2, 5, -3, -1, -2, 0, 1, 0, 1, 5, 3, 0, 0, 1, 1, -1, 2, 0, -2, -1, -2, 1, 3, 3, 0, 1, 1, -4, 0, 1, 2, -2, -1, 141, -687, 63, 923, 556, -853, -823, 1068, -300, -1492, 444, 1455, 645, 83, 637, -195, -1915, 906, -577, -1793, -2425, 759, -644, -737, 4304, 3644, 1034, -1100, 2980, 243, -4492, -3537, 1821, 184, -1157, -2689, 825, -271, 2642, -499, -1794, -1023, 2030, 2340, -3494, 3663, 859, -63, -2355, 2843, 1102, 1032, -2867, 2523, -1652, 3152, -1908, -4521, 796, 134, -3669, -9111, 1835, 4663, 7415, -788, 3177, -2103, -189, -2502, 1372, 1921, 1435, -3837, 1147, -432, 4245, 2334, -587, 1388, -4593, 453, -13272, -1260, 3381, 7062, -1667, -3678, -385, 2862, 7808]
[0, 0, 0, 0, 0, 0, 0, 0, 1, 0, 0, 0, 0, 1, -1, 0, 0, -1, 0, 0, 0, -1, -1, 0, -2, 0, -2, 0, 1, 0, -1, -2, 1, 2, 2, 1, 3, 1, -1, 0, 0, 1, 1, 1, 0, 1, 2, 0, 0, 1, 1, -1, 0, 0, -2, -4, 0, -3, -2, -4, -2, -3, 2, 1, 0, -1, -3, 2, -2, 5, 0, 0, -2, 1, -3, 1, 2, -3, 2, 0, -3, 3, -1, -1, -1, 1, -1, -1, -1, 0, -1, 0, 3, 0, 2, -1, 0, 2, -3, 0, -1, 1, -1, -1, -3, -3, 1, -2, -1, -3, -2, -1, 2, 4, 3, 4, -4, -2, -4, -2, -274, -2498, 881, 2221, 1905, -2005, -600, 4470, -3515, -1693, -167, 4399, -225, -480, 2888, -3918, -4218, 3832, -1763, -5075, -6216, 1961, -1362, -5351, 15748, 5808, 6600, -3727, 10451, -1851, -8116, -4008, 5182, 839, -7246, -5165, -6095, 5911, -2563, -1961, -12834, 1082, -1297, 5339, -2263, 17519, 4236, 6011, -643, -5783, 6736, 6894, 4935, -9991, 25, 2215, -2830, -20633, 13465, -5425, -13116, -10821, -7008, 12980, 5252, 11829, 4215, -1624, -1219, -6270, -8893, 20380, 3959, -10743, 5001, -5773, 20858, -2778, 8089, -9690, -7311, -3294, -13578, -11298, 9608, 17786, 305, -9996, -21803, 16321, 19314]
[0, 0, 0, 0, 0, 0, 0, 0, -1, 0, 0, 1, 0, 1, 0, 0, 0, -1, 0, 0, 1, -1, -1, 0, 0, 0, 1, 0, 2, 0, 1, -1, 0, -2, 1, 2, -2, 0, -2, 0, 0, 1, 1, 0, 0, -1, -1, -1, 3, -2, 0, 2, -1, 0, 1, -1, 1, 0, -2, -1, 1, -1, 0, 0, 1, 0, 2, 1, -1, 0, 2, -3, 1, 2, 2, 2, 0, 0, 0, -3, -2, 2, 0, 3, -3, -2, 3, 0, 0, 2, 3, 4, 5, 2, -5, -1, -2, -2, -1, 2, -1, 1, -3, -4, -1, -2, 2, 0, -1, 0, 0, 0, 6, -4, -2, 6, 1, -3, -2, 0, -2, -2, 0, -2, 6, 9, -4, 3, 3, 1, -1, -1, -6, -1, 9, -3, -1, -1, 6, -5, 12, -5, 3, -1, 1, -1, 2, -3, -1, -5, 11, -4, 2, 1, 4, -9, 8, -5, -2, -7, 0, 0, -1, 3, 1, 4, 3, -13, 12, 8, 5, 5, 1, -1, -4, -5, 9, 5, -5, 1, 2, -1, 11, -7, 9, 9, 0, 2, 3, 0, 9, -11, 5, -16, 6, 3, -5, 3, 10, -9, 0, 1, -4, 19, -11, -3, -18, 0, -2, -5, 13]
[0, 0, 0, 0, 0, 0, 0, 0, 0, 0, 1, 0, -1, 0, 1, -1, -1, 0, 1, 1, -1, 1, 0, 0, 0, -1, -1, -3, 1, 0, 0, 1, -1, 1, 0, 2, 2, 0, 1, 1, 0, 0, -1, -2, 2, 2, -2, -1, -2, 0, 0, 2, 2, 0, 1, 1, -1, 3, -3, -2, -2, 0, -2, -2, 2, 1, 0, -3, 1, -1, 1, 5, -3, -3, 2, 1, 0, 2, 4, 1, 0, 4, -3, 2, -1, -1, 1, 3, 2, 1, -1, -5, 0, -3, -1, 0, 1, 1, 1, 0, -1, -4, 1, -1, 0, 1, 0, 0, 3, 1, 0, -1, 5, 0, -1, 4, -2, -4, 2, 4, -237, -597, -14, 206, 772, -249, 800, 261, 442, -144, 44, 532, -949, 853, -1191, -456, -2232, 137, -299, -289, -118, 334, -585, 37, 1528, 1944, 304, 354, 2456, 530, -796, -2407, 2851, -1044, 1925, -2394, 992, -3088, -826, 473, -2112, -567, -1448, 1576, -3360, 1456, -611, 1716, -283, 2689, 803, -394, -179, 2398, -281, 4281, 50, -1977, 1130, 287, 1083, -5831, 3623, 486, -1473, -3928, 1734, -2737, -1977, 1151, 818, 386, -2604, 1230, -1502, -383, 1891, 1180, -1376, 972, -1549, 2040, -2679, 1213, 2769, 5716, 1918, -2114, -509, 1190, 2002]
[0, 0, 0, 0, 0, 0, 0, 0, 0, -1, 0, 0, 1, 0, 0, 0, 1, 0, 0, -1, 0, 0, -1, 1, 0, 2, 0, 0, 1, 0, 0, -1, -1, 0, -1, 0, 0, 1, -1, -2, 0, 0, 2, 0, 0, 3, -2, 5, -2, 2, -2, -2, -1, -3, -1, -2, -1, 3, 1, 2, 3, -2, 2, -2, 0, 0, 2, 0, 2, 0, 2, 1, -2, 2, 2, 0, 3, -2, 1, -3, 4, 1, 1, 0, 0, -2, 0, -2, -1, -3, 4, 0, 0, 3, 1, -1, -2, -1, 1, -1, 3, 0, -2, -2, 3, 2, 1, 5, 0, 0, -1, -1, 0, -2, 5, 1, 5, 5, 0, -1, 3, -8, 7, -3, 1, -7, -11, 12, 0, -6, -4, -1, 2, 4, -3, 8, 1, 5, 1, 5, 5, 10, -4, 0, -2, -3, 0, -3, -4, -8, -3, 6, 7, 5, -7, 15, 4, -2, 0, -8, 3, 9, 2, -2, 0, 12, 3, 3, 2, 0, 5, 0, 13, -10, -9, 3, 4, -7, -2, -11, 14, 1, 8, -7, 6, 26, 1, 6, 5, 3, 3, 3, 2, -11, -8, 20, 6, 0, 4, -10, 11, -15, -14, 2, 14, -8, -5, -3, -2, 3, -8]
[0, 0, 0, 0, 0, 0, 0, 0, 0, 0, 0, -1, 0, -1, 0, 1, -1, 1, 2, 0, 0, -1, 1, 2, 0, 0, 0, 1, 0, -1, 0, 1, -1, -2, -1, 1, -2, 1, 0, -2, -1, -1, 0, 1, 0, 0, -2, 2, 0, -2, -2, 0, 1, -1, 0, 0, 1, 5, 1, 1, 4, 2, 1, -2, 2, 0, -1, 0, 2, -3, -1, -3, -3, 0, 2, -1, 2, 4, -1, 1, -1, 0, -1, -1, -1, -2, -1, 1, 1, -3, -1, -4, -2, -3, 2, 4, 3, -1, 2, 1, -1, -2, 5, -2, -2, 1, -2, 2, 3, -3, 0, 0, 1, -4, 0, -2, 0, 6, 2, 2, 493, 1070, -239, -265, -1099, 355, -1454, -980, 593, -405, 235, -1053, 1474, -887, 733, 1736, 2516, -779, 726, 696, 519, -190, 902, 1385, -3801, -1651, -2025, -282, -4057, 327, 277, 1545, -3652, 798, -601, 2382, 1825, 1099, 3696, -65, 5169, -575, 3614, -1602, 1708, -4715, -137, -3905, -1475, 1849, -2325, -1476, -3504, 2718, -1246, -3474, -448, 5858, -5405, 1691, 956, 2849, 865, -1851, 5093, -665, -537, 1765, 2507, -752, 3445, -6346, 2308, 15, 165, 3050, -6845, 946, -2294, 3715, 356, -504, -2350, 2406, -3650, -7227, -3228, 2807, 9243, -5166, -3607]
[0, 0, 0, 0, 0, 0, 0, 0, 0, 0, 0, 1, 1, 0, -1, 0, 0, 0, 0, -1, 0, -1, -1, 0, 0, 0, -2, -3, -1, 0, 3, 0, 3, 3, 0, -1, 0, 4, -1, 1, 0, 1, 0, 0, 1, -3, 0, -1, -3, 0, 1, 3, 2, 0, -1, 1, 0, 0, -2, -1, -2, -2, -2, -1, 2, 1, -3, -5, -1, 0, 2, 1, 1, 0, 1, -1, 1, -1, 0, -1, 1, 0, 3, 3, -1, -1, -1, 2, 3, 2, 1, 0, -3, 4, 2, -2, -4, -1, -2, -3, -1, 2, -1, -1, -3, 0, -1, -4, 1, -2, -1, 4, -2, 3, 0, -2, 0, -4, -5, 0, -26, -187, 28, 140, 164, -144, -32, 273, -64, -121, 38, 316, 0, 61, 16, -207, -542, 146, -80, -329, -265, 158, -152, -259, 835, 602, 154, -140, 881, -1, -446, -561, 492, -115, -97, -522, -268, -184, 37, -42, -702, 113, -2, 568, -546, 803, 50, 259, -112, 351, 403, 281, -282, 1, -293, 477, -138, -979, 510, -73, -257, -1463, 208, 818, 631, -432, 410, -391, -282, -149, 289, 786, -164, -371, -7, -543, 1079, 421, -38, -163, -373, 19, -1733, -157, 860, 1387, -120, -566, -1000, 792, 1391]
[0, 0, 0, 0, 0, 0, 0, 0, 0, 0, 0, -1, 0, 0, 1, 0, 1, 1, 0, 0, -1, -1, -2, 1, 0, 0, 0, 0, -1, -1, 2, 3, 0, 1, 0, 0, -2, -2, 1, 1, 1, -2, 0, -1, 0, 0, 0, 1, -2, -1, -2, 0, 4, 0, -2, 2, 0, 1, 1, 2, 0, -3, 2, 3, -3, -2, 0, -3, 2, -1, -3, 1, 0, 2, -4, -1, 2, 4, 2, 1, 1, 0, -1, -4, -1, 3, 1, 2, -2, 2, 3, -2, 3, -3, 0, 0, -3, 0, -2, -3, 3, -3, 2, 0, -2, 3, -3, 2, 1, -1, -2, -2, -1, -2, 0, -4, 2, -4, -2, 3, 3, 4, 7, -5, 0, 0, 6, 3, -6, -1, 5, 3, -1, 7, -7, 6, 0, 5, -7, -5, 1, 2, -8, -7, -6, -3, -3, 3, -6, 6, 4, 6, -4, 0, 10, -8, -10, -3, 0, 7, 4, 9, -6, -9, 4, -5, -11, 13, 13, -1, 2, -15, -5, 10, 0, 10, 1, 8, -2, -1, 13, 10, 8, 10, -13, -12, -5, -16, -10, 15, -3, 2, -14, 5, -3, -10, 0, 1, -1, -4, 3, -14, 8, -15, 5, 2, 14, -4, -4, 6, -1]
[0, 0, 0, 0, 0, 0, 0, 0, 1, -1, 0, 0, 0, 0, 0, 1, 0, -1, 1, -1, 0, 0, 1, 0, -2, -1, -2, 1, 1, 0, -1, 1, -1, 0, 0, 1, 2, 2, 2, 2, -3, 0, 0, 0, 2, 0, -4, 1, -2, 0, 0, 0, 1, -2, 0, 2, -2, 3, -1, 2, 2, -1, -1, -7, 1, 1, -2, -1, 3, -1, 2, 3, -1, -2, 2, -3, 1, -3, 0, -1, 2, 2, 1, 0, -1, -1, 0, 3, 2, -3, 4, -1, 1, -1, 0, -1, 1, -3, 1, -1, 0, 0, 0, 0, -3, -2, -3, 3, 1, -7, 0, 0, 2, 1, -2, -2, 2, 4, -1, 1, 10, -1, 6, -4, 1, 2, 0, 8, 1, 4, -1, -5, 5, 7, -11, -4, -7, 1, -2, -1, -2, 10, -10, 9, -5, -7, -3, -9, -5, 8, -3, -4, -1, 6, -6, 15, 10, 5, 9, 0, -5, 2, -3, -4, 5, -7, 0, -3, -15, 7, 2, -2, 20, -10, -5, -1, -5, -6, 0, 1, 1, 2, -5, -4, -1, 13, -4, -6, 6, 2, 5, -5, -6, -11, -4, 8, -6, 8, -9, -11, 23, 10, -7, -6, 14, -9, 6, 1, -15, 0, -8]
[0, 0, 0, 0, 0, 0, 0, 0, 1, 0, 0, 0, 0, 0, -1, 0, 0, 0, 0, -1, 0, 0, 0, -1, -1, 1, 0, 0, -1, 0, 1, 0, -1, 2, 0, -1, 0, -1, 0, -1, 1, 3, 1, 2, 1, 2, 0, 2, -1, 0, 0, -2, 0, -1, -3, -1, 0, 0, -1, -1, 1, -2, 0, 0, 0, -2, -3, 0, 2, 2, 0, 1, 0, 3, -3, -1, 0, 2, -2, -1, -2, -5, 0, 2, -3, 1, -2, 1, -3, -2, 5, -1, 3, 1, 1, -1, 2, -1, -2, -2, 0, 2, -3, 0, 0, 4, 1, 2, 0, -4, 0, -3, 1, -2, 3, -4, -1, 5, -5, 6, 4, 3, -2, -1, -5, 0, -4, 5, -8, -1, 1, 7, 4, -2, -7, 1, 4, 1, -8, -7, 2, 4, -3, -2, 6, -1, 1, 5, -7, -5, 6, 6, 6, 2, 0, 16, -12, -4, -15, -2, 3, 6, -16, 1, 1, -6, -5, 8, 1, -3, -4, -6, -13, -11, -14, -1, -11, -2, -2, -3, 2, 2, -6, 1, 2, 3, -2, -6, 5, 4, 12, 7, -6, 1, -2, 13, -8, 4, 0, -2, 1, -15, -7, 5, 9, -1, -3, 1, -1, 3, -11]
[0, 0, 0, 0, 0, 0, 0, 0, 1, 0, 0, 0, 0, 0, -1, 0, 0, 0, 0, -1, 0, 0, 0, -1, 0, 0, -1, -1, 0, 1, 2, -1, -1, 0, 0, 0, 0, 4, -2, -2, -1, 4, 1, 0, 2, 3, 0, 1, -1, -2, 0, 0, 0, 0, -3, -1, 0, 2, -3, -2, 0, -2, 0, -2, 3, -2, -2, 0, 2, -3, 3, -2, 0, 2, 0, 1, -1, -1, -1, 1, -2, -3, -1, 2, -2, -3, -1, 0, -1, -2, 0, -2, 2, 1, -2, 3, 3, 2, 1, -1, 1, 2, -3, -6, 0, 3, 0, -5, 4, -3, -3, -5, 2, -1, 1, 1, 0, 3, 1, 3, 4, -4, -3, -3, -4, 6, -5, 4, -1, 1, -6, 5, 3, -2, -7, 9, -1, -2, -8, -6, 3, -3, -4, -3, 3, -2, -1, 9, -5, -8, 1, 6, 12, -2, 3, 17, 1, -5, -12, -4, 8, -8, -20, -3, -2, -6, -12, 1, -5, -11, 2, 1, 3, -7, -16, -2, -4, -2, -1, -7, 3, -1, -6, -6, -6, 3, 1, 2, 9, -9, 9, 0, 0, -2, -14, 9, -6, 7, -3, -3, 7, -5, -9, 12, 11, -8, -9, 0, 3, 3, -13]
[0, 0, 0, 0, 0, 0, 0, 0, 0, 1, 0, 0, 0, -2, 0, 0, 0, 0, 1, 0, -1, 1, -1, 0, 0, 2, 0, 2, 1, 0, -3, -2, 2, -3, 1, -1, 0, -1, 2, 0, 1, -2, 0, 1, 1, 0, 0, 3, 1, 2, 1, -2, -3, -2, 2, -1, 1, -2, 4, -2, 2, 2, 0, -1, -1, 0, 0, 2, -4, 2, -1, -1, -4, 3, -1, 0, 2, 2, 0, 0, 0, 1, -3, 0, -3, 3, 0, -1, -1, 0, -1, 3, 1, -3, 3, 0, 5, 0, 2, -1, 1, -1, -1, 1, -1, -1, 3, 6, -4, 0, 1, 2, 0, 0, 2, 2, -4, 3, 4, -2, 49, -1053, -32, 877, 1059, -860, -438, 1041, 520, -1454, 473, 1502, 171, 729, -563, -161, -3714, 570, -532, -1756, -2085, 945, -1004, -82, 4175, 5297, 511, -608, 4663, 800, -4647, -5607, 3410, -810, 929, -4170, 1945, -3823, 2967, 80, -2266, -1624, 1567, 3535, -6198, 3041, 84, 422, -2666, 6481, 1040, 360, -4606, 5902, -2355, 6411, -1694, -4074, -118, 1092, -1519, -13892, 5597, 4257, 7224, -5905, 4347, -4333, -1929, -1260, 4342, -59, -899, -2072, -218, -603, 3922, 4580, -2800, 3174, -5103, 2335, -16825, 1021, 4850, 10760, -893, -4337, 1331, 2164, 8813]
[0, 0, 0, 0, 0, 0, 0, 0, 0, 1, 0, 1, -1, 0, -1, 0, -1, 0, 1, 1, -1, -1, 0, 0, 1, -1, -1, -2, 0, 0, 2, -1, 3, -1, 1, 1, 0, 2, -1, 0, 1, -2, 1, 0, 2, -1, 0, -1, 1, -2, 2, 1, 2, 2, 1, -1, 0, -1, -2, 0, -4, 0, -1, 3, 5, -1, -1, 0, -4, -1, -1, -5, 2, 2, 0, 0, 0, 1, -1, 3, -1, -1, 1, 3, -3, 0, 1, 4, -2, 3, -4, 0, 0, 3, -3, 3, 4, 6, -1, 2, -1, 0, -2, -3, 0, -1, 1, -1, 1, 0, -1, -2, 4, 0, -3, 2, -1, 1, 3, -3, 0, -1, -2, 8, 7, -1, 9, -4, 5, -3, -6, 4, 7, 0, 9, -5, -2, 5, -3, 2, 0, -2, 0, -9, 6, -3, 7, 3, 0, -5, 4, -1, 11, -4, 17, -17, 10, 2, 4, -3, 12, -9, -15, 3, -5, -2, -6, -12, 5, -6, 4, 6, -3, 6, -1, -3, 4, 9, 1, 0, -3, 4, -8, -1, 3, -8, 5, 8, 2, -7, -6, 1, -1, 14, -1, -11, -4, 0, -5, 11, 8, 16, 17, 7, -3, -12, 2, 0, 10, 6, 10]
[0, 0, 0, 0, 0, 0, 0, 0, 0, -1, 0, -1, 1, 0, 1, 0, 1, 1, 0, 0, -1, 0, -2, 1, 1, 0, -1, -1, 1, 1, -1, 2, 0, 0, 0, 0, 0, 0, -2, 0, 0, -1, 2, -2, 0, 1, -3, 3, -4, 2, -2, -1, 1, 0, 1, -1, -3, 4, 2, 1, 0, -2, 1, 0, -1, 1, 2, -1, 3, -1, 0, 0, -4, 1, 2, -3, 3, -2, 2, 1, 4, 4, 1, -3, 3, -1, 1, 0, -1, 1, -1, -2, -6, -2, 1, 0, -1, -2, 3, 2, -1, -7, 1, 2, 4, -2, -2, 1, 1, 2, -4, 1, -1, 0, 1, 0, 3, -1, 2, -1, -6, 1, 7, -3, 3, -6, -5, 6, 9, -2, -7, -2, 5, 6, -13, 8, -1, 4, -1, 4, -5, 16, -9, 4, -7, -11, -7, -6, 2, -1, -14, 6, -2, 1, 3, 0, -3, 6, 7, 9, -2, 5, 2, -7, -2, 0, -1, 17, 1, 4, -4, -1, 8, 6, -5, 7, 3, -2, 3, -4, 16, 5, 2, 1, -1, -2, 8, -11, -2, 8, -15, 6, -7, 5, -19, -2, 7, -4, -12, -1, 9, -16, -7, -5, 17, -4, 2, -2, -1, 3, -25]
[0, 0, 0, 0, 0, 0, 0, 0, 0, 0, 0, -1, 0, -1, 1, -1, 0, 1, 2, 0, 0, 3, -1, 0, -1, 1, -2, 0, 1, 2, -2, 0, 0, -2, 1, -1, 1, -2, 3, -1, 0, -2, 0, -2, -1, 1, -2, -1, 3, 2, -1, -1, 2, -2, 0, 3, 2, 1, -1, -1, -3, 1, 4, -3, 3, 3, -3, 1, 2, 3, -1, 2, 0, -1, -1, -2, -2, 0, 2, -2, 0, 2, -1, 3, -2, 3, -3, 3, 0, 0, 0, 2, 3, -4, -1, 0, 3, 0, 5, -1, 1, -5, 3, 2, -5, -2, -2, 0, -1, 2, 0, -1, 0, 1, -3, 3, -1, 1, 2, 2, -132, -631, -295, 53, 1005, -280, 815, -333, 1889, -526, 415, 290, -797, 1628, -2493, 506, -3782, -659, -214, 0, 443, 280, -1063, 1462, -322, 4069, -1400, 1361, 2883, 1538, -1367, -5226, 3775, -1867, 4954, -3689, 3759, -7720, 1899, 1097, 84, -1746, -233, 2473, -6994, -1820, -1906, 234, -1660, 8578, -376, -1925, -4916, 9293, -1685, 8261, -73, 1313, -2784, 2707, 4129, -12075, 9150, -267, 1804, -11899, 3106, -5210, -3447, 2203, 6595, -5516, -4537, 3022, -2947, 5, -1101, 5867, -5507, 5654, -2206, 4649, -10147, 5055, 3388, 8144, 1035, -2116, 5545, -1972, 2859]
[0, 0, 0, 0, 0, 0, 0, 0, 0, 0, 0, 1, 0, 0, -1, 0, 0, 0, 0, 0, -1, -1, 0, 0, 1, 1, 0, 0, 0, 0, 1, -1, 1, -2, -1, 0, 1, 1, -2, -2, 1, 0, 1, 1, 1, 2, 2, 0, 0, 0, 3, -1, -3, 1, -1, -5, 0, -2, 1, -2, 0, -1, -1, 3, 0, 1, 1, 3, -4, 3, 1, -3, -1, 1, -3, 1, 3, -2, -1, 3, -1, -3, 1, 2, -1, -2, 1, 0, 0, -1, -6, -1, 0, -1, -1, 4, 1, 1, 1, 3, 0, 0, -1, -3, 2, 1, 2, -3, 1, -1, -1, -1, -1, 0, 3, 4, -5, 3, 4, -7, -6, 5, -4, 2, -4, -1, -1, -1, 4, -3, -3, -5, 3, -9, 9, -4, 3, -1, 0, 4, 3, 0, 3, -8, 9, 7, 5, 5, 3, -7, -2, 2, 5, -9, -4, -3, -6, 3, -6, -3, 7, -11, -4, -1, -7, 7, 0, -8, -2, -7, 5, 5, -3, -2, -7, 12, -4, -3, 8, -8, 0, -5, -7, -10, 0, 5, 8, 4, 1, -12, 2, -1, 1, 10, -5, 6, 8, 2, -4, 0, -3, -1, -3, 2, 4, 0, 0, 2, 4, 0, -3]
[0, 0, 0, 0, 0, 0, 0, 0, 0, 0, 0, 1, 0, -1, -1, 1, 0, 0, -1, 1, 0, -1, 2, -2, 1, 0, 1, 2, -1, 0, -2, 0, 1, -1, -1, 1, 2, -2, 1, -1, 1, 1, -1, 1, -1, 1, 0, -1, 0, 0, 3, 0, -4, 0, 3, 1, 0, -1, 3, 1, 0, 4, -3, 0, -3, 2, 0, 1, -1, -3, 2, -2, 4, -4, -2, 3, 0, 2, 1, -1, 1, -3, 4, 3, 1, 1, -1, 3, -1, 3, -5, 0, 1, -1, -1, 1, -1, 1, -1, 4, 0, 2, -2, 4, 1, 3, 2, 2, -1, -1, 4, 3, 0, 3, 4, -2, 0, 0, 3, -4, -2, -2, -4, 5, -11, 6, -2, -10, 7, -2, 11, -4, 4, -4, 6, 8, 2, 16, -3, 6, 3, 2, 2, -1, -2, 8, 2, -2, -3, -7, 7, -7, -2, -6, -4, 6, -5, 4, -3, -1, 17, 2, 11, -4, 3, 14, 7, -2, 3, -2, -2, 2, -15, 2, 3, 1, 7, -11, 6, 5, -1, 7, -15, -3, 7, 24, 0, 1, 5, -4, 4, -14, 11, 6, 2, 16, -4, 21, -2, -5, -3, 9, 1, -1, -11, 6, -1, -4, 1, -4, 4]
[0, 0, 0, 0, 0, 0, 0, 0, 1, 0, 0, 0, -1, 0, 0, 0, 1, 0, -1, 0, -1, 0, 1, -1, -1, 0, -2, 1, -1, 0, 2, -1, 1, 2, -1, -1, 2, 0, 1, -1, 0, -1, 0, 1, 2, 2, 1, 3, -1, 1, 1, -3, -1, -2, -3, 1, 0, -2, 0, -2, 0, 1, 1, 1, -2, 2, 0, -1, -1, 2, -3, 0, 1, -3, -5, 1, 3, 1, 3, 0, 0, -4, 0, 0, 1, 3, 1, -1, -2, -2, -3, -1, 0, -1, 0, 1, 1, 3, 2, 0, 1, -2, -3, -2, -1, 4, 0, 2, 4, -2, -5, -2, 2, -3, -1, 5, -2, 4, 7, 2, 2, -1, -3, -6, 0, -1, 3, -3, -3, 0, 1, 1, 8, -5, -3, 1, 2, 3, -4, 6, -5, -1, 1, -7, -1, 12, 3, 6, 4, -2, -4, -5, -2, -11, -3, 8, -6, 2, 0, -3, 10, 1, -10, -3, -1, 0, -9, 8, 4, -10, -4, -3, -1, -7, -8, 14, -1, 1, 0, -7, 5, -5, -6, -5, -10, 2, -6, -1, 3, 6, -4, 1, -4, 2, -4, 9, 10, -9, -5, 5, 3, -5, 8, -11, -1, 12, 17, -1, 1, 2, 3]
[0, 0, 0, 0, 0, 0, 0, 0, 0, 1, -1, 1, 0, 1, -1, -1, 1, -2, 0, -2, 1, -1, 1, 0, 0, 1, 2, 2, -1, 0, 0, -2, -1, 0, 0, -1, -1, 1, 0, -1, -1, 2, 1, 2, 1, 1, 1, 2, -1, -2, 0, 1, -1, -2, 1, 1, -1, -2, 2, -1, 2, 2, -2, -4, 0, 1, 0, 2, 0, 1, -1, -2, 0, 3, 0, 1, -3, -2, -2, -2, 1, 0, -3, 0, -3, -3, -3, 4, 3, -4, 2, 1, 1, 0, 5, 2, 4, -1, 2, -3, 3, 6, -1, -6, 1, 1, 0, 1, -1, -4, -2, -2, 1, -1, 4, -3, 1, 1, 0, 1, 468, 1925, -1103, -1165, -1349, 991, -624, -3548, 4067, -196, 836, -2733, 1162, 587, -2603, 4228, 1809, -3140, 1329, 3083, 3611, -1143, 757, 5050, -11645, -1218, -6682, 2618, -7484, 2750, 2810, -696, -2941, -983, 6912, 1752, 8342, -7655, 7296, 1675, 12025, -2762, 4507, -2188, -3507, -14720, -3750, -7259, -3156, 11849, -5949, -6786, -10509, 15881, -2963, 2024, 498, 17334, -14569, 6860, 10491, -2108, 12213, -8093, 5266, -16315, 340, -1719, 822, 3782, 13293, -21318, -2950, 7225, -4745, 6322, -18467, 7044, -11198, 13870, 1666, 5047, -4992, 12422, -5387, -9811, -3330, 5661, 25843, -14803, -10925]
[0, 0, 0, 0, 0, 0, 0, 0, 0, 0, 0, 0, 0, -1, 0, 1, -1, 0, 0, 0, 0, 1, 2, 0, 1, -1, 0, 1, 1, -1, -4, -1, 0, -2, -1, 2, 2, 1, 2, 0, 0, -1, -1, 1, -3, -1, -1, -1, 2, 0, 1, -1, -5, 0, 3, 2, 2, 0, 2, 0, -2, 4, -1, -3, -1, 1, 1, 1, -1, -3, 3, 1, -1, -4, 0, 0, 0, -1, 0, 1, 1, 1, 2, -2, 2, -1, 1, -3, 0, 0, -5, -4, -1, -2, 0, 4, 1, 2, -1, 2, -3, -4, 1, 2, 1, 3, 0, 1, -1, -4, 4, 5, -1, 1, 0, 0, -1, 3, 5, -4, -4, -6, -5, -2, -5, 4, 0, -9, 5, 1, -3, -4, 2, -10, 5, 2, -4, 2, 8, 1, -3, -3, 3, 2, -4, 5, 1, -3, 2, 2, -4, -11, -10, 0, -10, 0, 4, 12, 5, -4, -2, -5, 14, -5, 9, 13, 13, -4, -12, -7, -4, -5, -5, 0, 7, 0, 6, -11, 6, 4, -15, -5, -5, -7, 5, 5, -4, 2, 0, -4, -10, -7, 11, -7, 4, 6, 5, 4, -9, 5, -8, 14, -3, -11, -10, 8, 3, 0, 0, -4, 16]
[0, 0, 0, -1, 0, 0, 2, 0, 0, 1, 0, 0, -2, 0, 0, 0, -1, -1, 0, 0, 1, 0, 1, 0, 0, -1, 1, -1, -3, -1, 2, 0, 0, 1, 2, 0, 1, 1, 0, 0, -1, 0, -1, 2, 0, -3, 2, -4, 0, -1, 0, 1, 3, 2, -2, 2, 1, -1, -2, 0, -2, -3, -1, 1, 0, -3, -2, -2, -1, 2, -3, 3, 5, 1, -2, 0, -3, -1, -4, 3, -3, -3, 0, -1, 0, 2, -3, -2, 1, -2, 1, 0, 2, 1, 1, 0, 0, 2, -4, -2, -2, 5, 0, 2, -2, 1, -1, -1, 1, -2, -2, -2, 0, 4, -1, -7, -4, -1, -3, 0, 2255, 6189, -4346, -3129, -3992, 2334, -4129, -12452, 16395, -3757, 4226, -8291, 6136, 2981, -9880, 17053, 2419, -11179, 4183, 9059, 10006, -3120, 1478, 19611, -39012, 3746, -25439, 8742, -23480, 11467, 2150, -11196, -7995, -3932, 26707, 1267, 35772, -33891, 35966, 6016, 45445, -13341, 22595, -3426, -22160, -53253, -13860, -29767, -17932, 55463, -22400, -25052, -49795, 71261, -15229, 15915, -1785, 61924, -58669, 28663, 35888, -28921, 54329, -23446, 37452, -70215, 7643, -12250, 1368, 10165, 59393, -83916, -9389, 22170, -16535, 23810, -66825, 35911, -47437, 59230, -2114, 22266, -49910, 48676, -14650, -23537, -17420, 14948, 103853, -55272, -27271]
[0, 0, 0, 0, 0, 0, 0, 0, 1, 0, 0, -1, 0, -1, 0, 0, 0, 0, 1, -1, 1, 2, 0, -2, 0, 1, -1, -1, 0, 2, -3, 0, -1, 1, -1, 0, 2, 1, 0, -1, 1, 3, -2, 0, -3, 3, 1, -1, -1, 1, 1, 0, -4, 1, -1, -2, 2, 2, 1, 0, 0, 1, 3, -4, 0, -2, -2, 3, 2, -3, 3, -2, 0, -1, -3, -2, 2, -4, 3, 1, 1, -1, 0, 0, 1, 0, 0, -5, -1, -2, -1, -4, 4, -2, 1, 1, 3, -1, 1, -2, 3, 0, 1, 2, 1, 1, -2, -1, 4, -3, 1, 0, -5, -1, 6, -4, 1, 2, 0, 2, 8, 0, -3, -4, 5, 4, -5, -5, -5, 1, -8, 3, 5, -9, -6, 9, -2, -3, -2, -2, -2, 2, -5, 11, -5, 4, -2, 5, 3, -8, -7, 3, -9, 1, -1, 22, 3, 3, -4, 2, 1, -9, -4, -3, 13, -2, -1, 4, -8, -14, -3, 0, 4, -12, 3, 4, 15, -17, 5, 5, -3, -7, -11, -12, 12, -6, -8, 4, -5, -8, -15, -11, 15, 3, -4, 19, 7, 7, 0, -2, 8, -7, -12, 6, 8, 6, 7, 2, 4, -9, -6]
[0, 0, 0, 0, 0, 0, 0, 0, 2, 0, 1, -1, -2, -1, -1, 1, -1, 1, 1, 2, -1, -2, 2, -1, 0, -2, -3, 0, -2, 1, -1, 2, -1, 2, 0, 1, 2, -1, 2, 2, 0, 2, 0, 1, -2, 1, -1, 0, -1, 0, 2, -1, 0, 2, -1, 1, 1, 0, -2, 1, -2, -2, -1, 0, -5, -3, -5, 1, 1, 0, 1, 3, 4, -2, -3, 0, -2, -1, 0, 2, -3, 0, 0, -3, -2, 1, -1, 2, -2, 1, -1, -1, 3, -1, 1, -2, -4, -1, -3, 1, -3, -2, 1, 5, -2, 4, -1, 0, 0, 0, 3, -1, 2, 4, 2, 4, -5, 0, -3, -1, -496, -1085, 982, 650, 698, -430, 788, 2428, -3700, 828, -1051, 1673, -1172, -910, 2299, -3546, 239, 2504, -878, -1739, -2027, 648, 87, -4297, 8233, -1660, 5409, -2156, 4056, -2720, -209, 3480, 1151, 1010, -6344, 236, -7876, 8233, -7933, -1394, -9613, 3307, -4811, 582, 5707, 11718, 3105, 6290, 3582, -12961, 4731, 5378, 11703, -16618, 3617, -5098, 263, -13302, 12735, -6546, -8039, 8090, -12112, 4777, -8481, 16701, -1961, 3195, 224, -2491, -13489, 18506, 2721, -4648, 3599, -4387, 13315, -8770, 10548, -13339, 314, -5058, 12931, -10584, 2824, 3454, 3667, -3545, -21831, 11480, 4265]
[0, 0, 0, 0, 0, 0, 0, 0, 0, 0, 0, -1, 0, 0, 0, 0, -1, 1, 1, 0, 1, 1, 1, 1, 0, -1, 0, 0, 0, 0, -2, 0, -1, 0, 1, 0, 2, 0, 0, -1, 0, -1, -1, 0, -2, 0, -1, -1, 2, 3, -1, -3, 0, 1, 0, 0, 1, 4, 1, 3, 1, 2, 3, -1, 2, -3, -2, 1, 3, 1, -1, 0, -4, -4, 2, -1, 3, 2, 3, 1, 1, 1, 1, 1, 1, 2, -3, -1, 0, -1, -3, -2, 1, 0, 1, 0, 8, 0, 1, 4, -2, -2, 3, 4, 1, 0, 1, 1, 4, -1, 1, -1, 3, -1, -2, 1, 0, 7, 3, 4, -4, 5, -1, -6, 7, -4, 0, -3, 3, 4, -2, 10, 2, -6, -1, -7, -2, -7, 9, 8, 2, 3, -5, 1, 1, -3, -3, 4, 8, 2, -4, -4, 6, 5, -2, 2, 20, 12, -1, 0, -2, 1, 3, 0, 8, -2, 5, 9, -8, 4, 3, 11, 9, 5, 7, 2, 3, 5, 9, 5, -9, -11, 8, 4, 6, -16, 6, -5, 16, -2, -6, 12, 2, 10, -8, -2, -3, -10, 3, 16, -10, 15, 8, 12, 13, 3, 0, -1, 9, 4, -4]
[0, 0, 0, 0, 0, 0, 0, 0, 1, -2, 1, -1, 0, 0, 0, 1, 0, 1, 0, 1, -1, -2, 1, 1, -1, 2, -2, 1, -1, 1, 1, 2, -1, 1, -2, -1, 2, -3, 0, -1, 0, -2, 0, 0, -1, 3, 0, 4, -2, 3, -1, -1, 0, 1, -1, -4, -2, 3, 0, 2, 2, -2, 3, 3, -3, 1, -1, 4, 1, 4, -3, -1, -2, -2, -1, -1, 1, -1, 2, 5, 0, 0, 2, -3, 2, 0, 1, 3, -1, -2, -3, -1, -1, -1, 3, 1, 1, -1, 2, -1, 3, -4, 0, 6, -2, 3, 0, 1, 3, 1, 0, 2, -2, 0, 2, 1, 0, 4, 3, -2, -11, 12, 8, -7, 3, -6, -2, 10, -11, -8, 3, -3, 3, 3, -8, 2, -3, 8, -6, 20, -16, 22, 2, 3, -2, 13, 1, -4, 5, 2, -14, 1, -6, 2, -20, 7, -13, 16, 5, 11, -10, 3, -2, -8, 1, 10, -4, 15, -6, 16, 2, 9, 6, 6, -9, 37, -7, 5, 10, -8, -10, 10, -4, -9, -13, -3, 11, 0, -19, -4, 4, 9, -14, 13, -3, 34, 5, 3, 6, -15, 0, -2, -1, -9, 13, 11, 22, 10, -15, 1, -12]
[0, 0, 0, 0, 0, 0, 0, 0, 0, 1, -1, 1, 0, 1, 0, 0, 0, -2, -1, 0, 0, -1, 0, -1, -1, -1, 2, 3, 0, -2, 0, 1, 0, 1, 1, 2, -1, -3, 3, 1, -2, 0, 0, 2, 0, 0, 3, 3, -1, -2, 1, -2, 2, -2, 0, 4, -1, 0, -2, -1, 2, 1, -2, 1, 0, -1, 0, -1, 0, -4, -3, -1, -2, 2, -2, 3, 0, 4, 2, 0, 4, 2, -2, -1, -1, 4, 0, 2, -2, 1, 0, 2, 1, 3, -1, -1, 0, 2, -1, -2, 0, -2, 2, 2, -1, 0, 3, 6, -3, -1, 2, -3, 0, 2, 4, -7, 2, 0, -3, 2, -101, 27, 518, 166, -367, 31, -78, 985, -2341, 616, -662, 356, -72, -1242, 2212, -1487, 2369, 1251, -192, -505, -962, 32, 680, -2280, 3003, -3059, 2737, -1469, -450, -1809, 713, 4279, -1665, 1451, -4965, 2214, -4655, 7322, -4012, -1140, -3353, 1948, -1734, -1394, 5952, 5115, 2236, 2170, 2220, -9525, 1806, 2831, 7206, -11017, 2416, -6354, 188, -5381, 6073, -3817, -5244, 9933, -9381, 1566, -4499, 12924, -2423, 4103, 2121, -2041, -9005, 9460, 3593, -3262, 2886, -1180, 5122, -6795, 6877, -7810, 1291, -4293, 11025, -6644, -1121, -3462, 982, -39, -10379, 5063, -546]
[0, 0, 0, 0, 0, 0, 0, 0, 0, -1, 0, -1, 1, 0, 1, 0, -1, 1, 0, 2, -1, 0, 1, 1, -1, -1, 0, 1, -1, 0, -1, 0, 0, 1, 1, -1, 1, -3, 2, 2, 1, -3, -2, -1, -2, -3, -3, 2, 1, 2, -3, -1, 2, -1, 2, 2, 0, 2, 1, 2, -1, 2, 1, -1, -3, 0, -5, 1, 1, 3, -2, 4, -2, -5, 1, 0, -2, 3, 3, 0, 3, 0, 3, -3, 1, 0, -1, 1, -2, 1, 0, 0, -1, -2, 1, -4, -1, 0, -2, 1, -2, -3, 2, 7, -4, 2, -1, 0, -5, 0, 3, 2, 1, 2, -2, 2, 1, 1, -2, 1, -265, -340, -58, -210, 500, 8, 1099, -229, 715, 317, 14, -29, -967, 1004, -1461, -164, -1677, -359, -139, 402, 814, -67, -526, 473, -631, 987, -401, 1104, 1250, 561, 729, -1610, 2110, -1040, 2797, -1452, 1024, -3516, -1059, 604, -569, -261, -1677, 607, -2364, -801, -1111, 1171, 478, 2254, 31, -840, -352, 2650, 102, 3676, 631, 487, -162, 703, 2674, -2953, 3015, -1033, -2937, -4770, 463, -2001, -1878, 1985, 1433, -1291, -3003, 2550, -1678, -788, -108, 1458, -1613, 1140, 377, 1966, 541, 1772, 1287, 2944, 1917, -329, 37, -356, -297]
[0, 0, 0, 0, 0, 0, 0, 0, 1, 1, 0, -1, -1, 0, 0, -1, 1, -1, 1, -1, 0, 0, 0, 1, -2, 1, 0, 0, -1, 0, 0, -1, 0, 1, 1, -2, 1, -2, 3, 1, 0, 1, 0, 0, 3, 1, 2, -3, 2, 0, 1, 0, -1, -1, -3, 0, 2, -3, 1, -1, 2, -3, -1, 1, 0, 1, -1, 2, -1, 6, -4, -1, -1, 3, -2, -1, -1, 1, -3, -2, -6, -1, -3, 4, -2, 2, -2, 1, 0, -3, 2, 3, 1, -1, 1, 0, 5, -3, 3, -4, -1, 3, 1, -3, 0, -3, 1, 0, 0, -1, -1, -5, 0, 0, 2, -1, -4, 2, -1, 3, 1148, 3771, -3191, -2868, -1719, 2225, -940, -9362, 12920, -1318, 2810, -6509, 2327, 3754, -10182, 11444, -1407, -9028, 3173, 7641, 9769, -2408, 209, 15095, -29860, 3731, -18906, 8305, -13820, 8898, 4953, -9852, -2657, -5203, 24233, -745, 25823, -31173, 22093, 5892, 30408, -9266, 11909, -1301, -18598, -40192, -12225, -18507, -10540, 43198, -15717, -19203, -34943, 53753, -10298, 16765, 997, 46162, -41356, 21283, 32455, -23795, 43842, -20415, 17931, -59206, 5098, -12042, -3530, 12255, 45319, -62058, -13898, 22109, -15624, 15070, -47745, 28089, -36258, 42825, 1240, 19137, -30458, 38926, -8620, -12131, -7882, 11380, 72354, -40618, -21827]
[0, 0, 0, 0, 0, 0, 0, 0, -1, 0, 1, 0, 0, -1, 1, 0, -2, 1, 2, -1, 0, 2, 0, 1, 0, 1, -1, -3, 1, 0, 0, 1, 0, 1, -2, 0, 1, 2, 0, -4, 2, -1, -2, 0, -1, 1, 1, -2, 1, 2, -1, 1, -1, 1, 1, -5, 2, 0, 0, 0, 2, 6, 2, -1, 1, 2, -1, 0, -2, 1, -1, 2, -3, -1, 2, 2, 3, -2, 3, 1, 1, 0, 3, 1, -6, 3, 2, -1, 2, -1, -2, 3, -2, -1, 1, 3, 4, -1, 1, 1, -1, -1, 3, -3, 0, 0, 1, 0, 4, 0, 1, 1, -2, 1, 4, 1, 0, 7, -1, -4, -4, -1, 2, 8, 10, -2, -4, -1, 0, 0, 3, -1, 1, -5, 6, 5, -12, -13, 1, 19, 4, 2, -5, 4, 3, 8, 7, -1, 0, -7, 3, 3, -2, 1, -8, 0, 8, -1, 11, 10, 1, -3, 5, -3, 4, 8, 5, 2, -11, -3, 11, 11, 12, 3, -1, 16, 6, 12, 3, 10, -17, -8, 14, -26, 5, 4, 11, 18, -14, -14, -1, 2, 2, 11, 4, 19, -10, -8, 24, 5, -2, -12, 12, 11, 10, -3, -2, 0, -2, -2, 4]
[0, 0, 0, 0, 0, 0, 0, 0, 0, -1, 1, 0, 0, 0, 0, 1, -1, 1, -1, 1, -1, -1, 0, 1, 1, 0, -1, -2, -1, 0, 3, 1, 0, 1, -1, -2, 0, 1, -1, -1, 2, -1, 0, 0, -1, 2, 2, 1, -1, -1, 0, 0, 2, 2, -2, -4, -1, -3, -2, 1, -1, -1, 0, 4, -3, 0, 1, 1, -2, 3, -2, 4, 1, 2, 0, 3, -1, -3, 1, 6, -1, -3, 3, -5, -2, 0, -1, -1, -1, 0, -4, 2, -3, 1, -1, 1, -4, 3, -2, 1, 1, 2, 0, -3, 1, 3, 0, -3, 3, 1, -1, -2, 1, 2, -3, 3, -1, 2, 0, -7, -9, 6, -2, 8, -3, -9, 5, 1, -6, -3, 12, -6, 3, 4, -3, 1, -3, -3, -15, 11, -10, 5, 9, -1, -1, 8, 0, 0, -2, 5, 2, 2, -6, -2, -5, -3, -23, 1, 6, 13, 6, 0, 0, -4, -2, -6, -9, 3, -2, -1, -3, 1, -10, 5, -13, 24, -1, 12, -3, 4, 4, 11, -12, -8, -16, -5, 16, 7, -15, -6, 16, 5, -21, 18, -11, 5, -2, 9, -9, -5, -6, -6, 16, -22, 10, -1, 0, 3, -10, 6, -7]
[0, 0, 0, 0, 0, 0, 0, 0, 0, 0, -1, 0, 2, 0, -1, -1, 1, 1, -1, 0, 0, 0, -1, 1, 1, -1, -1, -1, -1, 1, 2, -1, 2, 0, -1, -1, -2, 2, -2, 1, 1, -1, 1, -1, 2, -3, 1, 1, -1, 0, 1, 0, -1, 1, -2, -1, 0, -1, 0, -1, -2, -2, 2, 1, -1, 2, 0, -4, -1, 0, 0, -1, 1, -3, 0, 1, 1, 5, -2, 1, -1, -2, -1, 2, 5, -3, 0, 2, 0, 2, -3, -5, 1, -1, -2, -2, -5, 0, 2, -1, 0, -1, -3, -2, -1, 4, -3, -8, 3, 0, -2, -1, 1, -2, -4, 3, -2, -4, 3, 2, -693, -1439, 731, 412, 1336, -478, 1794, 1958, -1978, 848, -823, 1575, -2126, 379, 60, -3147, -2472, 1726, -868, -1252, -969, 710, -668, -3015, 6852, 638, 3871, -661, 5839, -1466, 8, 82, 3984, -656, -1859, -2210, -5088, 1980, -7261, -365, -9130, 2237, -5778, 1953, 734, 9257, 1267, 6669, 3016, -6680, 4279, 3501, 8422, -9681, 2596, 882, 841, -11168, 10435, -4293, -3362, 517, -5093, 3363, -9349, 6813, -231, -488, -2541, 188, -8599, 13629, -1583, -977, 686, -4524, 11471, -4613, 6090, -9104, 12, -1355, 8357, -6117, 4846, 8290, 4962, -4174, -17529, 9370, 4631]
[0, 0, 0, 0, 0, 0, 0, 1, 0, 0, -2, 0, 0, 0, 0, 1, 1, -1, 1, 1, -1, -3, 0, 3, -1, 0, 0, 2, 0, -1, 0, -1, 2, 1, -1, -1, 0, 1, 0, -1, 1, -5, 0, 0, 1, 1, -1, 4, -1, 4, -3, 1, 2, 0, 0, 2, -4, 2, 1, 2, -1, 1, 2, 1, -1, 0, 1, -2, 0, -3, 1, 1, 0, 0, 0, 1, 2, -1, -1, 1, 2, 0, 3, -5, 1, -1, -4, 2, -3, 0, 1, 5, -4, 2, 1, 2, -1, 3, 0, -1, 2, 4, 1, -1, -3, 1, -2, -3, -4, -2, -2, 2, 4, 2, -3, 2, 3, -2, 0, -5, 15, 344, 1047, 432, -1121, -75, -513, 1837, -4602, 701, -1141, 489, 76, -2572, 4782, -2419, 5350, 2408, -260, -1007, -1989, 308, 1458, -4166, 5163, -6365, 4927, -2977, -1946, -3198, 740, 8305, -4019, 3179, -9820, 4620, -7983, 14965, -6913, -2296, -5008, 3376, -2269, -3379, 11598, 8883, 4352, 3213, 3828, -17880, 2965, 4902, 13080, -20295, 4247, -12462, 202, -9558, 10461, -6878, -10429, 19127, -17727, 2931, -7056, 25048, -4377, 8472, 5136, -4211, -17595, 16734, 7779, -6711, 5386, -1070, 8639, -13224, 12579, -13333, 1844, -8415, 20112, -12705, -3114, -8394, 1479, 552, -17154, 8797, -1353]
[0, 0, 0, 0, 0, 0, 0, 0, 0, 0, 0, 0, 0, -1, 0, 1, 1, 0, -1, -1, 0, 1, 0, 0, 0, 1, 1, 1, 1, -1, -1, 0, 1, 1, -2, -1, -1, -1, 1, 0, 1, -3, -1, 2, 1, 0, 0, 2, 1, 2, 0, -2, -4, 0, 1, 1, 0, 0, 3, 1, 1, 5, 0, 0, -2, 3, 5, -3, 0, -4, -1, -3, -1, 0, -3, 1, 4, 4, 1, -1, 0, -2, 3, -1, 1, 3, 1, 0, 0, 0, 0, 2, 0, -3, 2, 2, 2, 1, 1, 4, 0, 2, -1, 0, 0, 0, 0, 5, 1, -3, -1, 7, -1, -4, 1, 0, 4, 3, 6, 0, 1, -5, -2, -1, 3, 1, 0, -1, 1, 0, 0, -3, 0, -4, 2, 10, 3, 11, 3, 6, 1, -2, -2, -9, 7, 9, 0, 5, -2, 6, -2, -1, -3, -3, 1, -1, 0, 1, 0, -1, 16, 10, 0, 0, -1, 5, -1, 7, 12, -4, -1, -9, 1, 8, 4, 9, 3, -2, 3, -5, 8, 0, -1, -1, 9, 6, -2, 5, 8, 4, -8, 0, 6, 1, 1, 14, 13, -1, -2, 10, -2, 5, 2, -6, -10, 8, 7, 2, 1, 2, 8]
[0, 0, 0, 0, 0, 0, 0, 0, 0, 0, 0, 0, 0, 0, 1, -1, 0, -1, 2, -1, 0, 2, -1, 0, -2, 2, -1, -1, 1, 0, -1, 1, 0, 2, -1, 0, 0, 0, 2, 0, 1, 0, 0, -1, 1, 0, -2, 0, -2, 2, -1, 2, 2, 0, 0, -3, 0, 2, 2, -1, 2, 1, -1, -1, 3, 0, 0, 1, 0, 1, -2, 2, -5, 3, 2, -3, 3, -2, 3, -1, 1, 4, -2, 1, -4, 5, 1, 1, 0, 1, 6, 1, -2, -2, 4, -1, 6, 0, 1, -2, 2, -1, 2, 1, -2, -6, -1, 2, -1, 0, 2, 4, 1, -1, 4, 0, 0, 1, -4, 3, 6, 1, 3, 4, 12, 0, 0, 12, -1, 1, -2, 2, -1, 1, -4, 0, -6, -6, 4, 10, -1, 8, -9, 10, 0, -2, -1, -5, 0, 7, -1, 8, -3, 8, 3, -3, 15, 6, 8, 4, -2, 1, -4, 6, -3, -4, 4, 1, -5, 9, 0, 6, 19, -1, -1, 7, -7, 3, 1, 6, -2, -4, 7, -6, 12, -7, 6, 16, -7, 4, -4, 6, 0, 5, 12, 9, -11, -6, 10, 9, 12, -6, 7, 6, 11, -7, 1, 6, -4, -2, -4]
[0, 0, 0, 0, 0, 0, 0, 0, 0, 0, 0, 0, 1, 1, 0, -1, -1, 0, 0, -1, 1, 0, -1, -1, 0, 0, 0, 0, 0, 0, -1, -2, -2, 1, 3, 2, 1, 0, 1, 1, 1, 1, 0, 1, -2, 0, -1, 1, 1, 3, -3, -1, -1, -1, -1, -2, 0, 1, -1, -2, -2, -2, 2, -3, 1, -1, -3, 1, 2, -2, 5, 0, -1, 1, 3, -2, -1, 3, 1, -5, -1, 4, 2, 3, -1, -2, -2, -1, -4, 0, 3, -2, 3, -2, 1, 0, -2, -7, -4, 2, -1, -2, 0, 1, -2, -3, 3, 4, 1, 3, -1, 0, -1, -2, 3, 0, 3, -1, -5, 3, -92, -58, -24, -101, 58, -11, 582, -172, 232, 73, 27, -124, -488, 459, -443, 28, -295, -98, -127, 272, 248, -99, -218, 237, -534, 32, -50, 593, -113, 287, 268, -478, 794, -209, 1200, -423, 825, -1011, -575, 150, 199, -415, -786, -329, -745, -588, -376, 448, 296, 380, -196, -531, 202, 1137, 331, 1676, 277, 361, -154, 267, 756, -417, 730, -684, -1590, -1129, 48, -505, -327, 787, -412, -745, -905, 841, -515, 55, -218, -17, -402, 690, 143, 691, 1326, 282, -67, 518, 1028, 198, 412, -200, -605]
[0, 0, 0, 0, 0, 0, 0, 0, -1, 0, 1, 0, -1, -1, 0, 0, 0, 2, -1, 1, 1, 1, 0, 1, 2, -1, 0, -1, -1, -1, 3, 0, -1, -2, 2, -1, 0, -2, -1, -1, 0, -2, -1, 0, -1, -4, 0, -4, 3, 1, -1, 2, 0, 2, 1, 3, 4, -2, 2, 0, -1, -1, 1, 0, 0, 3, 1, -4, -2, -1, -2, 0, 3, -1, 2, 1, -2, 4, -2, -1, -5, 0, 0, 1, 2, -2, 2, -1, 2, 2, -2, 1, -2, -2, -2, 0, -4, -2, 2, 2, -3, -3, 0, -2, -1, 0, 2, 0, 3, 4, -1, 0, 3, -1, -6, -1, -3, -3, 6, -1, 159, 361, -565, -306, 44, 183, 77, -1520, 2401, -579, 587, -870, 153, 1115, -2114, 1934, -1272, -1445, 298, 1063, 1345, -280, -325, 2698, -4339, 1990, -3028, 1630, -1347, 1800, -162, -3314, 793, -1165, 5025, -1341, 5321, -6890, 4095, 1106, 4666, -2213, 1921, 474, -5006, -6421, -2245, -2789, -2249, 9013, -2572, -3428, -6736, 11164, -1933, 5442, -46, 7060, -7097, 3975, 5430, -7599, 9206, -2938, 3764, -11886, 1874, -3426, -1415, 2191, 8364, -11005, -3049, 3666, -2947, 2505, -7206, 5912, -6931, 8341, -1026, 4239, -8206, 6969, -391, 1008, -841, 834, 12771, -6616, -1971]
[0, 0, 0, 0, 0, 0, 0, 0, 0, 0, 0, 0, 0, 0, -1, 1, 0, 0, -1, 0, 1, -1, 0, 1, 1, 0, 1, 1, 0, -1, 0, 0, -2, -2, 1, 1, -2, -1, 1, 0, -1, 0, 1, 1, 0, 0, 2, 1, 2, -5, -1, -1, 0, 0, 1, 2, 0, 1, -3, 3, 0, -2, -3, 0, 1, -1, 4, 2, 1, -4, -1, -1, 1, 5, 3, 1, -6, 0, -5, 3, -2, 3, -2, 0, -1, -2, -1, 1, 1, -2, -4, -2, 3, 2, -2, 4, 1, 0, -1, -1, 1, 2, -1, -4, 0, 5, 2, 4, 0, 1, -2, -2, 0, -1, 1, -5, 4, 1, 3, 1, -6, -4, -1, -8, -4, 4, 1, 0, 4, 2, -3, -4, -11, 1, 3, 5, 1, 7, 0, -13, -1, 4, 6, -3, 3, 0, -2, 4, -8, -1, 2, 3, -3, 0, 8, 10, -5, -3, -5, -3, 1, 6, -4, -4, 3, 10, -4, 1, 3, -1, -5, -10, -7, -3, -2, -15, 7, -7, 2, -5, 0, 12, -5, 8, -6, 12, 7, -2, 8, 1, 8, -5, 5, -2, -6, -1, -12, 21, -6, -5, -9, 10, -8, 0, -2, -2, -13, -4, 3, 7, -4]
[0, 0, 0, 0, 0, 0, 0, 0, -1, 0, 0, 0, 0, 0, 1, -1, 0, 0, 0, 1, 1, 1, 0, 0, 0, 0, 1, 2, 0, 0, -1, 0, -1, -1, 1, -1, -1, -2, -1, -2, 0, 2, 0, -2, -1, -2, -2, 1, 1, 0, -2, 3, 0, -2, 2, 4, 0, 1, 1, -2, 0, 2, 1, 0, 0, 0, -1, -1, 1, 0, 2, 3, 0, -2, 3, 0, -4, 2, 1, -4, 1, 0, -3, 1, 0, 0, -3, 1, -3, 3, 5, 3, -3, 1, -1, -5, -1, 1, 2, -2, 2, -1, -3, 3, -1, 4, 1, -3, -4, 4, 2, 1, 3, 1, -4, 0, -3, -7, 0, 4, 0, -7, 2, 0, -3, -1, -3, -4, -3, -1, 3, 3, -11, 7, -2, 7, -4, -2, 5, 3, 4, -3, 0, 2, -12, -4, -4, -3, -3, -2, 9, -5, 7, 4, 7, -7, 2, 0, -4, -3, 0, 8, 6, 1, -11, 4, 1, 9, 7, 10, 4, 0, -10, 7, 1, -10, -4, 1, -6, -3, -1, 4, 19, 6, 1, 3, -1, 5, -6, 10, 2, 7, -1, -9, 7, -9, -8, -9, 14, -1, -10, -11, 2, 6, -20, -4, -13, -4, -4, -3, 11]
[0, 0, 0, 0, 0, 0, 0, 0, 0, -1, 0, 0, 0, 0, 0, 0, 0, 0, 2, 2, -1, -1, 1, 1, -2, 1, -1, -1, 0, 1, 2, 1, 1, -1, -2, 0, 1, -1, -2, -2, -1, -1, 1, -2, 2, 1, -2, 1, -3, 0, -1, 3, 5, 0, 1, -3, -4, 3, -1, 0, 1, -2, 1, 2, 4, 0, -2, 3, 2, 4, -2, -2, -2, -1, 2, -1, 3, -5, 2, 3, 0, 0, -2, 1, 0, -2, 0, 3, -1, 0, -1, 0, -5, 0, 1, 2, 0, 2, 3, -4, 6, -3, 3, 0, -3, 1, -2, -4, 3, 2, -1, -2, 1, -1, -3, 3, 1, -1, 0, -1, -7, 7, 11, -4, 8, -4, 1, 5, 2, -7, -7, -2, 2, 4, -8, -6, -9, -6, -2, 12, -3, 12, -4, 0, -3, 3, 1, -4, 11, -6, -12, 1, 8, 1, 0, -6, 14, 10, 8, 5, -7, -8, -3, -5, -12, 8, -1, 0, -9, 13, 7, 8, 22, 2, -3, 19, -14, 6, 13, -7, 7, 6, 3, -14, -11, -7, 16, 3, -10, -5, 2, 0, -12, 10, -9, 8, -1, -7, 6, -11, 7, -1, 7, 7, 17, -4, 4, -1, -16, 4, -24]
[0, 0, 0, 0, 0, 0, 0, 0, -1, 0, 1, 0, 0, -1, 1, 0, -2, 0, 0, 0, 1, 3, 0, 0, 0, 0, 2, 0, 1, -1, -2, 0, -1, -2, -1, 0, -3, -1, -2, 1, 3, 0, 1, 1, 0, -1, 0, -1, 3, -1, -2, 1, -3, -1, -2, -1, 0, -3, -2, 2, 2, 3, 0, -2, 1, 3, 2, 0, 1, -2, -2, 1, -1, 2, 1, 1, -2, 2, -1, 1, -1, -1, -7, -2, -2, -1, 0, -6, 1, -1, 2, 0, -1, -2, -3, -3, 1, -1, 0, 5, -2, 2, -2, -3, 1, -2, -1, 2, -1, 4, -2, 5, 1, 0, -7, -3, 3, 1, -1, -2, 0, -8, -5, 3, 0, -4, -12, -11, -1, 2, -2, -4, -13, -9, -4, 6, -5, 2, 9, 1, 6, -2, 4, 1, -6, -5, -7, -2, 3, 7, 2, -5, -3, 2, -15, 4, -1, 1, -6, -3, -5, 11, 6, -4, -7, 3, 0, -2, 7, 6, 2, -3, -14, 2, -19, -18, 3, -18, -14, 5, -4, -8, 6, -10, 1, 15, 2, 8, 6, 5, -1, 0, 5, -2, -5, 2, -21, -9, 6, 14, -3, -3, -3, 0, -19, -14, -22, -8, -10, -4, 13]
[0, 0, 0, 0, 0, 0, 0, 0, 0, 1, 0, 0, -1, 0, 0, -1, 0, 0, 1, 0, 0, 1, 0, 0, 0, -1, -1, -2, -1, 1, -1, -1, 2, 2, 2, 0, 0, -1, -1, 3, 1, -3, 1, 2, 1, -4, -2, 0, 2, 2, 0, -1, 0, 0, 1, 1, -1, -2, -1, 2, -4, 0, 2, -2, 2, 1, -1, -2, -1, 3, -2, -2, 4, 1, 0, -3, 0, 1, -3, -3, -1, 2, -2, 2, 0, 1, 1, 0, -4, 0, 4, 1, 1, 3, 2, -5, -1, -3, -1, 0, -2, -1, -4, 2, 1, -3, 1, 8, -1, 4, -4, 0, 2, 0, -5, -3, 2, 1, -1, 2, 4, -3, 0, 9, 7, -12, 0, -6, -1, 0, -9, 7, 5, 6, 2, -15, 2, 2, 2, -1, -5, 4, 0, 3, -1, -13, 5, -3, 3, -1, -5, -4, 0, 3, 9, -6, 3, -2, 6, -2, -9, 6, -4, 10, 2, -5, 3, -4, 6, 1, -6, 4, -10, -7, 4, -26, 6, -3, -10, 8, -4, -5, -5, 8, 13, -7, -9, 0, 7, 8, -16, 9, 2, -2, 2, -17, 0, -20, -3, 14, 5, 7, 3, 9, -9, -13, 6, -2, 6, 5, 9]
[0, 0, 0, 0, 0, 0, 0, 0, 0, 0, 0, -1, -1, 0, 1, 0, 0, -1, 0, 2, 1, 0, 0, 1, 1, 0, 0, 3, 1, 1, -3, -1, -2, -1, 1, -1, -3, -1, 1, -1, -1, 0, 0, -1, -4, 2, -2, 0, 3, -1, -1, 0, 0, 2, 1, 2, 1, 1, 2, 1, 0, 2, 1, -1, -1, 0, 4, 2, 0, -2, -1, -5, 0, 3, -2, 3, -5, 1, -2, -1, 0, 0, 3, -5, -1, -4, -4, 1, 0, -2, 0, 5, 3, -4, -1, 1, 2, 0, 2, 2, 0, 6, 4, -3, -1, -2, -1, -3, -1, 0, 3, -4, 0, -1, -1, 0, 2, -1, 0, -4, 151, 580, 315, 11, -867, 200, -730, 295, -1873, 355, -443, -199, 672, -1412, 2354, -476, 3429, 655, 144, -88, -388, -223, 983, -1409, 562, -3619, 1347, -1204, -2594, -1435, 950, 4668, -3376, 1753, -4543, 3313, -3381, 7039, -1850, -1057, -230, 1692, 232, -2125, 6241, 1931, 1783, -230, 1416, -7901, 430, 1809, 4710, -8554, 1701, -7317, 48, -1597, 2649, -2531, -4095, 10677, -8102, 427, -1567, 11014, -2722, 4646, 2995, -2118, -6285, 5238, 4273, -2854, 2600, 38, 1200, -5262, 5059, -5118, 1634, -4059, 9128, -4717, -2876, -7088, -746, 1450, -5120, 1810, -2357]
[0, 0, 0, 0, 0, 0, 0, 0, 0, 1, -1, 0, 0, 0, 0, -1, 1, -1, 0, 0, 1, 1, -1, -2, 1, 0, 2, 1, 0, 1, -2, 0, -1, -1, 2, 1, -3, -2, 0, 1, -1, 3, -1, -1, -2, 0, 2, 0, 2, -4, 0, 2, -1, 0, 2, 3, 2, -3, 1, 0, 0, 1, -1, -2, 0, -1, 1, 2, 0, -5, 1, -5, 3, 3, 0, 2, -4, -1, -3, -3, 0, 1, -5, 0, 0, 2, 2, -1, -1, 1, 2, 3, 3, 2, -2, -1, -2, -2, 2, -4, 3, 3, 1, -2, 1, 0, 0, 2, -5, 1, 2, -4, -4, -2, 2, -5, 2, -4, -1, 1, 10, -4, -3, 2, 0, 4, 2, -12, 1, 4, -8, 1, -11, 4, 5, 8, 0, 10, 4, -15, 2, -11, -3, 2, -8, -2, -1, 10, -3, -3, 3, 0, -7, 0, 26, 11, -4, -12, -9, -3, 1, 0, -2, 5, -7, 0, 2, -7, 10, -10, 1, -10, -6, -10, 21, -22, 13, -19, -5, -1, 7, 4, 2, 4, 10, 9, -15, 5, 0, 9, -19, -12, 14, -4, 9, -12, 5, 8, 7, -5, 0, 0, -13, 7, -19, -1, -7, -5, 8, -3, 8]
[0, 0, 0, 0, 0, 0, 0, 0, 1, -1, 0, -1, 0, 0, 1, 0, 0, 0, 1, 1, -1, 0, 0, 0, -1, -1, -3, 1, 1, 2, 0, 2, -1, 0, 0, -1, 0, 1, 2, 1, -3, 0, 1, -3, 0, 0, -3, 3, -3, -1, -2, 2, 6, 0, 0, 4, -2, 3, -2, 0, -1, -2, 0, -2, 1, 0, -2, 0, 3, 0, 0, 3, 0, 0, 1, -3, -3, -4, 0, 2, 2, 1, 0, -4, 1, 1, -2, 4, 1, 1, 3, 1, -1, -2, -1, -2, -1, 4, 5, -2, 3, -3, 2, 1, -3, 1, -5, -6, -3, -3, 2, 0, -1, 3, -3, 2, 1, -1, 0, 0, 7, 2, 8, -1, 4, -2, 5, 7, -6, 3, -6, -1, 4, 14, -16, 4, -6, 1, -11, -1, -15, 8, -5, 11, -10, -2, -6, 0, 3, 12, -12, 2, 1, 6, 4, 4, 2, 8, 8, 10, -7, -5, -6, -4, -6, -12, -8, 10, -9, 9, -3, -1, 16, 8, 2, 18, -9, 6, -2, -2, -2, 17, -2, 4, -16, -10, -3, -3, -15, 9, -4, 6, -11, 2, 3, -8, 12, 1, -6, -8, 13, -2, -1, -15, 13, 7, 19, 9, -12, 1, -12]
[0, 0, 0, 0, 0, 0, 0, 0, 1, 0, -1, 1, -1, -1, -1, -1, 1, -1, 2, 1, 0, 2, 1, -3, 2, 1, -1, 0, 0, 2, -3, -1, 1, -1, -1, -1, -1, 0, 1, 1, -1, 1, -1, -1, -1, 1, -2, 0, 1, -2, 3, 2, -2, 2, 2, 0, 2, -1, 4, 0, -5, 1, -2, -5, 5, 2, 1, 3, -1, -2, 4, -4, 4, 0, -2, -2, -3, -6, -2, -2, -1, 0, -2, 2, 0, -2, 0, 2, 0, 0, 0, -3, 3, -3, 1, 1, 0, 2, 5, -1, 4, 3, 2, -1, 1, -3, 0, -1, -2, 1, 2, 0, -2, -2, 1, 1, 0, -2, 2, -4, 15, -1, -7, 8, -9, -4, 3, -8, 5, 4, -18, -4, 0, -8, 4, -1, 5, 4, -2, -9, -9, -1, -3, 4, 8, -1, 7, 0, 8, 0, -10, 3, 2, -9, 14, 12, -5, 6, -1, -4, 7, -9, -3, 5, -5, 1, 2, -6, 6, -5, -2, -4, -5, -11, 12, -15, 17, -27, 13, 8, -7, -6, -18, 0, 16, -2, -9, 6, -1, -6, -18, -9, 27, 1, 10, -3, 12, 8, -6, 5, 8, 8, -12, -2, -12, -2, 9, 3, 18, 0, -8]
[0, 0, 0, 0, 0, 0, 0, 0, 1, -1, 0, 0, -1, 0, 0, 0, 0, 0, -1, 1, 0, 2, 3, -1, 0, -1, -2, 1, 0, 0, -1, -1, -1, 3, -1, -3, 2, 0, 1, -1, -3, 1, -1, 0, 2, -2, -1, 1, 0, 2, 2, -1, -1, 0, -1, 2, 0, 1, -2, -5, -1, 2, -1, 0, 0, 5, 0, -1, 1, 2, 3, 5, 1, -6, -4, -1, -4, -2, -1, 0, -4, -1, 4, 2, 0, -1, -3, 0, -1, -2, -2, -3, -1, -3, 2, 4, 2, 2, 1, -1, 0, -3, -3, 3, -1, 3, 0, -5, 4, -1, 0, 2, 0, 2, -1, 3, -3, 1, 3, 2, -2, 3, -11, -3, -6, 2, 2, -2, -7, -3, -2, -5, 8, -2, -10, -5, 1, -10, -9, 7, -6, 5, 7, 9, 3, 2, -2, -4, 0, 4, -4, -8, -2, -3, -4, 10, -13, 12, -4, 6, -1, -4, -4, 1, 11, -12, -2, 22, -13, 0, -11, 3, -1, 6, -8, 4, -20, 3, 7, 0, -4, -9, -21, -4, -4, -6, 9, -6, 6, -3, 9, 13, -10, -1, 2, 4, 4, -5, -19, 8, -8, 7, -9, -4, 8, 6, 10, 6, -2, -7, -17]
[0, 0, 0, 0, 0, 0, 0, 0, 0, -1, 1, 0, 0, 0, 0, 0, -1, 1, 1, 0, 0, -1, 0, 0, 0, 1, -1, 1, 0, 0, -2, 1, -2, 0, 0, 1, 2, -2, 1, -2, 1, 2, 2, 0, -2, 2, -2, 1, 1, 2, -2, -4, -1, -2, 0, -2, 1, 3, -2, 2, 1, -3, 2, 0, -2, 0, -4, 5, 2, 4, 0, 2, -1, -2, 0, 0, -1, 0, 0, -2, 1, 2, 2, 4, -1, 0, 0, -1, -1, -2, -1, -4, 2, 0, 0, -1, 0, -6, 0, 0, -2, -5, 1, 2, 1, 6, 3, 4, 0, 1, -3, -2, 0, 0, 4, 3, 1, 6, -5, 2, -11, 7, 4, -7, 3, -3, -15, 6, -1, -3, -6, 2, 8, -7, 2, 2, -2, 0, 3, -3, -1, 16, -1, 5, -3, 5, 4, -7, 9, -17, -6, 5, -2, 0, -22, 17, -4, 7, -3, -3, -26, 9, 2, -9, 16, 24, 11, 13, -11, 8, -5, 4, -10, -9, -10, 14, 7, -7, 5, 2, -23, -4, 6, -7, 1, 19, -1, -17, -6, 4, -1, 1, 8, -10, 1, 26, -3, 3, 14, -16, -19, -25, -14, 14, 17, 26, 1, 0, 4, -3, -9]
[0, 0, 0, 0, 0, 0, 0, 0, 0, 0, 1, -1, 0, -1, 0, 0, -1, 1, 1, 1, 0, 0, 1, 1, -2, 0, -1, 0, 0, 1, 0, 2, 1, -1, -3, 0, 2, 1, 1, -3, 0, -1, 0, -2, -2, 2, 1, -1, 1, -2, -2, 3, 3, 0, 1, 3, 0, 2, -1, 1, 0, 2, 1, 1, 2, -1, -1, -2, 1, -2, -2, 2, -4, 1, -1, 0, -3, -1, 3, 6, 2, 3, -1, -2, -1, 1, -2, 2, 1, 2, -3, -1, -2, -2, 0, 3, 6, 9, 3, -1, 2, -2, 2, -1, -3, 2, -1, -4, -1, -2, 3, 1, 3, 3, 2, -3, 0, 1, 0, -3, 51, 747, -322, -857, -482, 780, 437, -1569, 1314, 779, 40, -1608, -122, 394, -1331, 1221, 1051, -1457, 590, 1890, 2439, -758, 310, 1974, -5699, -1774, -2275, 1598, -3185, 653, 3253, 1147, -1503, -500, 3056, 1711, 1963, -2865, 460, 851, 4136, -372, -60, -1764, 643, -6371, -1687, -1774, 653, 2206, -2345, -2353, -1612, 3645, 176, -55, 1287, 7414, -4530, 1903, 5181, 3607, 2541, -4906, -2844, -4929, -1704, 276, -227, 2685, 3424, -7186, -2161, 4263, -1907, 1475, -6895, 1412, -2807, 3134, 3107, 1365, 5341, 4150, -3247, -5492, 375, 3711, 6723, -5682, -6695]
[0, 0, 0, 0, 0, 0, 0, 0, -1, 0, 1, 0, 0, -1, 0, 1, -1, 1, 0, 1, -1, -2, 1, 2, 0, 1, 2, 1, -2, 0, 0, 1, 0, -1, 0, -2, 1, -2, 1, -3, 0, -5, 1, 1, -3, -1, 2, 4, 1, 1, -1, -1, 2, 0, 2, -1, -2, -1, 1, 0, 0, 0, 2, 5, -2, 1, 0, 1, -1, 3, -4, -1, 1, -2, 2, 0, 0, -1, -2, 3, 1, -2, -2, -2, 1, 4, -2, 3, -3, -1, -3, 6, -5, -1, 1, -1, 1, 1, 0, -1, 5, -1, 3, 1, -1, 4, 1, -2, -3, 5, -1, 1, 0, 4, 1, 0, -2, -1, 2, -6, 308, 253, -154, 50, -336, 35, -1169, -62, 305, -386, 264, -207, 1083, -532, 546, 708, 542, -267, 337, -201, -402, 92, 245, 570, -860, 381, -769, -552, -727, 129, -730, -172, -1699, 383, -824, 734, 477, 332, 2843, -73, 1945, -521, 2548, -48, 228, -1616, 220, -2079, -1077, 1861, -855, -141, -3067, 1820, -1292, -1275, -618, 2096, -2578, 887, -239, -840, 390, 329, 4938, -837, 309, 447, 903, -1077, 3016, -2698, 1349, -1123, 777, 833, -1947, 1613, -1141, 1765, -327, -482, -5551, 957, -1087, -1640, -2578, 1017, 3752, -1748, 830]
[0, 0, 0, 0, 0, 0, 0, 0, -1, 0, 0, 0, 0, 0, 1, 0, -1, 1, 0, 0, 0, 0, 0, 2, 2, -1, -1, 2, 1, -1, 0, 0, 0, -3, 0, -1, 0, 0, 2, -1, -1, -4, -1, -1, -1, -1, 1, 1, 1, 0, 0, -2, 1, -2, 2, 3, 2, -1, 1, 1, -1, 2, 2, -1, -3, 3, 2, -2, -4, 2, 0, 5, -1, -4, 2, 1, -2, 1, -2, -2, 5, 0, 3, -2, 2, -1, -1, 0, 5, -2, -5, 0, -1, 0, -3, -1, -4, 0, 4, 2, -2, -1, 5, 1, 2, 2, -1, 1, -1, -1, 2, -2, -4, 5, 0, 0, -2, 1, 1, -7, 2, -6, 2, -2, -8, -10, 4, -6, 1, 3, 6, -5, -2, 0, 14, -3, 0, -3, 8, 1, 1, -9, 4, -4, 2, 0, 6, -2, -1, 3, -2, -7, 4, -6, -14, -6, 2, -3, 14, -6, -3, 2, 20, -8, 0, 13, 4, 0, -6, -5, 13, -5, 3, 6, 11, 0, 10, 3, -4, -4, -11, 0, 18, 9, -11, 13, -12, -7, 1, -1, 2, 9, 9, -9, 10, -22, 12, -14, 2, -6, -4, -2, -2, -16, -9, 3, 14, -3, 0, 2, 26]
[0, 0, 0, 0, 0, 0, 0, 0, 0, 1, 0, -2, 0, 0, 1, 0, 0, 0, 0, 0, 0, 0, 0, 2, -2, -1, 0, 0, 1, 2, -1, -2, 0, 2, 1, -1, -1, 2, 0, 0, -1, -3, 0, 0, -1, -3, 0, 3, 2, 1, -3, 0, 2, 1, 2, 4, -2, 2, -5, -1, -1, 3, 2, 1, 0, -3, 2, -2, 0, -5, -2, -1, 0, 2, 3, 2, 0, -1, -1, 1, 0, 3, 0, -5, -2, 1, -1, -3, -5, 0, 2, 8, -2, 4, 0, 0, 1, 4, -1, -1, 1, 2, 0, -3, -1, 2, -2, -2, -4, 2, -3, -1, 2, 4, -1, 0, 2, -3, 2, -2, -4, -13, 8, -1, 19, 3, 0, -1, -9, -3, -9, 5, -1, 20, -2, 4, -13, 1, 1, 8, -15, -10, 2, 9, -15, 4, -8, 19, -6, 7, -11, -3, -6, 14, 18, -6, 19, -10, 2, 2, -6, -13, -6, 7, -4, -7, 4, -3, -17, -10, -12, 7, 14, 13, 26, 4, -7, 20, -16, -14, -3, 13, 6, 6, -4, -11, -7, 21, -14, -6, -17, 8, -6, -3, 2, -16, 12, -5, 0, 1, -6, 26, 5, -4, -6, 4, 10, 9, -11, -6, 5]
[0, 0, 0, 0, 0, 0, 0, 0, -1, 0, 1, 0, 1, -1, 1, 1, -3, 0, 0, 1, 0, 1, -1, 1, 0, -1, 0, -1, 2, 1, -1, -1, 0, -2, 3, 0, 1, 2, -2, -4, 0, 2, 2, 0, -1, -1, 0, 2, 0, -3, -1, 2, 1, -2, 1, 1, -1, 2, -4, 0, 3, 0, 1, -2, 3, -1, -3, 0, 0, -3, 2, 2, 0, 3, 7, 0, -4, -2, 0, 0, 4, 2, -1, 1, -1, 0, 1, -2, 0, 2, -1, 2, -5, 5, -7, -3, 0, 3, 0, -1, -1, -2, 0, -1, 1, 3, 3, -1, -1, 4, -5, 1, 1, 2, -1, -2, 2, 2, -2, -2, 531, -228, -1, 711, -52, -478, -2178, 1053, -373, -1273, 389, 791, 1729, -965, 1610, 289, -345, 519, 152, -1698, -2220, 810, 42, -260, 2639, 2375, 310, -1883, 1621, -159, -3675, -1776, -1449, 822, -3049, -287, -349, 1645, 4281, -605, 86, -746, 4141, 1464, -597, 1625, 1419, -2059, -2180, 2439, 202, 1378, -4279, 1206, -2385, -1053, -1760, -1815, -1253, 354, -3677, -5336, -328, 3918, 10107, 961, 1958, 21, 1139, -3333, 3131, 152, 3213, -4574, 2237, 228, 1889, 2415, -358, 1157, -2903, -1348, -13956, -941, 804, 2373, -4114, -1087, 1600, 935, 6721]
[0, 0, 0, 0, 0, 0, 0, 0, 0, -1, 0, 0, -1, 0, 0, 0, 0, 0, 1, 2, 1, 0, 2, 0, 0, 1, -1, 3, 0, 0, -3, 0, -1, -1, -1, -1, 1, -4, 2, -1, 0, -1, -1, -1, -2, -1, -3, 0, 2, 2, 1, 0, -1, 1, 3, -2, 1, 2, 3, -2, -1, 1, 0, 1, -1, 3, 0, 6, 0, 6, 0, 1, -1, -4, -2, -1, -3, 0, 1, -1, -3, 1, 2, 1, -1, -1, -3, 3, -1, 0, -2, 0, 2, -7, 2, 1, 2, -2, 2, 1, 1, -3, 3, 5, -3, 1, 1, 0, 0, 1, 5, 3, 3, -1, 0, 6, -4, -1, 0, -1, -12, 11, -7, -3, -4, 2, -1, -1, -4, -2, -1, -4, 1, -10, 2, -14, 0, -5, 1, 4, -4, 7, 7, 4, 3, 7, 0, -5, 13, 6, -6, -5, -7, -2, -11, -3, -2, 17, -1, 4, -12, 0, 9, 1, 6, 12, 12, 11, -6, 19, -6, 7, -8, 7, 2, 13, -10, -2, 15, 2, -20, -7, -5, -3, 3, -6, 11, -6, 2, -4, 5, 6, 4, -1, 11, 11, 1, -5, -3, -5, -24, 6, -1, 1, 1, 20, 5, 7, -3, -6, -6]
[0, 0, 0, 0, 0, 0, 0, 0, 0, -1, 0, -1, 0, 0, 1, 1, 0, 1, 0, 1, 0, 1, 0, 1, -2, -1, -1, -1, 0, 0, 2, 1, 0, 3, 0, -4, 1, -1, 1, 0, -1, -2, -1, 0, 0, -2, -1, 0, -3, 2, -1, -1, 5, 0, -1, 2, -1, 1, -1, 0, 0, 0, 1, 1, 0, 0, 0, -2, 2, 5, -5, 8, 0, -2, 2, -1, 2, -2, -1, 1, 2, -3, 4, -3, 1, 2, -4, -2, 3, -1, 3, 4, -8, 2, -1, -3, -3, 0, 0, 0, 0, 0, 5, 0, 0, -1, -3, -2, 1, -1, 0, -1, 0, 2, -3, 2, -3, -1, -1, 0, 3, 7, 6, -2, 8, -9, 8, 3, -4, 1, 1, -3, 2, 9, -14, -9, -2, -15, -6, 4, -9, 5, -3, 8, 3, 2, -1, -5, 1, 3, -7, -1, 1, 4, 0, -4, -2, 1, 11, 11, -2, 3, 4, 2, 0, -17, -3, 17, -7, 11, -2, 3, 11, 6, 6, 12, -5, 16, 1, 5, 6, 5, 5, 5, -9, -18, 0, -9, -21, 1, -1, 7, -12, 9, -2, -13, 7, -7, -5, 1, 8, -5, 15, -19, 7, 9, 7, 2, -6, -6, -14]
[0, 0, 0, 0, 0, 0, 0, 0, 0, 0, 0, 0, 0, 1, 1, -1, 0, -1, -1, -1, 1, 1, -1, -2, 1, 1, 1, 2, 0, 1, -2, -1, -3, 1, 1, -1, -1, 1, 0, 0, 2, 5, -1, 0, -4, 1, 1, 2, 1, -2, 0, 1, -5, 0, 1, 0, 1, 0, 2, -4, -1, 1, 0, -2, -1, 0, 1, 5, 2, -6, 5, -2, 1, 0, 0, 3, -1, 2, 0, -5, 0, -1, -2, -1, 1, -2, 1, -4, 0, 2, 4, 0, 4, -3, -1, -2, 0, -3, 0, 2, 2, 5, 2, -2, 1, 2, 0, -2, -1, -1, 3, 1, -2, -6, 2, -1, 0, -4, 0, 3, 183, -77, 649, 507, -655, -223, -1073, 1840, -3390, 203, -495, 790, 728, -1902, 3898, -1810, 3088, 1775, -209, -1550, -2213, 278, 618, -3157, 4623, -2976, 3738, -2403, -4, -2305, -638, 4681, -3159, 2518, -7716, 3081, -6352, 10674, -3259, -1840, -3683, 2184, -156, -1775, 7811, 6619, 3463, 1501, 2463, -11842, 2299, 4358, 6957, -13656, 2063, -8349, -392, -7299, 7067, -4642, -8600, 11184, -13442, 3951, -901, 17218, -2760, 5870, 3514, -4134, -10537, 12138, 6229, -6790, 5112, -2244, 8088, -7311, 9113, -9351, 1074, -6643, 7898, -9661, -1757, -4338, -772, 517, -13668, 7152, 3010]
[0, 0, 0, 0, 0, 0, 0, 0, 0, 0, 2, -1, -1, -1, 0, 1, -2, 2, 0, 1, 0, 0, 0, 0, -1, 2, -1, -3, 0, 0, 2, 0, 1, 2, -2, -2, 3, 0, 0, -2, 3, 1, -2, 0, -2, 2, 4, -3, -1, 3, -1, 1, 0, 2, -1, -2, 1, -1, -3, 1, 2, 2, 2, 3, -1, -1, 3, -2, -1, 2, -2, 3, -1, -1, 0, 0, 3, -4, 5, 4, -2, -2, 2, -3, 0, 0, 2, -3, 3, -2, -2, 2, -4, -1, 5, 0, 2, 2, 0, 0, 1, 2, 0, 5, 3, 1, 0, -4, 4, 3, 1, 4, -4, 2, -2, 0, -2, -1, 1, -3, 620, 447, 163, 485, -943, -120, -2389, 793, -1504, -841, 140, 167, 2146, -1828, 3078, 320, 2795, 650, 258, -1163, -2077, 288, 770, -799, 1431, -968, 1024, -2200, -1646, -976, -2252, 2071, -4224, 2210, -5560, 2599, -1907, 6529, 2881, -1268, 1352, 12, 4138, -1149, 4365, 1287, 2372, -2590, -860, -3477, -287, 1943, -849, -4030, -792, -6030, -1493, -997, -390, -1057, -5871, 4184, -6348, 2841, 7788, 8673, -595, 3761, 3807, -4308, -1746, 2175, 6163, -5919, 3959, 917, 1140, -1804, 3067, -1692, -1052, -4159, -4782, -4059, -2654, -4658, -4210, 1267, -360, 1009, 2880]
[0, 0, 0, 0, 0, 0, 0, 0, 0, 0, 1, -1, 0, 0, 0, 0, 1, 0, -3, 0, 2, -1, -1, 0, 1, 0, 2, 2, 0, -2, -1, 0, -2, 0, 1, 1, -1, -2, -2, 2, 0, 2, -1, 1, -1, 0, 1, 0, 2, 2, -2, 0, -2, -1, 0, -1, 0, 0, 0, 1, 0, -2, 2, 1, -6, -3, 4, 2, 0, -1, 1, -2, 2, 0, -1, -2, -2, 3, 0, -3, -2, 0, -1, -2, 4, 2, 1, -6, -5, -1, 3, 5, 0, 1, -1, -3, -4, -6, -2, -1, 1, 1, 0, 5, 0, 2, -2, 1, 0, 2, -1, 1, 0, -3, -4, 2, 1, -4, 0, 6, 274, 960, -839, -640, -377, 451, -181, -2512, 3389, -635, 771, -1560, 606, 1152, -2688, 3136, -484, -2209, 638, 1894, 2253, -629, 24, 3944, -7410, 1375, -4821, 2177, -3732, 2399, 544, -3048, -213, -1287, 6498, -685, 7440, -8382, 6108, 1451, 7975, -2737, 3278, -173, -5555, -10121, -3155, -4835, -3288, 11600, -4188, -5127, -9233, 14823, -2617, 5208, -89, 11571, -10948, 5604, 7883, -7346, 12041, -4952, 5410, -15428, 1824, -3585, -867, 2854, 11701, -16305, -3312, 5437, -3999, 4332, -12436, 7451, -9692, 11665, -673, 5398, -9099, 10031, -1903, -2329, -2011, 2145, 19601, -10575, -5255]
[0, 0, 0, 0, 0, 0, 1, 0, -1, -1, -1, 1, 1, 0, -1, -1, 1, 0, 1, 0, 1, 1, 1, 0, -2, -1, 3, -2, -2, 0, 2, -2, 1, 3, 0, -2, 1, -2, -2, -2, -1, 0, -2, 3, 2, -3, 3, -4, 1, 0, 3, 1, 0, 1, 1, 1, 0, -3, 1, -2, 1, 2, -2, 0, 0, 0, -3, 0, -1, 3, -2, 1, 2, -2, 1, 1, 1, -3, -3, -1, 0, -1, -1, 5, 1, 0, 1, -2, 4, -2, -1, 2, -1, 3, 3, 0, -1, -4, -2, -5, 3, 4, 1, -2, 1, 0, 1, 1, -1, 0, -3, -4, -2, 1, 6, -7, -3, -2, -3, 0, -1434, 21, -1039, -2368, 1853, 1235, 6789, -4855, 6954, 2422, 62, -2923, -5640, 5934, -10864, 2055, -6721, -4297, 188, 5884, 8908, -1503, -1638, 6325, -13220, 1658, -7268, 8407, -660, 4607, 8958, -6384, 9818, -7079, 21370, -5965, 11616, -24739, -4091, 4996, 4712, -2201, -9162, 1159, -14137, -14916, -9573, 2853, 1087, 18136, -3884, -10496, -4285, 22640, 652, 19491, 5036, 15604, -9463, 7706, 24690, -12348, 26249, -14914, -20527, -36108, 1435, -11830, -10395, 15687, 13902, -21619, -20241, 22881, -14718, 2052, -16508, 9598, -16335, 14415, 4625, 15289, 12529, 19932, 2827, 6177, 11102, 1470, 19048, -13886, -16855]
[0, 0, 0, 0, 0, 0, 0, 0, 1, -1, 0, -1, 0, 0, 0, 0, 0, 0, 1, 2, 0, -1, 0, -1, 0, 0, -1, 2, 1, 2, -3, 1, -1, -1, -1, 0, 0, -1, 1, 1, 0, 1, 0, -3, -4, 2, -2, 1, 0, 0, 0, 1, 1, 3, 0, -1, 0, 3, 0, 0, -2, -2, 1, 1, -1, -2, 0, 4, 3, -2, 2, -2, -1, -1, -4, 0, -2, -2, 3, 4, -1, 2, 1, -4, 0, -3, -3, 0, -1, 2, -2, -2, 6, -5, -1, 1, 1, 2, 1, 1, 2, -1, 3, 3, -2, -1, -4, -7, -2, 0, 6, 2, 1, 0, 1, 3, 1, -5, -3, -3, -2, 8, -3, -4, 1, 7, -1, 2, -8, 0, -6, 1, 4, -1, -9, 1, -2, 5, -7, -1, -9, 1, 2, 8, -8, 2, -10, 7, 7, 12, -15, 0, -6, 5, -3, 5, 2, 13, -8, 4, -7, -12, -2, -5, 6, -2, 2, 4, -9, 8, -10, 2, -1, 12, 6, 21, -4, -6, 5, 1, -7, 5, -16, 3, -2, -14, -2, -7, -4, -4, -6, -2, 4, 3, 0, 2, 10, 12, -15, -10, -8, 16, -10, -8, 8, 15, 11, 12, -4, -7, -13]
[0, 0, 0, 0, 0, 0, 0, 0, 0, -1, 1, 0, 1, 0, -1, 1, -2, 1, -1, 1, 0, -1, 1, 0, 1, -1, 1, -2, 0, 0, 0, 0, 0, 0, 0, 0, -1, -1, 0, 5, 3, -5, -1, 3, -1, -2, -1, 2, 1, 0, -1, 0, -1, 2, 1, -3, -1, 0, -1, 2, -3, -2, -1, 0, -3, 2, 3, 0, -1, 1, 3, -1, 0, 2, 0, -3, 2, 1, -3, 2, -1, 1, 1, -4, 1, -3, 2, 3, -4, 1, 0, -2, 4, -3, 1, -1, -3, -3, -1, 7, 0, -1, 1, 5, 3, -3, -1, 2, 1, 0, 0, 6, 2, 2, -5, 0, 4, -2, -1, -3, -236, -1367, -28, 1134, 1349, -1255, 287, 1374, 310, -1602, 544, 2269, -424, 1156, -606, -758, -4395, 1140, -1105, -2196, -2841, 824, -1460, -1011, 6259, 5888, 1391, -382, 5593, 880, -5478, -6295, 5451, -799, 1086, -5494, 1851, -3399, 1864, -161, -4027, -1718, 197, 3882, -7570, 5522, 281, 1803, -2635, 5122, 2102, 721, -3072, 5250, -1711, 8284, -1911, -7002, 2357, 505, -2938, -15314, 5147, 5663, 5910, -4846, 4992, -5042, -2341, -1513, 1687, 2761, -1118, -2979, -90, -1497, 6898, 3721, -1769, 2238, -5998, 2732, -16113, -536, 6595, 13557, 71, -6208, -1961, 4845, 10503]
[0, 0, 0, 0, 0, 0, 0, 0, 0, 0, 0, 0, 0, -1, 0, 1, 1, -1, 0, 0, 2, -1, 0, 0, 1, 0, -2, 1, 0, 0, -3, 0, 0, 1, 1, 2, 0, 0, 3, 2, -1, -1, 0, 0, -4, -1, 1, 0, -2, 0, 1, 0, 0, -1, 4, 2, 2, 0, 1, 2, 0, 1, -2, -4, -1, 2, 2, 3, -2, 0, 0, 0, 1, 1, 1, 0, -1, -2, 1, -3, 6, 5, 4, -2, -1, 3, 0, 0, 3, 4, -3, -2, 1, 0, 1, -2, 0, -1, 3, 2, 1, -4, 4, 3, 0, -1, 1, 6, -2, -3, 7, 3, -5, 2, 4, 1, 1, 1, 2, -1, 219, -465, -475, 685, 683, -661, -858, 12, 1778, -1712, 871, 900, 727, 840, -1183, 1116, -3179, -270, -169, -1048, -1266, 564, -858, 1271, 1051, 5205, -1599, 34, 2450, 1709, -4128, -5976, 2535, -1000, 2757, -3712, 4397, -5842, 5751, 537, 1318, -2479, 3331, 3119, -7582, -1138, -1002, -2143, -3978, 10203, -599, -1622, -8249, 10884, -3478, 6968, -1692, 1080, -4419, 3254, 1300, -15231, 9394, 2277, 10010, -10898, 4665, -4937, -1670, -418, 8626, -6519, -1586, -559, -1555, 1227, -1281, 7119, -6291, 7637, -4800, 3780, -19758, 4920, 3558, 8039, -2564, -2935, 9177, -2097, 6201]
[0, 0, 0, 0, 0, 0, 0, 0, -1, 0, 0, 1, 1, 0, 0, 0, 0, 0, -2, 0, 0, 1, -1, -1, 1, 0, 4, -1, 0, -1, 1, 1, 0, 1, 0, -1, -3, -3, -3, 1, 2, 2, 1, 2, 1, -2, 2, 0, -1, -1, 1, 1, -2, 0, -1, 0, -1, -3, 0, 1, 4, 1, -3, 4, -1, 1, 3, -3, 0, -3, 0, 0, 0, 3, 0, 1, 2, 4, -1, -1, 0, -2, -2, 2, -1, 3, 2, -1, -1, 5, 4, 0, -3, 3, -2, -4, -4, -1, -3, 5, -1, 3, -4, 1, 5, -1, 2, 2, -1, 4, -1, 5, -2, -2, 0, -4, 1, -4, -2, 2, -2, 1, -2, 6, -4, 0, -4, -6, 7, -4, 8, -3, -8, 0, 0, 13, 4, 11, 6, 1, 11, 6, 1, -3, -2, -7, -3, -5, -10, -4, 18, 0, -1, 0, 9, -7, -20, -2, -8, 2, 12, 20, 4, 3, -5, -11, -1, 9, 22, 3, 0, -4, -17, 8, -12, -18, 4, -5, -5, 5, 28, 1, 1, 3, 8, 12, 11, -2, 3, 15, 9, -4, -13, 9, -4, 3, -19, 14, -1, 17, 2, -13, -1, 4, -11, -16, -20, -9, -5, -2, -3]
[0, 0, 0, 0, 0, 0, 0, 0, 0, 0, 1, -1, 0, 0, 1, 0, -2, 0, 0, 1, 0, 0, 1, 1, 0, -2, -2, -3, -1, 2, 1, -1, 0, 0, 3, 0, 2, 3, -3, 1, 0, 0, 0, -3, 0, -1, 1, -1, -1, 0, -1, 1, 4, 2, -1, -1, -2, 2, -5, -2, -1, -1, 0, 0, 1, -3, -3, 1, 1, -1, 1, 5, 1, -1, 3, -1, -4, -6, -1, 4, 2, 4, -1, -3, -1, -2, -1, -2, 0, -1, -2, 1, -4, 2, -1, 1, 0, 0, -3, 0, 1, -2, -1, 0, 1, 1, -1, -6, 1, 4, -1, -3, 2, 7, 0, -2, -2, -5, -2, -3, 344, 571, -1215, -425, 167, 157, -410, -2552, 4897, -1299, 1336, -1127, 752, 1902, -4013, 3712, -3037, -2702, 640, 1464, 2006, -389, -694, 4962, -7364, 4725, -6197, 2636, -1668, 3646, -1147, -7013, 1768, -2360, 9174, -3141, 10026, -13225, 9317, 2123, 8704, -4214, 4677, 1866, -10785, -11611, -4242, -5893, -5278, 18688, -4501, -6356, -14703, 22242, -4888, 10234, -663, 13042, -13814, 8023, 10273, -17155, 18669, -4196, 10287, -24362, 4525, -7110, -2796, 3476, 18084, -21043, -5685, 6329, -5602, 4413, -13492, 12638, -14159, 16588, -2559, 8329, -20733, 14053, 545, 3054, -3263, 804, 24964, -12152, -1768]
[0, 0, 0, 0, 0, 0, 0, 0, 1, 1, 0, 0, -2, -1, 0, -1, 0, 0, 1, 1, -1, 2, 2, -2, 0, -1, -3, -1, -1, 2, 0, -1, 2, 2, -1, -1, 1, 1, 0, 0, 0, -1, -1, 1, 1, -1, 0, -1, 1, 1, 3, 1, -1, 2, -1, 2, 1, -4, -1, -3, -5, 4, 0, 0, 2, 2, -1, -2, -3, 2, -1, -1, 5, -2, -7, 0, 0, -2, 0, 2, -5, -4, -1, 0, -3, 3, 0, 0, -3, 1, -2, 1, 3, -2, 2, 1, 1, 6, 1, 1, 0, 0, -4, -1, -2, 1, -1, -1, 1, 0, -2, 1, 0, 2, -3, 2, -6, 1, 6, -4, 9, 0, -10, 11, 1, -1, 5, -11, -8, 3, -8, 3, 7, 1, -3, -7, -1, -3, -13, 7, -11, -6, 1, 4, -2, 6, 6, 12, 4, 3, -6, -4, -6, -4, 12, 1, -6, 5, -2, 7, 9, -14, -14, 7, -3, -11, -5, -2, -3, -10, -9, 6, -10, -2, 1, 3, -4, 0, -1, 10, -11, -3, -21, -3, -1, -12, -10, 10, -9, -1, -15, 1, 3, 16, 4, -12, 10, -9, -9, 22, 2, 14, 11, -6, -12, 3, 17, 5, 2, -2, 8]
[0, 0, 0, 0, 0, 0, 0, 0, 0, -1, 0, 1, 1, 0, -1, 1, 1, 0, -2, -2, 0, -1, 0, 1, 1, 2, 1, 1, -1, -3, 2, 0, -1, 0, -2, -1, -1, 1, 1, -1, 0, 0, 1, 1, 2, 1, 1, 3, -2, 0, 0, -3, -2, -2, -1, -4, 0, 0, 3, -1, 3, -3, -2, 1, -3, 3, 3, 2, -1, -2, 0, 0, -3, 0, 3, 0, 1, 2, -4, 0, 2, 0, -1, 1, 3, -2, 1, 0, 2, -4, -3, -6, -6, -2, 3, 5, 0, -5, 2, -3, 2, -1, 2, -4, 1, 4, 0, 0, 3, -3, 0, 1, -1, -5, 5, 0, 1, 3, 1, 1, -12, 0, 0, -8, -15, 0, -2, 7, 7, -8, 2, -11, 0, -12, 6, 12, 3, 4, 6, -3, 4, 5, 1, -16, 13, 7, 3, -8, -1, -5, -1, 4, 7, -11, -22, 3, -16, -1, 2, -9, -5, 11, 3, -10, -3, 12, -1, 9, 5, -9, 10, -15, 3, -1, -14, 8, -3, -7, 6, -19, 7, -13, 7, -11, -11, 14, 14, -5, 9, -7, 10, 2, -5, -13, -3, 29, 3, 6, -7, -14, -4, -22, -11, -7, 8, 3, -6, -1, 2, 3, -6]
[0, 0, 0, 0, 0, 0, 0, 0, 1, -2, 1, -1, 1, 0, 0, 1, 1, 1, -1, -1, -1, -1, -2, 0, 0, 3, -1, 1, 0, 1, -1, 1, -1, 1, 0, 0, -1, 0, -1, 0, 2, 0, 2, 2, -3, 3, -2, 3, 1, 0, 0, -1, -5, 1, 1, -5, 0, 2, 3, 3, -1, -3, 0, -2, -3, 0, 2, 6, -1, 1, 3, -5, -1, 5, 2, -2, 4, 1, -2, 0, 2, 0, -2, 0, 1, 0, 3, 1, -3, -1, 2, 0, -1, 0, 0, -1, 4, -6, 2, 2, 3, -2, -3, 3, 3, -1, 0, 3, 0, 2, 3, 2, 1, -2, 4, 0, 1, 6, 2, 1, 14, -688, 590, 703, 145, -559, -544, 1959, -2639, -222, -301, 1343, 293, -868, 2611, -1850, 489, 1728, -571, -1887, -2407, 535, -134, -2801, 5691, -81, 3531, -1842, 2477, -1667, -2024, 1345, -439, 1506, -5351, 468, -4787, 6500, -2475, -1400, -4697, 1489, -478, 172, 3698, 7095, 2637, 2188, 1486, -7604, 2594, 3958, 4682, -9292, 1237, -3353, -747, -8281, 6552, -3672, -7340, 3637, -8976, 4916, 468, 11440, -801, 2705, 1372, -3424, -7293, 10947, 4007, -5854, 3947, -3039, 9142, -4079, 6733, -7250, -733, -4293, 1232, -7831, 1098, 1838, -107, -1669, -12860, 7383, 6155]
[0, 0, 0, 0, 0, 0, 0, 0, 0, 0, 0, 0, 0, 0, 0, -1, 0, 0, 1, 1, 0, 0, -1, -1, 0, 1, 0, -1, -1, 2, 1, 1, 1, 0, 0, -2, 0, -1, -2, -1, 0, 1, -2, -2, 0, 2, 4, -2, -1, -1, 1, 3, 0, 3, -1, -4, -1, -2, 1, 1, 2, -2, 3, 1, 1, -2, -3, 4, -2, 4, -1, -4, 1, -1, -1, -3, -2, -4, 0, 3, 0, -2, -3, 2, 2, -1, 1, 2, 4, -2, -1, 0, 3, 0, -1, -1, -1, -2, 3, -5, 5, 4, 0, -1, -1, -1, -2, -5, 2, 1, -4, -6, -8, -1, 2, -1, 0, -3, 0, 0, 4, 12, 5, 3, 4, -7, 5, -6, -4, -1, -5, 2, -6, -4, 6, -9, 1, -8, -2, -1, -4, 1, 0, 2, 6, 5, 1, 2, 6, -4, -3, 1, 2, -5, 2, 4, -9, -1, -1, 5, -5, -11, -4, 1, -8, -10, -9, -5, 12, 0, 9, 6, 3, -6, 4, 7, 13, -1, 5, 3, -1, -9, 1, -9, -2, -23, 5, 3, -11, -13, -12, 0, -9, 11, 0, 2, 11, -1, 13, -9, 4, -5, 0, 10, 4, -2, 9, 6, 6, 0, -16]
[0, 0, 0, 0, 0, 0, 0, 0, -1, 1, 0, 1, 1, 0, 0, -1, -1, -1, 0, -1, 1, 1, -1, -2, 0, 1, 3, 0, 0, 0, -3, -1, 0, -1, 1, 2, 1, -1, -2, -1, 3, 5, 0, 1, -2, 1, 3, -3, 1, 0, 1, 1, -6, -1, 0, -3, 1, -2, 1, -2, 2, 2, -1, -1, 0, -1, -2, 2, -1, -2, 4, -1, -2, 1, 1, 2, 0, 0, 2, -3, 1, 1, -2, 5, -1, 0, 1, -5, -1, 2, 1, -1, 0, 2, -1, -2, 1, -4, -4, 1, -3, 2, -2, 3, 2, -3, 5, 1, -3, 4, 1, 2, -3, 1, 6, -5, -2, -2, -5, 1, 1, -5, -4, 4, -3, 7, -12, -6, 6, 2, 6, 3, -7, -10, 8, 6, 1, 0, 15, -1, 14, -6, 2, 6, -5, -4, -3, -3, -7, -13, 13, 0, -3, 1, -3, 6, 4, -6, -12, -10, 1, -1, 11, 4, 0, 11, 12, -12, -5, -4, 0, 5, -16, -12, -2, -24, 6, -18, -3, 7, -1, -9, 4, -4, 22, 19, -2, 9, 4, -4, 6, -11, 16, -4, 2, 5, -24, 6, 17, 3, -7, -7, -11, 22, -16, -10, -27, -7, 7, -10, 5]
[0, 0, 0, 0, 0, 0, 0, 0, 1, 0, 0, 0, 0, 1, -1, -1, 1, 1, 0, -1, -1, -1, 0, -1, -2, -1, -3, -2, -1, 2, 5, 0, 1, 4, 0, -1, 1, 4, 0, 1, -2, -2, 0, 0, 3, -2, 2, 1, -1, 0, 1, 2, 4, 1, -3, 1, -1, -1, -5, -3, -4, -2, -4, 0, 1, 3, 1, -2, -2, 2, -1, 2, 3, 1, -2, -1, 0, -1, -1, 3, -4, -1, 1, 0, -2, 3, 1, 2, 2, 0, -2, 1, 1, 2, 0, 1, 2, 4, 4, 2, 2, -2, -1, -4, -4, -4, -1, -2, 0, -2, 0, 1, 2, 2, -4, 6, -4, 3, 4, -1, -340, -478, -74, -93, 585, -150, 1314, -67, 732, 227, 111, 220, -1133, 1165, -1494, -318, -1993, -189, -336, 234, 465, -38, -742, 255, -69, 1323, -170, 1191, 1634, 708, 390, -2075, 2840, -1103, 3017, -2021, 1244, -3556, -1194, 557, -931, -478, -2005, 712, -3050, -201, -1151, 1560, 432, 2269, 305, -850, -303, 2917, 42, 4570, 482, -288, 384, 651, 2418, -3892, 3053, -520, -2987, -4908, 822, -2292, -1865, 2010, 897, -719, -3183, 2242, -1659, -1080, 814, 1293, -1551, 1261, 50, 2035, -5, 1424, 1799, 3942, 2118, -637, -580, 498, 467]
[0, 0, 0, 0, 0, 0, 0, 0, 0, 0, 0, 0, 0, 0, 1, 1, -1, -1, 0, 3, -2, -2, 0, 2, 1, -3, -2, -2, -1, 1, 0, 0, 2, 1, 3, 1, 2, 1, -1, 2, 0, -1, 1, 0, -2, -3, 0, 0, -1, 0, 1, 1, 3, 1, 0, -1, -2, -1, -3, 1, -3, 0, 0, 2, 0, 0, -2, 3, -3, 2, 2, 1, 1, 0, 3, -1, 1, -7, 1, 2, 2, 7, 0, 1, -1, -1, 2, 0, -3, 1, -2, 1, -5, 2, 1, 1, -4, -3, -3, 2, 0, -5, -1, 3, 3, 0, 3, 1, -2, 6, -3, -2, 0, 5, 1, -1, -2, -1, 1, -6, 559, 483, -222, 390, -644, -189, -2028, -90, 263, -1260, 517, 81, 1981, -788, 1250, 1350, 1066, -186, 303, -681, -1231, 155, 358, 667, -503, 1017, -1056, -1005, -1570, 389, -2694, -870, -2403, 1018, -1642, 657, 1652, 1087, 5347, -457, 3494, -1148, 4879, 69, -448, -1880, 626, -3910, -2708, 3199, -1367, -320, -5344, 3843, -2277, -1352, -1663, 2508, -4379, 1633, -1928, -3038, 1208, 1630, 10101, -808, 1376, 468, 2117, -2630, 4274, -4285, 3330, -3044, 1309, 1915, -2916, 2718, -2119, 3905, -2323, -485, -11464, 1083, -1211, -2015, -4491, 393, 7320, -2550, 2467]
[0, 0, 0, 0, 0, 0, 0, 0, 0, 0, -1, 1, 0, 0, 0, 0, 1, -1, -1, 1, 0, 0, 1, -2, 1, -2, 0, 3, 1, 1, -1, -1, 1, -2, 1, 0, -1, 0, 0, 1, -3, 1, 0, -1, 1, -2, -2, 2, 1, -2, 1, 1, -2, -1, 3, 6, -1, 0, 2, -3, -2, 3, -2, -4, 0, 4, 1, -2, 1, -4, 5, -2, 3, -4, 0, 2, -4, 1, -2, -5, 0, -1, 1, 2, 4, -2, 0, 4, 1, 3, 1, 2, 1, -2, -3, -1, -6, 1, 4, 3, -2, 1, -2, 0, -2, 0, 1, -2, -3, -2, 0, 2, 0, -2, -3, 4, 0, -4, 6, 0, 7, -7, -2, 0, -14, 9, 1, -9, 9, 7, -2, -3, -2, 1, 1, 3, 4, 9, 4, -9, 2, -11, 1, -3, -1, -4, -2, 2, -1, 4, 0, -11, 5, -7, 8, 1, -2, 0, -2, -8, 9, 1, 7, 1, -9, 1, 4, 1, 7, 1, -1, -6, -8, 4, 9, -16, 2, -9, 2, -2, 5, 2, 1, 9, 0, 14, -10, -8, 13, 5, 1, -7, 8, -15, 3, -15, 9, 3, -5, -2, -2, 15, -10, 1, -26, 3, -2, -1, 4, -1, 2]
[0, 0, 0, 0, 0, 0, 0, 0, 1, -1, 0, 0, 2, 0, -3, 1, 0, 2, -2, 0, 0, -1, -2, -1, 1, 0, 1, 0, 1, 0, -1, 1, 1, 1, -1, -2, -1, 0, 0, 0, 1, -1, 2, 1, -2, 2, 3, 5, 1, -2, 1, -3, -1, 0, -2, -2, -1, -3, -1, 1, -1, -2, 0, 1, -4, 2, 4, -3, 0, -3, 3, 0, 1, 3, -5, 1, 2, 0, -6, 2, 2, -5, 4, -1, 3, 0, 0, 0, -4, -2, -1, -4, 2, 0, -4, 1, -1, 1, 3, 2, 0, 0, -1, -3, 6, 4, -1, 1, -3, -4, 3, -1, -3, -1, 3, -3, 1, 4, 0, -3, -410, -2366, 1589, 1904, 1217, -1552, -172, 5405, -6403, -177, -1092, 3937, -686, -1796, 5362, -5780, -795, 4859, -1782, -4901, -6244, 1743, -626, -7641, 16998, 751, 9836, -4679, 9195, -4183, -5027, 2266, 2160, 2586, -12474, -1115, -12417, 14612, -9005, -3084, -15953, 3718, -4452, 2058, 7063, 21343, 6531, 8955, 4104, -18812, 8218, 10172, 14593, -24411, 3781, -5924, -1423, -24955, 20385, -10149, -17724, 5644, -20610, 12718, -3957, 27801, -710, 4589, 1351, -7306, -20556, 31037, 7380, -13186, 8537, -8066, 26367, -11637, 17248, -20058, -2817, -9312, 5624, -19739, 5996, 10728, 2681, -7022, -35983, 21550, 16214]
[0, 0, 0, 0, 0, 0, 0, 0, 0, 0, 0, 1, -1, 1, -1, 0, 1, -1, 0, 0, 0, -2, 1, 0, 1, 1, 0, -3, -2, 0, 2, 0, 2, 2, -1, -1, 1, 3, -2, 0, -1, 1, -1, -2, -1, 2, 0, -3, -1, 2, 2, 0, 1, 3, 1, -3, -1, 2, 0, -2, -2, 0, 1, 2, 1, -3, 0, 1, -1, 0, 2, -5, 1, -4, 1, 1, 3, -5, 1, 0, 0, 0, 2, 0, 3, -2, 0, 0, 1, -2, 0, 3, -6, 2, 3, 2, 0, -2, 0, -3, 3, 2, 0, 0, 1, -4, -2, -8, 7, 3, 0, -2, 0, -2, -1, 8, 0, -4, 0, 0, -4, 702, 180, -423, -840, 514, -41, -295, -1158, 953, -459, -774, 171, -976, 1303, -269, 3238, 43, 297, 786, 817, -572, 902, -706, -1546, -4163, 544, -287, -3174, -1121, 2768, 4881, -3019, 1124, -2568, 3427, -2718, 5066, -2563, -521, 615, 1635, -901, -2588, 5908, -257, 793, -41, 2094, -7001, -150, 793, 4697, -7150, 2007, -6401, 871, 913, 1674, -1867, -1185, 11690, -6636, -1789, -4646, 8052, -3395, 4186, 2168, -339, -5176, 2944, 2250, -276, 1344, 86, -905, -4807, 3925, -4298, 3296, -3048, 12693, -2836, -3470, -8114, 290, 2676, -3724, 134, -5249]
[0, 0, 0, 0, 1, 0, 0, -2, 1, 0, 0, -1, 0, 0, 0, 1, 2, 0, 1, 1, 0, -2, -2, -1, -1, -2, -2, 0, 0, 2, -1, 3, 0, 3, 1, 2, -1, -1, 3, 2, -2, -1, -1, 0, -2, 0, 1, -1, 0, -1, 2, 1, 5, 2, 1, 3, 0, -2, -4, 2, -5, -2, 0, 1, -2, 1, 1, 1, 1, 1, -1, 0, 8, -1, -2, 2, -4, -1, 1, 0, -2, 1, 4, -3, 1, 3, 1, 0, -2, 1, 0, 3, 3, 0, 1, -2, -7, -2, 2, -4, 2, -3, 3, 2, 0, 2, -1, 4, -2, 2, 2, -3, -1, 2, -4, 1, 1, -6, -2, 0, 45, -170, -1515, 360, 1678, -712, 330, -2914, 6834, -2944, 1789, 370, 60, 3621, -6617, 4278, -7681, -2496, -179, 675, 1171, 117, -1776, 5603, -4234, 10536, -7287, 3332, 1944, 5306, -5448, -13699, 7776, -4395, 13759, -9196, 15029, -21172, 12370, 2905, 7042, -6004, 4783, 6626, -21075, -9647, -5900, -5321, -9763, 28550, -3743, -8290, -19424, 32715, -6778, 20000, -2173, 10606, -15150, 10552, 12216, -35225, 31467, -1842, 15188, -36436, 10316, -14498, -6755, 4164, 24272, -24786, -9422, 7889, -9140, 5738, -13375, 18971, -20625, 23146, -9219, 14735, -36098, 19452, 7637, 15880, -2627, -6621, 31955, -12738, 3328]
[0, 0, 0, 0, 0, 0, 0, 0, 1, -1, 0, 0, -1, 0, -1, 1, 0, 0, 0, 1, 0, -1, 2, 0, 1, 1, -1, 1, 0, -1, 1, 0, -1, -2, -3, 0, -1, 0, 0, -1, -1, 2, 3, 0, -1, 2, -3, -1, -3, 0, 2, 1, 2, 3, 0, -3, -1, 1, 1, -2, -3, -3, 0, 4, 1, 0, 0, 2, 0, 2, 3, 1, 0, -1, -2, 0, -1, -1, -2, 3, -6, -2, -1, -4, -1, -3, -3, 2, -2, -1, 2, 0, -3, -4, 2, 2, -3, 1, -2, -3, 3, 0, 0, 0, -2, 1, -4, -5, 0, 2, 4, 2, 3, 0, -4, 9, -5, -4, -2, -3, 574, 2237, -804, -1412, -1755, 1470, -932, -3510, 2809, 461, 334, -3353, 1456, -295, -1485, 3833, 3922, -2938, 1528, 3467, 3915, -1335, 1449, 4526, -11929, -3749, -5581, 1921, -8911, 1471, 4364, 2711, -5518, -47, 4146, 4361, 5591, -3796, 5266, 1243, 11479, -1527, 3959, -3674, 1543, -14011, -2682, -6837, -1542, 6366, -5919, -5326, -6583, 9544, -1256, -2965, 1018, 16871, -12666, 4897, 8530, 6214, 6390, -8969, 2185, -8901, -2220, 1364, 2025, 2906, 9328, -17914, -783, 6272, -2977, 6213, -17785, 3572, -7397, 9405, 3650, 2337, 3435, 9385, -7833, -14326, -2961, 7161, 21420, -14154, -13516]
[0, 0, 0, 0, 0, 0, 0, 0, 1, 0, 0, 0, -1, -1, 0, -1, -1, 0, 2, 0, 0, 3, 2, -2, -1, 1, -2, 1, 0, 1, -1, 0, -1, 0, -2, -1, 1, -1, 2, -2, 0, 2, -1, 0, 0, 2, -1, 0, 0, 1, 1, 0, -1, 0, -2, 0, 3, -1, 2, -2, 2, 3, 0, -3, 3, 1, -4, 1, 1, 4, -2, 2, -2, -2, -5, -2, -1, 0, 0, 1, -2, -5, -3, 2, -3, 1, -2, 2, 3, -2, 1, -3, 5, -4, 3, 0, 6, 3, 4, 0, -1, 1, 0, 1, -2, 1, -2, -1, 0, -5, 4, 0, -1, -2, 3, -3, -5, 8, 0, 2, 12, 6, -8, 1, -5, 2, -2, -2, -6, 5, -5, 7, -1, -13, -6, -5, 1, -9, -5, -1, 2, -1, -7, 3, 8, 3, 4, 9, 4, 4, -3, 3, 5, 1, -9, 19, -1, 9, -10, 2, 1, -4, -10, 0, -3, -6, 2, 7, -4, 1, 3, 1, -3, -7, -10, 4, -9, -8, 8, 10, -19, -13, 0, -8, 1, -1, -4, -2, 4, 0, -5, 6, 6, 10, 8, 11, -5, -9, 9, 15, 3, -4, -1, 6, 5, 4, 6, 3, 2, -1, -3]
[0, 0, 0, 0, 0, 0, 0, 0, 0, 0, 0, -1, -1, -1, 1, 0, 0, 1, 1, 2, -1, 1, 1, 0, 1, -1, -1, 1, 1, 2, -3, 1, 0, -1, 0, 0, -1, -3, 0, -1, -2, -3, 0, 0, -1, -1, 0, 1, 3, -1, 0, -1, 0, 2, 3, 3, 0, 0, -2, 0, -2, 3, 0, 0, 0, 4, 3, 1, 0, 1, -1, -2, 2, 1, -4, 2, -4, -3, -2, 2, -3, 2, 2, -2, -3, 1, 2, 0, -1, 0, -4, 3, 2, -5, 0, 4, -2, 0, 3, 3, -1, -4, 3, -2, 1, 2, 3, 5, -1, 4, -2, -1, -5, 3, 1, 0, 0, 2, 5, -9, -4, -1, -1, 3, 2, -3, -4, -8, 0, 5, -11, -3, -1, 5, -1, -5, -2, 3, -4, -1, -10, 5, 4, 9, -5, 2, 3, 6, 6, 1, -13, -1, -15, -2, 11, 8, -8, 4, -1, 13, -5, -7, 7, -3, 0, 13, 7, 10, -10, 8, -8, 4, -5, 5, 15, -2, -2, -4, 10, 5, -14, 13, -6, 0, -3, 7, 0, -6, -10, -1, -9, 3, 10, 10, 3, -18, 5, -6, 2, 4, -12, 10, -11, -2, -3, 14, 16, -1, 0, -3, -8]
[0, 0, 0, 0, 0, 0, 0, 0, 0, 0, 0, 1, 0, 0, 0, -2, 1, 0, 0, 0, -1, 0, 0, -2, 0, 2, -1, 3, 0, 2, 0, 0, 1, -1, -2, -1, -1, -2, 2, 0, -1, -1, 1, -1, 0, 2, 2, 2, 1, 1, 1, 0, -1, 0, -1, 1, 1, -6, 2, -1, 2, 0, -3, 0, -1, 5, 2, -1, -2, 5, -2, 0, 1, -1, -4, 1, -5, 1, -1, 0, -1, 1, -2, 1, 0, 0, -1, 4, 8, 1, -3, -1, 6, -2, 3, -3, -1, 0, 6, 1, -1, 3, -1, -1, 0, -4, 0, -1, -6, 3, 2, 4, -1, 0, 4, 1, -1, -1, 0, -5, 5, 3, -6, 6, -14, -1, -4, 7, 4, 8, 2, 1, -7, -6, 7, -1, 13, 5, -3, -3, -3, -7, 6, -3, 12, 10, 5, 6, -1, 8, -7, 7, 6, -9, -15, 7, -12, -2, -6, -3, 2, -1, 6, 2, -14, 8, -1, -2, 12, 6, -4, 3, -7, 2, -7, 5, 2, -6, 1, 9, -11, -10, -1, 11, -4, 14, -5, -3, 9, 4, 5, 2, 17, -3, 14, -1, 9, -7, 8, 4, -7, -10, -10, -4, -13, 15, 8, 10, 15, 4, -1]
[0, 0, 0, 0, 0, 0, 0, 0, 0, 0, 0, -1, -1, 0, 0, 2, -1, 0, 1, 0, 1, -1, 1, 1, -1, 1, 2, 1, 1, -1, -2, 0, -3, 0, 0, 0, 0, -4, 3, -1, 0, 1, -2, 0, -5, 1, 1, -3, 0, -1, 0, 0, 1, 2, 1, 2, 3, -2, -1, 1, 6, 2, 0, 2, -2, -4, -2, 1, 2, 0, -4, 2, -2, -1, -1, 0, 1, 1, -1, -1, -1, -2, -2, -3, -2, 1, -1, -1, 4, -2, 3, 1, 3, -1, 1, 0, 3, -3, -3, -2, 0, 4, 4, 1, -1, 1, -3, -1, -4, -4, 6, -3, 0, -2, 1, -5, -1, -1, -8, 5, -50, -1336, 721, 1362, 702, -1092, -841, 3069, -3079, -828, -222, 2505, 219, -1056, 2974, -2676, -1046, 2602, -901, -3228, -4110, 1264, -455, -3811, 9722, 1919, 4793, -3002, 5525, -1724, -4435, -434, 1316, 1321, -6706, -1534, -5413, 6993, -2374, -1633, -7880, 1240, -477, 2072, 1802, 11348, 3478, 3618, 575, -6896, 4267, 5076, 4738, -10006, 448, -2019, -1663, -13161, 9328, -4459, -9820, -1697, -8473, 8115, 2699, 12266, 1298, 1351, 918, -4675, -8159, 14756, 4295, -8077, 4431, -3597, 13632, -4260, 7365, -8190, -3492, -4379, -4762, -9248, 4155, 7518, -183, -4564, -15783, 11003, 11150]
[0, 0, 0, 0, 0, 0, 0, 0, 0, 0, 1, -1, 0, 0, 1, 0, -1, 0, 1, -1, 1, 0, 0, 0, -2, 1, -2, -1, -1, 1, 0, 1, -2, 1, 1, 2, 2, 3, 1, -1, 0, 3, -1, -1, -1, 1, -1, -2, -3, -1, -3, 5, 3, 0, 2, 0, -1, 4, -3, 0, 0, 0, 0, -3, 1, -3, -5, 2, 2, -2, 1, 2, 0, 3, 7, 2, -3, -1, 4, 0, -1, 3, 0, -1, -3, 2, -2, 2, -3, 3, 2, 4, -3, 1, 1, -1, 3, 2, -2, -6, 4, -1, 2, 2, -7, 1, 1, -2, 1, 2, 3, 0, 1, 6, 1, -2, 0, 0, -2, 3, -3, -5, 3, 5, 9, 7, -2, 12, -9, 1, 13, 6, -4, 16, -11, 13, -16, -1, -8, 10, -6, 4, -3, 14, -21, 2, -7, -2, -11, 0, 10, 11, -9, 13, 5, 3, 19, -3, 9, 12, -4, -4, -2, 3, 0, 3, -5, -1, -27, 7, 1, 15, 12, 3, -6, 6, -11, 8, -5, 7, -12, 21, 1, -4, -8, 1, 7, 26, -14, -3, 19, -2, -7, 4, -2, 15, -31, 7, 18, -11, -2, -4, 18, 9, 8, -7, -12, 1, -21, -2, 5]
[0, 0, 0, 0, 0, 0, 0, 0, 0, 0, 1, 0, 0, 0, 0, 0, -2, 0, 1, 1, -1, -1, 1, 1, -2, 0, -1, 0, 0, 1, 0, 0, 0, -1, 0, 0, 4, 1, 0, -2, 1, 1, 2, -1, 1, 2, 1, 0, -2, 1, 0, 0, 3, -1, 0, -2, -3, 1, -5, 0, 3, 1, -2, 2, 2, -1, -5, 3, 0, 4, -1, 5, -1, 0, 2, 0, -2, -5, 3, 3, 3, 0, 3, 1, -2, 0, -3, 1, 3, 0, -2, 3, -5, 3, 0, -1, 4, 3, -1, 2, -1, 1, 2, 4, 2, -1, 1, -2, -4, 4, 0, -1, 1, 9, 0, 0, -2, 5, -2, -5, -3, 4, 8, 6, 10, -3, -6, 3, 2, -1, 10, -3, 8, 5, -6, -3, -4, -5, -4, 10, -3, 10, 8, 13, -5, 3, -2, -2, 4, -5, 0, 7, 4, 6, -6, 4, 12, 1, 4, 7, -1, -8, 1, 4, -2, 7, 5, -5, -27, 6, -6, 17, 7, -2, -4, 9, -14, 8, 0, -1, -4, 12, -6, -2, -1, 15, 16, 11, -12, -8, 19, 2, -1, 19, -5, 0, -15, 9, 10, -1, 9, 3, 14, 0, 21, 5, -1, 1, -8, -2, -11]
[0, 0, 0, 0, 0, 0, 0, 0, 0, 0, 0, 0, 1, 1, 0, 1, 0, 0, -1, -2, -1, -2, -1, 2, -2, -1, 0, -1, 0, -1, 5, 1, 0, 2, 1, 0, -1, 2, 0, 1, -2, -1, 2, 2, 4, -2, 1, 2, -2, -1, -2, 0, 5, -2, -3, 3, -3, 1, -5, -1, 2, -2, -1, 0, 0, 0, -2, -6, 2, 0, 0, 5, 0, 3, 4, -1, 2, 2, -3, -1, 0, 0, 1, 0, -2, 1, 1, 5, 0, -1, 7, 4, -1, 5, -1, 0, -3, -1, -5, -1, 0, 0, -3, -2, -3, 3, 0, 0, 0, -4, -3, -3, 1, 3, 0, -2, 2, 1, -3, 4, 3, -3, 15, -3, 0, 5, 4, 13, -3, 0, 7, -1, 4, 18, -7, 4, -2, -1, -6, 0, 1, 4, -5, 0, 4, -3, 1, -3, -15, 1, 11, 3, 11, 5, 2, -5, -3, -13, 4, 4, 1, 5, -8, -1, 2, -13, -12, 2, -1, 0, 4, -5, 13, 4, -9, 4, -15, 30, -11, -8, 13, 17, 11, 5, -17, 6, 1, -4, -8, 6, 26, 6, -25, -8, 1, 0, -2, 6, 4, -9, 18, -8, -1, -5, 12, -9, 1, 5, -13, 4, -12]
[0, 0, 0, 0, 0, 0, 0, 0, -1, 1, 0, 0, -1, -1, 1, 0, 0, 0, 1, 0, 1, 2, -1, 1, 1, 0, -1, -2, 1, -1, 0, 1, 3, 2, -1, -1, -4, 0, -3, 1, 2, -2, -1, 0, 4, -6, -1, -2, 1, 2, 2, 2, 0, 2, 2, 0, -2, 0, 0, 0, -1, 5, 1, 1, 2, 3, 5, -5, -1, -2, -1, -1, 3, 0, 2, 0, 1, 1, 0, -1, -1, 1, 0, 0, -3, 5, 1, 0, -2, 1, 4, 4, -3, 0, 0, -4, 2, 1, 1, -2, 2, 1, -2, 1, -1, -2, -1, 3, 2, 5, -2, 5, 2, -1, -8, 3, 1, -6, 3, 1, 369, -24, 289, 684, -328, -401, -1752, 1160, -1489, -855, -25, 816, 1373, -1451, 2412, -336, 1202, 1083, -30, -1499, -2246, 651, 468, -1375, 3607, 131, 1533, -2272, 546, -995, -2799, 911, -1977, 1449, -4953, 778, -2181, 5252, 1507, -1104, -1282, 418, 2514, 415, 2407, 3919, 2219, -676, -1035, -2928, 1010, 2315, 426, -4421, -585, -4249, -1476, -4171, 1955, -1570, -5731, 765, -4546, 3904, 5926, 7459, 522, 2109, 2262, -3852, -2429, 4729, 4729, -5236, 3023, 145, 3494, -1771, 2980, -2642, -2208, -3004, -5205, -4019, 112, -245, -2754, -1359, -3014, 3021, 4502]
[0, 0, 0, 0, 0, 0, 0, 0, -1, 0, -1, 0, 2, 0, 2, 0, 1, -2, -1, 0, 0, 0, -1, 1, -1, -1, 0, 2, 0, 1, -2, 0, 2, 0, 1, 1, -1, 0, 0, 1, 0, -2, 0, -2, -2, -3, -1, 2, 1, -2, -3, -1, 0, -4, 3, 8, 0, -1, 1, 0, -1, 3, 3, -3, -2, 2, -1, -2, 0, -2, -1, -1, 0, -2, 1, 0, -1, -3, 3, -6, 8, 3, -1, -2, 2, 2, 3, -1, -1, 1, -1, 0, -4, 2, -1, -3, -3, 1, 4, -3, 1, -3, 1, -1, 2, 3, -1, 1, -3, 2, -5, -1, -4, 0, 2, -5, 5, -2, 2, 1, 494, -25, -337, 412, -228, -409, -1909, 427, 655, -1147, 724, 545, 1790, -478, 872, 929, -558, -165, 230, -1168, -1524, 244, -300, 457, 410, 2634, -1105, -758, 686, 599, -2908, -2498, -1190, 524, -957, -379, 1110, -410, 5669, -286, 2413, -1242, 4529, 1026, -2110, -1369, 409, -3381, -2432, 4659, -717, 132, -6849, 4949, -2910, 571, -1513, 1607, -3786, 1963, -1256, -6311, 1806, 2738, 10928, -3530, 1822, -625, 787, -2305, 5938, -3834, 2074, -3214, 1382, -45, -713, 4681, -2528, 3854, -1759, -137, -15353, 1344, 247, 1298, -4936, 134, 4891, -1184, 5600]
[0, 0, 0, 0, 0, 0, 0, 0, 0, -1, 0, -1, 1, 0, 0, 1, 2, 0, -2, -1, 2, -1, -1, 0, 1, 1, 2, 3, 0, 0, -3, 1, -3, 0, 0, 0, -2, -1, -2, 0, 0, 3, 1, 1, -3, -1, -2, 1, 0, 0, -1, 0, -2, 0, 3, 0, 0, 5, 0, 2, -2, -3, 2, 0, -5, -2, 2, 6, 2, -4, 4, -3, 3, 2, 2, 0, -2, 0, 0, -4, 1, 1, 2, -1, 3, -1, -2, -4, -4, 1, 4, 2, -1, 0, 0, -1, -3, -5, -1, -2, 5, -1, -1, 5, 2, 5, 0, -1, -4, 0, 4, 2, 0, 3, 1, -4, 3, -3, -3, 1, -6, -2, 0, -4, 2, 0, -8, 6, -11, -4, -3, -4, -1, 9, -6, 17, 0, 15, -4, -3, -1, 3, 2, 10, -16, 1, -10, -5, -1, -7, 2, 6, -6, 9, 0, 7, -6, 1, -9, 2, -11, 6, 4, -2, 6, 9, -1, 9, 4, 5, 1, -4, -6, 7, 4, -3, 4, -5, -6, -13, 6, 28, -7, 0, 11, 9, -8, 4, -10, 6, 1, -2, 10, -19, -1, 10, 16, 16, -8, -32, -1, -19, -18, 6, -2, 4, -10, 16, -8, -13, 1]
[0, 0, 0, 0, 0, 0, 0, 0, 0, 1, 0, 0, -3, -1, 0, 0, -2, 0, 3, 2, 2, 3, 2, -2, 1, -1, -1, -2, 0, 1, -3, -3, 0, 0, 2, -1, 2, -1, -2, -1, 2, 3, -2, -1, -3, -2, -3, -5, 0, 1, 2, 3, -3, 2, 3, 3, 2, 0, 2, -2, -3, 5, 1, -5, 4, -1, -5, 3, 1, 0, 2, 0, 1, -4, 1, -2, -3, -1, 0, -3, -3, -4, -1, 2, -1, -3, -4, -2, 0, 1, 2, 1, -1, -2, -2, -3, 2, 0, 1, 4, -3, 2, -1, 2, -1, -3, 1, -2, 3, -3, 2, 1, 4, -2, -2, 0, -5, -1, 0, 3, -153, -222, 335, 217, 7, -109, 309, 723, -1433, 301, -336, 421, -434, -395, 1028, -1159, 732, 822, -245, -463, -609, 168, 135, -1457, 2251, -1345, 1884, -707, 549, -863, 254, 1790, -32, 562, -2287, 527, -2515, 3617, -3038, -557, -2725, 1065, -1628, -500, 2651, 3568, 1080, 1990, 1528, -5164, 1410, 1537, 4432, -6096, 1354, -2269, 185, -4023, 4211, -2305, -2821, 4341, -4836, 1163, -3509, 6629, -1000, 1738, 846, -682, -5593, 6137, 1185, -1617, 1187, -1073, 4061, -4018, 3870, -4361, 349, -2165, 6265, -3875, 111, -494, 1489, -373, -6928, 3716, 386]
[0, 0, 0, 0, 0, 0, 0, 0, 0, 0, 0, 1, 0, 0, 0, 1, 0, -1, 0, 0, 0, -1, 0, -2, 0, -3, 0, 0, 0, 0, -2, 1, 3, 0, 1, 3, 2, 0, -2, 4, 2, -1, 1, 2, 0, -1, 1, -2, 0, 0, 1, -1, -5, 2, 0, -1, 1, -1, -2, 0, -4, 0, 0, -3, -1, 3, 1, 2, -2, -1, 3, -1, 2, 2, -2, 2, 1, -2, 1, 3, -1, 5, -1, 1, 1, 1, 7, -4, -2, 5, -2, -1, 0, 1, -1, 0, -3, 0, -3, 5, -4, -6, -1, 3, 1, -5, 3, 6, 1, 4, -1, 3, 2, 2, 1, 2, -3, 1, 4, -4, -47, 761, -1134, -1144, 120, 762, 1118, -3231, 5022, 173, 856, -2049, -510, 2276, -5081, 3241, -2435, -3197, 807, 2992, 4032, -935, -526, 5179, -9957, 2136, -6362, 3861, -2783, 3394, 2860, -4667, 1916, -2994, 10860, -1978, 9012, -13836, 5336, 2626, 8418, -3122, 1223, 397, -8577, -13146, -5145, -4053, -2644, 15813, -4669, -6953, -10813, 19373, -2947, 9218, 1183, 14847, -12517, 7294, 13567, -10417, 17115, -7841, 1221, -23877, 2014, -6140, -3478, 6383, 15528, -20468, -8143, 10157, -6942, 3710, -14926, 10040, -13019, 14174, 1212, 8272, -7598, 14383, -1003, -204, -136, 3053, 22113, -12791, -7748]
[0, 0, 0, 0, 0, 0, 0, 0, 0, 0, 0, 0, 0, 0, 0, -1, 0, 0, 1, 0, 0, 0, 0, 1, 0, 1, 0, 0, 0, -2, 1, -1, 0, 1, -1, 1, -1, 1, 0, 0, -1, -3, 0, 1, 1, 0, 2, -2, -2, 1, 2, 1, 1, 1, -2, -3, 1, -2, 2, 1, 4, -2, -1, 3, 2, -1, 1, 1, -1, 3, -4, -1, -3, 4, -5, -3, 4, 1, -2, 3, 0, 1, -3, 0, -3, 0, -1, 0, 7, -4, -1, -2, 4, 0, 3, 4, 4, 2, -2, 1, 3, 3, 2, -3, 1, -4, -4, 4, 0, -2, 2, -1, -5, 0, 6, -5, -1, 4, -2, -5, -231, 769, -645, -894, -83, 503, 1567, -2603, 3000, 278, 356, -1457, -882, 1776, -3404, 2113, -664, -1975, 258, 2502, 3219, -959, -138, 3048, -7040, -153, -4043, 3073, -3543, 2091, 2707, -1651, 1652, -1817, 7576, -1020, 6192, -8180, 1739, 1569, 5702, -1421, -545, -599, -4857, -8364, -3632, -2063, -1333, 7824, -3025, -4973, -4338, 11060, -576, 5474, 1002, 9514, -7333, 4144, 8878, -3442, 10519, -6019, -2621, -13638, 557, -3396, -1806, 4633, 7281, -12328, -5238, 7631, -5036, 2825, -10673, 4473, -7699, 8485, 1086, 5585, 1625, 8744, -1013, -2385, 1348, 1568, 13833, -8409, -8129]
[0, 0, 0, 0, 0, 0, 0, 0, -1, 0, 2, 1, 0, -1, 0, -1, -2, 1, 1, -1, -1, 2, -1, 0, -1, 3, 2, -3, -1, -1, 3, 2, 0, -2, -2, -1, -2, 1, -1, -1, 2, 1, 3, 1, 3, 2, 1, -4, 0, -2, 1, 3, -1, -1, -4, -3, 0, 0, 0, 0, 5, -2, -2, 1, 1, 0, -1, -2, -1, 3, -1, 3, -5, 5, 0, -3, 5, 2, -1, 4, -1, -4, -6, 3, -3, -2, 2, -1, 4, 1, 4, -3, -2, -2, 1, 0, 4, 2, 3, 2, -1, 0, 0, -2, 0, -5, -1, -3, 1, 0, 1, 4, -2, 2, 1, -5, -5, 2, -1, 0, -472, 208, 514, -954, -298, 922, 1937, -180, -1688, 2461, -1081, -1260, -1750, -178, 218, -1668, 2498, 21, 152, 1655, 2366, -700, 634, -1100, -1971, -5666, 1792, 781, -1845, -1686, 6153, 6210, -1525, 262, -1072, 3594, -4891, 4133, -8354, -39, -2485, 2887, -5663, -3297, 7790, 693, 228, 3772, 5721, -10787, 777, 1311, 10169, -11726, 4390, -5613, 2844, -709, 5520, -3713, 923, 16767, -9321, -4119, -15455, 9692, -5596, 4472, 378, 2585, -9360, 7054, -1039, 2959, 469, -2184, 1742, -7859, 6636, -8760, 6636, -3394, 25625, -4393, -3539, -7537, 5080, 3874, -11706, 2253, -8238]
[0, 0, 0, 0, 0, 0, 0, 0, 0, 1, -1, 0, -1, 0, 1, -1, 0, -1, 1, 1, 0, 3, 0, -1, 0, -2, 0, -1, 1, 1, 0, 0, 1, 0, 2, -1, -1, -1, 0, 2, -2, 0, -3, -2, 1, -3, 2, -2, 1, -3, 1, 3, 1, 2, 3, 4, 1, -5, 2, -1, 2, 6, 0, -3, 3, 1, -1, -1, -1, -1, -4, -1, 0, -1, 1, -1, -2, -3, -1, -1, 1, 0, -5, -2, 2, 2, 5, 3, 6, 0, 2, 6, -1, 1, 0, -2, -1, 1, 4, -1, 0, 4, 2, -2, 1, -6, -3, 1, -1, -1, -1, -5, -6, -3, -4, -3, 0, -1, 5, 0, 18, 4, 1, 8, 12, -1, 16, -19, 6, 8, -7, -2, -8, 3, 2, -11, -2, -8, 6, -8, 0, -12, -6, 4, 0, -6, 3, 8, 7, 12, 0, -6, -7, 0, 30, -2, 1, -7, 11, 11, 2, -2, -3, 12, -7, -26, 3, -7, 10, -6, 7, -6, 11, -7, 26, -22, 12, -1, 1, 11, 12, -8, 10, 0, 8, -16, -6, 4, -2, 6, -31, -4, -5, 11, 8, -28, 12, -6, 8, 17, 19, 17, 14, -2, -7, -8, 7, -4, 5, 1, 4]
[0, 0, -1, 1, 0, 1, -2, 1, 2, -1, -2, -1, 0, 0, 0, 0, 1, -1, 0, 2, 1, 0, 1, -1, 3, 1, -1, 4, -1, 1, -3, -1, -2, -2, 0, 0, -1, -1, 1, -1, -3, 1, -1, -2, -3, 2, -1, 4, 1, -3, 1, 2, -3, -1, 1, 2, 1, 0, 4, -1, 2, 2, -2, -4, -1, 3, 0, 5, 1, -1, 5, -5, 2, -2, -4, 1, 2, -4, -1, -3, 2, -1, -5, -1, 2, 1, 1, 2, -1, -1, -1, 1, 4, -3, -1, 1, -4, 0, 7, -1, 6, -1, 1, -2, 1, 4, -1, 1, 0, -2, 1, 0, -3, -3, 0, 2, 0, 1, 8, -2, -1763, 1913, 3079, -3548, -3070, 4114, 5608, 1129, -12718, 11277, -5963, -4431, -5104, -5279, 7658, -9352, 18626, 2817, 803, 5403, 7451, -3399, 5262, -10226, -1854, -32120, 12451, -1375, -11607, -11779, 26606, 38412, -14417, 5847, -19573, 22841, -32538, 38254, -40181, -3437, -15000, 17875, -23543, -17252, 49210, 13626, 7122, 16633, 26875, -68550, 6715, 12889, 56928, -76154, 22925, -45172, 11264, -13009, 34579, -23841, -10391, 96791, -62642, -12319, -67192, 73409, -29889, 30844, 8702, 2704, -57537, 49954, 8811, 2131, 10135, -10930, 15666, -47278, 43600, -54624, 30586, -25653, 128447, -33426, -18893, -45927, 18079, 15945, -69535, 18800, -36205]
[0, 0, 0, 0, 0, 0, 0, 0, 2, -1, 0, 0, 0, -1, -2, -1, 2, -1, 1, 0, 1, 2, 1, -3, -2, 2, -1, 0, 1, 2, -4, -1, -1, 3, -3, -2, 2, 0, 1, -1, 1, 4, 0, 0, -1, 3, -3, 2, 0, 2, 2, 0, -2, 2, -1, -7, 0, 0, 2, -3, -1, -1, 1, -1, -1, -1, 0, 6, 1, 2, 1, -5, -1, 0, -4, -1, 2, -5, 3, 0, -2, -2, -3, 3, 0, -1, -3, 1, -2, -2, 3, 1, 3, -5, 4, -5, 3, 1, 3, -2, 5, 4, -2, 0, 0, -2, -3, -3, 1, -2, 3, 1, 3, -3, 5, 1, -3, 1, -3, 1, -449, -1849, -140, 1166, 2300, -1367, 978, 1238, 1378, -1660, 522, 2565, -1258, 2074, -2523, -850, -7134, 880, -1194, -2160, -2154, 1165, -1938, -407, 6825, 8229, 627, 213, 8181, 1516, -5757, -9034, 8243, -2422, 4036, -8001, 3265, -8420, 1770, 712, -5630, -1936, -1031, 6285, -11818, 5716, -993, 2966, -3514, 9942, 2594, -164, -4497, 9202, -2397, 12606, -1679, -7502, 2134, 1548, 235, -22674, 11370, 5377, 4948, -12074, 6873, -8634, -5384, 288, 5358, 1048, -4770, -118, -2614, -1639, 6766, 6805, -4921, 4270, -7280, 5888, -20164, 2984, 9900, 19535, 1516, -8706, -245, 4173, 11569]
[0, 0, 0, 0, 0, 0, 0, 0, 0, 1, 0, 0, -1, -1, 1, 0, -2, 0, 2, 0, -1, 1, 0, -1, 2, 0, -3, 0, 1, 3, -2, -1, 1, -4, 2, 1, 0, -1, -1, -1, 0, 1, 1, 1, -2, 0, 0, 0, 3, 0, 3, -1, -3, -2, -1, 0, 4, -2, 3, -5, -1, -1, 2, -5, 1, 2, -5, 1, -2, 4, 4, 0, 1, 1, -3, -3, -3, -2, -2, -1, 0, -1, -2, 3, -1, -1, 1, -2, -1, 1, -1, -5, 6, -3, -2, -2, -1, -3, 3, 1, -5, -5, 0, 0, -1, 0, 5, 1, -1, -1, 1, -2, -2, -2, 4, -3, -9, 5, 1, -2, 236, -1116, 769, 1479, 363, -1130, -1718, 3152, -3400, -1222, -193, 2456, 988, -1624, 3859, -2322, -185, 2715, -757, -3507, -4574, 1426, -144, -3798, 9868, 1742, 4799, -3656, 4805, -2021, -5348, 12, -169, 1953, -8233, -730, -5588, 8554, -992, -1994, -6993, 1191, 1201, 1852, 2874, 11250, 4112, 2421, -77, -7206, 3926, 5512, 3923, -10494, 73, -3847, -2168, -13013, 8480, -4474, -11388, -1066, -9537, 8849, 5826, 14198, 1274, 2296, 1947, -6074, -7875, 14493, 6294, -9635, 5450, -2952, 13109, -4165, 7708, -8056, -4102, -5266, -7255, -9909, 3274, 6020, -1690, -4435, -14534, 10487, 11939]
[0, 0, 0, 0, 0, 0, 0, 0, 0, 1, 0, 0, -2, 0, 0, 0, 2, 0, 0, -1, 0, -1, 0, 1, 0, 2, -2, 0, -2, 0, 2, -1, 2, 2, -1, -2, -1, 1, 2, 1, 0, -6, 1, 1, 4, -2, -1, 1, -2, 2, 1, 0, 3, -1, 2, 3, -3, 1, -2, 2, -6, -1, -1, 2, -1, 2, 4, -1, -4, 2, -2, 1, 5, 3, -1, -2, -1, 2, -1, 1, -2, 0, 2, -4, 0, 1, -3, 5, -4, -1, 0, 0, 0, -1, 5, -2, 0, 7, 0, -3, 4, 0, -5, 3, -3, -1, -1, 5, -1, -2, -3, 5, 2, 3, -6, 0, 1, -2, 3, -2, 133, 1478, -379, -1101, -1148, 1088, 258, -2342, 1414, 915, -104, -2332, 141, -68, -1094, 1937, 3089, -1763, 910, 2694, 3134, -1035, 1101, 2451, -7861, -4025, -3074, 1548, -6287, 657, 4358, 3341, -3211, -126, 2783, 3247, 2701, -1468, 667, 820, 6368, -209, 468, -3126, 2403, -8257, -1827, -2932, 408, 1169, -3359, -3403, -867, 3127, 505, -2835, 1419, 10068, -6177, 2111, 5862, 8001, 2398, -6830, -3709, -3386, -2542, 1697, 1353, 2857, 2718, -9251, -1162, 5233, -2346, 3702, -10931, -392, -3204, 3930, 3628, 1084, 10038, 5003, -5409, -10754, 118, 4965, 10886, -8153, -11335]
[0, 1, 0, 0, -2, 0, 0, 0, 0, 0, 1, -1, 1, 1, 0, 1, 0, 0, -2, 0, 0, -2, 1, 2, 0, -3, 1, 1, 0, 0, -1, -3, -1, 0, 3, 1, 2, 1, 1, 2, -3, -3, -3, 2, -2, -1, 3, 2, 1, -1, -2, -3, 1, -2, 4, 3, -2, 1, -3, 2, 0, 1, 2, -1, -4, -1, -1, 0, 1, -4, 2, -2, 3, -3, 3, 3, 1, -3, 0, -2, 7, 3, 5, -4, 4, -2, -1, -2, -2, -2, -7, 4, -1, 0, -2, -1, -4, -2, -2, -1, -2, -1, 6, 2, -1, 1, 1, 1, -3, -1, -4, -4, -2, 5, 0, 1, 3, -1, -3, -3, -3659, -4412, 3797, 1054, 3821, -1302, 9975, 7060, -12487, 5720, -4963, 5680, -10091, 598, 3464, -14633, -1383, 8646, -4629, -3211, -2738, 562, -715, -16311, 27629, -9195, 20128, -2425, 14248, -9218, 6007, 13703, 13032, 774, -13480, -2402, -26960, 23223, -41327, -3751, -39036, 13911, -30341, 653, 17184, 43258, 7669, 30918, 18092, -52579, 18780, 16694, 54832, -62160, 19715, -9726, 4905, -50242, 52905, -25123, -21359, 35315, -40389, 10734, -57649, 56189, -9486, 8309, -4431, -558, -58832, 71264, 244, -5520, 6648, -18735, 48846, -37145, 39244, -52009, 5579, -12594, 78643, -37586, 13270, 15337, 26011, -15320, -88390, 43752, 3887]
[0, 0, 0, 0, 0, 0, 0, 0, 0, 0, 0, -1, 1, 0, 1, 0, 0, 0, -2, -3, 1, 3, 0, 0, 1, 0, 1, -1, 0, 0, 0, -1, -2, -1, 0, 0, -2, 3, -1, 1, 1, 2, -1, 1, 0, 1, 1, -1, 0, -4, -2, 2, -6, 0, -3, 3, 3, 1, 1, 0, 3, 3, -1, -4, -1, 0, 0, -5, 2, -7, 4, 0, -2, 2, -1, 3, 2, 6, 0, -1, -2, -5, -4, -2, 0, -1, 0, -4, 2, 0, 2, -2, 4, 0, -3, 2, -2, 2, -1, 3, -1, 3, -5, -3, 1, 1, -3, 0, 6, -4, -1, 4, 0, -3, 0, -3, 4, 3, 4, 3, -85, 975, -859, -1506, -301, 1159, 1416, -3154, 3765, 1092, 432, -2552, -775, 1798, -4155, 2583, -521, -3058, 953, 3420, 4787, -1268, -102, 4376, -10628, -810, -5382, 3810, -4169, 2380, 5225, -1192, 19, -2273, 9036, 464, 6131, -10206, 2108, 2256, 7793, -1514, -309, -1459, -3767, -12675, -4575, -3138, -120, 9690, -4345, -5857, -6331, 12816, -1078, 4994, 2166, 14408, -10127, 5322, 12621, -1370, 11139, -8943, -3904, -17367, -913, -3008, -2351, 6500, 10821, -16622, -7102, 10046, -5843, 2642, -13825, 6202, -9188, 9741, 4169, 5664, 3182, 11356, -3276, -5313, 1078, 5175, 16273, -11563, -10805]
[0, 0, 0, 0, 0, 0, 0, 0, 0, -1, 1, 1, 2, 0, -1, 1, -1, 0, 0, -2, -1, -2, -3, 1, 0, 1, 1, -2, 1, -1, 3, 4, 0, 0, -1, 0, -3, 2, -1, 2, 1, 0, 3, 1, 3, 2, 1, 3, -3, -2, -1, 1, 3, 0, -2, -4, -4, 3, -4, 3, 0, -4, -4, -1, 2, 0, 2, -3, 2, -4, 4, 2, -2, 7, 6, -1, 1, 1, -4, 1, 0, -1, 1, 0, -1, 1, 1, 4, 4, 1, 7, 1, -2, 3, -4, -2, 0, -3, -1, 2, 0, 1, 0, -1, 2, -3, 1, 1, -1, -1, 3, 4, -3, 0, 0, -3, 5, 3, -4, -1, 1, -1, 12, 4, -6, -4, -6, 16, 4, 5, 8, -5, -3, 10, -6, 19, 1, 12, 2, 4, -1, 12, -4, -1, 12, -7, 3, -11, -14, 2, 4, 12, 15, 2, -11, -3, -6, -6, 3, -3, 9, 14, -5, -9, -9, 2, -14, 1, 2, 11, 5, -7, 5, 5, -21, 9, -7, 4, -9, -2, 10, 23, 3, 2, -9, 13, 8, 3, -4, 0, 36, 5, 2, 3, 3, 7, -15, 20, 6, -15, 22, -13, -10, -6, 5, -23, -10, 8, -11, 5, -6]
[0, 0, 0, 0, 0, 1, 0, 0, 0, 0, -1, 0, 2, 0, -1, 0, 0, 0, 0, -2, -1, 0, -1, -1, 0, 0, -2, -2, 0, 2, 2, 0, 1, 0, 0, 0, -2, 3, -1, 3, 0, 0, 2, 1, 2, 0, 1, 4, 0, 0, 0, -1, 0, 1, -4, 1, 3, -3, -2, -1, 0, -3, 0, -7, 2, 2, -2, -4, 1, -2, 1, -1, -1, 4, -2, -3, 0, -2, -5, 3, 1, 0, -6, -1, 2, -3, 4, 1, 4, -1, 1, -7, 5, -1, 3, 1, -3, -1, 5, 0, -1, 1, 0, -7, 1, -2, -3, -1, 1, -5, -2, -1, -4, -3, 3, -2, 1, 6, 1, -1, -457, -5804, 2881, 4995, 3463, -4165, -1723, 12055, -11375, -2524, -1127, 9592, -792, -2947, 9899, -11114, -6432, 9867, -3714, -12098, -14988, 4978, -2557, -14482, 37989, 8722, 18956, -10269, 24181, -6482, -16241, -3597, 7906, 3912, -23148, -7559, -20932, 23274, -11943, -5675, -32896, 4389, -5125, 8703, 4744, 44057, 12690, 16682, 3906, -25361, 17126, 19540, 19637, -37386, 2693, -3089, -4981, -52222, 37920, -17064, -35549, -9691, -30856, 30246, 4527, 43574, 5206, 3071, 420, -15682, -32088, 57558, 12784, -28581, 15569, -15565, 55306, -15287, 28145, -32236, -12330, -14806, -15731, -35252, 17698, 34541, 2754, -18211, -64552, 43675, 44013]
[0, 0, 0, 0, 0, 0, 0, 0, 0, -1, 1, 0, -2, 1, 0, 1, -2, 1, 0, 1, 1, -1, 3, 0, 2, 0, -2, 0, -1, -1, 1, 0, -2, -1, 0, 1, 2, 1, 1, -2, -1, 0, -3, -2, -3, 3, 0, -4, 2, 1, 1, 0, -1, 3, -1, -3, 3, 3, -1, 2, 1, 1, 1, 2, 1, 0, -3, 4, -1, 3, 0, -2, 2, -8, -2, 0, 0, 3, 1, 3, -4, -1, 3, 1, 2, -4, 0, 1, 4, -2, -9, 0, 2, 0, -2, 4, 2, -1, -1, 3, -1, -3, 3, 3, -2, 2, -1, -3, 9, 0, 1, -1, 3, 1, -2, 6, -2, 4, 2, -1, -4, 706, 170, -430, -836, 526, -44, -305, -1170, 949, -454, -772, 165, -989, 1300, -269, 3235, 53, 297, 788, 816, -560, 907, -697, -1549, -4164, 542, -291, -3167, -1120, 2772, 4868, -3036, 1128, -2583, 3445, -2714, 5078, -2569, -513, 609, 1647, -901, -2597, 5930, -258, 794, -19, 2084, -6992, -153, 810, 4693, -7131, 2000, -6403, 874, 914, 1678, -1853, -1220, 11683, -6637, -1805, -4645, 8078, -3401, 4178, 2163, -336, -5177, 2944, 2253, -272, 1348, 117, -917, -4796, 3933, -4295, 3278, -3046, 12699, -2829, -3479, -8119, 290, 2673, -3726, 120, -5225]
[0, 0, 0, 0, 0, 0, 0, 0, 0, -2, 0, 1, 1, 0, -1, 1, 1, 0, -2, 1, -1, -1, 1, 1, 1, 2, 2, 2, 1, -1, 0, 0, 0, -1, -3, -3, -1, -4, 1, 0, -1, -3, 2, 1, 0, 0, 0, 6, 0, 1, 1, -4, -2, 0, 1, -2, -1, 1, 2, 1, 4, -3, -2, 4, -2, 3, 7, 3, -1, 3, -1, -1, -4, -1, 1, -3, 1, -1, -4, 2, 3, -1, 2, 1, 7, -4, 1, 2, 3, -2, -2, -6, -4, -1, 2, 2, -2, 0, 5, 2, 3, -1, 1, 2, 5, 4, 0, 0, -1, -2, 3, 3, -4, -7, 1, 3, 2, 4, 6, -2, -15, 10, 4, -11, -5, -10, 1, 6, 10, -10, -8, -9, -3, -12, 10, -1, 11, 6, 11, -1, -4, 16, 8, -10, 18, 9, 5, -8, 10, 1, -13, 0, 9, -7, -20, -3, -18, 16, 2, -7, -7, 10, 12, -9, -8, 10, 5, 14, 15, 8, 4, -13, 3, 7, -2, 22, -1, -3, 18, -15, 11, -4, 6, -4, -7, 1, 21, -18, 7, 1, 2, 11, -9, -5, 8, 23, 26, 2, -8, -7, -6, -8, -18, -9, 12, 17, 12, 8, 0, 4, -14]
