63 3 2 36 35
[1, 0, 1, 1, -1, 4, -1, -1, 1, 0, -3, -2, 1, -2, 4, 1, -2, -3, 3, 0, 0, -2, -2, -2, -2, 2, 2, -2, 2, 1, 4, 1, -1, 1, 1, -1, 3, 2, -3, -7, -1, 77, 32, -6, -83, 90, 110, -196, 24, 58, 250, -405, 132, 51, 235, -340, 72, -51, 107, -21, 185, -196, 177, 101, 12, -482, 284, 253, -52, -375, 208, -41, 51, -305, 178, -485, 577, -60, 142, -366, 1014, 3, -326, -316, 296, -426, -30, -233, 507, -520, 581, -877, 141, -321, 1061, -715, 392, 263, 777, -468, 178, -172, 477, -571, 179, -696, 915, -578, 624, -454, 297, -377, 470, -215, 71, 100, 1426, -331, -263, -766, 754, -490, 35, -318, 157, 430, 190, -1570, 267, 198, 2029, -2219, 809, -102, 1641, -1140, -122, 935, -461, -113, -80, 566, -438, 847, 907, -1491, -656, -893, 1098, -1580, 969, 272, 672, -455, -263, -1246, 805, 1265, -411, -1220, 2109, 1163, -623, -2067, 1681, -201, -302, -1176, 1467, 310, 40, 13, 1350, -1444, 734, 92, 1301, -1604, 713, 1987, 11, -2432, 30, -833, 312, -2251, 1896, -1789, 3258, -1067, -867, -1463, 3332, 1929, -1512, 203, 2071, -240, -424, -1644, 2619, -3551, 2034, -1849, 2266, -3282, 4773, -735, 1444, -3137, 921]
[0, 0, 0, 0, 0, 0, 0, 0, 0, 0, 0, 0, -1, 0, 0, 0, 0, 0, 1, 0, 0, 0, -1, 0, 0, 1, -1, 0, -1, 0, -1, 0, 0, 1, -1, -1, -1, 0, -1, 0, -2, -1, -2, 1, -1, 0, 0, 0, -2, -1, -1, 1, -1, 3, -2, -1, -3, 1, -1, 1, -2, -1, -2, -3, -1, 1, -2, 0, -4, -2, -3, -1, -1, 0, -2, 1, -3, -2, -3, -1, -3, -2, -4, -3, -3, 3, -3, -1, -7, 1, -4, -1, -5, 3, -5, -3, -9, 0, -3, 0, -5, 2, -4, 4, -4, 2, -11, 0, -8, -2, -6, 1, -5, 2, -12, -1, -17, 1, -6, 3, -12, 0, -14, 2, -8, 0, -1, -5, -15, 2, -9, 5, -5, 0, -10, -7, -14, -2, -7, -1, -7, 1, -12, -2, -19, 2, -6, -3, -17, -2, -15, 0, -14, -1, -5, 2, -21, 4, -10, 2, -12, 3, -14, -1, -21, -4, -18, 4, -15, 5, -17, 5, -22, -4, -13, 2, -29, 4, -21, -1, -19, 2, -16, 0, -30, 6, -25, 3, -20, 1, -16, 4, -32, -6, -22, -2, -18, 3, -16, 4, -23, -5, -20, -5, -30, 3, -21, 6, -29, -1, -23]
[0, 0, 0, 0, 0, 0, 0, 0, 0, 0, 0, 0, 0, 0, 0, 0, 0, -1, 0, 1, 0, 1, 1, -1, 0, -1, 1, -2, 0, 0, 0, 0, 0, 1, -1, 1, -1, 1, 0, 1, 0, 1, 2, 0, -3, 0, -2, 1, -3, -1, 1, 0, 1, 1, 0, 0, 1, 0, 1, -1, 1, 0, 1, 3, 2, -4, -1, -4, 3, -5, -2, 1, 1, 2, 0, 1, 0, 1, -1, 3, 5, 2, -5, 2, 1, -4, -4, -2, -1, -1, 2, -3, 1, 1, 4, 1, -4, 6, -4, 4, 0, -3, -1, 0, -1, -2, 3, 2, -3, 1, 2, 2, 0, -3, 3, 1, -3, 1, 1, -3, -3, 4, 3, 1, -1, 1, -1, -8, -1, -1, 6, -5, 6, 1, -2, 0, -1, 4, -4, 3, -4, 2, -2, -11, -1, 2, 0, -4, 5, 10, 2, 5, 0, 1, 1, 1, 3, -6, 0, 1, -6, 3, -6, 1, 10, -1, -4, 1, 1, -10, 4, 2, 4, -9, 8, -1, 2, -4, -5, 3, -5, 3, -4, 7, -10, -6, -4, -1, -2, -12, 9, 21, 7, 7, -5, 10, 5, 1, -1, -5, -8, 0, -4, 3, -3, -5, 8, -5, 15, -6, -3]
[0, 0, 0, 0, 0, 0, 0, 0, 0, 0, 0, 0, 0, 0, 0, 0, 1, 0, 1, -1, 1, -1, 0, 0, 0, 0, 0, 1, 0, -1, 1, 1, 1, -1, 2, 0, 1, 0, 1, 0, 0, 0, 0, 0, 2, 0, 1, 0, 2, -1, 1, 1, 1, 0, 1, 1, 0, 0, 2, 1, 2, -1, 3, 0, 2, 1, 2, 2, 1, 2, 2, 1, 3, 1, 4, 0, 4, 0, 2, -2, 2, -3, 7, -1, 7, 1, 5, 3, 5, 0, 1, 1, 8, -1, 0, -1, 8, -5, 4, -2, 7, 0, 7, 3, 8, 3, 5, -3, 7, 1, 5, -2, 10, 1, 6, 2, 10, -1, 7, 5, 9, -1, 6, 0, 13, -3, 10, 0, 10, 1, 5, 3, 7, -1, 9, -1, 10, -6, 13, -2, 14, 3, 12, 6, 16, -2, 10, -1, 15, -5, 8, -4, 19, 0, 17, 0, 15, 5, 15, 0, 20, 2, 19, -4, 13, -4, 15, -4, 16, 4, 18, 1, 17, 5, 18, 2, 18, -6, 16, -5, 27, -5, 20, 0, 22, 0, 19, 0, 21, -2, 20, -8, 20, -2, 26, -4, 29, -1, 25, 0, 32, 0, 20, -1, 27, 2, 19, 4, 20, 3, 20]
[0, 0, 0, 0, 0, 0, 0, 0, -1, 1, 0, 0, -1, 0, 0, -1, 0, -1, 1, 1, 0, 1, 0, 1, 1, 0, -1, -1, 1, 0, 0, 0, 0, 0, -1, 0, 0, -1, -1, 1, 0, -15, -14, 3, -3, -9, -15, 40, -6, -5, -39, 74, -15, 1, -46, 90, 1, -15, -55, 44, -12, -11, -55, 3, 12, 63, -37, -35, 13, 58, -46, -30, -25, 97, -10, 59, -140, 38, -34, 19, -170, 34, 68, 57, -70, 56, 5, 84, -83, 52, -108, 211, -42, 65, -132, 146, -124, -50, -179, 48, -17, 87, -41, 44, -24, 93, -154, 19, -89, 164, -29, 81, -119, 94, -43, -3, -248, 64, 62, 147, -140, 24, 45, 177, -135, -160, -43, 292, -24, 52, -281, 360, -164, -4, -379, 100, 113, -13, 5, -124, -3, -108, -1, -138, -65, 316, 109, 142, -253, 286, -113, 89, -286, 32, 107, 281, -202, -134, 113, 153, -457, -319, 23, 469, -158, 185, -119, 290, -313, -114, -201, 150, -91, 289, -135, -19, -202, 215, -103, -338, -43, 551, 22, 94, -224, 631, -189, 86, -765, 244, 228, 326, -509, -211, 194, -47, -485, -210, -56, 573, -235, 455, -549, 440, -421, 285, -691, 336, -116, 532, -82]
[0, 0, 0, 0, 0, 0, -1, 0, 1, -1, 0, 0, 0, 0, 2, -1, 0, 1, 0, 1, 0, -1, 0, 1, 1, 0, -1, 0, 0, 0, 0, 0, 1, 0, -1, 0, 0, -1, 0, 0, -1, -14, 10, 16, -1, -28, 10, 14, 2, -27, 7, 22, -4, -11, -10, 30, -6, 11, -40, 2, 2, 6, -5, -17, 11, 27, 34, -69, 4, 49, 42, -68, -2, 50, 32, -48, -36, 10, 60, -21, -63, -41, 99, -26, -12, -32, 86, -40, -18, -7, 0, 55, 34, -8, -82, 49, 21, -31, -53, -37, 108, -61, 8, -107, 161, 22, 15, -123, 50, 81, 1, -41, -30, 110, -30, -89, -77, -28, 106, -91, 62, -127, 131, -7, 62, -94, 61, 178, -4, 12, -208, 133, 10, 5, -223, -7, 151, -72, -74, -93, 198, -38, 41, -131, 22, 122, 103, 27, -110, 258, -135, -99, -107, 47, 81, 16, 64, -266, 135, 31, 62, -231, 29, 274, -113, -11, -131, 296, -96, 84, -213, -102, 169, 33, 1, -308, 353, -120, 104, -388, 214, 177, 24, 40, -123, 287, 43, -10, -253, 66, 303, -173, -12, -467, 236, -106, 92, -400, 102, 182, 121, -122, -171, 302, 207, -24, -300, -30, 219, -45, 137]
[0, 0, 0, 0, 0, 0, 0, 0, 0, 1, -1, 0, 0, 0, -1, 0, 1, -1, 1, 0, 0, 1, 0, 0, 0, 0, -1, 0, 0, -1, -1, 0, 0, 1, 1, 2, 0, -1, 0, -1, 1, 0, -2, -1, 0, -1, 1, 2, 0, 0, 2, -1, 2, 0, -1, -2, 0, 0, -1, 2, -1, -2, 2, 0, 2, 0, 0, -2, 0, 1, -1, 0, -4, 5, 1, -1, 0, 2, -1, -4, 4, -3, 0, -3, -3, 0, 1, 2, 0, 2, -1, 1, 3, 4, -1, 0, -4, -1, -6, 1, 4, 1, 2, -1, -3, 7, 3, 0, 3, -1, -5, -1, 3, -8, 6, -8, -3, 2, 4, 0, 2, 5, -7, 5, 4, -3, 2, -8, -3, 2, 4, -2, -4, 1, -2, 1, -6, -4, 7, 1, 3, 2, 4, -5, 0, 1, 11, -1, -1, -2, -7, 1, 3, 4, -6, 4, -2, 2, 3, 6, -6, -3, -4, -3, -7, 4, -7, 12, -1, 1, 0, 0, -5, -3, 5, -8, 5, -10, 4, 9, 4, 6, 3, -8, -10, 2, -4, 8, -10, -9, 6, 8, -8, 6, 5, 2, 5, 7, 12, -5, 3, -15, -2, -6, 6, 4, 4, 5, -2, -9, 7]
[0, 0, 0, -1, 0, 0, 0, -1, 0, 0, 0, 1, 0, 0, 0, -1, 0, -1, 0, 1, 1, 1, 1, 0, 2, 0, 1, -1, 0, 0, 1, 1, 1, 0, 0, 0, 0, 1, 0, 0, 0, -97, 40, 22, 36, -160, 19, 147, -18, -163, -102, 328, -51, -66, -220, 432, 5, -22, -272, 162, -41, 43, -174, -135, 140, 314, 31, -612, 87, 418, 64, -478, -74, 580, 157, -36, -593, 139, 217, -84, -905, -133, 769, 94, -244, 13, 402, 78, -179, 125, -336, 906, 239, 67, -1000, 808, -169, -520, -956, -16, 475, -79, -74, -412, 694, 545, -574, -498, 43, 1055, -178, -64, -428, 657, -231, -426, -1125, -59, 915, 156, -64, -535, 1036, 385, 16, -1226, 173, 1896, -25, 156, -2221, 1905, -516, -157, -2591, 396, 1405, -671, -132, -800, 1158, -702, 334, -1410, -19, 1505, 1093, 521, -1275, 2118, -938, -218, -1156, 291, 725, 1061, -121, -2152, 1526, 578, -1524, -2481, 521, 2635, -1085, 534, -628, 2029, -1368, -495, -1299, -257, 800, 756, -477, -1827, 1249, -47, 445, -3284, 1038, 2825, 492, 496, -923, 3699, -560, 295, -3975, 834, 2755, -29, -1476, -3655, 1999, -1066, -837, -3035, 729, 2980, -204, 991, -2418, 2898, -548, 1039, -4171, 642, 558, 1988, 355]
[0, 0, 0, 0, 0, 0, 0, 0, 1, 0, 0, 0, 0, -1, 0, -1, 0, 1, 0, -1, -1, 0, -2, 1, 0, 1, 0, 1, -1, 1, -1, 1, 0, 0, 0, 1, 0, -1, 0, 0, -1, -9, 6, 4, 5, -23, 9, 17, 0, -23, -13, 44, -5, -16, -26, 60, -7, -4, -37, 27, -6, 8, -29, -24, 17, 43, 8, -83, 7, 64, 16, -67, -16, 79, 10, -6, -85, 24, 27, -2, -127, -15, 97, 10, -37, -4, 56, 10, -10, 16, -50, 136, 35, 2, -163, 139, -13, -78, -123, -2, 59, -11, -11, -68, 95, 76, -85, -64, 15, 162, -41, -12, -76, 97, -38, -35, -155, -9, 130, 16, -13, -90, 168, 60, 11, -173, 15, 279, -25, 29, -335, 276, -80, -10, -368, 64, 204, -122, -15, -121, 182, -93, 51, -176, -9, 187, 144, 76, -203, 302, -128, 9, -159, 35, 95, 138, -23, -324, 252, 69, -212, -345, 61, 331, -186, 77, -96, 294, -211, -61, -174, -17, 124, 78, -74, -290, 191, -3, 109, -452, 130, 409, 45, 70, -140, 583, -76, 85, -598, 131, 391, -77, -194, -542, 266, -149, -96, -432, 94, 453, -63, 148, -337, 445, -93, 199, -614, 102, 7, 269, 45]
[0, 0, 0, 0, 0, 0, 0, 0, 0, -1, 1, 0, 0, -1, 2, 0, -1, 0, 1, 0, 0, -1, 1, 0, 2, 0, 1, 0, 1, 0, 0, 0, 0, 0, -1, -1, 0, 0, 1, 1, 0, -2, 1, 3, 1, 0, 1, 0, 0, -2, 1, 2, 1, 3, 3, 1, 1, 1, 2, -1, 1, 3, -1, -1, 2, 2, 2, 4, 1, -3, 4, 1, 7, -5, 2, 1, 5, -5, 4, 5, 3, -1, 4, 3, 9, -1, 3, -6, 5, -1, 3, -3, 5, 2, 5, 3, 7, 0, 7, 2, 5, -2, 6, 3, 13, 0, -5, 0, 8, -2, 6, 3, 13, 4, -2, 2, 2, -5, 7, 0, 5, -1, 14, 2, 2, 3, 13, 0, 6, 0, 3, 7, 23, -6, 13, -3, 20, 2, 8, 1, 14, -1, 7, 2, 9, -2, 6, -6, 11, -1, 17, -4, 14, 2, 23, -2, 13, 2, 10, -9, 32, 4, 18, 3, 27, -12, 15, -1, 16, 5, 17, -4, 24, 1, 18, 2, 8, 9, 16, -8, 21, -5, 23, 7, 22, -6, 22, -3, 41, 2, 20, -4, 25, -14, 16, -7, 30, -15, 14, 3, 26, 8, 24, -2, 18, -2, 21, 5, 23, 1, 16]
[0, 0, 0, 0, 0, 0, 0, 0, 0, 0, 0, 0, -1, 0, 0, 0, -1, -1, 1, 0, -1, 0, 1, -1, 1, -1, 0, 0, 0, 0, 0, -1, -2, 2, -1, 1, 0, 0, -1, 0, 0, -43, 10, 21, 21, -76, -8, 83, -9, -71, -66, 178, -35, -30, -112, 211, -5, -5, -121, 57, -40, 32, -87, -72, 61, 178, -30, -275, 50, 203, 7, -164, -33, 237, 20, 43, -289, 55, 67, 3, -466, -60, 324, 68, -133, 55, 157, 39, -138, 103, -180, 449, 75, 77, -504, 368, -117, -210, -456, 59, 173, -27, -84, -92, 271, 292, -294, -132, -80, 439, -90, 47, -221, 304, -105, -196, -618, 15, 393, 142, -108, -150, 363, 172, -34, -492, 50, 915, -39, 6, -1107, 1012, -257, -37, -1163, 283, 516, -437, 6, -297, 448, -310, 163, -664, -144, 752, 494, 280, -611, 1005, -503, -139, -553, 198, 307, 570, -156, -1008, 575, 358, -783, -1102, 293, 1255, -635, 178, -225, 994, -698, -152, -513, -144, 79, 455, -220, -702, 370, 157, 50, -1524, 397, 1410, 173, 330, -420, 1607, -485, 301, -1854, 430, 1187, 188, -1023, -1679, 964, -387, -530, -1064, 312, 1215, -449, 802, -1167, 1316, -449, 787, -2170, 270, 80, 1136, 18]
[0, 0, 0, 0, 0, 0, 1, 0, -1, 1, 0, 0, 0, 1, 0, -1, -1, 1, 0, -1, 1, -1, 1, 0, 1, 1, 0, 0, 1, 0, -1, 0, 0, 0, 1, -1, 0, 1, 1, -1, -1, 52, -21, -31, -19, 98, 3, -90, 8, 91, 55, -183, 35, 39, 117, -224, 16, -11, 144, -57, 45, -49, 80, 80, -63, -198, -2, 336, -45, -239, -45, 220, 48, -264, -47, 2, 310, -66, -126, 4, 507, 101, -407, -44, 128, -24, -231, 6, 133, -95, 180, -458, -103, -64, 579, -405, 79, 228, 484, -26, -256, 108, 91, 180, -410, -306, 266, 214, 23, -478, 114, -4, 243, -373, 117, 245, 637, 4, -475, -37, 43, 247, -471, -147, -50, 539, -99, -1027, 73, -9, 1288, -1088, 253, 18, 1317, -295, -608, 516, 77, 358, -606, 314, -221, 742, 137, -818, -541, -302, 694, -1211, 603, 222, 576, -241, -338, -535, 80, 1232, -689, -366, 668, 1217, -318, -1420, 788, -131, 299, -1209, 763, 36, 640, 270, -186, -432, 222, 989, -703, -44, -154, 1771, -574, -1500, -151, -371, 510, -1785, 442, -360, 2004, -479, -1379, 31, 993, 2077, -1149, 462, 384, 1366, -432, -1293, 384, -670, 1263, -1546, 249, -813, 2359, -193, -204, -1020, -112]
[0, 0, 0, 0, 0, 0, 0, 0, -1, 0, 0, 0, 0, 0, 0, 1, 0, -1, 1, -1, 0, 1, 1, -1, 0, 1, -1, 1, -1, 0, 0, -1, -1, 1, 1, 1, 1, -1, 1, 0, 1, -28, 2, 9, 13, -40, -11, 49, -7, -39, -46, 111, -19, -7, -77, 136, -1, -3, -73, 40, -30, 22, -52, -41, 35, 111, -26, -161, 30, 123, -7, -87, -25, 147, 9, 42, -186, 37, 33, 9, -296, -31, 197, 51, -80, 49, 81, 47, -77, 71, -128, 273, 39, 54, -309, 240, -93, -125, -293, 55, 74, -1, -56, -32, 143, 200, -201, -55, -60, 274, -87, 50, -137, 176, -63, -90, -373, 14, 234, 126, -87, -63, 213, 126, -45, -288, 18, 551, -45, 12, -684, 638, -176, -17, -704, 186, 300, -262, 13, -165, 238, -190, 102, -380, -92, 459, 287, 183, -376, 588, -279, -36, -343, 140, 173, 374, -144, -571, 359, 221, -512, -642, 208, 750, -403, 137, -120, 592, -432, -82, -272, -50, -2, 265, -150, -377, 143, 122, 22, -856, 195, 888, 105, 222, -273, 1016, -320, 215, -1141, 283, 691, 133, -682, -975, 585, -224, -365, -568, 172, 772, -337, 567, -738, 810, -368, 537, -1320, 233, -54, 766, -33]
[0, 1, 0, -1, 0, 1, 0, -1, 0, 1, 0, 0, 0, 0, -1, 1, -1, 0, -1, 0, 0, -1, 1, 0, 0, 1, 0, 0, 0, 0, -1, -1, 1, 1, 0, -2, 0, -1, 0, 0, 0, 8, 13, -13, 10, 20, -3, -28, 12, 18, 24, -54, 13, -4, 21, -60, 16, 14, 54, -46, 5, 19, 45, -8, 12, -43, -10, 14, 7, -51, 0, 29, 29, -69, -2, -18, 99, -50, -4, -11, 117, -20, -57, 1, 32, -2, -45, -55, 71, -36, 65, -136, 22, -39, 67, -84, 103, 9, 82, 8, -18, -26, 43, 2, -32, 2, 37, 64, 65, -138, 31, -29, 124, -82, 25, -1, 125, -123, -11, -4, 119, 57, -70, -138, 64, 103, 37, -176, 26, -101, 169, -203, 100, -40, 277, -21, -70, -23, 69, 155, -70, 1, 3, 63, -33, -229, -35, -161, 230, -276, 96, -62, 179, -1, -73, -170, 107, 79, -20, 1, 178, 197, 72, -377, 117, -84, 196, -265, 231, -48, 318, -80, -4, -142, 99, 81, 65, -113, 49, 180, -123, -296, 124, 10, 258, -513, 56, -17, 532, -166, -74, -175, 207, 80, -125, 20, 281, 253, 110, -359, 60, -170, 418, -502, 74, -129, 387, -234, -42, -87, -72]
[0, 0, 0, 0, 0, 0, 0, 0, 0, 0, 1, 0, -1, 0, 1, 0, -1, -1, 0, 1, -1, 0, 0, -1, 1, 0, 1, -1, -1, 1, 1, 0, 2, 0, 0, 0, -1, -1, -1, 1, 0, -2, 1, 2, -2, 1, 0, 1, -3, -2, 0, 4, 1, 4, 0, 1, 3, 0, -2, -2, -2, 1, -2, -2, 2, -2, 0, -2, -1, -6, -4, 0, 6, -3, 2, 2, 3, -1, 1, 3, 3, 1, -3, 0, 2, 2, 0, -2, -2, -1, 0, -2, -4, 3, 3, -1, -2, 4, 3, 2, 0, 0, -3, 2, 3, -4, -5, 2, -3, -3, 0, 5, 1, 2, -7, -1, -7, -2, 3, -5, -1, 5, 3, 5, -1, 1, 8, -5, -2, 3, 5, 7, 13, 6, -2, -9, 3, 1, -1, -2, 2, -4, -6, -8, -7, 0, 5, -7, -2, 0, -3, 1, -4, 0, 8, 4, -5, -4, -6, 0, 0, 0, 3, 6, 6, -4, -3, 5, 5, -3, 1, 3, 2, -5, 2, 6, -10, 1, 0, -4, -1, -4, -4, 2, -6, 0, -1, -6, 13, -3, 2, 11, -7, -5, -7, 6, 6, 5, -6, 4, -4, -1, -4, -7, 0, 6, 10, 7, 9, 0, 7]
[0, 0, 0, 0, 0, 0, 0, 0, 0, 0, 0, 0, 0, 0, -1, 0, 0, -1, -1, 1, -1, 0, 1, -1, 1, 1, 0, -2, 1, 0, -1, 0, 0, -1, -1, 0, 0, -1, 0, 0, 2, -33, 14, 11, 18, -59, 4, 48, -3, -60, -33, 111, -20, -23, -70, 135, 4, -3, -88, 41, -16, 19, -52, -52, 39, 108, 8, -220, 36, 140, 28, -155, -24, 173, 42, -9, -193, 34, 75, -23, -299, -59, 254, 18, -79, 7, 142, 4, -56, 46, -109, 282, 85, 23, -342, 250, -47, -165, -308, 1, 166, -57, -44, -128, 249, 178, -173, -157, 5, 319, -64, -23, -131, 201, -68, -157, -371, -25, 318, 19, -16, -170, 330, 92, 26, -387, 66, 614, -18, 16, -767, 642, -156, -37, -846, 146, 439, -299, -36, -264, 397, -239, 142, -495, -30, 486, 359, 168, -413, 710, -338, -119, -346, 92, 215, 322, -23, -769, 480, 197, -463, -810, 194, 845, -416, 111, -173, 679, -448, -138, -400, -146, 204, 220, -140, -644, 449, -24, 153, -1112, 384, 901, 141, 158, -286, 1159, -214, 135, -1266, 252, 903, -41, -523, -1297, 701, -358, -229, -958, 279, 850, -139, 330, -787, 926, -142, 410, -1418, 129, 185, 613, 121]
[0, 0, 0, 0, 0, 0, 0, 0, 0, 0, 0, -1, 0, 0, 1, -1, 1, 0, 2, -1, 1, 1, 0, -1, 0, 0, -1, 0, 0, -2, -1, 0, -1, 0, 0, 1, 1, -1, 0, 0, 0, 27, -21, -5, -6, 51, -37, -24, 3, 60, -4, -58, 5, 25, 47, -103, -15, 8, 90, -56, -15, 11, 38, 39, -51, -46, -70, 211, -15, -113, -75, 214, 22, -181, -109, 117, 123, -38, -129, 105, 194, 66, -267, 25, 40, 65, -182, 30, -4, 45, 19, -197, -135, 36, 224, -181, -32, 171, 223, 117, -235, 76, -37, 282, -327, -76, 64, 322, -139, -352, 2, 117, 90, -227, 86, 187, 203, 71, -321, 109, -131, 318, -430, -70, -64, 415, -121, -499, -28, -104, 558, -359, 61, 79, 780, 37, -562, 93, 165, 317, -469, 172, -70, 440, -156, -359, -350, -69, 318, -602, 254, 126, 333, -25, -245, -207, -136, 671, -526, -19, 217, 791, -76, -725, 173, -148, 309, -590, 293, 131, 567, 145, -601, -67, 80, 760, -779, 319, -284, 1045, -477, -665, -194, -63, 300, -1070, -123, 195, 1010, -163, -937, 311, -33, 1178, -536, 396, -36, 1318, -235, -907, -439, 319, 552, -845, -278, 166, 878, -63, -518, -223, -336]
[0, 0, 0, 0, 0, 0, 0, 0, 0, 0, 1, -1, -1, 0, 1, -1, 0, 0, 1, 0, -1, 0, 0, 0, 0, 0, 0, -1, 1, 0, -2, -1, 0, 1, -1, 0, -1, 2, 0, 0, -1, -9, 0, 10, 8, -22, -15, 32, -1, -19, -29, 66, -17, -12, -26, 56, -12, 2, -22, -4, -21, 26, -25, -27, 8, 73, -31, -65, 24, 56, -16, -13, 5, 41, -29, 61, -93, 9, -10, 46, -145, -16, 69, 25, -40, 36, 34, 4, -66, 62, -82, 139, -5, 47, -169, 104, -47, -43, -124, 64, 30, -3, -61, 53, 35, 107, -110, 42, -82, 75, -27, 46, -68, 66, -11, -42, -227, 33, 86, 76, -91, 32, 29, 33, -6, -103, -9, 255, -11, -46, -338, 375, -82, 15, -280, 156, 50, -204, 73, -53, 89, -103, 76, -183, -131, 252, 102, 97, -189, 298, -168, -56, -111, 65, 77, 148, -74, -286, 91, 194, -254, -248, 109, 359, -260, -14, 17, 271, -220, -23, -40, -53, -162, 206, -69, -118, -48, 197, -61, -410, 90, 401, 11, 111, -72, 359, -266, 239, -509, 135, 251, 189, -475, -465, 316, -80, -208, -94, 115, 215, -356, 489, -363, 338, -258, 464, -747, 44, -54, 387, -75]
[0, 0, 0, 0, 0, 0, 1, 0, 0, 1, -1, 0, 2, 1, -1, 0, -1, 0, -2, 1, 0, 0, 0, 0, -1, 0, 0, 1, 0, -1, 1, -1, 0, 0, -1, 0, 0, 1, 0, 0, 0, 93, -30, -46, -28, 168, -15, -150, 9, 168, 87, -319, 53, 62, 202, -411, 10, 7, 278, -134, 33, -32, 155, 132, -126, -307, -41, 588, -78, -414, -90, 453, 72, -516, -142, 64, 559, -119, -231, 80, 858, 159, -748, -55, 214, -20, -434, -15, 202, -112, 311, -844, -221, -83, 948, -712, 157, 444, 858, 31, -491, 137, 99, 412, -755, -479, 464, 518, -37, -945, 143, 34, 410, -696, 236, 449, 1083, 32, -869, -49, 27, 561, -944, -352, -29, 1088, -211, -1792, 64, -125, 2142, -1814, 415, 105, 2422, -331, -1270, 724, 198, 788, -1131, 597, -338, 1320, 46, -1444, -1014, -479, 1208, -2076, 986, 295, 1112, -302, -709, -968, 111, 2075, -1338, -529, 1209, 2292, -485, -2526, 1147, -368, 677, -2087, 1336, 217, 1336, 324, -658, -722, 362, 1797, -1345, 97, -375, 3204, -1105, -2652, -370, -534, 971, -3395, 521, -275, 3627, -847, -2595, 119, 1461, 3581, -1930, 924, 698, 2820, -688, -2590, 199, -797, 2280, -2777, 286, -979, 3916, -494, -617, -1708, -409]
[0, 0, 0, 0, -1, 0, 0, 0, -1, 0, 1, 0, 0, -1, 0, 1, 0, 1, 1, -1, -2, -1, 0, -1, 0, 1, 1, 1, 0, 0, -1, 0, 0, -1, -1, 0, 1, 0, 1, 0, 0, -62, 19, 17, 29, -106, -15, 121, -20, -98, -117, 265, -49, -40, -173, 329, -11, -12, -180, 100, -61, 52, -143, -105, 84, 282, -38, -407, 75, 313, -6, -260, -54, 382, 38, 78, -469, 103, 79, 10, -717, -65, 507, 110, -196, 82, 217, 101, -177, 147, -316, 692, 113, 108, -777, 622, -195, -359, -727, 83, 229, -5, -122, -119, 373, 477, -510, -185, -119, 733, -183, 53, -360, 428, -167, -223, -903, 14, 601, 266, -212, -206, 603, 321, -86, -810, 34, 1395, -62, 66, -1711, 1565, -466, -73, -1823, 466, 841, -606, 17, -493, 653, -522, 249, -952, -172, 1153, 709, 444, -982, 1507, -676, -104, -852, 254, 469, 865, -277, -1469, 975, 543, -1332, -1684, 466, 1899, -938, 367, -310, 1426, -1095, -338, -749, -112, 162, 704, -415, -1060, 428, 273, 140, -2220, 536, 2165, 295, 469, -655, 2623, -710, 474, -2982, 699, 1770, 262, -1531, -2481, 1478, -679, -877, -1729, 445, 2070, -669, 1314, -1883, 2042, -868, 1238, -3345, 567, -11, 1805, -23]
[0, 0, 0, 0, 0, 0, 0, 0, 0, -1, -1, 1, 0, 0, 0, -1, -1, 1, 0, -1, 1, 0, 0, 1, 0, 0, -1, 0, 0, -1, 1, -1, -1, 0, -2, 1, 0, 0, 1, -1, -1, -51, 15, 15, 27, -87, -2, 91, -7, -89, -83, 208, -34, -40, -136, 262, -12, -11, -144, 83, -37, 43, -116, -90, 77, 211, -18, -345, 58, 250, 17, -234, -43, 316, 35, 32, -367, 75, 94, -3, -572, -67, 409, 72, -152, 35, 199, 57, -128, 115, -231, 555, 114, 66, -633, 505, -124, -297, -561, 38, 209, -28, -80, -147, 341, 357, -381, -196, -57, 601, -121, 6, -284, 368, -127, -194, -717, 5, 495, 166, -131, -232, 539, 224, -26, -667, 59, 1133, -53, 44, -1384, 1214, -348, -67, -1497, 331, 721, -504, -22, -414, 596, -414, 218, -795, -110, 898, 600, 351, -785, 1242, -570, -112, -661, 192, 392, 666, -160, -1269, 855, 400, -1004, -1398, 338, 1513, -763, 277, -269, 1166, -864, -275, -627, -123, 239, 502, -306, -947, 502, 135, 178, -1881, 508, 1720, 215, 355, -511, 2149, -501, 359, -2393, 534, 1507, 91, -1107, -2120, 1174, -574, -598, -1514, 381, 1658, -465, 920, -1478, 1685, -572, 924, -2651, 395, 79, 1348, 36]
[0, 0, 0, 0, 0, 0, 0, 0, 0, 0, 0, 0, 1, -1, 0, 1, 0, 0, 1, -1, -2, -1, 0, 0, -1, 1, 0, 1, 1, -1, 0, 0, 1, 0, 0, 0, 2, -1, 1, 0, 1, -3, -2, 0, 2, 1, 2, 3, -2, 1, 1, 0, 0, -3, -2, -3, 0, -2, -3, 4, -5, 1, 0, -2, -1, 7, 2, 5, -5, 5, 3, 4, -8, -3, 1, -1, 2, 0, 1, -4, -4, -3, 7, -1, 1, 1, 2, 1, 2, -3, 0, 0, -1, 2, -3, 2, 4, -6, 1, -5, -2, -3, 0, -1, 5, 3, -2, 0, 7, 0, -10, 7, 2, -5, -2, -5, 4, 1, 7, -1, 2, 3, -6, 7, 0, 0, -1, 7, -5, 0, -11, 6, -2, -4, -6, 17, 6, -9, 2, -3, 2, -6, 2, 9, 2, -7, 7, -3, -6, -2, 2, -8, 4, 4, -2, 3, -5, 0, -12, -7, 14, -4, 4, 6, 1, -4, -4, 2, -1, 9, 0, -21, -8, 8, -1, -6, 3, 4, 6, 4, 6, 2, 8, 7, 8, -3, 6, -4, -3, 7, -18, -17, -7, 2, 11, -18, -4, -10, 0, -1, 14, -9, 7, -7, 4, 19, 1, -3, -19, 9, 5]
[0, 0, 0, 0, 0, 0, 0, 0, 0, 1, -1, 0, -1, 1, -1, 0, 0, 0, 1, 1, 0, 0, 0, 1, 0, 0, -1, 1, 1, 0, -1, -1, 0, 2, -1, 0, 0, 0, 0, -2, -1, 0, -3, -1, 0, 1, 3, 5, 1, 4, -2, 4, -2, -3, -2, 5, 3, -2, -4, 4, 2, -9, -4, -3, 10, 8, -3, -2, 3, 8, -5, -7, 0, 16, 4, -1, -4, 4, -1, -17, -8, 4, 4, 5, -9, 7, 1, 6, -16, -1, 4, 24, 9, 7, 2, -4, -10, -9, -14, -3, 12, 25, 10, 1, -7, 9, -11, -16, -7, 26, 21, 3, -4, 10, -6, -26, -32, 5, 14, 24, -6, 4, -11, 18, -20, -23, 1, 34, 21, 10, 1, 14, -8, -14, -34, 3, 17, 28, 7, 1, -4, -3, -20, -29, 1, 43, 43, 12, -4, 13, -19, -22, -38, 4, 24, 58, -6, 7, -2, 21, -62, -55, -5, 59, 25, 28, -17, 33, -17, -31, -45, 17, 19, 60, 4, 19, -12, 15, -29, -46, -2, 68, 41, 10, -11, 35, -14, -46, -72, 12, 45, 76, -19, 15, -4, 5, -57, -35, -11, 72, 48, 1, -14, 9, -3, -41, -61, 29, 42, 93, 10]
[0, 0, 0, 0, 0, 0, 0, 0, 0, 0, 0, 0, 1, -1, 1, 0, 0, -1, 0, 2, -1, 0, 0, 1, 0, 0, 0, -1, -1, -2, 0, 1, 0, 0, -1, 1, -1, 0, -1, 1, -1, 43, -18, -17, -25, 86, -9, -74, -1, 84, 51, -165, 27, 41, 105, -210, 1, 5, 124, -61, 18, -23, 78, 82, -75, -164, -9, 313, -49, -216, -43, 220, 27, -259, -59, 15, 275, -53, -114, 39, 451, 82, -371, -42, 112, -25, -209, -9, 97, -72, 153, -440, -138, -37, 510, -368, 66, 250, 442, -2, -242, 65, 51, 187, -367, -267, 254, 234, -5, -488, 67, 17, 196, -332, 105, 234, 569, 23, -465, -65, 15, 261, -484, -147, -31, 566, -105, -951, 7, -31, 1132, -953, 207, 64, 1237, -205, -654, 435, 39, 358, -588, 324, -192, 717, 37, -724, -572, -249, 583, -1032, 504, 178, 520, -169, -365, -540, 42, 1116, -724, -294, 684, 1203, -309, -1248, 602, -174, 250, -1027, 654, 178, 592, 193, -319, -367, 174, 888, -663, 18, -199, 1687, -565, -1407, -232, -290, 392, -1726, 330, -179, 1866, -405, -1393, 35, 783, 1894, -1016, 483, 354, 1376, -399, -1307, 183, -508, 1104, -1386, 177, -587, 2116, -202, -269, -1028, -186]
[0, 0, 0, 0, 0, 0, 0, 0, 0, 0, 0, 0, 1, 0, 1, 0, -1, -1, -1, 1, -1, 0, 2, 0, 0, -1, 1, 0, 1, 0, -1, -1, 1, 1, 0, 0, -1, -1, -1, -1, 1, 12, 10, -6, -15, 13, 41, -48, 2, 1, 72, -107, 28, 2, 56, -98, 19, -4, 16, -4, 49, -44, 49, 29, -3, -126, 97, 42, -28, -80, 76, -49, 13, -52, 84, -164, 155, -24, 69, -108, 252, -19, -47, -94, 77, -119, 36, -85, 115, -139, 158, -231, 60, -104, 259, -183, 126, 47, 203, -160, 82, -74, 116, -206, 90, -202, 235, -207, 205, -94, 82, -145, 126, -54, 9, -40, 355, -95, -52, -272, 249, -187, 62, -100, 98, 70, 78, -374, 56, 66, 489, -598, 220, -41, 341, -324, 51, 287, -169, -30, 48, 124, -87, 157, 272, -365, -101, -219, 281, -343, 189, -26, 179, -140, -53, -338, 276, 251, -72, -328, 576, 241, -205, -467, 424, -61, -145, -296, 369, 63, -96, -61, 493, -387, 164, -110, 457, -497, 213, 352, 114, -671, 16, -235, 78, -524, 554, -504, 804, -273, -170, -486, 955, 366, -373, -14, 553, -269, -73, -350, 831, -1123, 565, -419, 756, -930, 1180, -254, 470, -889, 334]
[0, 0, 0, 0, -1, 1, 0, -1, 0, 1, -1, -1, 1, 1, -1, 0, 0, 0, 1, 0, -1, 1, 1, -1, -1, -1, 0, 1, 1, 0, 0, 1, -1, 0, -1, 1, 0, 0, 1, 0, 0, -60, 42, 22, 23, -119, 20, 97, -15, -114, -70, 211, -27, -46, -151, 288, 8, -20, -185, 102, -25, 27, -104, -113, 106, 214, 39, -464, 92, 294, 79, -340, -44, 396, 110, -52, -392, 91, 163, -92, -605, -95, 550, 35, -169, -23, 295, 29, -100, 57, -202, 597, 197, 25, -676, 544, -97, -371, -675, -26, 381, -78, -6, -347, 539, 410, -337, -401, 57, 761, -136, -87, -288, 441, -162, -323, -727, -103, 663, 63, 6, -417, 762, 232, 41, -861, 116, 1296, 3, 97, -1567, 1331, -317, -96, -1781, 278, 1019, -528, -78, -576, 853, -506, 240, -1008, 38, 1007, 744, 314, -850, 1486, -629, -184, -800, 223, 479, 665, -33, -1548, 1103, 378, -1005, -1786, 413, 1784, -702, 376, -458, 1443, -886, -312, -893, -246, 645, 422, -311, -1365, 1010, -157, 382, -2299, 756, 1902, 398, 326, -655, 2524, -363, 166, -2688, 511, 1981, -145, -922, -2646, 1512, -824, -383, -2170, 553, 2022, -32, 582, -1626, 2002, -298, 652, -2873, 378, 488, 1270, 281]
[0, 0, 0, 0, 0, 0, 0, 0, 1, 0, -1, 0, 0, 0, -1, -1, 1, 0, 0, 1, 1, 0, -1, 1, 0, 0, -1, 1, 0, -1, 0, 2, -2, -1, 0, 0, 0, -1, 0, -1, -1, 2, 1, 0, 2, -2, 1, -1, 4, 3, 1, -3, -2, -4, 3, -2, -2, 2, 2, 2, 0, -3, 1, 1, -3, 3, 0, 0, 1, 6, 1, -4, -7, 2, -2, -1, -3, 0, 0, -2, 1, 2, -1, 0, -5, 0, -1, 1, 4, 1, 1, 6, 4, -6, -7, 1, 6, -2, -2, 1, 6, 4, 4, -1, -4, 1, 3, -2, 3, 0, -1, -8, 0, -7, 3, 2, 6, -3, 1, 1, -1, -3, -3, 0, 5, 4, -6, 6, -2, -5, -1, -6, -16, 0, 4, 9, -2, -2, 3, 0, 4, 7, 4, 7, -3, 0, -5, 15, 3, 5, 0, -7, 4, -7, -11, -4, 7, 0, 6, -5, -6, -4, -3, -6, -6, 1, 6, 1, -12, -5, -1, 4, 0, 9, -1, -15, 16, 1, 5, 9, -5, 0, 5, -9, 1, 0, 2, 8, -19, 3, 0, -11, 13, 9, 2, 5, 1, 3, 13, -1, 9, 4, 11, -4, 2, -8, -23, 0, -13, 0, -7]
[0, 0, 0, 0, 0, 0, 0, 0, 0, 0, 0, 0, -1, 1, 0, -1, -1, 0, 0, 0, 0, -1, 1, 0, 1, 0, -1, 2, 0, 0, 0, 1, -2, -1, 0, -1, -1, 0, 0, -2, 0, -31, 11, 11, 19, -58, 6, 51, 0, -58, -37, 117, -24, -26, -72, 146, 3, -6, -90, 42, -15, 12, -57, -56, 46, 118, 5, -218, 36, 150, 26, -162, -18, 184, 47, -13, -197, 32, 77, -36, -315, -55, 264, 25, -84, 14, 144, 9, -70, 47, -114, 311, 94, 23, -349, 251, -48, -183, -319, -2, 178, -31, -32, -127, 243, 189, -191, -179, -2, 346, -42, -24, -133, 219, -80, -176, -398, -22, 319, 54, -20, -176, 330, 111, 2, -410, 67, 657, 4, 25, -775, 666, -166, -59, -879, 140, 462, -275, -25, -264, 393, -239, 118, -503, -30, 528, 386, 177, -416, 718, -354, -144, -388, 96, 245, 375, -28, -749, 477, 205, -513, -864, 198, 896, -392, 131, -182, 694, -477, -157, -435, -125, 228, 293, -144, -611, 430, -12, 121, -1173, 388, 958, 182, 175, -279, 1189, -225, 81, -1327, 276, 946, 11, -539, -1294, 696, -364, -289, -998, 265, 927, -85, 353, -799, 945, -161, 365, -1491, 161, 214, 717, 125]
[0, 0, 0, 0, 0, 0, 0, 0, 0, 1, 0, 0, 0, 0, -1, 1, 1, 0, 0, 0, 1, -1, 0, 0, 1, 0, 2, 0, 1, 2, 1, 0, 1, -1, 1, 0, -1, 0, 1, -1, 1, 35, -13, -19, -12, 64, -2, -58, 10, 67, 40, -125, 22, 21, 90, -158, 9, 4, 109, -52, 23, -23, 63, 53, -40, -122, -11, 234, -35, -158, -34, 166, 31, -199, -43, 14, 231, -42, -81, 19, 348, 56, -282, -16, 99, -1, -157, -14, 89, -49, 132, -329, -60, -27, 379, -300, 81, 166, 351, -6, -171, 52, 44, 152, -279, -208, 189, 186, 7, -363, 86, 11, 182, -260, 98, 155, 429, 20, -311, -27, 34, 215, -345, -132, -7, 413, -54, -696, 55, -31, 865, -744, 191, 28, 951, -155, -469, 305, 75, 303, -420, 255, -126, 506, 52, -562, -352, -199, 512, -825, 386, 94, 463, -123, -230, -338, 83, 820, -508, -216, 507, 893, -177, -985, 480, -165, 289, -810, 534, 72, 517, 126, -200, -254, 195, 703, -458, 23, -127, 1211, -365, -1026, -98, -209, 414, -1333, 260, -158, 1441, -331, -945, 45, 641, 1398, -769, 389, 297, 1036, -234, -996, 189, -388, 952, -1105, 226, -460, 1575, -199, -166, -644, -84]
[0, 0, 0, 0, -1, 0, 1, 0, 1, 0, -1, 1, 0, -1, -1, -1, 0, 1, 1, 0, 0, 0, -2, 1, -1, 1, 0, 1, -1, 0, 0, 1, -1, 0, 0, 1, 0, -1, -1, 0, 0, -26, 24, 6, 28, -64, 4, 57, -7, -56, -58, 122, -18, -32, -81, 145, -16, 6, -59, 36, -35, 56, -66, -80, 50, 155, -2, -250, 45, 163, 22, -150, -11, 183, 14, 33, -216, 33, 65, 14, -353, -58, 269, 39, -86, 25, 130, 7, -59, 93, -139, 323, 108, 34, -446, 328, -34, -220, -355, 33, 150, -53, -55, -64, 235, 277, -254, -76, -38, 357, -103, -34, -149, 179, -63, -121, -436, -17, 348, 96, -70, -105, 353, 86, 62, -418, 40, 714, -22, -10, -965, 820, -210, -33, -939, 295, 454, -434, 58, -209, 446, -284, 205, -529, -98, 538, 400, 220, -488, 797, -367, -119, -283, 136, 214, 369, -35, -908, 609, 303, -646, -869, 297, 903, -571, 125, -38, 691, -496, -204, -251, -165, 124, 291, -206, -664, 338, 116, 173, -1211, 380, 1055, 172, 224, -205, 1309, -392, 399, -1472, 317, 1002, 4, -707, -1508, 861, -436, -211, -933, 384, 969, -398, 672, -838, 1011, -365, 772, -1802, 136, 0, 871, -9]
[0, 0, 0, 0, 0, -1, 1, 0, -1, 0, 1, 0, 0, 0, 0, 0, -1, 0, 1, 0, -1, 1, 2, -2, -1, -1, 0, -1, 1, -1, 1, 0, 0, 0, 0, 0, 0, 0, 0, -1, 1, 14, -27, -15, -4, 41, -34, 9, -7, 45, -32, 0, -10, 13, 0, -18, -5, -6, 40, -9, -17, -9, -12, 37, -28, 8, -78, 141, -17, -45, -97, 137, -2, -69, -71, 116, 5, -11, -115, 74, 33, 78, -154, 70, -6, 94, -150, 85, -55, 47, -56, -7, -110, 52, 91, -39, -101, 77, 58, 105, -209, 127, -67, 250, -280, -22, -79, 237, -161, -138, 5, 146, -3, -127, 28, 140, 0, 108, -192, 201, -192, 256, -297, 87, -168, 175, -122, -169, -21, -28, 256, -89, -73, 5, 294, 84, -307, 119, 110, 161, -383, 48, -87, 239, -132, -66, -155, 45, 96, -311, 141, 129, 57, -41, -95, 84, -228, 448, -337, 40, -200, 364, -51, -239, 99, 21, 180, -342, 6, -69, 263, 217, -472, 168, -26, 595, -745, 373, -322, 554, -397, -101, -100, 41, 120, -399, -200, 65, 216, 46, -554, 491, -290, 838, -374, 248, -442, 780, -263, -252, -401, 465, 96, -391, -477, 212, 210, 136, -471, 300, -304]
[0, 0, 0, 0, 0, 0, 0, 0, 0, 0, 0, 0, 0, -1, 0, 0, 0, 0, 2, -1, -1, 1, 1, 0, -1, 0, 1, -1, 0, 0, -1, 0, 0, 0, -2, 1, 1, 2, 1, 0, 1, -10, -3, 4, 13, -19, -26, 42, -3, -15, -53, 93, -19, -13, -49, 94, -17, 0, -23, 11, -35, 39, -42, -32, 19, 109, -61, -84, 28, 84, -40, -3, -12, 74, -51, 102, -141, 22, -25, 73, -230, 0, 82, 72, -57, 74, 2, 44, -77, 103, -130, 217, -1, 68, -261, 196, -87, -76, -201, 114, -20, 29, -86, 110, -3, 183, -205, 108, -131, 139, -70, 91, -106, 71, -15, -5, -321, 57, 125, 187, -166, 91, 54, 91, -54, -141, -39, 396, -43, -47, -516, 538, -162, 2, -428, 261, 81, -275, 117, -27, 66, -132, 101, -230, -190, 341, 178, 173, -264, 391, -193, -6, -158, 114, 98, 316, -167, -367, 184, 254, -493, -352, 185, 466, -374, 45, 80, 337, -348, -98, 21, -9, -264, 293, -107, -85, -190, 331, -78, -502, 19, 680, 35, 221, -81, 616, -420, 377, -827, 228, 358, 299, -715, -582, 383, -78, -392, -63, 117, 431, -596, 822, -516, 490, -529, 739, -1127, 172, -289, 780, -185]
[0, 0, 0, 0, 0, 0, 0, 0, 0, 0, 0, 0, 0, 1, 1, -1, -1, -1, -1, 1, 0, 1, 1, -1, 0, -1, 0, 0, -1, 0, 2, 0, 0, 0, 1, 2, -1, -1, -1, -1, 1, 0, 1, 0, -1, 1, -2, 1, -1, -1, 0, 2, 1, 1, -1, 3, 3, -1, -2, -3, -2, 1, -1, 1, 1, -3, 1, -4, 2, -2, -3, 0, 5, 1, 1, -1, 0, 0, 4, 2, 2, 2, -3, -1, -3, -4, -1, 1, 0, 3, -3, 2, -1, -2, 3, 4, -2, 4, -2, 3, 0, -1, 0, -2, -2, -2, 3, -4, -4, 2, -1, 0, -2, -1, 3, -2, 1, 1, -2, -3, 2, 3, 7, 3, 0, 1, -1, -2, 2, -3, 8, -3, 1, 5, -3, -5, 1, 5, -1, 1, -3, -5, -1, -4, -1, 0, 0, 1, 6, 5, -2, 2, -5, 2, -7, 3, 1, -7, -4, 1, -10, -4, -1, 5, 7, 5, -1, 2, -1, -8, 11, 6, 5, -1, -1, 7, 0, -11, 3, -1, 1, -5, -9, 0, 2, -3, 4, -9, 2, -4, 2, 7, 2, 5, -6, 6, -1, 10, -9, -7, -10, 4, -8, 2, -1, 0, 8, 2, 12, 2, 6]
[0, 0, 0, 0, 0, 0, 1, 0, 0, 0, 0, 0, 0, 1, 1, 0, -2, 1, 0, -1, 1, -1, 0, -1, 1, 1, -1, 1, 1, 1, 0, -2, 0, 0, 0, 1, 1, -1, -1, -1, 1, 64, -26, -23, -6, 116, -31, -93, 13, 121, 40, -199, 28, 46, 142, -292, -7, 23, 226, -134, -1, 16, 111, 71, -94, -173, -72, 433, -55, -285, -92, 394, 74, -419, -159, 125, 403, -110, -189, 126, 570, 98, -568, -7, 152, 54, -338, -26, 96, -2, 188, -591, -175, -13, 612, -513, 95, 340, 624, 114, -407, 88, 3, 442, -585, -280, 279, 522, -127, -773, 88, 100, 311, -520, 191, 327, 673, 62, -636, 45, -54, 543, -798, -304, -10, 884, -155, -1242, 30, -184, 1430, -1154, 307, 111, 1816, -108, -1070, 333, 261, 709, -857, 434, -181, 940, -136, -1017, -701, -296, 880, -1498, 629, 135, 902, -122, -535, -623, 9, 1437, -1056, -239, 827, 1755, -218, -1828, 627, -386, 687, -1480, 934, 228, 1180, 161, -820, -412, 280, 1459, -1197, 304, -389, 2281, -818, -1824, -306, -269, 831, -2604, 113, 86, 2689, -564, -1918, 263, 674, 2497, -1322, 766, 434, 2463, -425, -2111, -310, -125, 1686, -2084, 39, -249, 2520, -431, -686, -943, -439]
[0, 0, 1, 0, -1, 0, 1, 0, 1, 0, 0, 0, 0, -1, 1, -1, -1, 0, -1, 0, -1, -1, -1, 0, -1, 0, 0, 2, 0, -1, 1, -1, -1, -1, 1, 1, 1, -1, 0, 1, -1, 26, 5, -1, -10, 19, 6, -26, 8, 31, 20, -71, 15, -3, 41, -64, -5, 2, 42, -29, 15, -6, 29, 16, -13, -53, 22, 68, -5, -75, -3, 62, 15, -91, -13, -26, 99, -20, -13, -4, 166, 6, -117, -27, 32, -24, -50, -27, 67, -58, 82, -149, -11, -32, 154, -109, 51, 48, 138, -8, -30, 2, 40, 24, -64, -74, 125, 29, 8, -152, 19, 5, 97, -101, 32, 75, 206, -26, -87, -60, 47, 11, -123, -50, 22, 171, -7, -297, 25, -33, 314, -298, 77, -4, 414, -81, -144, 91, 0, 98, -91, 98, -47, 206, 26, -289, -168, -129, 208, -332, 181, 50, 190, -47, -121, -224, 64, 250, -167, -136, 262, 324, -34, -425, 221, -63, 80, -289, 248, 91, 168, 9, -17, -194, 114, 192, -51, -105, -15, 476, -122, -389, -42, -94, 94, -563, 160, -104, 675, -137, -334, -127, 352, 472, -222, 83, 260, 387, -107, -431, 128, -287, 423, -465, 201, -253, 628, -198, -13, -368, -41]
[0, 0, 0, 0, 0, 0, 1, 0, 1, 0, 1, -1, -1, 0, 0, -1, -1, -1, 0, 1, -1, -1, -1, 0, 1, 0, 1, 2, 1, 0, -1, 0, 0, -1, -1, 0, 1, -2, 1, -1, 2, 5, 3, -2, 21, 2, -16, 7, 4, 9, -28, 27, -11, -6, 1, -4, -6, 6, 44, -33, -32, 42, -2, -28, -5, 50, -52, -2, 20, 3, -36, 63, 23, -47, -66, 102, -3, -25, -45, 72, -45, 2, -41, 39, -9, 58, -44, 2, -20, 69, -41, 22, -5, 27, -83, 26, 3, -16, -14, 105, -51, 22, -53, 165, -95, 89, -94, 178, -100, -64, -26, 49, 15, -90, 37, 30, -82, 13, -2, 122, -94, 175, -102, -52, 22, 52, -42, 40, 13, -114, -113, 187, -35, 17, 61, 191, -118, -202, 192, 127, -57, -49, 69, -43, -166, 30, 16, 53, 10, -25, -20, -59, 135, 39, -41, 53, -35, -69, -41, 145, -175, 46, 148, -41, -144, -91, 276, -88, -6, -79, 308, -63, -306, 109, -29, 156, -300, 280, -85, 15, -67, 73, 33, 54, 217, -141, -288, 307, -8, -7, -54, 231, -329, -74, 108, 15, -76, 398, 118, -171, -455, 575, 50, -117, -308, 513, -374, -71, -265, 354, -192]
