63 3 40 36 35
[1, -1, 0, -1, -1, 1, 0, 0, 0, 0, 2, 1, -1, -1, -2, 1, -2, 0, -1, -1, -3, -1, -1, 1, -2, -1, -3, -1, -1, 1, 0, 1, -1, 2, 2, 2, 1, 0, -2, 2, 1, -54, -45, 5, 18, -1, -24, -40, 96, -40, 11, -26, 53, 39, -161, 110, -30, -24, 30, -13, 49, 14, 17, 13, -346, 201, 117, -365, -64, 3, 332, -106, -67, 219, -103, 104, -130, -305, -6, 278, 250, -247, -416, 441, -161, -123, 29, -177, 421, -431, 357, -147, 4, 457, -406, -225, 1, 226, -62, -147, 253, 430, -423, -183, -736, -222, 464, -6, -141, -232, 515, 307, -359, -78, -70, 255, 156, -717, 193, 338, -51, 105, -610, 472, -7, -467, 683, -853, 602, 491, -957, -497, -59, 688, -387, -121, 685, 605, -725, -733, -38, -181, 607, 228, -523, -1077, 1189, -313, -457, 124, 133, 1151, -1635, 694, 42, 142, 570, -362, -1375, -381, 889, -430, 155, 545, 530, -943, -472, -653, -105, 62, 973, 336, -1021, 1218, -804, -559, 135, 199, 310, -841, -372, 1015, 394, -685, -154, -1232, 875, 657, -16, 686, -1530, 1580, 339, -1736, -1472, -251, 940, -1252, 1111, 361, 772, -275, -1904, -362, -567, 1000, 1667, -1080, -1880, 2953, -1306]
[0, 0, 0, 0, 0, 0, 0, 0, 0, 0, 0, 0, 0, 0, 0, 0, 0, 0, -1, 0, 0, -1, 0, 0, 0, 0, 0, 0, 1, 1, -2, 0, -1, 0, -1, 0, -1, 0, 1, -1, 0, 3, -5, 0, -4, -5, 8, -9, 13, -6, 4, 7, -11, 8, -15, 8, -1, -17, 6, -8, 15, 14, -19, 9, -39, 11, 37, -41, 9, -6, 15, 1, -9, 25, -31, 2, 6, -27, 3, 17, 21, -10, -58, 50, -38, -5, 21, -32, 47, -43, 45, 5, -19, 21, -40, -31, 7, 4, 21, -24, 30, 46, -55, 11, -64, -13, 39, -7, -36, -14, 37, 53, -32, 0, -26, -36, 80, -76, 37, -13, -20, 36, -107, 99, -31, -65, 103, -98, 40, 89, -108, 8, -46, 32, -46, -44, 142, 11, -29, -73, -1, 6, 33, 73, -107, -148, 164, -71, -1, 30, -87, 160, -198, 121, 12, -80, 95, -42, -82, -63, 30, 1, 15, 100, 11, -152, 37, -54, 25, -30, 46, -5, -109, 121, -83, -66, 110, -3, -39, 23, -66, 172, -73, -55, -62, -269, 252, 22, -16, 131, -265, 129, 105, -150, -86, -120, 109, -93, 156, 110, -72, 52, -176, 34, -114, -88, 323, -166, -163, 320, -323]
[0, 0, 0, 0, 0, 0, 0, -1, 0, 1, 0, 0, 0, 0, 0, 0, 0, -1, -1, 0, 0, 0, 0, 1, 0, 0, -1, 0, 0, -1, -1, -1, 0, 0, -1, -1, -1, 0, 0, 0, 1, -16, 13, 13, 4, -19, -19, 16, -21, 12, -6, -22, 21, 23, 20, -32, -18, 45, -28, -25, -6, -14, 21, 20, 27, -33, -24, 22, 2, -37, -15, 2, 1, 7, 27, 29, -65, 26, 4, -16, -21, -48, 75, 3, 13, -4, -73, -10, 29, 28, -49, -21, 43, 15, -9, -32, 13, -1, -37, 42, -92, -7, 33, 28, 8, -35, 43, -56, -9, 17, 34, -91, -18, 52, -37, -29, -16, 98, -32, 45, -44, -151, -7, 38, 144, -127, -29, 105, -59, 7, -48, 14, -4, 46, 66, -117, -84, 56, 45, -88, -91, 20, -61, 11, 82, 56, -13, -23, 46, -160, -38, 40, 109, -65, -48, 88, -134, -36, -35, 160, -101, -26, 36, -128, 18, -79, 107, -82, -8, 161, -176, -1, 66, 233, -66, -188, -28, -86, -32, -16, -12, -130, 77, 124, -81, -151, 56, 186, -99, -17, 38, -172, 33, 16, 144, -287, 19, 127, -214, -74, -21, 195, -178, 66, 159, -174, -146, 55, 113, -112, -58]
[0, 0, 0, 0, 0, 0, 0, 0, 0, 0, 0, 0, 0, 0, 0, 0, -1, 0, 0, 1, 0, -1, 0, -1, 0, 0, -1, 0, 0, 0, -1, 0, 1, 1, 0, -2, 0, -1, 0, -1, 0, 1, -1, -1, -2, 0, -1, 1, -1, -2, 0, 0, -1, -1, 0, 0, -1, -2, -2, 0, 0, 0, -2, -3, -2, -2, -2, -1, 0, 1, -2, -3, -3, -1, -1, -2, -1, -2, 0, 0, -4, -3, -5, 0, -1, -3, 1, 1, -2, 0, -3, -5, -3, -2, -3, -6, -5, -2, 0, -6, -2, -2, -2, -3, -7, 1, -1, -1, -6, -1, -7, -3, 1, -5, -6, -1, -6, -6, -7, -4, -2, -1, -5, -3, -7, -3, 0, -1, -2, -4, -6, -7, -10, -5, -4, -3, -8, -5, -6, -8, -4, -9, -2, -2, -3, -7, -13, -4, -4, -6, -16, -9, -8, -6, -1, -4, -5, -7, -7, -6, -14, -3, 0, -4, -13, -7, -12, -6, -12, -9, -7, -6, -11, -10, -9, -10, -7, -3, -15, -4, -12, -6, -6, -9, -11, -14, -21, -11, -11, -6, -13, -8, -9, -8, -12, -11, -6, -5, -6, -7, -17, -10, -10, -13, -15, -16, -11, -12, -7, -7, -11]
[0, 0, 0, 0, 0, 0, 0, 0, 0, 0, 0, 0, 1, -1, 0, 0, 0, 1, 0, 0, 0, 1, 0, 0, -1, 1, 1, 1, 1, 0, 1, 0, 0, -1, 1, 0, 0, 0, 0, 1, 1, 0, 0, 0, 2, 2, 1, 1, 1, 1, 1, 0, 2, 2, 1, 2, 1, 2, 2, 1, 0, 1, 3, 1, 3, 0, 3, 2, 0, 0, 1, 4, 3, 2, 2, 0, 7, 2, 3, 4, 1, 3, 3, 3, 1, 4, 2, 6, 0, 2, 2, 0, 4, 2, 5, 4, 7, 2, 10, 6, 6, 4, 5, 3, 6, 4, 7, 3, 0, 2, 3, 6, 6, 3, 6, 1, 5, 7, 3, 5, 5, 3, 5, 9, 9, 4, 10, 2, 14, 5, 6, 13, 12, 12, 5, 6, 9, 7, 8, 3, 8, 3, 3, 6, 12, 9, 8, 9, 8, 14, 11, 10, 10, 6, 13, 8, 11, 10, 12, 10, 10, -2, 12, 10, 18, 7, 12, 10, 18, 10, 8, 15, 22, 13, 11, 7, 16, 15, 18, 10, 12, 12, 17, 12, 16, 19, 15, 11, 14, 10, 14, 4, 14, 18, 14, 13, 11, 9, 15, 15, 21, 18, 15, 21, 24, 22, 27, 6, 18, 18, 19]
[0, 0, 0, -1, 0, 0, 0, 0, 0, 0, 1, 1, 0, -1, -1, -1, 0, 1, 0, 0, 1, 1, 0, 0, 0, 0, 0, 0, 0, 0, 1, -1, -1, 1, 0, 0, -1, 0, 0, 0, 0, -23, -1, -2, 9, 8, -22, 2, 12, -28, 3, -6, 47, -1, -43, 39, -18, 19, -18, -13, 13, -1, 33, -35, -53, 85, -10, -84, -70, 7, 144, -37, 6, 27, -3, 71, -98, -83, -38, 121, 108, -108, -66, 98, 1, -29, -68, -13, 60, -91, 146, -55, 45, 84, -124, -10, -73, 94, -76, -47, 135, 157, -61, -181, -191, 42, 69, -15, -27, -83, 229, 1, -152, -139, 31, 304, -72, -160, -58, 169, 103, -93, -170, -48, 65, 1, 14, -96, 202, 75, -83, -355, 19, 174, 17, 195, -1, 177, -295, -207, 72, -124, 266, -35, -85, -9, 150, -33, -335, -87, 350, 119, -237, 43, 53, 425, -63, -179, -538, -201, 511, -174, -3, 34, 292, 72, -471, -196, -32, 96, 498, 77, -245, 196, -236, -53, -373, 76, 322, -334, 255, -33, 233, -201, -168, -82, -235, 225, -97, -14, 281, 534, -37, -519, -631, 340, 141, -257, 229, -128, 636, -297, -511, -458, -102, 1070, 3, -277, -402, 687, 307]
[0, 0, 0, -1, 0, 0, 0, 0, 0, 0, 1, 0, 0, -1, 0, 0, 0, 1, 0, 1, 0, 0, 1, 0, 1, 0, -1, 1, 0, 0, 0, 1, 0, 1, -1, 0, 0, 0, 1, 0, 1, -40, 15, 0, 19, 6, -42, 20, -14, -5, 0, -37, 59, 19, -5, 13, -37, 67, -38, -21, -5, -38, 57, -20, 23, 30, -64, -9, -59, -16, 91, -15, 15, 15, 34, 81, -144, -18, -17, 59, 72, -119, 70, 11, 46, -19, -130, 12, 4, 9, 55, -43, 89, 51, -58, 3, -62, 46, -103, 31, 45, 52, 23, -127, -88, 30, 14, -13, -6, -32, 173, -122, -94, -68, 12, 262, -137, 24, -95, 144, 110, -211, -18, -114, 164, -19, -122, 135, 33, -14, 31, -280, 64, 126, 149, 118, -179, 132, -164, -176, 35, -96, 105, -43, 81, 255, -110, 14, -222, -190, 374, -112, 125, -137, 31, 478, -263, -110, -365, 24, 294, -132, 23, -126, 187, 182, -325, -181, -51, 156, 314, 68, 13, 147, -174, -71, -405, 6, 229, -239, 315, -262, 230, 4, -123, 150, -426, 240, -136, -158, 626, 96, -85, -285, -300, 204, -57, 91, -145, -179, 556, -155, -356, -361, 186, 772, -356, -37, -52, 30, 604]
[0, 0, 0, 0, 0, 0, 0, 0, 0, 0, 0, 0, -1, 0, 1, 1, 0, -1, 0, 1, 0, 0, 0, -1, 1, -1, -1, -1, 0, 0, 1, 1, 1, 1, 0, -1, 0, 0, 0, 0, 0, 3, -1, 0, -1, -2, 0, -1, -1, 0, 2, 3, -1, 0, -1, -1, 1, -2, -1, 2, 3, 2, -3, -1, -1, 1, 0, -1, 3, 3, 2, -1, -3, 0, 0, 3, 2, -2, -1, 0, 2, -3, -3, 0, -1, 0, 8, 0, 4, 1, 4, 0, -4, -4, -4, -1, 2, -1, -1, -3, 1, 2, -2, 0, -6, 9, 1, -1, 6, 2, 3, 3, 0, -2, -6, 5, -2, -1, 4, -1, 8, 6, -2, -5, -8, 5, 2, 4, -4, 1, 6, -4, -6, -8, 0, 6, 3, 0, 1, -5, 3, 2, 1, 0, 6, -1, 1, 2, 1, -11, -5, 2, 5, -6, 3, 18, 4, 1, 2, -7, 6, 10, 6, -1, -6, 7, 3, -4, -11, 1, 12, -3, -8, 5, 1, 3, -2, -2, -3, 1, 12, 3, -7, -7, -5, -4, -1, 5, 10, 2, 3, 9, -5, -5, -5, 5, 12, 4, 9, -7, 4, -6, -3, -3, -6, 3, 3, 9, 12, 3, 10]
[0, 0, 0, 0, 0, 0, 0, 0, 0, 0, 0, 0, 0, 0, 0, 0, 0, 0, 0, -1, 1, 0, 1, 0, 1, 1, -1, 0, -1, 1, -1, 0, 0, 0, 0, 1, -1, 0, 0, -2, 0, 0, 4, 1, -2, 3, 1, 2, -2, -2, 0, 1, 2, -2, 0, 0, 1, -2, 0, -2, -1, -1, 6, 4, 4, -1, 2, 6, -1, -3, -5, -1, 6, 2, 0, -1, -3, 3, -4, -2, -4, 0, 5, 7, 5, 2, -4, 2, 3, 3, -6, -4, 4, 8, 3, -4, -1, -1, 0, 0, -1, -2, 6, 2, 15, -3, 7, 1, 0, 7, -5, -5, -4, 0, 9, -4, 0, 6, -3, 7, -7, -2, 2, 3, 10, 3, 3, 6, -1, 0, -8, 2, 0, 0, 6, 3, -3, -1, 4, 4, 1, -3, 8, 9, 5, 2, 9, 3, 14, 1, 4, 3, -2, 3, 1, -17, 9, -3, 5, 10, -5, 9, -9, 3, 4, -3, 6, 5, 3, 12, -2, 0, 2, 3, 8, 0, 8, 12, 0, 7, -9, 0, 5, 10, 8, 7, 6, 0, 8, 0, 7, -8, 21, 15, 7, -6, 4, 0, 2, -1, -4, 4, 13, 12, 6, -1, -2, 0, 4, -7, -1]
[0, 0, 0, -1, 0, 0, 0, 0, 1, 0, 0, 0, -1, 0, 0, 0, -1, 0, 1, 1, -1, 0, 1, -1, 0, 0, 0, 0, 0, 0, -1, 0, -1, 0, 0, -1, 0, 0, 1, 1, -1, -24, -4, -6, 10, 11, -23, 4, 12, -30, -1, -12, 45, -2, -40, 46, -16, 21, -20, -12, 16, -2, 26, -45, -60, 91, -12, -91, -69, 9, 145, -42, -4, 25, -1, 76, -91, -87, -36, 119, 112, -111, -75, 89, -6, -43, -58, -14, 61, -89, 146, -48, 36, 80, -134, -16, -71, 103, -75, -43, 131, 154, -68, -181, -215, 33, 69, -8, -36, -90, 220, 6, -142, -133, 28, 305, -72, -175, -61, 156, 117, -99, -173, -47, 54, -19, 15, -103, 197, 69, -80, -360, 5, 184, 6, 192, -9, 172, -305, -208, 71, -116, 262, -37, -93, -13, 136, -47, -343, -78, 333, 91, -252, 40, 49, 430, -79, -178, -531, -210, 520, -175, 15, 10, 290, 82, -496, -205, -40, 69, 503, 53, -259, 191, -255, -41, -396, 65, 307, -344, 264, -35, 237, -213, -177, -93, -272, 215, -107, -26, 277, 550, -54, -539, -651, 348, 128, -269, 221, -110, 637, -314, -529, -475, -93, 1053, -16, -258, -408, 668, 300]
[0, 0, 0, 0, 0, 0, 0, 0, -1, 0, 1, 0, 0, -1, 0, 0, 0, 0, 0, 1, 1, 0, -1, -1, 0, -1, -1, 0, -1, 0, 0, -1, 0, 0, 1, -1, 0, -1, -1, 0, -1, 0, -3, -1, -1, -3, -1, -1, -3, 1, 2, 3, -3, -1, -3, -3, 0, -3, -2, -1, -3, 1, -5, 0, -1, -3, 0, 1, -1, 0, -1, 1, -3, -4, -2, -6, 1, -3, 0, -2, -4, -3, -7, -5, -6, 0, 1, 0, -6, -3, -3, -4, -6, -9, -4, -3, 0, -5, -3, -6, -5, 0, -6, -6, -5, 6, -4, -5, -3, -4, -4, -3, -9, -14, -18, 0, -9, 0, -1, -6, -3, -2, -7, -3, -16, 2, -9, -8, 0, -9, -11, -9, -9, -12, -14, -6, -5, -8, 3, -13, -6, -12, -9, -11, -6, -5, -14, -6, -11, -12, -18, 4, -6, -12, -5, -1, 0, -5, -14, -18, -18, -14, -12, 0, -18, -9, -2, -14, -21, -8, -13, -3, -14, -9, -6, -14, -14, -6, -15, -7, -18, -11, -27, -9, -21, -11, -12, -8, -11, -18, -17, -20, -27, -24, -15, -18, -10, -4, -12, -26, -18, -21, -14, -17, -27, -21, -3, -24, -16, -1, -6]
[0, 0, 0, 0, 0, 0, 0, 0, 0, -1, 1, 0, 0, -1, 0, 1, 0, 1, 0, 0, 0, 1, 2, -1, 0, 0, 0, 1, 1, 1, 0, 0, 0, 0, 0, 0, 0, 1, 0, 0, 1, 6, -17, -1, -8, 7, 14, -19, 31, -12, 19, 19, -12, -9, -41, 28, 14, -41, 24, 17, 19, 29, -23, 2, -95, 50, 69, -92, 16, 17, 53, -8, -20, 57, -42, -7, 35, -81, 6, 66, 54, -16, -146, 102, -54, -3, 67, -31, 98, -113, 89, -11, -40, 82, -73, -48, 25, 30, 48, -53, 95, 110, -113, 8, -156, -24, 108, 21, -12, -67, 63, 135, -49, 7, -7, 1, 80, -197, 57, 25, -3, 128, -149, 130, -99, -67, 223, -248, 168, 145, -208, -6, -37, 112, -117, -19, 304, 92, -122, -117, 16, 5, 153, 97, -187, -349, 329, -61, 0, 125, -83, 313, -463, 220, 52, -112, 271, -20, -210, -146, 170, -36, 74, 253, 103, -253, 16, -99, 27, -62, 218, 111, -307, 183, -150, -37, 261, 76, 38, -143, -126, 336, -2, -156, -22, -279, 317, 34, 44, 238, -502, 420, 165, -336, -205, -53, 265, -281, 416, 244, 44, -47, -336, 12, -192, 85, 653, -326, -447, 751, -456]
[0, 0, 0, 1, 0, 0, 0, 0, 0, -1, 0, 0, 0, 1, 0, -1, 1, 0, 0, 0, -1, 0, 0, 1, 0, 1, 0, -1, 0, 1, 1, 1, -1, 1, -1, 0, 1, 0, 0, 0, 0, 16, -3, 9, -10, -3, 16, -8, 8, 25, 10, 4, -39, -2, 20, -34, 16, -25, 29, 22, -10, 4, -26, 42, 7, -59, 25, 36, 71, 5, -96, 27, -15, 6, 0, -65, 68, 36, 39, -66, -76, 77, 8, -36, -5, 25, 57, -5, 6, 20, -94, 23, -28, -9, 81, -15, 77, -65, 67, 23, -91, -86, 10, 183, 98, -70, -4, 17, 45, 34, -154, 30, 113, 158, -27, -252, 59, 60, 58, -104, -114, 129, 110, 83, -64, -60, 77, -18, -102, -11, -32, 319, 4, -62, -54, -217, 126, -49, 188, 103, -94, 112, -148, 48, 11, -161, 30, 36, 303, 96, -323, 56, 14, 47, -55, -395, 169, 144, 342, 176, -365, 103, 49, 57, -205, -199, 448, 115, 29, -58, -365, 37, 66, -39, 129, -7, 475, -43, -220, 150, -303, 130, -124, 121, 157, -14, 316, -117, 75, 134, -497, -266, 91, 293, 511, -360, 33, 89, -65, 207, -464, 269, 239, 401, 57, -891, 241, 118, 103, -250, -447]
[0, 0, 0, -1, 0, 0, 0, 1, 0, 0, 0, 0, 0, 0, 0, 0, 1, -1, -1, 0, 0, 0, -2, 1, 0, 1, 1, 0, 0, 0, 1, -1, 0, -1, 1, 0, 0, 0, 0, 0, 0, 0, -16, -20, 4, 15, 7, -14, 25, -39, 8, 23, 8, -19, -56, 71, 4, -31, 6, -10, 35, 23, -17, -54, -90, 117, 35, -100, -63, 30, 137, -32, -3, 2, -50, 45, 4, -85, -46, 108, 122, -47, -152, 81, -44, -18, 36, -21, 24, -112, 207, -6, -35, 14, -115, 32, -74, 83, -34, -82, 210, 158, -106, -197, -186, 93, 13, 3, -66, -91, 198, 105, -128, -195, 22, 283, 20, -254, -7, 60, 155, 51, -208, -12, -94, 108, 49, -218, 218, 92, -5, -324, -40, 78, -94, 296, 85, 27, -273, -72, 198, -120, 264, -30, -205, -63, 168, -96, -372, 94, 306, 92, -358, 156, 76, 288, 40, -147, -396, -415, 564, -132, -68, 107, 242, 158, -517, -82, -14, -107, 577, -46, -300, -31, -149, 178, -346, 117, 253, -179, 306, 121, 19, -304, -129, -67, -138, -2, -49, 6, 179, 625, -58, -483, -757, 547, 99, -384, 440, -101, 526, -407, -260, -428, -327, 1056, 171, -336, -447, 762, 230]
[0, 0, 0, 0, 0, 0, 0, 0, 0, 0, 0, 1, 0, 0, -1, 0, 1, 0, -1, 0, 0, 0, 0, -1, 0, -1, 1, 0, 0, 1, 2, 0, 0, 1, -1, 1, -1, 0, 0, 0, 0, -1, 1, 7, 1, -1, 0, -9, 8, 7, -8, -7, 4, 14, -2, -13, 1, -4, 9, 6, -14, -13, 13, 33, -11, -23, 7, -4, 23, -4, -21, 9, -3, 42, -2, -26, -9, -18, 20, 4, -27, 2, 7, 45, 5, -12, 6, -23, 44, -9, -47, -10, 10, 76, -15, -57, 41, -9, 27, 2, -57, -10, -11, 61, -2, -82, 54, 20, 33, 20, -62, 23, -3, 57, 3, -108, 32, -3, 69, 19, -109, 35, 6, 68, -8, -97, 95, -22, 8, 36, -149, 86, 31, 60, 2, -161, 127, 72, 8, -48, -118, 20, 2, 69, 7, -164, 135, 23, 99, 10, -152, 147, -90, 63, -4, -209, 142, -8, 0, 116, -149, 54, 36, 86, -15, -242, 187, -19, 8, 13, -116, 113, -7, 130, -26, -180, 185, 22, -52, -15, -276, 165, 35, 12, 79, -177, 236, 22, 82, 112, -352, -11, 93, -10, 128, -237, 124, 8, 19, 168, -197, 113, -96, 143, 15, -335, 275, -12, -44, 139, -365]
[0, 0, 0, 0, 0, 0, 0, 0, 0, 0, 0, 0, 0, -1, 1, 0, -1, 1, 1, 1, 0, 0, 1, -1, 0, 0, -1, 0, 1, 1, -1, 1, 1, -1, 1, 0, 1, 0, 0, 0, 0, 0, 1, -1, -1, 3, -1, 2, 1, 0, 0, 0, 2, 1, 0, 2, 0, 2, 1, 2, 0, 0, 4, -1, 2, -2, 2, 2, 0, 2, 1, 1, 2, 3, 1, 2, 7, -2, 3, 4, -1, -3, -3, 3, 1, -2, 5, 5, 4, 5, 3, -3, 1, 4, 0, 0, 5, 1, 5, -2, 2, 5, 5, 4, 3, 2, 9, 7, -6, 8, -3, 3, 6, 5, 3, 0, 1, 6, -1, 4, 1, 0, 3, 9, 8, -7, 10, 2, 15, 1, 0, 8, 4, 7, 6, 0, 0, 8, 3, -5, 6, -3, 8, 5, 13, 10, 3, 11, 10, 9, -2, -1, 9, 3, 15, 2, 11, 7, 6, 12, 2, 1, 18, 9, 5, 2, 5, 11, 6, 3, 7, 9, 10, 9, 3, 5, 10, 15, 6, 10, 6, 8, 17, 4, 15, -2, -3, 6, 14, 12, 5, 2, 15, 16, 11, 2, 1, 8, 19, 10, 5, 10, 18, 18, 24, 4, 14, 10, 19, 7, 3]
[0, 0, 0, 0, 0, 0, 0, 0, 0, 0, 0, 0, 0, 0, 0, 0, -1, 0, 1, 0, 1, 0, 1, -1, 0, 0, 0, 1, -1, 0, -1, -1, 1, -1, 2, 0, 0, 0, -1, 0, 1, 18, -17, -8, -10, 8, 21, -16, 22, -21, 6, 30, -16, -21, -35, 34, 21, -49, 24, 12, 19, 32, -26, -17, -75, 53, 58, -64, -3, 24, 43, -20, -9, 14, -40, -12, 65, -55, -16, 50, 36, 13, -139, 74, -45, -6, 83, -18, 47, -90, 85, -5, -57, 33, -53, -9, -2, 40, 37, -70, 90, 87, -82, -38, -89, 14, 53, 15, -27, -45, 30, 131, -32, -54, 19, 24, 68, -181, 40, -3, 10, 137, -124, 80, -121, 23, 145, -225, 158, 83, -95, -47, -46, 34, -138, 81, 179, 10, -111, 1, 74, -28, 143, 28, -158, -249, 228, -51, -67, 156, -33, 187, -366, 187, 34, -97, 214, -25, -112, -217, 189, -27, -9, 171, 82, -92, -103, 24, 21, -114, 192, 6, -246, 2, -49, 76, 79, 91, 48, -65, -57, 250, -30, -191, 11, -172, 182, -73, 54, 135, -331, 378, 69, -183, -270, 139, 160, -321, 384, 88, 42, -146, -77, -31, -258, 221, 374, -226, -332, 582, -277]
[0, 0, 0, 0, 0, 0, 0, 0, 0, 1, -1, 0, 0, 0, 1, 0, 1, -1, 0, -1, 0, 1, -1, 2, 0, 0, 0, -1, 0, 0, 1, 0, 1, 1, 0, 0, 1, 0, 0, 0, 0, -8, 22, 6, 9, -11, -13, 26, -36, 17, -17, -19, 17, 13, 47, -36, -13, 51, -26, -20, -18, -24, 29, 6, 108, -58, -69, 102, -9, -23, -59, 17, 25, -52, 54, 15, -38, 92, -3, -73, -58, 14, 173, -102, 62, 12, -76, 39, -86, 128, -102, 15, 53, -86, 85, 49, -3, -34, -45, 78, -116, -107, 134, 15, 175, 23, -90, -32, 24, 78, -52, -150, 54, 23, 5, -11, -69, 242, -57, -8, 6, -155, 163, -114, 148, 52, -216, 289, -182, -135, 213, 42, 42, -98, 153, -6, -304, -76, 171, 108, -27, 30, -167, -81, 229, 376, -318, 75, 52, -156, 77, -286, 530, -231, -43, 144, -280, 36, 244, 204, -195, 54, -43, -268, -82, 247, 60, 81, -4, 143, -264, -98, 359, -108, 168, 17, -214, -90, -26, 181, 153, -351, 35, 229, 13, 273, -267, 32, -34, -219, 535, -461, -123, 385, 302, -14, -233, 356, -450, -238, -40, 141, 336, 45, 276, -138, -648, 377, 550, -786, 464]
[0, 0, 0, -1, 0, 0, 0, 0, 0, 0, 1, 0, 0, -1, 0, 1, 1, 0, -1, 1, 0, 0, 0, 1, 0, 0, 1, 0, 0, 1, 1, 1, 0, 0, 1, 1, -1, 1, -1, 0, 0, -33, 9, -2, 21, 0, -31, 10, 2, -15, -3, -24, 54, 24, -22, 31, -34, 50, -32, -28, 12, -20, 38, -18, -26, 61, -20, -60, -60, -14, 124, -22, 8, 43, 9, 86, -130, -58, -17, 93, 108, -131, 0, 80, 5, -37, -96, -18, 61, -49, 111, -38, 70, 89, -114, -32, -56, 86, -73, 0, 93, 125, -38, -150, -166, 19, 69, -8, -30, -52, 219, -43, -138, -101, 3, 264, -49, -78, -38, 163, 96, -171, -140, -16, 128, -64, 1, 16, 129, 82, -94, -317, 26, 193, 85, 118, -20, 175, -229, -239, 38, -93, 190, 24, -21, 72, 109, -57, -272, -153, 323, 90, -113, 16, 66, 435, -138, -170, -496, -88, 416, -127, 36, -2, 274, 52, -352, -239, -13, 141, 436, 81, -120, 292, -247, -147, -364, 54, 253, -251, 252, -43, 212, -86, -171, -134, -171, 284, -101, -35, 373, 354, 17, -488, -493, 173, 105, -68, 98, -68, 564, -160, -562, -372, 42, 854, 15, -189, -241, 509, 312]
[0, 1, -1, 0, 0, 0, 1, 0, 0, 0, 0, 0, 1, -1, 0, 0, 0, 0, 0, 0, 0, 1, 0, 1, 0, 1, 0, -1, 0, 1, 0, 1, -1, 1, 0, 0, 1, 1, 0, 1, 1, 21, 12, -9, 4, 11, 14, 9, -13, -20, -11, 16, 4, -2, 4, 14, 1, -12, 2, 2, -16, -6, 27, -18, 55, -18, -10, 28, -12, 38, -25, 0, 37, 5, 19, -12, 19, 7, -20, 14, -29, -1, 30, -30, 31, -26, 21, 45, -61, 39, -48, 24, 4, -2, 40, -40, -21, -3, 72, -4, 2, 16, 91, -34, 122, 48, -49, 80, 66, 67, -120, -37, 1, -69, 63, 0, 22, 28, 16, -17, -31, 8, 76, -101, -34, 154, -35, 133, 0, -56, 65, -62, 59, -34, 85, 131, -14, -43, 18, 107, -31, -2, 57, -31, 32, 90, -170, 72, -31, 13, 1, -162, 176, -16, 117, -19, 33, -11, -29, -71, -88, 185, -1, 53, 61, 187, -92, 121, 60, 18, 64, 86, 164, -214, 106, -54, -153, 92, 41, 183, -36, 72, -6, -10, 89, 135, -197, -177, 206, -135, 296, -48, 20, 112, -18, 242, -75, 117, 75, 118, -55, -98, 253, -104, -27, 173, -136, 51, 269, -242, 172]
[0, 0, 0, -1, 0, 0, 0, 0, 0, 1, 0, 0, 0, -1, 0, 0, 0, 0, 1, 0, 1, 0, 1, 0, 0, 1, -1, 0, 0, 0, 0, -1, -1, -1, 1, 1, -1, 2, 0, 0, 0, -29, 13, -2, 17, 5, -30, 18, -16, -11, -13, -22, 44, 8, 1, 14, -18, 48, -35, -19, -8, -25, 49, -22, 27, 23, -53, 3, -54, -11, 61, -16, 20, -4, 37, 54, -100, -9, -23, 42, 42, -74, 56, 12, 37, -18, -97, 17, -5, 16, 24, -27, 56, 25, -41, 1, -53, 53, -78, 19, 27, 27, 40, -122, -50, 24, -6, -3, -6, -14, 107, -91, -79, -80, 27, 195, -109, 33, -56, 119, 68, -185, 0, -105, 138, 25, -124, 111, 27, -41, 34, -237, 47, 78, 105, 115, -171, 97, -116, -107, 13, -78, 82, -47, 88, 210, -91, 27, -183, -158, 290, -93, 128, -120, 26, 347, -211, -98, -258, -5, 231, -82, -22, -112, 133, 182, -301, -129, -36, 116, 232, 15, 42, 74, -78, -57, -391, 21, 170, -159, 228, -207, 201, -2, -114, 128, -375, 171, -45, -166, 509, 70, -100, -183, -260, 225, -59, 46, -126, -176, 449, -163, -217, -317, 117, 633, -355, 37, -6, 4, 503]
[0, 0, 0, 0, 0, 0, 1, 1, 0, 0, -1, -1, -1, 1, 0, -1, -1, 0, 1, 0, 0, 0, 2, 0, 0, 0, -1, 0, -1, 0, 0, 0, 0, -1, 0, 0, 0, 0, 1, -1, 0, 59, -52, -26, -24, 22, 70, -69, 74, -32, 11, 80, -79, -31, -90, 79, 66, -160, 104, 42, 33, 54, -88, 10, -198, 71, 175, -153, 60, 65, 22, -16, -41, 71, -143, -113, 232, -123, 0, 76, 30, 103, -362, 184, -135, -15, 305, -84, 116, -218, 147, 34, -209, 125, -94, -66, 77, 22, 167, -165, 143, 128, -234, 78, -157, -85, 99, 102, -24, -58, -134, 404, -12, -20, 23, -235, 289, -480, 262, -137, -148, 536, -228, 330, -468, -24, 487, -622, 296, 239, -351, 152, -93, 19, -392, -56, 708, -72, -156, 73, 67, -1, 230, 210, -454, -859, 680, -113, 84, 554, -452, 546, -997, 617, 54, -828, 827, 22, -8, -421, 60, 104, -14, 587, -41, -564, 165, 184, 58, -485, 208, 81, -558, -89, -30, 100, 633, 235, -158, 42, -615, 1011, -331, -477, 265, -599, 896, -476, 304, 531, -1513, 748, 304, -271, -308, -11, 448, -721, 993, 602, -520, -186, 40, 320, -732, -420, 1434, -543, -804, 1348, -1372]
[0, 0, 0, 0, 0, 0, 0, 0, 0, 0, 0, 0, 0, 0, 0, 0, 0, -1, -1, 1, -1, 0, -2, 0, 0, 0, 0, -1, 0, 0, 0, 0, 0, 0, 0, -2, 0, -1, -2, 0, -1, 0, -3, -3, 1, -2, 0, -2, 0, 0, 2, -1, -3, -1, -1, -1, -2, -1, -1, -2, -2, -1, -9, -4, -8, 1, -2, -4, 0, 2, 0, 1, -11, -4, -3, -3, 1, -5, 1, -1, -2, -3, -10, -9, -6, -4, 3, -3, -6, -3, 4, 0, -7, -13, -7, -3, -1, -3, -5, -4, 1, -2, -12, -7, -20, 1, -11, -5, -6, -9, -1, 0, -4, -8, -21, 1, -4, -13, -2, -12, 2, -4, -7, -6, -18, -7, -8, -10, -8, -6, -2, -6, -11, -5, -16, -6, -3, -8, -8, -12, -10, -3, -13, -13, -12, -9, -21, -15, -25, -12, -20, -11, -13, -12, -12, 6, -18, -7, -10, -26, -9, -14, -3, -20, -15, -1, -16, -18, -24, -19, -10, -12, -27, -10, -15, -2, -25, -15, -18, -18, 0, -12, -23, -17, -21, -14, -24, -11, -20, -22, -17, -7, -45, -36, -35, -5, -13, -17, -18, -19, -7, -21, -32, -30, -30, -21, -3, -13, -16, -8, -14]
[0, 0, 0, 0, 0, 0, 0, 0, 0, -1, 0, 1, 0, -1, 1, 0, 1, 1, 0, 0, -1, 1, 0, 0, 0, 0, 1, 0, 1, 0, 1, 0, 1, 0, 0, 1, 1, 0, -2, 1, 0, -5, 2, 2, -3, 2, -1, 3, 4, 1, 6, -4, 7, 1, -7, 3, -3, 6, -2, -2, 5, 2, 13, -2, -9, 13, -2, -10, -8, 5, 19, 2, 0, 10, 1, 17, -6, -19, -5, 15, 14, -12, 1, 10, 7, -3, -13, -5, 21, -6, 26, -8, 9, 9, -22, 12, 6, 3, -6, -2, 20, 24, -1, -10, -22, 4, 24, -5, -6, 2, 44, 0, -21, -3, 1, 42, 1, -4, -11, 33, 18, -22, -31, 4, 25, -1, 14, -13, 29, 4, 2, -15, 15, 40, 11, 6, 0, 54, -28, -27, 6, -8, 29, -20, 8, 22, 29, 7, -43, -26, 46, 35, -3, 10, 27, 73, -7, -39, -51, 13, 80, -22, 18, 2, 52, 29, -30, -33, -1, 37, 58, 17, -6, 63, -30, 6, -24, -7, 46, -24, 72, -4, 52, -13, -22, -22, -2, 72, 0, 13, 48, 57, -21, -43, -50, 40, 21, -10, 29, -35, 121, 13, -62, -44, 18, 137, 7, -4, 0, 90, 52]
[0, 0, 0, 0, 0, 0, 0, 1, 0, 0, -1, -1, 1, 0, 1, 0, 0, 1, 0, -1, 0, 0, 1, 1, 0, 1, 1, 0, 0, 0, 0, 1, 1, 0, 0, 2, 0, -1, 0, 0, 1, 13, 3, -10, 2, 7, 15, 0, -6, 0, -5, 10, -19, -3, 14, 10, 4, -11, 11, 1, 3, -2, -8, -6, 47, -21, -4, 49, 3, 2, -42, 16, 19, -34, -11, -16, 47, 55, -2, -53, -18, 57, 42, -64, 11, 23, 29, 22, -84, 62, -19, 42, -22, -75, 68, 55, -6, -40, 25, 19, 5, -73, 48, 15, 124, 44, -97, 24, -6, 51, -74, -7, 60, -19, 22, -43, 28, 70, 11, -87, 31, 47, 86, -43, -44, 122, -80, 95, -98, -58, 171, 64, 0, -135, 34, 74, -79, -159, 109, 156, 92, 11, -102, -3, 46, 182, -168, 21, 47, 80, 28, -202, 217, -44, 20, -77, -46, 69, 246, -8, -98, 90, -62, -31, -116, 183, 31, 150, 36, -99, -46, -105, 195, -269, 154, 177, -30, 10, -78, 236, 93, -33, -154, 62, 83, 219, -70, -196, 55, -78, 239, -227, -34, 278, 129, 148, -188, 150, -81, -25, -134, -1, 405, 78, 15, -124, -175, 148, 279, -428, 204]
[0, 0, 0, 0, 0, 0, 0, 1, 0, 0, 0, -1, -1, 0, 1, 0, -1, 1, 0, 0, 0, 0, 0, -1, -1, -1, -1, 0, 0, 0, 1, 0, -1, -1, 1, 1, 1, 1, 1, 1, 0, 16, -16, -13, -1, 3, 16, -11, 16, -20, 8, 26, -20, -14, -28, 38, 5, -35, 12, -3, 36, 32, -39, -34, -40, 53, 39, -54, -24, 15, 59, -19, -2, -20, -41, 19, 37, -22, -27, 30, 72, 5, -104, 16, -49, 6, 50, -10, -10, -58, 126, 18, -47, -50, -30, 42, -45, 31, 7, -54, 132, 69, -63, -80, -70, 95, -37, 3, -54, -44, 101, 80, -33, -98, 2, 103, 45, -133, 0, -44, 108, 87, -119, 3, -101, 103, 19, -129, 78, 58, 64, -119, -62, -45, -85, 199, 56, -75, -88, 8, 171, -45, 78, -8, -154, -24, 70, -81, -155, 96, 122, 17, -182, 105, 31, 113, 24, -30, -110, -284, 286, -49, -58, 90, 31, 130, -235, 15, 20, -127, 295, -122, -146, -118, -34, 188, -108, 39, 55, 34, 207, 83, -136, -157, -98, -23, -3, -80, -39, 33, 77, 280, -11, -161, -337, 307, -3, -208, 272, -32, 186, -187, -14, -157, -225, 441, 109, -184, -210, 318, 88]
[0, 0, 0, 0, 0, 1, 0, 0, 0, 0, -1, 1, 0, -1, 1, 0, 0, 0, 0, 0, 0, -1, 0, 1, 0, 1, -1, 0, 1, -1, 1, 0, 2, 1, 1, -1, 0, 0, 0, 0, 0, 24, -3, -2, -10, 13, 26, -31, 16, 26, -27, 8, -39, 12, 12, -19, 37, -54, 62, 41, -51, -44, 4, 73, -3, -97, 36, 56, 94, 24, -170, 45, 0, 71, -27, -165, 155, 13, 64, -74, -171, 119, 2, 31, 7, -25, 166, -18, 17, 38, -211, 28, -96, 126, 65, -101, 158, -87, 147, 9, -206, -147, 15, 256, 173, -232, 38, 124, 102, 113, -449, 116, 134, 170, 23, -487, 139, 19, 249, -108, -340, 265, 200, 188, -216, -121, 233, -87, -58, -25, -259, 453, 73, -23, -76, -443, 318, -59, 194, 187, -276, 86, -120, 183, 60, -416, 169, 105, 452, 279, -654, 147, -92, 183, -8, -990, 539, 147, 507, 298, -763, 290, 28, 249, -263, -557, 677, 261, -8, -233, -572, 207, 152, -133, 242, -233, 649, 130, -352, 249, -936, 586, -129, 23, 511, -236, 596, -437, 406, 251, -1121, -313, 213, 461, 638, -571, 113, 70, 42, 527, -1071, 277, 503, 677, -42, -1521, 702, 204, 169, -178, -1048]
[0, 0, 0, 0, -1, 0, 0, 0, 1, 0, 0, 0, 1, 0, 0, -1, -1, 0, 0, 1, 1, 0, -1, 0, 1, -1, -1, 0, -1, 0, 0, 1, 1, 1, 1, 0, 0, 0, -1, -1, -1, -10, 1, -4, 14, 2, -9, 2, 5, -13, -11, -8, 28, 15, -18, 17, -33, 7, 6, -12, -5, -22, 24, -1, 0, 19, -14, -22, -27, 12, 52, -10, 8, 29, -2, 30, -72, -17, -14, 42, 46, -66, 2, 52, 18, -43, -48, -4, 11, -33, 41, -27, 36, 70, -38, -39, -47, 47, -18, -7, 48, 56, -21, -79, -50, -9, 4, 34, -6, -5, 48, -16, -40, -60, 35, 93, -30, -68, -12, 44, -5, -30, -48, -18, 14, -18, 26, 24, 67, 46, -71, -165, 40, 86, 55, 65, 10, 60, -136, -103, 5, -76, 102, 41, -7, -2, 54, -13, -144, -33, 136, -11, -59, 41, 18, 114, -7, -85, -221, -55, 152, -13, -7, 56, 85, -19, -200, -37, -10, 19, 225, 69, -31, 43, -83, -125, -188, 76, 115, -60, -6, 74, 93, -89, 4, -91, -88, 13, -3, -10, 133, 177, 50, -203, -281, 86, 29, -64, 72, 60, 130, -140, -195, -174, -24, 385, 68, -103, -90, 213, 76]
[0, 0, 0, 0, 0, 0, 0, 0, 0, 0, 0, 0, 0, 1, 0, 0, 1, -1, 0, 0, 0, 0, 0, 2, 1, 0, 1, -1, 0, 0, 1, 0, 1, 2, 0, 1, 0, 1, 0, 1, 1, 1, 2, 2, 2, -2, 2, 0, 2, 1, 2, 3, 0, 0, 2, 1, 1, 2, 3, 2, 3, 2, 1, 2, 1, 4, 2, 2, 6, 4, 4, 2, 3, 2, 3, 4, -1, 5, 3, 1, 7, 3, 6, 3, 6, 5, 2, 1, 6, 1, 7, 7, 5, 5, 6, 5, 3, 6, 2, 6, 7, 6, 5, 5, 8, 3, 2, 2, 15, 4, 11, 4, 8, 7, 6, 11, 13, 2, 9, 9, 8, 5, 11, 6, 10, 11, 8, 13, 2, 10, 14, 1, 8, 5, 12, 9, 15, 9, 11, 17, 12, 18, 14, 10, 12, 6, 15, 8, 11, 4, 18, 11, 18, 15, 11, 15, 11, 13, 14, 8, 20, 20, 15, 8, 17, 16, 19, 11, 18, 18, 21, 15, 14, 13, 20, 16, 16, 9, 21, 13, 30, 21, 19, 18, 22, 12, 24, 15, 23, 17, 24, 27, 24, 9, 22, 18, 29, 22, 24, 16, 28, 17, 21, 11, 15, 17, 22, 27, 30, 26, 27]
[0, 0, 0, 0, 0, 0, 0, 0, 0, 0, 0, 0, 0, 0, 0, 0, -1, 1, 0, 0, 1, -1, 0, 0, 0, 0, -1, -1, 0, 0, 1, -1, 1, 2, -1, 0, -2, 0, 0, -1, 1, -9, 16, 4, 3, -5, -17, 22, -25, 4, -3, -15, 19, 1, 30, -17, -21, 40, -32, -12, 0, -11, 20, -19, 81, -20, -62, 57, -30, -13, -4, -2, 21, -52, 37, 39, -65, 54, -15, -32, -1, -15, 120, -84, 45, 17, -92, 41, -79, 86, -27, -6, 58, -86, 50, 62, -61, -17, -56, 36, -8, -57, 91, -56, 86, 86, -90, -32, 0, 28, 48, -133, 13, -42, 6, 118, -105, 156, -111, 18, 92, -151, 84, -168, 117, 112, -217, 229, -120, -111, 227, -95, 19, -87, 137, 125, -298, -48, 51, 36, 56, -24, -87, -105, 145, 383, -312, 48, -80, -171, 223, -293, 407, -231, -4, 333, -319, -5, 40, 66, 33, -28, -45, -212, -27, 334, -166, -2, -24, 112, 1, -99, 220, -137, 66, 84, -305, -78, 58, 51, 324, -388, 35, 127, -97, 326, -423, 72, -102, -228, 686, -262, -153, 165, 41, 185, -236, 246, -317, -274, 219, -25, 143, -182, 177, 301, -641, 198, 326, -577, 660]
[0, 0, 0, 0, 0, 0, 0, 0, 0, 0, 0, 0, 0, 0, 0, -1, 0, 0, -1, 0, 0, 0, 0, 0, 1, 1, -1, -1, -1, 1, -1, -2, -1, 1, -1, -1, 0, -1, -1, -1, -1, -3, 2, 4, -3, -3, 0, 6, -7, 0, 1, -3, -1, -2, 5, -11, 0, 4, -6, -8, -2, 2, 0, 5, 8, -13, -3, 7, 2, -10, -15, 5, -3, -5, 3, -2, -13, 9, -1, -11, -15, -2, 14, -7, 4, 5, -19, 1, 0, 10, -21, -4, 6, -14, 2, -12, 8, -12, -7, 9, -28, -6, 6, 15, 1, -8, 6, -18, -3, 2, 0, -32, -8, 13, -20, -18, -3, 23, -13, 0, -16, -38, -1, 2, 27, -26, -16, 27, -33, -5, -13, 20, -21, -4, 12, -40, -18, -5, 33, -27, -33, 16, -33, 0, 8, 10, -19, -11, 24, -48, -40, 5, 34, -29, -22, 2, -33, -9, 9, 30, -61, -6, 4, -43, -22, -26, 36, -38, -12, 44, -85, -20, 4, 36, -13, -41, 12, -37, -27, 12, -9, -53, -4, 53, -50, -37, 1, 36, -38, -9, -7, -68, -15, 1, 48, -96, 2, 37, -80, -22, -31, 59, -47, -2, 27, -107, -40, 2, 51, -72, -41]
[0, 0, 0, 0, 0, 0, 1, 0, -1, 0, 0, 0, 0, 0, -1, 0, 1, 1, -1, 0, 0, -1, -1, 0, 0, 0, 1, 1, -1, -1, 0, 0, 0, -1, -1, 2, 1, 0, 1, 0, -1, -1, 3, -2, -1, -4, 3, -3, -8, 19, -7, -9, -7, 20, 15, -14, 3, 5, -2, -10, -13, -22, 7, 29, 29, -44, -9, 33, 20, -13, -58, 24, -1, 4, -7, -27, 17, 22, 20, -47, -44, 34, 62, -34, 7, -2, 12, -15, -23, 53, -70, 27, -11, -5, 23, -3, 38, -52, 23, 27, -75, -77, 30, 69, 75, -49, -23, 18, 9, 66, -106, -15, 24, 38, -19, -132, 44, 82, 62, -50, -79, 3, 58, 33, -20, -22, -13, 64, -90, -38, -3, 123, 24, -54, 32, -134, 12, -53, 108, 54, -73, 24, -123, 31, 50, 40, -57, 17, 101, -6, -143, -35, 133, -8, 2, -218, 32, 5, 171, 143, -250, 94, -15, -9, -116, -68, 198, 51, -5, -41, -209, 0, 156, -36, 73, -69, 91, -39, -162, 151, -165, 57, -118, 76, 88, -34, 144, -84, 75, -10, -109, -275, -9, 181, 243, -182, -65, 189, -143, 79, -280, 136, 175, 173, 48, -470, 19, 111, 213, -294, -155]
[0, 0, 0, 0, 0, 0, 0, 0, 0, -1, 0, 1, -1, 1, 0, 1, 2, -1, 0, -1, 0, -1, 1, 0, 1, 0, 0, 0, 0, 0, 1, 1, 0, 0, 0, 1, 0, 1, 1, 1, 1, 0, -4, 3, -7, 3, 2, -9, 15, 4, 9, 2, -9, -6, -11, 2, 12, -18, 8, 15, 5, 9, -6, 11, -43, 16, 21, -26, 21, 13, 8, -3, -9, 23, -5, -10, 15, -33, 9, 17, 4, 11, -50, 38, -13, 6, 28, -24, 58, -45, 14, -3, -15, 39, -20, -13, 22, 5, 11, -17, 18, 14, -34, 39, -50, -33, 43, 11, 12, -27, 10, 56, -6, 42, -2, -33, 19, -52, 37, 15, -21, 60, -23, 47, -28, -37, 85, -114, 41, 33, -80, 60, 7, 50, -64, -61, 118, 80, -26, -16, -24, 18, 47, 11, -53, -175, 152, 1, 57, 49, -66, 154, -189, 82, 0, -103, 122, 12, -24, 3, 41, -9, 28, 87, 8, -109, 91, -32, 3, -32, 29, 59, -121, 91, -25, -3, 185, 15, -23, -87, -96, 117, 26, -49, 21, -72, 156, 46, 41, 98, -300, 121, 43, -73, 32, -52, 125, -121, 127, 77, 29, 22, -104, 63, -51, -87, 228, -58, -215, 259, -209]
[0, 0, 0, -1, 0, 0, 0, 0, 0, 0, 0, 1, 0, 0, -1, 0, 0, 1, 1, 0, 0, -2, 0, 0, 1, -1, 0, 0, 0, -1, 0, -1, 0, 1, -1, 1, 2, 0, -1, 0, 0, -43, 26, -1, 18, 10, -47, 34, -43, 11, -18, -50, 55, 3, 44, -17, -29, 87, -56, -6, -40, -59, 73, -28, 121, -29, -138, 94, -57, -12, 0, 5, 28, -48, 85, 45, -135, 52, -6, -30, -16, -43, 212, -130, 111, 1, -164, 66, -120, 142, -98, -15, 102, -56, 54, 59, -70, -17, -119, 83, -56, -121, 153, -105, 84, 37, -125, 13, 48, 31, 10, -234, -7, -47, 33, 201, -247, 244, -131, 94, 102, -290, 230, -319, 196, 126, -366, 373, -168, -231, 258, -183, 114, -39, 251, 107, -465, 25, 10, 10, -22, -58, -101, -166, 289, 576, -527, 146, -123, -274, 385, -489, 628, -428, 2, 451, -476, -10, -32, 203, -2, -46, -39, -329, -4, 451, -275, -82, -100, 153, 28, 4, 337, -204, 59, 38, -531, -71, 118, -120, 345, -603, 222, 189, -55, 628, -853, 110, -70, -443, 1062, -429, -325, 147, 61, 299, -381, 420, -606, -349, 420, -157, 111, -369, 387, 484, -1009, 370, 439, -945, 1085]
[0, 0, 0, 0, 0, 0, 0, 0, 1, -1, 0, 0, -2, 1, 1, 0, 0, -1, 0, 0, -1, 1, 0, 0, 0, 0, -1, 0, 0, -1, 1, 0, 0, 1, -2, -1, 0, -1, -1, 0, 0, 7, -14, -4, -8, 2, 9, -12, 24, -14, 14, 11, -7, -6, -37, 28, 2, -30, 17, -1, 30, 20, -20, -13, -81, 54, 37, -74, -7, 19, 66, -23, -23, 20, -32, 22, 17, -60, -24, 56, 56, -26, -115, 69, -40, -17, 41, -39, 69, -92, 118, -16, -38, 40, -81, 2, -6, 37, -3, -58, 86, 93, -88, -27, -126, 11, 50, -15, -33, -52, 102, 90, -54, -36, -10, 62, 50, -180, 11, 15, 33, 84, -160, 78, -83, -21, 124, -205, 121, 82, -73, -72, -27, 74, -109, 54, 141, 60, -148, -67, 64, -39, 135, -3, -151, -193, 227, -76, -122, 64, 5, 190, -337, 173, 4, 33, 122, -89, -186, -168, 258, -74, -3, 99, 83, -59, -118, -36, -16, -73, 226, -19, -247, 103, -121, 42, 26, 12, 56, -99, 39, 191, -15, -206, -54, -222, 162, 26, -35, 141, -262, 373, 26, -247, -295, 100, 156, -310, 301, 21, 169, -91, -220, -86, -222, 283, 275, -216, -355, 582, -200]
[0, 0, 1, 1, 0, -1, 0, 0, -1, -1, 0, 0, 0, 1, 0, 0, 0, -1, 0, 1, -1, 1, -1, 0, 0, -1, -1, 0, 0, 0, 0, 1, -1, -1, 0, 1, 1, 1, 0, 0, -2, 14, -15, -1, -18, -2, 14, -1, -6, 13, 51, 35, -37, -44, 8, -9, 14, -21, 3, 16, 33, 61, -67, -44, -19, 36, 22, -1, 13, 5, 16, -1, -38, -104, -10, 17, 46, 31, -15, -48, 41, 60, -43, -117, -19, 98, 15, 7, -60, -11, 113, 16, -27, -206, 72, 140, -47, -35, -37, -11, 142, -6, -19, -38, -16, 183, -93, -81, -42, -75, 166, 8, 67, 7, -34, 142, -55, 34, -141, -110, 232, 59, 2, -108, -26, 172, -173, -48, -71, -21, 308, 36, -88, -209, -101, 203, -150, -134, 54, 97, 242, 33, -139, -162, -87, 208, -211, -15, -24, 29, 166, -170, 51, -119, -71, 303, -225, 144, 150, -174, 240, -123, -26, -122, -86, 381, -128, 48, 2, -53, 90, -189, -119, -223, 30, 535, 46, -108, 8, -21, 570, -370, -198, 56, -162, 437, -246, 26, -226, -141, 348, -85, -167, 74, 47, 299, -168, -37, -42, -335, 333, -132, 182, -81, -48, 256, -373, -56, -31, -298, 530]
