63 3 11 36 35
[1, 1, 0, -2, 3, -1, 0, 0, 0, 2, -1, -1, 3, -1, 1, 1, -2, -3, -2, 0, -1, 1, -3, 0, 0, -1, 1, 0, 3, -1, -2, -1, 0, 0, -1, -2, -1, 0, 4, 0, 1, 38, 100, -18, -4, 19, 45, -12, -82, -63, 103, -35, -9, -54, -41, 195, -17, 28, -234, 69, 157, -16, -102, -69, 227, 3, -5, -12, -12, -11, 97, -75, -95, 137, 70, -53, -189, 137, -38, 38, -46, 41, 130, -37, -44, -167, 172, 7, -171, -186, 216, 179, -24, 15, -121, 90, 61, 2, -465, 126, 238, 251, -47, -367, 603, 269, -84, -146, -83, 323, 81, -61, -378, 395, -132, 106, -457, -87, 622, 140, 391, -535, 381, -88, -44, -294, -336, 738, -579, 223, 378, -68, 174, -229, -525, 360, 323, 606, -529, -757, 1262, -434, 231, -819, 34, 651, -55, 257, -804, 295, 373, -606, -772, 166, 541, 739, -231, -76, 423, -54, 664, -1342, 438, -66, 127, 671, -1325, 1080, 60, -101, -34, -395, 722, -51, 116, 278, 921, -797, -499, -671, 515, 1406, 95, 93, -1246, 1416, -170, -102, -1293, -382, 2440, -1263, 456, -159, 477, 873, -202, -1323, -534, 1245, 1737, -1053, -1548, 997, -654, 1370, -1638, 198, 237, 282, 1179]
[0, 0, 0, 0, 0, 0, 0, 0, 0, 0, 0, 0, 0, 0, 0, 0, 0, 0, 0, 0, 0, 0, 0, 0, 0, 1, 0, 0, 0, 0, -1, 0, 0, 0, 0, -2, 2, 1, 0, 1, -1, -1, 1, -1, 1, -5, 4, 5, -2, 2, -4, 2, 0, 2, 0, -11, -2, 6, 3, 6, -8, 0, 3, 5, 3, -14, 7, 0, 5, 5, -14, 6, 3, 3, 2, -21, 4, 10, -1, 7, -14, 0, 2, 8, 8, -25, 2, 9, 19, 3, -15, 7, 2, 4, 3, -39, 1, 15, 0, 16, -22, 11, 7, 14, 2, -31, -3, 8, 1, 14, -2, 1, 8, 12, 10, -43, 5, 5, 2, 1, -29, 17, 12, 16, 3, -43, 12, 18, 5, 17, -46, 11, 26, -1, 21, -54, 3, 7, 2, 27, -33, 7, 18, 17, 6, -52, 8, 20, 7, 23, -54, 29, 7, 18, 27, -74, 6, 15, -2, 10, -34, 16, 23, 10, 3, -47, 20, 20, 29, -1, -56, 11, 17, 29, -3, -81, 29, 10, 23, 30, -65, 9, 5, 28, 14, -73, 22, 29, 28, 40, -74, 41, 20, 14, 13, -111, -1, 20, 40, 32, -80, 25, 26, 30, 7, -103, 19, 25, 13, 45, -73]
[0, 0, 0, 0, 0, 1, 0, 0, 0, -1, 0, 0, 0, 0, 1, -1, 0, 0, -1, 0, 1, 0, -1, 0, 1, 0, 1, 1, 0, 0, 0, 0, 0, 0, -1, -1, 0, 0, -1, 1, 0, 4, 15, -14, -2, 7, 20, -6, -35, 2, 12, 8, 13, -7, -6, 21, 7, 3, -59, 12, 42, 6, -19, -14, 25, -18, 30, -1, -19, -2, 12, -7, -29, 20, 19, -9, -38, 27, -56, 17, 36, 20, 21, -20, 7, -22, 34, -5, -10, -49, 52, 29, -28, 10, 5, 44, 12, -22, -114, 10, 22, 65, 16, -69, 81, 34, -36, -19, -12, 64, 48, -72, -38, 8, -30, 86, -20, -31, 51, 5, 64, -112, 109, 56, -29, -75, -79, 107, -168, 100, 130, -36, 21, -80, -88, 72, 65, 160, -175, -169, 284, -156, 73, -61, 43, 145, -63, 30, -167, 73, 136, -73, -172, 2, 46, 127, -62, 37, 92, 34, 108, -269, 62, -20, 22, 232, -269, 93, -5, -111, 87, -58, 165, -17, -116, 130, 18, -193, 8, 29, 118, 128, 27, -98, -294, 367, 59, -40, -298, -74, 417, -325, 272, 76, -15, 128, -62, -274, -130, 258, 480, -236, -352, 250, -275, 417, -200, 76, -1, -72, 359]
[0, 1, 0, 0, 0, 0, 0, 0, 0, -1, 0, 0, 0, -1, 0, 1, 0, 0, 1, 0, -1, -1, 1, 0, 1, 0, 1, 0, 0, 0, 0, 1, -1, 0, 0, -1, 0, 0, 0, -1, -1, 4, 23, -5, -6, -2, 12, -4, -17, -17, 39, -2, -4, -2, -2, 46, 11, 17, -53, 5, 34, 5, -24, -17, 60, -3, -1, -20, -20, 1, 17, -8, -37, 27, 1, -22, -32, 32, -13, 5, -24, 17, 24, 19, -22, -19, 70, 4, -47, -49, 77, 63, -22, -2, -39, 16, 18, 6, -128, 25, 69, 70, -21, -97, 160, 76, -11, -74, -68, 51, 28, 28, -91, 138, -17, 27, -90, 16, 184, 57, 150, -154, 76, -41, 0, -62, -86, 208, -153, 34, 45, -41, 52, -63, -95, 65, 52, 69, -180, -151, 302, -105, 45, -215, 8, 173, 28, 27, -145, 103, 93, -136, -158, 73, 139, 195, -25, -25, 77, -63, 181, -333, 114, 15, 2, 136, -328, 285, 78, -25, -64, -100, 116, -27, 78, 53, 311, -211, -126, -126, 184, 405, 86, 106, -325, 324, -145, -58, -254, -82, 642, -286, 47, -80, 48, 252, -35, -308, -142, 230, 318, -275, -313, 242, -123, 317, -495, 46, 97, 169, 232]
[0, 0, 0, 0, 0, 0, 0, 0, 0, 0, 0, 0, -1, 0, 0, 0, 0, 0, 1, 0, 0, 0, -1, 0, 0, 0, 1, -1, -1, 0, -1, -1, 1, -1, -2, 1, 0, 0, 0, -1, 0, -2, -1, -3, -4, 7, 4, -5, -3, -4, 8, -2, -5, -9, -2, 15, 1, -7, -4, -3, 12, -4, -13, -4, 1, 18, -10, 0, 0, -9, 2, -12, -4, 6, -4, 15, -7, -13, 6, -18, 4, -2, 8, -4, -9, 17, 4, -10, -27, -16, 10, 5, 5, -6, -12, 31, -7, -29, -24, -18, 43, 5, -11, -21, 10, 37, -14, -26, -13, -2, 25, 1, -29, -19, -14, 24, -39, -18, 26, 14, 31, -34, -7, -31, -24, 22, -5, -4, 9, -21, 38, -6, -31, -22, -64, 43, 14, 4, -13, -35, 48, -16, -45, -55, -10, 89, 17, -15, -34, -26, 43, -61, -57, -18, 7, 103, -8, -35, 1, -28, 19, -58, -31, 11, 20, 41, -42, -22, -27, -52, -10, -15, 34, 1, -9, 72, -13, -37, -72, -99, 55, 36, 30, -29, -37, 77, -25, -89, -103, -56, 128, -4, -35, -34, 9, 107, -54, -98, -45, 17, 117, -20, -67, -31, -25, 42, -113, -50, 47, -12, 75]
[0, 0, 0, 0, 0, 0, 0, 0, 0, 0, 0, 0, 0, 0, 0, 0, -1, 0, 1, 0, 0, 0, -1, 0, 2, -1, -1, -1, 0, 1, 0, 1, 0, -1, -1, 0, 0, 0, 0, -1, -1, 2, 0, -3, -1, 4, 3, -5, -4, -1, 7, 1, -5, -6, 0, 17, 1, -11, -8, -3, 10, 0, -8, -7, 8, 18, -10, -1, -3, -10, 6, -11, 1, 5, 0, 21, -8, -12, 1, -19, 4, 2, 11, -1, -11, 22, 8, -14, -25, -15, 14, 8, 4, -1, -14, 41, -3, -29, -21, -19, 36, 6, -8, -16, 7, 36, -4, -33, 0, -6, 17, 6, -21, -13, -10, 29, -34, -10, 17, 17, 34, -22, -4, -23, -28, 20, -3, -3, 16, -18, 32, -7, -18, -14, -65, 50, 25, 17, -10, -36, 50, -9, -39, -47, -18, 84, 24, -10, -19, -33, 51, -70, -56, -18, 17, 106, -10, -23, 18, -4, 10, -53, -35, 30, 26, 41, -37, -22, -45, -41, -2, -15, 41, 12, 7, 66, -9, -32, -62, -78, 71, 49, 42, -19, -39, 76, -20, -86, -108, -49, 136, -7, -14, -32, 18, 108, -51, -79, -57, 35, 131, -19, -54, -12, -19, 61, -127, -33, 66, -2, 60]
[0, -1, 0, 0, 0, 1, 0, 0, -1, 0, 1, 0, 0, 0, -1, 1, 0, 0, 0, 0, 0, -1, -1, 1, 1, 0, -1, 0, 1, 0, 0, 0, 0, 1, -1, 0, 1, -1, 0, 0, 1, -16, -17, -17, 32, 10, -27, 23, 1, 59, -67, -25, 24, 11, 40, -74, -48, 14, 73, 10, -78, -41, 73, 0, -84, -21, -9, 146, -1, 5, -21, -43, 108, -122, 52, 5, 14, -13, -73, 87, 76, -101, -75, -64, 93, 83, -199, 64, 55, 223, -46, -253, 56, -8, 168, -102, -110, 18, 163, 60, -192, -155, 98, 176, -289, -12, -128, 298, 75, -72, 101, -241, 366, -350, -27, -1, 197, 35, -346, -78, -88, 123, -169, 95, -8, 199, -42, -264, 98, 130, 290, -222, -36, -5, 148, -27, -276, 97, 97, 280, -475, -146, 279, 436, -79, -322, -154, 71, 113, -95, 92, -49, 515, -172, -381, -205, 2, 373, -580, 354, -185, 270, 29, -443, 230, -30, 431, -425, -90, -27, 715, -269, -247, -15, -481, 535, -777, 333, -37, 588, 109, -813, -33, -273, 487, -528, 255, 305, 240, -13, -571, -232, 169, 668, -601, -12, -280, 600, 53, -551, 312, -144, 486, -421, -270, 328, 956, -98, -508, -362, 137]
[0, 0, 0, 0, 0, 0, 1, 0, -1, 0, -1, 1, 0, 0, 0, 0, 0, 0, 0, 0, 1, -1, 1, -1, 0, 0, 1, 0, 0, 0, 1, 0, 1, 0, 1, -1, -1, 1, 1, 0, 1, -2, -14, 5, 16, -10, -1, -2, -4, 16, -10, 20, -10, 17, 25, -34, -9, 1, 27, -18, -24, 2, -4, 22, 14, -15, 2, -19, 20, 18, -35, 0, 14, 11, 6, 4, 11, -7, 8, 19, -37, -36, -1, 39, -15, -30, 15, 4, 15, 30, -44, 25, 6, 26, 8, -74, 24, 21, 41, -7, -35, 15, 4, 68, -14, -77, 6, 36, -7, -42, -20, 6, 59, 29, 70, -117, 22, 71, -43, 9, -65, 89, -83, -20, 38, -75, 71, 44, 93, -47, -142, 67, 73, 18, -6, -77, -47, -2, 131, 85, -140, 37, 64, 37, -74, -109, 50, 1, 40, 24, -144, 11, 127, 43, 64, -145, 68, 38, -79, -2, -130, 155, -27, 30, 4, -135, 215, 21, -2, -16, -37, 36, -33, 45, -7, -138, 25, 157, -65, 41, -45, -19, 55, 93, 182, -375, -38, 112, 43, 157, -200, 186, -61, -21, 111, -229, -7, -5, 178, -78, -254, 279, 101, -72, 91, -99, 50, -68, 83, 112, -272]
[0, 0, 0, 0, 0, 0, 0, 0, 0, 0, -1, 1, 0, 0, 0, 0, 1, -1, 1, -1, 0, 0, -1, 0, 0, 1, 2, 0, -1, 1, 0, 1, 0, -1, -1, 0, 0, 0, -1, 0, 0, -2, -2, 1, 0, 3, 3, -3, -1, 1, 2, 1, -1, 0, 1, 1, 0, -1, 1, 2, 2, 1, -2, -3, 0, 0, 2, -2, 0, -2, -1, 1, -2, 6, -2, 1, 1, -2, 3, -3, 5, -1, 1, 1, 1, 5, 2, 0, -1, -6, -2, 5, -5, -1, -1, 3, 4, -2, -1, 1, 2, 6, 0, -1, 4, 9, -2, -1, -12, -8, 10, 7, -5, -4, -1, 5, 2, -4, -4, 1, 6, -3, -7, -4, 2, 8, 12, -1, 4, -6, 8, 2, 6, 5, -1, 11, -6, -1, -3, 0, 6, -8, -3, -5, -3, 9, 4, -5, -4, -4, 2, -3, 0, 9, -8, 8, 10, -8, -4, 0, 17, 12, -3, -3, -5, 6, 9, 7, -5, 2, 7, 13, 1, -1, -12, 12, -2, -5, -3, -1, 7, 8, -4, -3, 7, 10, 1, -14, 1, -3, 12, -6, 2, 0, -1, 8, 3, -5, -6, -8, 3, 12, -4, 6, 3, 23, 0, -1, -8, -14, 15]
[0, 0, 0, 0, 0, 0, 0, 0, 0, 0, 0, 0, 0, -1, 1, 0, 0, 1, -1, 1, -1, 0, 1, -1, -1, -1, 0, 1, 1, -1, -1, 0, 1, 1, 0, 0, 0, 1, 0, -1, 0, -1, 1, 1, -2, 0, -4, 3, 2, -1, -1, -3, 1, 1, 1, -3, 2, 2, 2, -3, 0, -2, -1, 0, 0, -2, -1, 0, 1, 3, 0, -2, -2, 0, 3, 1, 0, 3, -1, 5, -7, -1, -3, -2, -2, -3, -1, 6, -1, 0, 1, -4, 4, -1, 1, -3, -2, 0, 5, 0, 2, -6, 1, -2, -1, -10, -8, 7, 0, 9, -8, -5, 4, 2, 2, -2, 2, 2, 7, 0, -5, 1, 6, -4, 0, -6, -7, 1, -3, 4, -6, -4, 0, -4, 5, -7, 1, -2, -1, 1, -11, 4, -1, 6, 7, -6, 3, 1, -6, 6, -11, 2, 2, -4, 1, -7, -3, 0, 5, -3, -5, -10, 4, -4, 7, -2, -6, 7, 10, 10, -14, 0, -1, -3, 9, -14, -5, 8, 0, -9, -15, -5, -6, -5, -6, -7, -1, 9, 11, 3, -15, 16, -3, 5, 0, -19, 1, -3, 18, -4, -14, -11, 10, -7, -3, -32, 4, 3, 9, 9, -7]
[0, 0, 0, 0, 0, 0, 0, 0, 0, 0, 0, 0, 0, 0, 0, 0, 0, -1, 0, 0, 0, -1, 0, 0, -1, 0, 0, -1, 1, 0, -1, -1, 1, 2, -2, -1, 0, 0, -1, 0, 0, -3, -2, 1, -1, -4, 2, 1, -1, 2, -5, 1, 0, 4, 2, -15, -1, 4, 1, 4, -10, -4, 0, 3, 1, -17, 7, -8, 1, 4, -11, 4, 0, 5, 5, -21, 0, 6, -5, 5, -16, -5, -2, 7, 2, -21, -3, 6, 11, -5, -13, 6, -4, 2, 2, -35, 4, 8, -4, 7, -25, 6, 0, 5, 2, -38, -3, 2, -6, 1, -6, -4, 5, 6, 7, -44, 7, 4, -1, -9, -39, 12, 1, 10, 0, -42, -3, 22, 2, 7, -48, -2, 23, -13, 11, -53, -8, 7, 3, 15, -29, -11, 4, 2, -1, -59, -3, 4, -1, 14, -55, 14, -12, 8, 21, -82, 1, 10, -8, -8, -37, 4, 17, 0, -18, -50, 9, 10, 14, -18, -53, -3, 4, 12, -10, -82, 18, -1, 5, 20, -73, -13, -3, 10, 2, -84, 8, 12, 12, 18, -77, 16, 3, -13, -8, -120, -3, 2, 24, 15, -89, 22, 2, 6, -5, -101, 17, 2, -7, 27, -80]
[0, 0, 0, 0, 0, 0, 0, 0, 0, 0, 0, 1, 0, -1, 0, 0, 1, -1, 0, -1, -1, 0, -1, -1, 1, 0, 1, -1, 0, 1, -1, 1, 1, -1, 1, 1, 0, 0, 0, 0, 0, -9, -9, -1, 8, 10, -17, 7, 12, 15, -13, -15, -2, -1, 19, -10, -15, 1, 38, -6, -26, -20, 21, -8, -29, 26, -27, 41, -4, -4, 1, -26, 34, -42, 3, 31, 11, -23, -2, 2, 21, -42, -23, -22, 15, 73, -64, 20, -5, 73, -4, -94, 18, -9, 32, 10, -54, -7, 71, -1, -18, -77, 18, 54, -101, 50, -38, 72, -6, -49, 43, -53, 113, -117, -15, 40, 43, 27, -117, -5, 36, 26, -89, -38, -18, 159, 4, -127, 81, -23, 107, -91, -40, 16, 33, 48, -106, -38, 54, 117, -188, -24, 42, 86, -65, -32, -14, -25, 58, -83, 70, -61, 208, -63, -148, 21, 16, 47, -214, 77, -14, 95, -39, -136, 78, -19, 168, -161, -47, 28, 238, -96, -117, -18, -121, 254, -260, 143, -76, 100, 144, -271, 2, -76, 194, -135, 8, 0, 114, -38, -121, -9, -61, 134, -217, 160, -112, 233, -15, -276, 75, -67, 231, -228, -31, 113, 220, -97, -129, -144, 50]
[0, 0, 0, 0, 0, 0, 0, 0, 0, 0, 0, 0, 1, -1, 0, 1, 0, 0, -1, 0, 0, -1, 0, -1, 0, 0, 0, 0, 0, 1, 1, 1, 0, 0, 1, 0, -2, 1, -1, -1, -1, 1, 2, 1, 3, -2, -6, 1, 4, 2, -6, 0, 5, 2, -1, -6, -1, 5, 2, -2, -10, 4, 11, -4, -6, -12, 3, 6, -1, 3, 9, 4, 4, -15, -3, -3, 1, 4, -6, 10, 5, 2, -11, -4, 5, 2, -12, 1, 12, 17, 1, -16, -5, -5, 4, -4, -7, 15, 21, 3, -27, -14, 8, 9, -13, -14, 7, 16, 10, -10, -22, -4, 17, 3, 4, 2, 26, 5, -29, -16, -10, 13, -3, 15, 19, 9, -1, -25, -13, 2, 0, -10, 2, 17, 46, -10, -22, -23, 4, 11, -35, 8, 32, 43, -8, -51, -34, -3, 17, 12, -8, 23, 53, -5, -43, -52, 3, 12, -12, 19, 10, 32, 9, -29, -28, -19, 9, -4, 8, 56, 45, -3, -53, -37, -3, -21, -13, 8, 56, 56, -8, -44, -49, -6, 15, -27, 11, 48, 68, 14, -78, -23, -2, 11, -28, -30, 29, 63, 2, -50, -62, -21, 51, -3, 10, 19, 84, 31, -50, -49, -26]
[0, 0, 0, 0, 0, 0, 0, 0, 0, 0, 0, 0, 1, 1, -1, 0, 0, -1, 1, -1, 0, 0, 0, 2, 1, 0, -1, 0, 1, 1, 0, 1, 0, 1, 1, 0, 0, 0, 1, 0, -1, 2, 1, 2, 4, 0, 1, 0, 0, 1, -2, 1, 1, 5, 3, 4, -1, 0, -1, 2, -2, -1, 3, 3, 4, 5, 2, 2, 2, -1, 4, -1, 0, 3, 5, 4, 1, 2, 5, -2, 7, -3, 2, 6, 4, 9, 4, 1, 5, 7, 2, 4, -6, 6, 1, 11, 9, 6, -3, 6, -1, 1, -1, 1, 5, 9, 10, 1, 10, 5, 5, 5, 12, 4, 4, 8, 2, 10, -3, 4, 11, 4, 2, 5, -1, 10, 5, 14, 12, 11, 10, 8, 10, 11, -2, 21, 5, 17, 13, 6, 3, 3, 11, 0, -2, 3, 11, 11, 14, 3, 15, 11, 9, 6, 20, 10, 6, 16, 16, 18, -4, 15, 14, 13, 12, 1, 7, 12, -6, 11, 15, 13, 16, 24, 8, 20, 11, 26, 2, 28, 23, 13, 8, 17, 20, 9, 5, 19, 16, 13, 13, -7, 17, 15, 16, 23, 33, 30, -3, 23, 18, 20, 3, 21, 21, 27, 17, 16, 5, 23, 6]
[0, 0, 0, 0, 0, 0, 0, 0, 0, 0, 0, 0, 0, 0, 1, -1, 0, 1, -1, 1, 0, 0, 0, 0, 1, -1, -1, 2, -1, 0, 1, 0, 0, 0, 1, -1, 1, 0, 1, 1, 0, 4, 0, 1, -1, -2, 5, -3, -9, -2, 7, 8, -4, -1, -2, 12, 10, -10, -13, -9, 22, 6, -17, 4, 17, 7, 7, -25, -1, 3, 1, 1, -19, 25, 2, 17, -5, 1, -4, -10, -2, 9, 21, 8, -14, -12, 39, -15, -16, -38, 9, 40, -8, 15, -18, 32, 26, -18, -36, -18, 36, 28, -10, -21, 38, -1, 8, -33, -8, 17, 0, 6, -37, 36, 14, 15, -34, 7, 34, 17, 20, -14, 29, -8, -10, -41, 3, 51, -18, -10, -25, 38, 11, -19, -50, 32, 54, 31, -14, -62, 103, 2, -18, -62, 2, 91, 21, -9, -38, 10, 4, -18, -80, 21, 69, 67, -4, -43, 88, -28, 9, -58, -17, 83, -4, 51, -49, 43, -16, -38, -62, 38, 76, 23, 27, -26, 56, -32, -14, -83, 30, 96, 32, 6, -84, 105, -23, -42, -107, 13, 128, 34, 39, -72, 113, 19, 10, -146, 14, 103, 55, 30, -113, 77, -22, 47, -173, -4, 116, 45, 32]
[0, 0, 0, 0, 0, 0, 0, 0, 0, 0, 0, 0, 1, 1, -1, 0, 0, -2, -1, -1, 1, 1, 1, -1, 0, 0, 0, 1, 0, 0, 1, 0, -1, 0, 0, 0, 0, 0, -1, 1, 1, -5, 3, -1, 1, -4, -8, 14, 8, 16, -23, -14, 17, 7, 2, -29, -5, 15, 10, 21, -27, -15, 40, -12, -32, -18, 15, 38, -26, 3, 3, 20, 18, -37, 11, -37, 18, 12, -29, 21, 24, -4, -26, -26, 35, 22, -75, 32, 36, 47, -2, -80, 4, -13, 53, -36, -24, 36, 43, 51, -89, -45, 36, 39, -79, -13, -16, 70, 17, -5, 24, -51, 100, -86, -38, 19, 93, -4, -109, -28, -21, 37, 3, 68, -23, 83, -41, -97, -22, 77, 84, -125, 12, 4, 157, -44, -73, 6, -51, 113, -125, -54, 46, 131, 34, -146, -83, 25, 92, -28, 29, 73, 111, -23, -134, -138, -19, 94, -115, 100, 1, 48, 77, -145, 8, -9, 74, -120, 33, 65, 165, -75, -90, 20, -104, 115, -205, 27, 111, 261, -42, -268, -42, -50, 99, -30, 99, 34, 239, -25, -227, -125, 99, 186, -317, -48, -32, 356, -48, -120, 19, -197, 227, -54, -95, -28, 333, 82, -248, -106, 63]
[0, 0, 0, 0, 0, 0, 0, 0, 0, 1, 0, 0, 0, 0, 0, -1, 1, -1, -1, -1, 1, 0, 1, 0, 0, 0, 1, 1, 0, 0, -1, 0, 2, 1, 0, 1, 0, 0, -1, 0, 1, 1, -1, 2, -1, 2, -2, -1, 3, 3, -1, 2, 0, 4, 4, 3, 3, -2, -1, 0, 0, 0, -1, -3, 2, 0, 3, -7, -5, 4, 4, 2, -3, 4, 4, 6, -2, 1, 2, -1, 5, 5, 3, 2, -3, 4, 4, 1, -3, -7, 2, 9, 0, 9, 8, 8, 9, -5, 3, -3, 4, 2, -1, 0, 4, -3, 6, 5, -3, -3, -2, 1, 5, 8, 2, 12, 8, 5, -10, 1, 2, 11, -2, 2, 3, 11, 1, 13, 4, -4, 11, 8, 6, 5, -1, 14, 3, 22, 13, 5, 10, 0, -3, -8, -2, 7, 1, -2, 8, -8, 13, -4, 0, 10, 4, 8, 5, -3, 9, 11, 13, 7, 1, 4, 6, 15, 3, 0, 3, 12, 6, 12, 9, 4, 7, 5, 1, 6, 1, 17, 15, 5, 4, 9, -4, 13, 9, 9, 7, 12, 14, 5, 18, 7, 8, 2, 18, 9, 13, 11, 6, 6, 4, 15, -1, 38, 11, 7, 1, 9, 11]
[0, 0, 0, 0, 0, 0, 0, 0, -1, 0, 0, 0, 0, 0, 1, 0, -1, 0, 0, 1, 0, 0, 0, 1, 0, 0, -1, -1, -1, -1, 0, 0, 0, -2, 0, 0, 2, -1, 0, 1, 0, -5, -13, 2, 9, -8, -6, 1, 2, 7, -5, 5, -12, 6, 22, -21, -13, -3, 33, -13, -25, 1, -3, 16, 5, 0, -19, -14, 21, 10, -25, -17, 21, -3, 3, 12, 3, -12, 10, 14, -33, -36, -3, 17, -11, -17, 3, 8, 7, 33, -40, -1, 12, 14, -3, -58, -5, 6, 42, -20, -19, -18, 0, 52, -29, -47, -9, 32, -5, -42, -19, -4, 46, 16, 51, -93, 0, 52, -35, -2, -48, 55, -87, -36, 22, -36, 51, 10, 90, -64, -107, 48, 26, 4, -31, -50, -51, -41, 117, 68, -144, 34, 52, 18, -82, -80, 41, -14, 17, -3, -104, -24, 134, 0, 29, -90, 44, 13, -110, -11, -96, 125, -57, 9, 19, -123, 180, -12, -18, -20, -13, -9, -55, 0, -15, -86, -18, 148, -94, -8, -8, -60, 27, 48, 138, -321, -62, 97, 3, 90, -162, 148, -112, -20, 89, -123, -42, -23, 124, -135, -204, 204, 73, -128, 76, -79, 29, -122, 61, 55, -240]
[0, -1, 0, 0, 0, 0, 0, 0, 0, 1, -1, 1, 0, 0, 0, 0, -1, 1, 1, -1, -1, 0, 1, -1, -1, -1, 1, 0, 0, -1, 0, 1, 1, 0, 0, 0, 0, 1, 0, 1, 0, -17, -38, 16, 26, -7, -47, 15, 52, 46, -74, -17, 10, 24, 33, -112, -42, 7, 141, -7, -122, -12, 87, 25, -112, -35, -34, 94, 27, 17, -46, 5, 118, -102, 6, -7, 72, -42, 23, 56, 2, -72, -94, -25, 57, 43, -189, 55, 102, 223, -147, -209, 76, -17, 126, -171, -80, 69, 334, 30, -244, -185, 68, 244, -331, -146, -4, 262, 103, -156, -79, -42, 303, -239, 41, -164, 244, 55, -350, -88, -265, 310, -259, 55, 75, 167, 129, -379, 304, -36, -79, -45, -23, 168, 310, -241, -286, -184, 346, 452, -819, 175, 97, 525, -64, -601, -44, 7, 369, -153, -233, 196, 634, -117, -361, -526, 92, 242, -464, 181, -342, 723, -99, -271, 78, -412, 759, -423, -45, 197, 288, 6, -445, -43, -142, -43, -547, 536, 150, 498, -312, -816, -140, -49, 810, -1056, 185, 382, 711, 197, -1321, 361, -198, 410, -355, -500, 26, 889, 310, -752, -754, 404, 914, -625, 301, -550, 1183, -92, -428, -196, -608]
[0, 0, 0, 0, 0, 0, 0, 0, 0, 0, 0, 0, 0, 0, 0, 1, 0, -1, 0, 0, 1, -1, -2, 0, 1, 1, 1, -1, 0, 1, 1, 0, -1, 0, -1, 1, 1, 0, -1, -1, 0, 1, -1, -1, -1, 1, 4, -2, -1, 3, 1, 3, -1, -1, -1, 0, 0, -1, -1, 1, -3, 2, 2, -2, -1, -2, 3, 0, 2, -1, 4, 2, 3, -1, -2, 0, 0, -5, -3, -2, 4, 1, -2, 3, 4, 7, -3, -3, 2, -1, 2, 5, -3, 2, -2, 6, -2, -4, -6, -3, -2, 8, 0, 2, 3, 4, 5, -5, -1, -8, 10, 5, -5, -1, 1, -1, 2, -1, -5, -4, 3, 3, -2, 6, -1, 5, 9, 1, 2, -6, 8, -1, -1, -2, -2, 7, 1, 3, -3, -2, 9, 1, -1, 1, -7, 8, -3, -6, 0, 4, 7, -5, -2, 2, -6, 4, 6, -1, -9, 4, 15, 6, -3, 5, -10, 8, 2, -9, -1, -2, 18, 4, 2, -6, -8, 8, 5, -12, 8, 5, 10, 10, 2, 5, -4, 10, 9, -10, -13, -7, 13, 5, -2, -7, -5, 13, -10, -7, -19, 2, 12, 11, -2, 14, 4, 27, -4, 4, 6, -11, 11]
[0, 0, 0, 0, 0, 0, 0, 0, 0, 0, 0, 0, 0, 1, -1, 0, 0, -1, 1, -1, 0, 0, 1, 0, 0, -1, 0, 1, 0, 0, 0, 1, -1, -1, 0, -1, 1, 1, -1, 2, -1, -1, -3, 0, 4, -8, -9, 6, 15, 12, -17, -8, 10, 8, 6, -34, -9, 15, 26, 15, -42, -1, 36, -2, -27, -32, -1, 37, -7, 9, -16, 17, 37, -39, 3, -43, 20, 11, -7, 31, -6, -2, -26, -9, 26, -6, -63, 26, 37, 69, -29, -64, 25, -12, 49, -87, -29, 44, 78, 45, -104, -35, 30, 65, -77, -44, 5, 75, 26, -33, -23, -4, 87, -44, -8, -66, 83, 6, -72, -17, -69, 73, -46, 57, 28, 23, 6, -73, 31, 37, -13, -61, 23, 43, 138, -123, -82, -33, 24, 138, -214, 19, 56, 154, 14, -228, -31, 33, 115, -10, -66, 63, 169, -11, -103, -195, 13, 108, -147, 81, -68, 151, 44, -118, 23, -115, 153, -65, 46, 80, 74, -54, -131, -14, -33, -33, -84, 85, 74, 221, -124, -173, -25, 32, 169, -286, 67, 138, 233, 38, -332, -23, -4, 179, -198, -171, -1, 326, 44, -160, -185, -10, 271, -100, 48, -173, 345, 45, -200, 0, -145]
[0, 0, 0, 0, 0, 0, 0, 0, 0, 1, 0, -1, 0, -1, 0, 1, 0, 0, 0, 1, 0, -1, 0, 0, -1, 0, 2, 0, 0, 1, 0, -1, 0, 0, 0, -1, 1, 0, 0, -2, 1, 2, 1, 1, 0, -2, -6, 2, 7, 9, -10, -3, 5, 1, 2, -12, 3, 8, 10, 3, -20, 1, 16, 1, -18, -18, 4, 23, -2, 4, 1, 10, 13, -21, -2, -16, 13, -2, -8, 14, 3, 0, -15, -3, 16, 7, -33, 11, 10, 38, -6, -33, 14, -2, 26, -27, -17, 12, 36, 15, -44, -15, 19, 22, -31, -23, 4, 45, 13, -10, -11, -3, 42, -20, 1, -19, 36, 2, -36, -14, -26, 41, -28, 29, 14, 25, 4, -41, 14, 7, 15, -33, 5, 13, 67, -44, -41, -9, 11, 62, -94, 25, 28, 83, 7, -90, -23, 7, 51, 1, -16, 20, 87, -8, -70, -72, 11, 48, -67, 42, -13, 66, 23, -51, 13, -37, 66, -52, 25, 50, 54, -16, -63, -23, -14, 2, -51, 38, 38, 99, -45, -82, -11, 23, 77, -114, 41, 70, 119, 7, -143, 3, -3, 94, -103, -53, 7, 147, 21, -84, -68, -13, 138, -42, 15, -52, 166, 23, -85, -11, -51]
[0, 0, 0, 0, 0, 0, 0, 0, 0, 0, 1, -1, 0, 0, 0, 0, 0, 0, -1, 0, 0, 0, 0, 0, -1, 0, 0, 0, -1, -1, -2, -1, 1, 0, 0, 2, 2, 1, 0, 0, 0, -2, 2, -2, -2, -1, -1, 3, 1, -3, -2, -4, 0, -3, -3, -1, 0, 3, 3, -2, -2, -1, -3, 2, -5, 0, -2, 1, 3, 2, -3, -2, -4, -6, -2, -7, 0, 2, 2, 2, -1, 0, -2, -5, 2, -8, -5, 3, 1, 4, -1, -7, 2, -2, -1, -13, -9, 1, -6, -3, 2, -3, -2, -3, 0, -9, -7, 4, -1, 9, -2, -8, -2, 3, 0, -9, -8, -6, 5, -3, -5, -7, 4, 1, -6, -6, -3, -2, -11, 1, 2, -2, -14, -13, 2, -12, -4, -13, -4, -1, -14, 0, 1, -4, 1, -4, -6, -2, -10, 6, -13, 6, 3, -10, 1, -10, -6, -8, -13, -15, -5, -15, 1, -16, -1, -9, -11, -13, 19, -9, -14, -6, -6, -10, -10, -15, -8, -8, -2, -15, -17, -13, -12, -6, -10, -9, -5, 7, 4, -4, -24, 9, -17, 2, -3, -16, -8, -14, 10, -7, -12, -18, -2, -14, -9, -38, 1, -9, -9, -1, -2]
[0, 0, 0, 0, 0, 0, 0, 0, 0, 0, 0, 0, 0, 0, 0, 0, 0, 0, 0, 0, 0, 1, 1, 0, -2, -1, 2, 0, -1, 0, -1, 1, 2, 0, -1, 0, 1, 0, 0, 1, 0, -2, -1, 2, 2, -1, -5, 1, 7, 6, -9, -4, 5, -1, 4, -13, 0, 9, 13, 3, -16, 2, 13, 1, -16, -14, 1, 21, -4, 4, -3, 9, 13, -18, 0, -16, 12, 2, -2, 16, 3, 1, -12, -9, 9, 3, -29, 14, 9, 37, -6, -37, 15, -5, 22, -31, -13, 19, 36, 17, -40, -15, 12, 22, -29, -16, 3, 43, 8, -15, -12, -2, 44, -23, -5, -14, 44, -2, -30, -1, -27, 32, -29, 23, 12, 28, 4, -46, 11, 15, 14, -28, 8, 21, 67, -46, -46, -21, 12, 64, -99, 14, 26, 81, 11, -89, -12, 9, 53, -5, -22, 26, 88, -4, -57, -66, 13, 47, -69, 32, -19, 68, 19, -58, 10, -37, 72, -33, 27, 45, 53, -16, -67, -17, -13, 11, -57, 46, 32, 96, -44, -83, -13, 14, 88, -117, 31, 63, 122, 11, -144, -12, -3, 103, -104, -55, 9, 154, 29, -83, -68, -4, 132, -53, 20, -61, 168, 15, -102, -12, -34]
[0, 0, 0, 0, 0, 0, 0, 0, 0, 0, 0, 0, 1, -1, 1, -1, -1, 1, -1, -1, 0, 0, 1, -1, -1, 0, -2, 0, -1, -1, 0, 1, 0, 0, 0, 0, 0, 1, 1, 1, 0, -3, -4, 7, 3, -11, -7, 0, 6, -8, 2, 4, -10, 8, -1, -7, -4, -1, 14, -16, -6, 16, -16, 10, 17, -16, -8, -33, 17, 10, -18, -7, -10, 17, 0, -7, -6, 8, 21, 10, -37, -3, -1, 24, -18, -56, 35, -1, 10, -14, -31, 40, -4, 6, -20, -63, 22, 16, 20, -15, -12, 11, -15, 4, 28, -68, 8, -8, -7, -9, -71, 33, -34, 94, 48, -96, -14, 27, 41, -7, -60, 20, -23, -21, 47, -110, 33, 63, 7, -48, -143, 93, 28, 14, -15, -64, 2, -46, 69, -20, -40, 55, 12, -25, -22, -86, 35, -9, -17, 36, -138, 22, 18, 27, 79, -100, 17, -14, 24, -74, -67, 61, -31, 41, -43, -121, 37, 104, 17, 5, -148, 68, -34, -50, 81, -252, 142, 29, -7, -63, -114, 103, -39, 54, 5, -202, -73, 105, -10, 102, -96, 112, -90, -85, 199, -204, 74, -148, 117, -25, -276, 171, -36, -12, 118, -133, -59, -19, 68, 95, -244]
[0, 0, 0, -1, 0, 1, 0, 0, 0, 0, 1, 0, 1, -1, -1, 1, -2, -1, 0, 0, 1, 0, 0, 0, 0, -1, -1, 0, 0, 0, 0, 0, 0, 1, 0, -1, 1, 1, 0, 1, -1, -10, 3, -3, 20, -3, -41, 18, 21, 43, -57, -37, 35, 6, 26, -58, -28, 40, 47, 29, -86, -32, 81, -21, -72, -60, 0, 148, -30, 10, 5, 2, 77, -110, 50, -66, 27, 9, -79, 80, 51, -43, -78, -60, 89, 51, -193, 90, 64, 198, -11, -246, 45, -31, 149, -132, -110, 63, 161, 109, -232, -139, 104, 117, -201, -16, -66, 243, 55, -68, 17, -155, 295, -219, -71, -16, 209, 27, -254, -54, -46, 85, -97, 131, -8, 176, -106, -212, -30, 154, 259, -277, 13, 37, 289, -115, -255, 67, -47, 270, -428, -125, 249, 399, 5, -411, -167, 71, 149, -31, 81, 22, 454, -112, -361, -293, -30, 358, -476, 280, -69, 165, 136, -462, 159, -70, 242, -243, 34, 131, 553, -282, -290, -117, -307, 337, -505, 184, 109, 652, 1, -607, -74, -133, 290, -401, 202, 294, 406, -39, -467, -388, 172, 653, -735, -49, -144, 729, -55, -461, 134, -400, 547, -285, -182, 172, 877, 89, -626, -266, 64]
[0, 0, -1, 0, 0, -1, 0, 0, 0, 1, 0, 1, 0, 0, 1, 0, -1, 0, -1, 1, 0, 0, -1, 0, 1, 0, 1, 0, 1, 1, 1, 0, -1, 1, 1, -1, -1, -1, -1, 0, 0, -17, -51, 28, 41, -21, -66, 14, 55, 35, -43, 3, -35, 17, 60, -86, -47, 5, 178, -49, -124, 1, 58, 38, -54, 7, -91, 22, 53, 22, -64, -18, 138, -95, -28, 55, 82, -58, 72, 45, -85, -123, -36, 36, 9, 37, -88, 25, 56, 231, -116, -130, 77, 13, 34, -195, -60, 47, 321, -23, -155, -194, -20, 256, -252, -133, 36, 212, -11, -257, -79, 37, 243, -74, 140, -261, 117, 180, -260, -13, -167, 327, -390, -107, 149, 164, 184, -238, 429, -248, -299, 68, -3, 166, 181, -185, -332, -322, 527, 512, -810, 267, 159, 273, -270, -430, 92, -20, 340, -109, -340, 22, 758, 13, -161, -413, 211, 68, -584, 86, -357, 718, -187, -93, 10, -608, 862, -227, -54, 229, 199, -75, -561, -10, -13, -141, -245, 710, -170, 178, -53, -527, -14, 178, 919, -1309, -130, 412, 563, 265, -1041, 641, -550, 35, -13, -363, -35, 674, 494, -938, -1058, 682, 910, -704, 464, -429, 590, -394, -31, 50, -841]
[0, 0, 0, 0, 0, 0, 0, 0, 0, 0, 0, 0, 0, 0, 1, 0, -1, 0, -1, 1, 1, -1, 0, -1, 1, -1, -1, 1, 1, 0, 1, 0, 0, 1, -1, -1, 0, 2, -1, 1, 0, 1, -1, 0, -1, -7, 1, 2, 0, 6, -3, 5, 2, 4, 2, -14, 1, 2, 0, 4, -9, 3, 6, 0, 6, -19, 7, -8, -2, 9, -8, 9, 9, 4, 7, -15, 0, 9, -11, 11, -18, 7, 4, 8, 0, -21, -1, 4, 13, -5, -10, 11, 8, 6, 6, -28, 6, 9, 6, 8, -29, 11, 9, 19, -2, -41, 3, 3, 9, 0, -12, 3, 6, 17, 12, -44, 15, 13, -1, 3, -39, 30, 12, 27, 5, -47, 1, 22, 7, 13, -55, 3, 32, -4, 23, -56, 11, 18, 3, 19, -17, 6, 10, 21, 4, -55, -2, 17, 19, 20, -50, 13, -6, 15, 27, -75, 4, 23, 6, 16, -33, 13, 16, 25, -5, -31, 21, 17, 18, 4, -48, -2, 12, 23, 13, -85, 30, 5, 34, 41, -63, 6, 16, 26, -2, -74, 26, 28, 4, 39, -66, 42, 26, 2, 7, -119, -12, 20, 33, 37, -74, 32, 33, 28, 4, -83, 12, 34, 33, 55, -82]
[0, 0, 0, 0, 0, 0, 0, 0, 0, 0, 1, 0, -1, -1, -1, 0, 0, 1, 1, -1, -1, 0, 0, 0, 0, -2, -1, -1, 0, -1, 0, 0, 1, 0, -1, 0, -2, -1, 0, 0, 0, -6, -3, -9, 12, 9, -22, 5, 8, 13, -5, -26, 0, -7, 18, 4, -28, 7, 25, -3, -25, -19, 19, -16, -18, 13, -41, 76, -7, -8, 4, -51, 56, -68, 13, 16, -17, -5, -18, 40, 20, -54, -27, -35, 19, 57, -76, 24, -35, 108, 19, -132, 42, -22, 55, -32, -71, -4, 55, 26, -30, -92, 15, 32, -91, 79, -73, 113, -8, -51, 47, -94, 123, -127, -37, 23, 26, 19, -68, -1, 51, -38, -110, -42, 21, 139, -71, -80, 8, 20, 189, -131, -50, -6, -14, 51, -155, 14, 12, 62, -136, -95, 137, 80, -70, -47, -53, 28, -16, -45, 113, -183, 229, -90, -171, 86, -12, 135, -337, 132, -1, -24, 14, -256, 124, 19, 69, -90, -46, -19, 375, -254, -159, -90, -171, 366, -250, 91, -182, 118, 213, -203, 10, -108, 127, -173, -20, 121, -37, -115, 87, -280, -46, 261, -265, 265, -189, 145, -58, -319, 301, -216, 118, -228, -153, 365, 202, -135, -228, -128, 181]
[0, 0, 0, 1, -1, 0, 0, 0, 0, -1, -1, 1, 0, 0, 1, -1, 1, 1, 0, -1, 0, 0, 1, -1, 0, 0, 1, 2, 0, 0, 0, 1, 0, -1, 0, 0, -1, 0, 1, 0, 1, -6, -19, 9, -11, -9, 14, -3, 4, -5, 13, 25, -15, 12, -2, -16, 22, -14, 21, -29, 10, 21, -23, 26, 5, 9, 12, -78, 9, 6, -32, 10, -34, 45, -22, 22, 18, -17, 40, -30, -29, 10, 6, 47, -32, -21, 67, -26, 7, -64, -32, 99, -28, 8, -42, 14, 46, -2, 0, -59, 34, 47, -28, 13, 19, -78, 38, -75, -28, 5, -40, 79, -65, 89, 75, -57, -11, 22, 33, 7, -49, 56, -13, -26, 14, -86, 110, 29, 86, -89, -229, 128, 12, 0, -21, -48, 77, -108, 85, -7, -22, 127, -134, -49, 5, 8, 89, -74, 52, -19, -143, 100, -56, 53, 112, -59, 46, -118, 156, -153, -72, 147, -108, 196, -72, -96, 120, 20, 12, -19, -291, 231, 44, 44, 134, -276, 160, 46, 34, -162, -134, 79, 26, 73, 68, -108, -74, -90, 52, 143, -195, 383, -132, -239, 229, -209, 120, -158, 135, 53, -392, 376, -8, -5, 201, -348, -161, -37, 216, 113, -295]
[0, 0, 0, 0, 1, -1, 0, 0, 0, 0, -1, 1, 0, 1, 0, 1, 0, 0, 0, -1, 0, -1, 0, 1, 0, 1, 0, 0, 1, 1, 0, 1, 0, 1, 1, -2, -1, 1, -1, 0, 0, -2, 10, -6, 20, 10, -1, 6, -16, -1, 16, -10, -19, -7, 15, 35, -37, 8, -9, -3, 12, -24, -4, -3, 58, 36, -43, 11, 20, 5, 4, -50, 33, -7, 3, 37, -31, 14, 24, 20, -25, -66, 30, 11, -15, 27, 21, -5, -53, 23, 32, -9, 40, 11, -27, -3, 1, 7, -55, 34, 76, -22, -39, -15, 60, 103, -62, 28, -40, 5, 94, -38, 18, -3, -1, -4, -112, 40, 82, 55, 108, -99, -45, -131, 10, 54, -39, 125, 29, -6, 76, -5, 47, -30, -142, 126, -70, 61, 33, -15, 134, -83, 124, -166, -142, 172, 68, 83, -88, 19, 41, -239, 4, 42, 92, 262, 19, -7, -157, 61, 79, -181, 101, -40, 41, 51, -89, 172, -56, -37, 148, -216, 20, 76, -24, 279, 33, 31, -312, -160, 292, 182, 69, 45, -11, 30, -125, 21, -246, -60, 506, -166, -70, -54, 148, 352, -186, -145, -20, -29, 334, -108, -113, -1, -86, 401, -319, -173, 150, 154, 249]
[0, 0, 0, 0, 0, 0, 0, 0, 0, 0, 0, 0, -1, 0, 1, 0, 0, 0, 0, 1, 0, -1, -1, 0, 1, -2, 0, 1, 1, 0, -1, -1, 0, 1, 0, 1, -1, 1, 0, -2, -1, 1, -1, -2, -4, 6, 0, -5, 0, -2, 7, -1, -3, -5, 1, 15, 4, -9, -5, -6, 10, -5, -9, -5, 4, 17, -9, -3, -2, -4, 7, -12, -2, 7, 1, 23, -8, -12, 2, -16, 2, 1, 7, -2, -9, 24, 4, -12, -27, -18, 11, 7, 7, 0, -7, 45, -4, -34, -19, -20, 39, 1, -9, -15, 7, 32, -8, -23, -4, -1, 20, 0, -22, -15, -13, 26, -32, -8, 24, 14, 33, -23, 3, -25, -21, 19, -11, 7, 13, -19, 36, -8, -29, -20, -63, 49, 25, 23, -9, -37, 50, -10, -44, -50, -9, 86, 19, -15, -25, -23, 52, -62, -55, -18, 13, 104, -10, -26, 14, -13, 13, -56, -23, 26, 33, 49, -43, -17, -32, -35, -10, -16, 44, 4, 5, 72, -5, -17, -64, -84, 59, 38, 36, -27, -46, 73, -17, -74, -106, -50, 131, 7, -18, -31, 14, 105, -44, -80, -41, 25, 116, -18, -57, -20, -16, 52, -106, -38, 67, 9, 67]
[0, 0, 0, 0, -1, -1, 0, 0, 0, 1, 0, 1, 0, 0, -1, 1, 0, 0, 0, 0, 1, -1, 0, 1, -1, 0, 1, -2, 1, 0, -1, 0, 1, 0, -1, 2, 1, 0, 0, 0, 1, -10, -47, 30, 4, -24, -29, 2, 59, 13, -27, 17, -32, 17, 30, -76, -3, -5, 130, -44, -100, 6, 24, 53, -46, 1, -38, -31, 53, 21, -56, 17, 54, -21, -29, 17, 83, -71, 97, -17, -83, -46, -37, 70, -22, -1, -31, 8, 48, 97, -134, -14, 37, 5, -10, -134, -15, 49, 239, -53, -88, -85, -22, 183, -155, -174, 89, 45, 10, -154, -137, 137, 93, 31, 134, -261, 76, 107, -141, -7, -202, 298, -259, -79, 75, 26, 237, -161, 376, -232, -405, 162, 13, 149, 158, -240, -119, -307, 412, 353, -653, 354, -102, 183, -120, -375, 159, -105, 336, -102, -393, 180, 416, 19, -30, -399, 164, -59, -186, -111, -318, 666, -209, 115, -53, -529, 679, -173, 20, 167, -244, 209, -310, 7, 205, -456, 26, 472, 8, -10, -297, -261, -16, 239, 644, -1011, -107, 154, 541, 305, -1025, 821, -533, -155, 128, -516, 142, 420, 393, -497, -1193, 776, 691, -488, 606, -921, 396, -198, 90, 174, -962]
[0, 0, 0, 0, 0, 0, -1, 1, 0, -1, 0, 0, 1, 1, 0, 0, -1, 0, 1, -1, 0, 1, 1, 1, -1, 2, 1, 1, 0, 0, -1, 1, 0, 0, 1, -1, 1, 1, 0, 1, 0, -17, -3, 2, 14, -1, -23, 25, 24, 19, -30, -22, 10, 8, 19, -46, -28, 33, 68, 15, -63, -20, 56, 9, -45, -11, -23, 68, 2, 9, -15, -13, 59, -66, 11, -22, 30, 2, 2, 47, 9, -48, -43, -20, 49, 35, -103, 64, 64, 141, -44, -136, 32, -15, 69, -95, -64, 66, 130, 61, -122, -106, 50, 109, -139, -16, -45, 162, 29, -29, 23, -62, 186, -115, -1, -52, 115, 51, -144, -19, -49, 82, -95, 28, 15, 135, 7, -148, 100, 50, 55, -97, 10, 50, 194, -83, -167, -75, 76, 247, -357, 7, 136, 227, -32, -267, -46, 45, 158, -26, -41, 83, 360, -42, -176, -210, 31, 170, -305, 122, -66, 239, 52, -197, 94, -145, 296, -136, 49, 131, 233, -108, -210, -1, -122, 151, -279, 251, 55, 331, -1, -411, -53, -18, 348, -371, 68, 209, 370, 67, -468, 21, -36, 292, -298, -60, -50, 507, 94, -361, -164, -24, 445, -273, 50, -102, 546, -13, -267, -78, -119]
[0, 0, 0, 0, 0, 0, 0, 0, 0, 0, 0, 0, 0, 0, 0, -1, -1, 1, 0, -1, 0, 0, 1, 0, 0, 0, -2, -1, 1, -2, 0, 1, -1, -1, 0, -2, 0, -1, -1, 1, -1, 4, -5, 2, 3, -10, 0, -5, 1, -7, 6, 11, -10, 6, 2, -10, -9, -2, 5, -7, -11, 16, -9, 10, 19, -20, -10, -27, 18, 6, -21, -3, 7, 8, -6, -11, -8, 5, 18, 11, -41, 0, 2, 21, -21, -58, 36, -9, 14, -6, -32, 42, 0, 7, -21, -64, 14, 16, 18, -12, -18, 16, -17, 11, 22, -61, 24, -18, 3, -20, -69, 39, -36, 78, 40, -98, -13, 16, 36, -5, -68, 26, -27, -19, 49, -114, 40, 56, 22, -44, -155, 94, 30, 30, -32, -91, 6, -41, 71, -12, -46, 59, 13, -18, -28, -94, 41, 0, -7, 28, -131, 9, 8, 21, 77, -107, 15, -18, 21, -51, -76, 69, -42, 50, -41, -123, 37, 94, 5, -4, -147, 34, -30, -37, 85, -253, 162, 23, -16, -59, -110, 120, -16, 78, 9, -233, -58, 98, -39, 85, -101, 88, -86, -94, 191, -204, 51, -117, 93, 3, -269, 189, -46, 5, 117, -151, -67, -39, 68, 93, -254]
[0, 1, 0, 0, 0, -1, 1, 0, -1, 0, -1, 1, 0, 0, 0, 0, 1, 0, 0, -1, 2, 1, 0, 1, 1, 1, 0, 2, -1, 0, 0, 0, -1, 0, 1, -1, 1, 0, 1, 2, 0, 5, 18, -3, 3, -12, 22, -4, -33, -19, 65, 7, -33, 0, 11, 73, -6, 8, -67, -10, 59, 3, -72, 1, 141, 16, -9, -65, 15, 13, -10, -51, -46, 81, 14, -4, -64, 51, 21, 27, -72, -32, 71, 75, -53, -82, 160, 3, -94, -96, 75, 149, -6, 30, -75, -36, 68, 8, -202, 34, 146, 119, -59, -131, 284, 72, -43, -95, -134, 78, 44, 26, -148, 271, 41, -72, -210, 74, 317, 107, 193, -226, 50, -141, 45, -200, -61, 467, -166, -15, -56, 95, 150, -115, -295, 122, 72, 171, -112, -244, 485, -129, 137, -429, -86, 316, 128, 78, -307, 195, 5, -289, -240, 182, 390, 350, -2, -66, 63, -108, 182, -483, 157, 94, 18, 143, -407, 568, 64, -148, -164, -128, 249, 11, 109, -2, 570, -202, -394, -364, 298, 783, 178, 215, -446, 256, -292, 11, -587, -5, 1122, -321, -4, -219, 440, 319, -104, -755, -43, 358, 412, -136, -610, 388, -153, 575, -937, -91, 348, 459, 222]
