60 3 13 60 59
[1, 0, -5, 0, 0, 0, 0, 0, 1, 0, 6, 0, 3, 0, 4, 0, -3, 0, -7, 0, 0, 0, 3, 0, 1, 0, 0, 0, 8, 0, 0, 0, 0, 0, 2, 0, 4, 0, 1, 0, -2, 0, 3, 0, 4, 0, 1, 0, 3, 0, 2, 0, 0, 0, -2, 0, -11, 0, 7, 0, 1, 0, -4, 0, 4, 0, 0, 0, -2347, 0, 1682, 0, 5445, 0, -4532, 0, -7113, 0, -1220, 0, 21803, 0, -2652, 0, -18823, 0, 9920, 0, 14195, 0, -501, 0, -61522, 0, 19633, 0, 39076, 0, -4021, 0, -20207, 0, -13286, 0, 86560, 0, -45762, 0, -15040, 0, -7175, 0, 18908, 0, 27602, 0, -93649, 0, 41481, 0, -50113, 0, 57071, 0, 622, 0, -37976, 0, 64549, 0, -17975, 0, 113920, 0, -122353, 0, 18106, 0, 36456, 0, -4473, 0, -12391, 0, -163001, 0, 109782, 0, -96728, 0, 61186, 0, -31338, 0, 50836, 0, 147545, 0, -34492, 0, 125951, 0, -227962, 0, 79546, 0, -25177, 0, -16128, 0, -46724, 0, -132658, 0, 217643, 0, -150845, 0, 32404, 0, -56464, 0, 121157, 0, 128152, 0, -105010, 0, 71621, 0, -116960, 0, 161790, 0, -81028, 0, -79075, 0, -36043, 0, 73304, 0, 106976, 0, -317580, 0, 88532, 0, 88541, 0, 203739]
[0, 0, 0, 0, 0, 0, 0, 0, 0, 0, 0, 0, 0, 0, 0, 0, 0, 0, 0, 0, 0, 0, 0, 0, 0, 0, 0, 0, 0, 0, 0, 0, 0, 0, 0, 0, 0, 0, 0, 0, 0, 0, 0, 0, 0, 0, 0, 0, 0, 0, 0, 0, 0, 0, 0, 0, 0, 0, 0, 0, 0, 0, 0, 0, 0, 0, -1, 0, 1, 0, 2, 0, 3, 0, -7, 0, -6, 0, 2, 0, 10, 0, 2, 0, -10, 0, 13, 0, 4, 0, -6, 0, -34, 0, 8, 0, 30, 0, -5, 0, -8, 0, -16, 0, 45, 0, -20, 0, -12, 0, 1, 0, 14, 0, 25, 0, -60, 0, 12, 0, -22, 0, 38, 0, 3, 0, -30, 0, 38, 0, -15, 0, 58, 0, -76, 0, 10, 0, 36, 0, 8, 0, 5, 0, -111, 0, 64, 0, -55, 0, 36, 0, -25, 0, 28, 0, 102, 0, -30, 0, 59, 0, -154, 0, 52, 0, -4, 0, 17, 0, -28, 0, -75, 0, 128, 0, -88, 0, 10, 0, -51, 0, 97, 0, 71, 0, -75, 0, 32, 0, -66, 0, 106, 0, -60, 0, -36, 0, -15, 0, 28, 0, 77, 0, -198, 0, 65, 0, 42, 0, 139]
[0, 0, 0, 0, 0, 0, 0, 0, 0, 0, 0, 0, 0, 0, 0, 0, 0, 0, 0, 0, 0, 0, 0, 0, 1, 0, 0, 0, 0, 0, -1, 0, 0, 0, 0, 0, 1, 0, 0, 0, 0, 0, 0, 0, 0, 0, 0, 0, 0, 0, 0, 0, 0, 0, 1, 0, 0, 0, 0, 0, 0, 0, 0, 0, 0, 0, 0, 0, 18, 0, 36, 0, 43, 0, -126, 0, -108, 0, -35, 0, 180, 0, 36, 0, -63, 0, 234, 0, 72, 0, -38, 0, -612, 0, 144, 0, 303, 0, -90, 0, -144, 0, -263, 0, 810, 0, -360, 0, 73, 0, 18, 0, 252, 0, 290, 0, -1080, 0, 216, 0, -561, 0, 684, 0, 54, 0, -278, 0, 684, 0, -270, 0, 950, 0, -1368, 0, 180, 0, 410, 0, 144, 0, 90, 0, -1525, 0, 1152, 0, -990, 0, 546, 0, -450, 0, 504, 0, 1415, 0, -540, 0, 1062, 0, -2320, 0, 936, 0, -72, 0, 231, 0, -504, 0, -1350, 0, 1880, 0, -1584, 0, 180, 0, -249, 0, 1746, 0, 1278, 0, -1224, 0, 576, 0, -1188, 0, 1054, 0, -1080, 0, -648, 0, -154, 0, 504, 0, 1386, 0, -2747, 0, 1170, 0, 756, 0, 2196]
[0, 0, 0, 0, 0, 0, 0, 0, 0, 0, 0, 0, 0, 0, 0, 0, 0, 0, 0, 0, 0, 0, 0, 0, -1, 0, 0, 0, 0, 0, 0, 0, 0, 0, 0, 0, 0, 0, 0, 0, 0, 0, 0, 0, 0, 0, 0, 0, 1, 0, 0, 0, 0, 0, 0, 0, 0, 0, -1, 0, 0, 0, 0, 0, 1, 0, 0, 0, -64, 0, -134, 0, -133, 0, 472, 0, 407, 0, 67, 0, -691, 0, -131, 0, 309, 0, -880, 0, -282, 0, 192, 0, 2335, 0, -555, 0, -1261, 0, 341, 0, 554, 0, 1005, 0, -3093, 0, 1382, 0, -113, 0, -61, 0, -951, 0, -1225, 0, 4101, 0, -844, 0, 2093, 0, -2597, 0, -198, 0, 1230, 0, -2606, 0, 1019, 0, -3652, 0, 5200, 0, -691, 0, -1768, 0, -524, 0, -322, 0, 6175, 0, -4387, 0, 3770, 0, -2194, 0, 1702, 0, -1917, 0, -5626, 0, 2037, 0, -4070, 0, 9166, 0, -3550, 0, 292, 0, -861, 0, 1918, 0, 5149, 0, -7484, 0, 6025, 0, -705, 0, 1381, 0, -6598, 0, -4869, 0, 4651, 0, -2216, 0, 4526, 0, -4329, 0, 4089, 0, 2490, 0, 634, 0, -1945, 0, -5254, 0, 10917, 0, -4433, 0, -2905, 0, -8630]
[0, 0, 0, 0, 0, 0, 0, 0, 0, 0, 0, 0, 0, 0, 0, 0, 0, 0, 0, 0, 0, 0, 0, 0, 1, 0, 0, 0, 0, 0, -1, 0, 0, 0, 0, 0, 0, 0, 0, 0, 0, 0, 2, 0, 0, 0, 0, 0, 0, 0, 0, 0, 0, 0, 0, 0, 0, 0, 0, 0, 0, 0, 0, 0, 0, 0, 0, 0, 0, 0, 0, 0, 13, 0, 0, 0, 0, 0, -10, 0, 0, 0, 0, 0, -4, 0, 0, 0, 0, 0, 4, 0, 0, 0, 0, 0, 15, 0, 0, 0, 0, 0, 12, 0, 0, 0, 0, 0, -20, 0, 0, 0, 0, 0, -10, 0, 0, 0, 0, 0, 21, 0, 0, 0, 0, 0, 10, 0, 0, 0, 0, 0, 20, 0, 0, 0, 0, 0, -30, 0, 0, 0, 0, 0, 21, 0, 0, 0, 0, 0, -6, 0, 0, 0, 0, 0, 0, 0, 0, 0, 0, 0, 40, 0, 0, 0, 0, 0, 5, 0, 0, 0, 0, 0, -10, 0, 0, 0, 0, 0, -16, 0, 0, 0, 0, 0, 0, 0, 0, 0, 0, 0, 100, 0, 0, 0, 0, 0, -40, 0, 0, 0, 0, 0, -24, 0, 0, 0, 0, 0, -16]
[0, 0, 0, 0, 0, 0, 0, 0, 0, 0, 0, 0, 0, 0, 0, 0, 0, 0, 0, 0, 0, 0, 0, 0, 0, 0, 0, 0, 0, 0, 0, 0, -1, 0, 0, 0, 0, 0, 1, 0, 0, 0, 1, 0, 0, 0, 0, 0, 0, 0, -1, 0, 0, 0, 0, 0, 0, 0, 0, 0, -1, 0, 0, 0, 1, 0, 0, 0, -33, 0, -19, 0, 22, 0, 66, 0, 24, 0, 18, 0, 27, 0, -43, 0, -115, 0, -112, 0, 53, 0, 18, 0, 21, 0, 36, 0, 99, 0, 36, 0, -35, 0, 117, 0, -11, 0, -50, 0, -206, 0, -61, 0, -69, 0, -13, 0, 162, 0, 115, 0, 115, 0, -115, 0, -39, 0, -86, 0, -51, 0, 81, 0, 93, 0, 199, 0, 0, 0, -49, 0, -169, 0, -147, 0, -43, 0, -130, 0, 81, 0, 30, 0, 131, 0, -27, 0, 45, 0, 158, 0, 77, 0, 162, 0, -166, 0, -134, 0, -287, 0, 62, 0, 56, 0, 133, 0, 168, 0, 85, 0, -292, 0, -485, 0, -51, 0, 180, 0, 71, 0, 97, 0, 522, 0, 284, 0, -121, 0, -190, 0, 136, 0, -291, 0, -305, 0, -294, 0, 110, 0, -245]
[0, 0, 0, 0, 0, 0, 0, 0, 0, 0, 0, 0, 0, 0, 0, 0, 0, 0, 0, 0, 0, 0, 0, 0, 1, 0, 0, 0, 0, 0, 0, 0, 0, 0, 0, 0, 0, 0, 0, 0, 0, 0, 0, 0, 0, 0, 0, 0, -1, 0, 0, 0, 0, 0, 0, 0, 0, 0, 1, 0, -1, 0, 1, 0, 1, 0, 0, 0, 60, 0, 134, 0, 142, 0, -481, 0, -419, 0, -66, 0, 721, 0, 131, 0, -339, 0, 899, 0, 302, 0, -195, 0, -2413, 0, 575, 0, 1316, 0, -357, 0, -578, 0, -1022, 0, 3203, 0, -1430, 0, 88, 0, 57, 0, 971, 0, 1269, 0, -4221, 0, 885, 0, -2149, 0, 2671, 0, 198, 0, -1293, 0, 2694, 0, -1040, 0, 3790, 0, -5353, 0, 719, 0, 1823, 0, 508, 0, 318, 0, -6388, 0, 4523, 0, -3888, 0, 2273, 0, -1736, 0, 1960, 0, 5823, 0, -2084, 0, 4226, 0, -9449, 0, 3648, 0, -312, 0, 830, 0, -1979, 0, -5319, 0, 7761, 0, -6199, 0, 738, 0, -1465, 0, 6752, 0, 5045, 0, -4781, 0, 2298, 0, -4668, 0, 4551, 0, -4199, 0, -2624, 0, -685, 0, 2043, 0, 5400, 0, -11332, 0, 4556, 0, 3047, 0, 8875]
[0, 0, 0, 0, 0, 0, 0, 0, 0, 0, 0, 0, 0, 0, 0, 0, 0, 0, 0, 0, 0, 0, 0, 0, 0, 0, 0, 0, 0, 0, 0, 0, 1, 0, 0, 0, 0, 0, -1, 0, 0, 0, -1, 0, 0, 0, 1, 0, 0, 0, 0, 0, -1, 0, -1, 0, 0, 0, 0, 0, 0, 0, 0, 0, 0, 0, 0, 0, 50, 0, 58, 0, 31, 0, -210, 0, -162, 0, -35, 0, 204, 0, 89, 0, -25, 0, 389, 0, 52, 0, -95, 0, -778, 0, 147, 0, 365, 0, -155, 0, -146, 0, -426, 0, 995, 0, -392, 0, 188, 0, 84, 0, 354, 0, 423, 0, -1468, 0, 141, 0, -740, 0, 953, 0, 99, 0, -359, 0, 903, 0, -399, 0, 1074, 0, -1830, 0, 236, 0, 626, 0, 296, 0, 263, 0, -2017, 0, 1501, 0, -1262, 0, 689, 0, -667, 0, 627, 0, 1848, 0, -816, 0, 1226, 0, -3098, 0, 1276, 0, 31, 0, 549, 0, -666, 0, -1749, 0, 2296, 0, -2042, 0, 127, 0, -267, 0, 2567, 0, 1625, 0, -1673, 0, 650, 0, -1509, 0, 1038, 0, -1543, 0, -751, 0, -96, 0, 504, 0, 1991, 0, -3372, 0, 1674, 0, 910, 0, 2974]
[0, 0, 0, 0, 0, 0, 0, 0, 0, 0, 0, 0, 0, 0, 0, 0, 0, 0, 0, 0, 0, 0, 0, 0, 0, 0, 0, 0, 0, 0, 0, 0, -1, 0, 0, 0, 1, 0, 0, 0, 1, 0, 0, 0, 0, 0, -1, 0, -1, 0, 0, 0, 0, 0, 0, 0, 0, 0, 1, 0, 0, 0, 0, 0, 0, 0, 0, 0, -29, 0, 54, 0, 130, 0, -191, 0, -228, 0, -25, 0, 566, 0, -16, 0, -442, 0, 381, 0, 332, 0, -64, 0, -1672, 0, 494, 0, 1042, 0, -166, 0, -496, 0, -470, 0, 2296, 0, -1158, 0, -278, 0, -114, 0, 552, 0, 817, 0, -2654, 0, 941, 0, -1383, 0, 1643, 0, 52, 0, -1031, 0, 1799, 0, -564, 0, 2929, 0, -3422, 0, 504, 0, 1117, 0, 10, 0, -147, 0, -4493, 0, 2993, 0, -2624, 0, 1654, 0, -958, 0, 1356, 0, 4086, 0, -1111, 0, 3247, 0, -6329, 0, 2262, 0, -541, 0, -122, 0, -1296, 0, -3640, 0, 5770, 0, -4114, 0, 746, 0, -1429, 0, 3717, 0, 3478, 0, -2995, 0, 1836, 0, -3177, 0, 4047, 0, -2401, 0, -2074, 0, -833, 0, 1798, 0, 3171, 0, -8452, 0, 2610, 0, 2356, 0, 5732]
[0, 0, 0, 0, 0, 0, 0, 0, 0, 0, 0, 0, 0, 0, 0, 0, 0, 0, 0, 0, 0, 0, 0, 0, 1, 0, 0, 0, 0, 0, 0, 0, 0, 0, 0, 0, 0, 0, 0, 0, 0, 0, 0, 0, 0, 0, 0, 0, -1, 0, 0, 0, 0, 0, 0, 0, 0, 0, 0, 0, 2, 0, 0, 0, 0, 0, 0, 0, 62, 0, 124, 0, 112, 0, -434, 0, -372, 0, -60, 0, 620, 0, 124, 0, -256, 0, 806, 0, 248, 0, -178, 0, -2108, 0, 496, 0, 1117, 0, -310, 0, -496, 0, -922, 0, 2790, 0, -1240, 0, 138, 0, 62, 0, 868, 0, 1110, 0, -3720, 0, 744, 0, -1907, 0, 2356, 0, 186, 0, -1102, 0, 2356, 0, -930, 0, 3280, 0, -4712, 0, 620, 0, 1610, 0, 496, 0, 310, 0, -5562, 0, 3968, 0, -3410, 0, 1978, 0, -1550, 0, 1736, 0, 5066, 0, -1860, 0, 3658, 0, -8300, 0, 3224, 0, -248, 0, 822, 0, -1736, 0, -4650, 0, 6740, 0, -5456, 0, 620, 0, -1194, 0, 6014, 0, 4402, 0, -4216, 0, 1984, 0, -4092, 0, 3801, 0, -3720, 0, -2232, 0, -546, 0, 1736, 0, 4774, 0, -9762, 0, 4030, 0, 2604, 0, 7828]
[0, 0, 0, 0, 0, 0, 0, 0, 0, 0, 0, 0, 0, 0, 0, 0, 0, 0, 0, 0, 0, 0, 0, 0, 0, 0, 0, 0, 0, 0, 0, 0, 0, 0, 0, 0, 0, 0, 1, 0, 0, 0, 0, 0, -1, 0, -1, 0, 0, 0, 0, 0, -1, 0, -1, 0, 0, 0, 1, 0, 0, 0, 0, 0, 0, 0, 0, 0, 60, 0, 20, 0, -46, 0, -87, 0, -16, 0, 5, 0, -121, 0, 82, 0, 191, 0, 136, 0, -137, 0, -59, 0, 207, 0, -132, 0, -189, 0, -43, 0, 135, 0, -130, 0, -348, 0, 270, 0, 253, 0, 132, 0, 19, 0, -23, 0, 129, 0, -367, 0, 111, 0, -56, 0, 53, 0, 184, 0, -168, 0, -49, 0, -587, 0, 210, 0, -61, 0, 34, 0, 258, 0, 294, 0, 502, 0, -274, 0, 278, 0, -240, 0, -71, 0, -170, 0, -455, 0, -111, 0, -653, 0, 522, 0, -86, 0, 307, 0, 557, 0, 102, 0, 418, 0, -942, 0, 381, 0, -262, 0, 383, 0, 256, 0, -432, 0, 132, 0, -407, 0, 343, 0, -1080, 0, -86, 0, 460, 0, 377, 0, -521, 0, 18, 0, 1359, 0, 84, 0, -472, 0, -328]
[0, 0, 0, 0, 0, 0, 0, 0, 0, 0, 0, 0, 0, 0, 0, 0, 0, 0, 0, 0, 0, 0, 0, 0, -1, 0, 0, 0, 0, 0, 0, 0, 0, 0, 0, 0, 0, 0, 0, 0, 0, 0, 0, 0, 0, 0, 1, 0, 0, 0, -1, 0, 0, 0, 1, 0, -1, 0, 0, 0, 0, 0, 1, 0, 0, 0, 0, 0, -66, 0, -115, 0, -81, 0, 385, 0, 310, 0, 52, 0, -484, 0, -114, 0, 150, 0, -700, 0, -166, 0, 150, 0, 1712, 0, -385, 0, -869, 0, 245, 0, 388, 0, 814, 0, -2269, 0, 988, 0, -184, 0, -71, 0, -759, 0, -898, 0, 3096, 0, -567, 0, 1591, 0, -1948, 0, -172, 0, 824, 0, -1914, 0, 799, 0, -2626, 0, 3926, 0, -483, 0, -1346, 0, -516, 0, -298, 0, 4497, 0, -3291, 0, 2828, 0, -1586, 0, 1316, 0, -1453, 0, -4078, 0, 1571, 0, -2928, 0, 6861, 0, -2704, 0, 143, 0, -854, 0, 1435, 0, 3762, 0, -5402, 0, 4550, 0, -479, 0, 882, 0, -5114, 0, -3585, 0, 3491, 0, -1552, 0, 3386, 0, -2898, 0, 3169, 0, 1686, 0, 297, 0, -1330, 0, -3964, 0, 7834, 0, -3411, 0, -1973, 0, -6538]
[0, 0, 0, 0, 0, 0, 0, 0, 0, 0, 0, 0, 0, 0, 0, 0, -1, 0, 1, 0, 0, 0, 0, 0, 0, 0, 0, 0, 0, 0, 0, 0, 0, 0, -1, 0, -1, 0, 0, 0, 0, 0, 0, 0, 0, 0, -1, 0, 0, 0, 0, 0, 0, 0, 0, 0, 0, 0, 1, 0, 0, 0, 0, 0, 0, 0, 0, 0, 6, 0, -2, 0, -52, 0, 24, 0, 58, 0, 31, 0, -156, 0, 0, 0, 146, 0, -72, 0, -116, 0, 17, 0, 420, 0, -140, 0, -281, 0, 63, 0, 120, 0, 64, 0, -555, 0, 295, 0, 80, 0, 27, 0, -85, 0, -181, 0, 612, 0, -227, 0, 308, 0, -411, 0, -9, 0, 285, 0, -477, 0, 110, 0, -709, 0, 762, 0, -164, 0, -168, 0, 78, 0, 26, 0, 1072, 0, -669, 0, 563, 0, -392, 0, 213, 0, -304, 0, -1018, 0, 261, 0, -818, 0, 1355, 0, -510, 0, 171, 0, 138, 0, 300, 0, 959, 0, -1354, 0, 876, 0, -172, 0, 330, 0, -804, 0, -863, 0, 722, 0, -528, 0, 709, 0, -1071, 0, 453, 0, 618, 0, 384, 0, -498, 0, -796, 0, 2090, 0, -537, 0, -765, 0, -1170]
[0, 0, 0, 0, 0, 0, 0, 0, 0, 0, 0, 0, 0, 0, 0, 0, 0, 0, 0, 0, 0, 0, 0, 0, -1, 0, 0, 0, 0, 0, 0, 0, 0, 0, 0, 0, 0, 0, 1, 0, -1, 0, 0, 0, 0, 0, 0, 0, 0, 0, 0, 0, 1, 0, -1, 0, 0, 0, 0, 0, 0, 0, 1, 0, 1, 0, 0, 0, -44, 0, -144, 0, -181, 0, 501, 0, 469, 0, 79, 0, -879, 0, -108, 0, 481, 0, -950, 0, -414, 0, 196, 0, 2859, 0, -730, 0, -1604, 0, 379, 0, 728, 0, 1101, 0, -3823, 0, 1780, 0, 20, 0, 4, 0, -1097, 0, -1456, 0, 4881, 0, -1193, 0, 2504, 0, -3079, 0, -202, 0, 1560, 0, -3162, 0, 1168, 0, -4603, 0, 6207, 0, -851, 0, -2060, 0, -462, 0, -213, 0, 7550, 0, -5283, 0, 4563, 0, -2717, 0, 1964, 0, -2347, 0, -6879, 0, 2333, 0, -5144, 0, 11048, 0, -4206, 0, 530, 0, -713, 0, 2307, 0, 6295, 0, -9325, 0, 7261, 0, -965, 0, 1873, 0, -7583, 0, -5951, 0, 5531, 0, -2844, 0, 5496, 0, -5718, 0, 4725, 0, 3189, 0, 973, 0, -2583, 0, -6153, 0, 13624, 0, -5123, 0, -3705, 0, -10303]
[0, 0, 0, 0, 0, 0, 0, 0, 0, 0, 0, 0, 0, 0, 0, 0, 0, 0, 0, 0, 0, 0, 0, 0, 0, 0, 0, 0, 0, 0, -1, 0, 1, 0, 0, 0, 0, 0, 0, 0, -1, 0, 1, 0, 0, 0, 0, 0, 0, 0, 1, 0, 0, 0, 0, 0, 1, 0, 1, 0, 0, 0, 0, 0, 0, 0, 0, 0, -14, 0, -137, 0, -208, 0, 484, 0, 490, 0, 50, 0, -1000, 0, -74, 0, 663, 0, -931, 0, -514, 0, 207, 0, 3134, 0, -843, 0, -1884, 0, 388, 0, 840, 0, 1103, 0, -4216, 0, 2018, 0, 249, 0, 70, 0, -1133, 0, -1620, 0, 5216, 0, -1441, 0, 2653, 0, -3281, 0, -183, 0, 1857, 0, -3439, 0, 1201, 0, -5181, 0, 6651, 0, -941, 0, -2280, 0, -326, 0, -80, 0, 8463, 0, -5704, 0, 4953, 0, -3054, 0, 2029, 0, -2550, 0, -7697, 0, 2409, 0, -5770, 0, 12123, 0, -4476, 0, 726, 0, -467, 0, 2488, 0, 6885, 0, -10503, 0, 7844, 0, -1154, 0, 2429, 0, -7854, 0, -6522, 0, 5916, 0, -3226, 0, 5975, 0, -6848, 0, 4924, 0, 3662, 0, 1256, 0, -3004, 0, -6494, 0, 15427, 0, -5355, 0, -4217, 0, -11161]
[0, 0, 0, 0, 0, 0, 0, 0, 0, 0, 0, 0, 0, 0, 0, 0, 0, 0, 0, 0, 0, 0, 0, 0, 1, 0, 0, 0, 0, 0, 0, 0, 0, 0, 0, 0, -1, 0, 0, 0, 0, 0, 1, 0, 0, 0, 0, 0, 1, 0, 0, 0, 0, 0, 1, 0, 0, 0, 1, 0, 1, 0, 0, 0, -1, 0, 0, 0, 11, 0, 28, 0, 34, 0, -101, 0, -89, 0, -17, 0, 161, 0, 25, 0, -72, 0, 191, 0, 70, 0, -38, 0, -533, 0, 131, 0, 288, 0, -76, 0, -130, 0, -211, 0, 708, 0, -322, 0, 13, 0, 8, 0, 209, 0, 280, 0, -921, 0, 208, 0, -467, 0, 583, 0, 39, 0, -287, 0, 592, 0, -224, 0, 852, 0, -1172, 0, 161, 0, 388, 0, 100, 0, 57, 0, -1382, 0, 995, 0, -855, 0, 507, 0, -377, 0, 433, 0, 1266, 0, -447, 0, 943, 0, -2056, 0, 794, 0, -80, 0, 174, 0, -434, 0, -1174, 0, 1734, 0, -1361, 0, 175, 0, -323, 0, 1457, 0, 1106, 0, -1047, 0, 520, 0, -1028, 0, 1035, 0, -909, 0, -582, 0, -175, 0, 461, 0, 1173, 0, -2461, 0, 988, 0, 679, 0, 1946]
[0, 0, 0, 0, 0, 0, 0, 0, 0, 0, 0, 0, 0, 0, 0, 0, 0, 0, 0, 0, 0, 0, 0, 0, 0, 0, -1, 0, 0, 0, 0, 0, 0, 0, -1, 0, 1, 0, 0, 0, 0, 0, 1, 0, 1, 0, 0, 0, 0, 0, 0, 0, 0, 0, -1, 0, 1, 0, 0, 0, -1, 0, 0, 0, 0, 0, 0, 0, -109, 0, -84, 0, 1, 0, 327, 0, 231, 0, 23, 0, -186, 0, -192, 0, -80, 0, -596, 0, 27, 0, 196, 0, 850, 0, -106, 0, -378, 0, 247, 0, 83, 0, 635, 0, -986, 0, 301, 0, -402, 0, -224, 0, -442, 0, -582, 0, 1770, 0, 136, 0, 829, 0, -1200, 0, -171, 0, 410, 0, -1053, 0, 541, 0, -893, 0, 2126, 0, -279, 0, -891, 0, -532, 0, -608, 0, 2337, 0, -1647, 0, 1367, 0, -750, 0, 897, 0, -680, 0, -2147, 0, 1162, 0, -1049, 0, 3612, 0, -1546, 0, -254, 0, -1143, 0, 755, 0, 1977, 0, -2318, 0, 2252, 0, 72, 0, 173, 0, -3490, 0, -1764, 0, 2070, 0, -539, 0, 1612, 0, -579, 0, 1939, 0, 689, 0, -92, 0, -238, 0, -2624, 0, 3418, 0, -2144, 0, -909, 0, -3573]
[0, 0, 1, 0, 0, 0, 0, 0, -1, 0, 0, 0, -1, 0, 0, 0, 0, 0, 0, 0, 0, 0, 0, 0, 0, 0, -1, 0, 0, 0, 0, 0, 0, 0, 0, 0, 0, 0, 0, 0, 0, 0, 1, 0, 1, 0, 0, 0, 0, 0, 0, 0, 0, 0, 1, 0, 0, 0, 0, 0, 0, 0, -1, 0, 0, 0, 0, 0, 454, 0, 11, 0, -534, 0, -228, 0, 183, 0, 42, 0, -1769, 0, 665, 0, 2053, 0, 268, 0, -1460, 0, -349, 0, 4279, 0, -1696, 0, -3099, 0, -117, 0, 1828, 0, -1, 0, -6479, 0, 3904, 0, 2400, 0, 1181, 0, -925, 0, -1558, 0, 5506, 0, -4410, 0, 3179, 0, -3104, 0, 315, 0, 2967, 0, -4170, 0, 609, 0, -9427, 0, 7648, 0, -1244, 0, -1823, 0, 1553, 0, 2498, 0, 11305, 0, -7456, 0, 6689, 0, -4506, 0, 1217, 0, -3542, 0, -10137, 0, 955, 0, -10258, 0, 15105, 0, -4600, 0, 3002, 0, 4013, 0, 3070, 0, 8916, 0, -16806, 0, 10146, 0, -3380, 0, 5383, 0, -4596, 0, -8923, 0, 6036, 0, -6002, 0, 8211, 0, -14950, 0, 3990, 0, 6258, 0, 3715, 0, -6781, 0, -5032, 0, 24370, 0, -4319, 0, -6855, 0, -12691]
[0, 0, 0, 0, 0, 0, 0, 0, -1, 0, 1, 0, 0, 0, 0, 0, 0, 0, 0, 0, 1, 0, 0, 0, 1, 0, 0, 0, -1, 0, 0, 0, -1, 0, 0, 0, 0, 0, 0, 0, 0, 0, 0, 0, -1, 0, 0, 0, 0, 0, 0, 0, 0, 0, 0, 0, 0, 0, 1, 0, 0, 0, 0, 0, 0, 0, 0, 0, -83, 0, 316, 0, 577, 0, -1002, 0, -1136, 0, -159, 0, 2569, 0, 9, 0, -1813, 0, 1980, 0, 1426, 0, -339, 0, -7825, 0, 2241, 0, 4680, 0, -771, 0, -2262, 0, -2431, 0, 10692, 0, -5288, 0, -947, 0, -417, 0, 2751, 0, 3789, 0, -12699, 0, 4170, 0, -6618, 0, 7887, 0, 329, 0, -4550, 0, 8408, 0, -2793, 0, 13440, 0, -16290, 0, 2281, 0, 5278, 0, 420, 0, -396, 0, -20765, 0, 14175, 0, -12427, 0, 7620, 0, -4713, 0, 6493, 0, 18859, 0, -5475, 0, 14922, 0, -29790, 0, 10838, 0, -2248, 0, 182, 0, -6096, 0, -17048, 0, 26532, 0, -19581, 0, 3307, 0, -6177, 0, 18348, 0, 16268, 0, -14313, 0, 8279, 0, -14916, 0, 17943, 0, -11673, 0, -9378, 0, -3474, 0, 8044, 0, 15360, 0, -38783, 0, 12729, 0, 10533, 0, 27260]
[0, 0, 0, 0, 0, 0, 0, 0, 0, 0, 0, 0, 0, 0, 0, 0, 0, 0, 0, 0, 0, 0, 0, 0, 1, 0, 0, 0, 0, 0, 0, 0, -1, 0, 0, 0, 0, 0, 0, 0, 1, 0, 1, 0, -1, 0, 1, 0, 0, 0, 0, 0, -1, 0, 0, 0, 0, 0, 0, 0, -1, 0, 1, 0, 0, 0, 0, 0, -12, 0, 144, 0, 264, 0, -505, 0, -534, 0, -72, 0, 1164, 0, 43, 0, -815, 0, 985, 0, 632, 0, -189, 0, -3582, 0, 989, 0, 2168, 0, -414, 0, -998, 0, -1159, 0, 4857, 0, -2356, 0, -392, 0, -136, 0, 1255, 0, 1793, 0, -5867, 0, 1782, 0, -3002, 0, 3672, 0, 168, 0, -2121, 0, 3902, 0, -1311, 0, 6057, 0, -7519, 0, 1077, 0, 2478, 0, 249, 0, -50, 0, -9574, 0, 6506, 0, -5651, 0, 3488, 0, -2232, 0, 2896, 0, 8719, 0, -2611, 0, 6726, 0, -13670, 0, 5014, 0, -921, 0, 250, 0, -2821, 0, -7844, 0, 12085, 0, -8911, 0, 1424, 0, -2837, 0, 8626, 0, 7447, 0, -6632, 0, 3766, 0, -6819, 0, 8145, 0, -5482, 0, -4279, 0, -1583, 0, 3587, 0, 7210, 0, -17733, 0, 5973, 0, 4899, 0, 12543]
[0, 0, 0, 0, 0, 0, 0, 0, 0, 0, 0, 0, 0, 0, 0, 0, 0, 0, 0, 0, 0, 0, 0, 0, 1, 0, -1, 0, -1, 0, 0, 0, 0, 0, 1, 0, 0, 0, 0, 0, 0, 0, 1, 0, 0, 0, 0, 0, 0, 0, -1, 0, 1, 0, 0, 0, 0, 0, 1, 0, 1, 0, 0, 0, 0, 0, 0, 0, -93, 0, 35, 0, 188, 0, -106, 0, -219, 0, -37, 0, 687, 0, -94, 0, -628, 0, 254, 0, 461, 0, -11, 0, -1883, 0, 627, 0, 1244, 0, -126, 0, -631, 0, -342, 0, 2638, 0, -1423, 0, -538, 0, -237, 0, 542, 0, 843, 0, -2799, 0, 1293, 0, -1472, 0, 1709, 0, -11, 0, -1220, 0, 1960, 0, -517, 0, 3524, 0, -3625, 0, 569, 0, 1073, 0, -258, 0, -425, 0, -4974, 0, 3259, 0, -2924, 0, 1889, 0, -877, 0, 1532, 0, 4551, 0, -1007, 0, 3885, 0, -6841, 0, 2332, 0, -848, 0, -643, 0, -1397, 0, -4072, 0, 6697, 0, -4493, 0, 1010, 0, -1815, 0, 3491, 0, 3914, 0, -3146, 0, 2198, 0, -3509, 0, 5196, 0, -2307, 0, -2562, 0, -1245, 0, 2305, 0, 3181, 0, -9792, 0, 2524, 0, 2811, 0, 6058]
[0, 0, 0, 0, 0, 0, 0, 0, 0, 0, 0, 0, 0, 0, 0, 0, 0, 0, 0, 0, 1, 0, 1, 0, 0, 0, -1, 0, 0, 0, 1, 0, 1, 0, 1, 0, 0, 0, 0, 0, 0, 0, 0, 0, 0, 0, 0, 0, 0, 0, 0, 0, 0, 0, 1, 0, 0, 0, 0, 0, 1, 0, 0, 0, -1, 0, 0, 0, 153, 0, 159, 0, 79, 0, -579, 0, -442, 0, -65, 0, 539, 0, 263, 0, -85, 0, 1070, 0, 113, 0, -297, 0, -2079, 0, 401, 0, 1074, 0, -422, 0, -365, 0, -1175, 0, 2621, 0, -1033, 0, 449, 0, 257, 0, 959, 0, 1223, 0, -3950, 0, 301, 0, -1917, 0, 2587, 0, 291, 0, -1032, 0, 2425, 0, -1088, 0, 2833, 0, -4888, 0, 638, 0, 1817, 0, 855, 0, 786, 0, -5618, 0, 3978, 0, -3351, 0, 1899, 0, -1817, 0, 1723, 0, 5156, 0, -2253, 0, 3191, 0, -8462, 0, 3458, 0, 94, 0, 1658, 0, -1769, 0, -4678, 0, 6250, 0, -5464, 0, 297, 0, -927, 0, 7038, 0, 4321, 0, -4539, 0, 1725, 0, -4012, 0, 2960, 0, -4116, 0, -1935, 0, -225, 0, 1248, 0, 5427, 0, -9276, 0, 4485, 0, 2392, 0, 8183]
[0, 0, 0, 0, 0, 0, 0, 0, 0, 0, 0, 0, 0, 0, 0, 0, 0, 0, 0, 0, 0, 0, 0, 0, 0, 0, 0, 0, 0, 0, -1, 0, 1, 0, -1, 0, 0, 0, 0, 0, 1, 0, 0, 0, 1, 0, 0, 0, 0, 0, 0, 0, 1, 0, 1, 0, -1, 0, -1, 0, 0, 0, 0, 0, -1, 0, 0, 0, -34, 0, -138, 0, -179, 0, 496, 0, 480, 0, 49, 0, -891, 0, -117, 0, 526, 0, -950, 0, -422, 0, 230, 0, 2858, 0, -729, 0, -1671, 0, 395, 0, 728, 0, 1095, 0, -3787, 0, 1757, 0, 88, 0, -11, 0, -1071, 0, -1516, 0, 4851, 0, -1160, 0, 2443, 0, -3069, 0, -187, 0, 1665, 0, -3159, 0, 1150, 0, -4576, 0, 6130, 0, -866, 0, -2146, 0, -401, 0, -244, 0, 7692, 0, -5215, 0, 4526, 0, -2751, 0, 1929, 0, -2309, 0, -7017, 0, 2323, 0, -5100, 0, 11100, 0, -4138, 0, 522, 0, -692, 0, 2282, 0, 6313, 0, -9390, 0, 7159, 0, -949, 0, 2040, 0, -7526, 0, -5943, 0, 5502, 0, -2806, 0, 5418, 0, -5870, 0, 4645, 0, 3293, 0, 1038, 0, -2571, 0, -6148, 0, 13773, 0, -5071, 0, -3783, 0, -10299]
[0, 0, 0, 0, 0, 0, 0, 0, 0, 0, 0, 0, 0, 0, 0, 0, 0, 0, 0, 0, 0, 0, 1, 0, 0, 0, 1, 0, -1, 0, -1, 0, 0, 0, 1, 0, 1, 0, 0, 0, 0, 0, 1, 0, 0, 0, -1, 0, 0, 0, 0, 0, 0, 0, 0, 0, 0, 0, 0, 0, -1, 0, 0, 0, 1, 0, 0, 0, 99, 0, -5, 0, -119, 0, 3, 0, 83, 0, 23, 0, -488, 0, 158, 0, 477, 0, -36, 0, -386, 0, -93, 0, 1272, 0, -448, 0, -768, 0, 26, 0, 488, 0, 98, 0, -1903, 0, 1061, 0, 476, 0, 285, 0, -307, 0, -486, 0, 1745, 0, -1162, 0, 1066, 0, -1001, 0, 60, 0, 810, 0, -1280, 0, 262, 0, -2633, 0, 2428, 0, -363, 0, -594, 0, 321, 0, 604, 0, 3220, 0, -2280, 0, 1984, 0, -1296, 0, 490, 0, -986, 0, -2864, 0, 415, 0, -2915, 0, 4509, 0, -1494, 0, 727, 0, 963, 0, 963, 0, 2662, 0, -4782, 0, 3083, 0, -900, 0, 1242, 0, -1744, 0, -2651, 0, 1905, 0, -1709, 0, 2487, 0, -3704, 0, 1468, 0, 1794, 0, 899, 0, -1853, 0, -1721, 0, 6649, 0, -1547, 0, -1979, 0, -3895]
[0, 0, 0, 0, 0, 0, 0, 0, 0, 0, 0, 0, 0, 0, 0, 0, 0, 0, 0, 0, 0, 0, 0, 0, 0, 0, -1, 0, 0, 0, 1, 0, 0, 0, -1, 0, 0, 0, 1, 0, 0, 0, 0, 0, -1, 0, 0, 0, 0, 0, 1, 0, 1, 0, 0, 0, 0, 0, 0, 0, -1, 0, -1, 0, -1, 0, 0, 0, -57, 0, -11, 0, 56, 0, 44, 0, 1, 0, 11, 0, 176, 0, -95, 0, -242, 0, -69, 0, 159, 0, 57, 0, -408, 0, 174, 0, 328, 0, 25, 0, -193, 0, 46, 0, 656, 0, -401, 0, -329, 0, -153, 0, 70, 0, 151, 0, -478, 0, 510, 0, -287, 0, 245, 0, -52, 0, -319, 0, 378, 0, -31, 0, 1001, 0, -720, 0, 110, 0, 181, 0, -208, 0, -345, 0, -1120, 0, 725, 0, -649, 0, 463, 0, -70, 0, 316, 0, 992, 0, -1, 0, 1070, 0, -1465, 0, 402, 0, -342, 0, -549, 0, -296, 0, -818, 0, 1754, 0, -976, 0, 396, 0, -651, 0, 227, 0, 852, 0, -496, 0, 621, 0, -817, 0, 1688, 0, -341, 0, -644, 0, -381, 0, 736, 0, 333, 0, -2515, 0, 343, 0, 673, 0, 1203]
[0, 0, 0, 0, 0, 0, 0, 0, 0, 0, 0, 0, 0, 0, 0, 0, 0, 0, 1, 0, 0, 0, 0, 0, 0, 0, 1, 0, 0, 0, 1, 0, 1, 0, 0, 0, 0, 0, 0, 0, 1, 0, 0, 0, 0, 0, 0, 0, 1, 0, 0, 0, 0, 0, -1, 0, -1, 0, -1, 0, 0, 0, -1, 0, 0, 0, 0, 0, 206, 0, 196, 0, 51, 0, -696, 0, -487, 0, -22, 0, 490, 0, 331, 0, 3, 0, 1247, 0, 14, 0, -374, 0, -2093, 0, 329, 0, 1123, 0, -456, 0, -308, 0, -1390, 0, 2612, 0, -934, 0, 529, 0, 355, 0, 1087, 0, 1354, 0, -4201, 0, 103, 0, -1939, 0, 2741, 0, 360, 0, -1022, 0, 2484, 0, -1228, 0, 2710, 0, -5201, 0, 612, 0, 2139, 0, 1158, 0, 1018, 0, -5921, 0, 4166, 0, -3490, 0, 1948, 0, -2020, 0, 1768, 0, 5406, 0, -2508, 0, 3012, 0, -9069, 0, 3718, 0, 338, 0, 2284, 0, -1856, 0, -4719, 0, 6299, 0, -5741, 0, 150, 0, -1053, 0, 7816, 0, 4388, 0, -4816, 0, 1542, 0, -4160, 0, 2816, 0, -4602, 0, -1682, 0, 125, 0, 981, 0, 5836, 0, -9493, 0, 4984, 0, 2135, 0, 8896]
[0, 0, 0, 0, 1, 0, 0, 0, -1, 0, 0, 0, 0, 0, -1, 0, 0, 0, 0, 0, 0, 0, 0, 0, 0, 0, 0, 0, 0, 0, 0, 0, 1, 0, -1, 0, 1, 0, -1, 0, 0, 0, -1, 0, 0, 0, 0, 0, 0, 0, 0, 0, 0, 0, 0, 0, -1, 0, -1, 0, 0, 0, 0, 0, 0, 0, 0, 0, 120, 0, 551, 0, 801, 0, -2092, 0, -1972, 0, -249, 0, 3787, 0, 440, 0, -2298, 0, 3976, 0, 1826, 0, -875, 0, -12084, 0, 3081, 0, 7051, 0, -1706, 0, -3099, 0, -4548, 0, 16201, 0, -7501, 0, -477, 0, -35, 0, 4515, 0, 6325, 0, -20480, 0, 5073, 0, -10401, 0, 12938, 0, 776, 0, -7027, 0, 13367, 0, -4833, 0, 19642, 0, -26105, 0, 3691, 0, 8904, 0, 1604, 0, 847, 0, -32430, 0, 22238, 0, -19214, 0, 11638, 0, -8110, 0, 9618, 0, 29607, 0, -9743, 0, 21870, 0, -46860, 0, 17564, 0, -2274, 0, 2457, 0, -9764, 0, -26612, 0, 39918, 0, -30402, 0, 4118, 0, -8606, 0, 31537, 0, 25223, 0, -23227, 0, 12094, 0, -23151, 0, 25272, 0, -19822, 0, -14011, 0, -4482, 0, 11173, 0, 25843, 0, -58547, 0, 21518, 0, 16095, 0, 43359]
[0, 0, 0, 0, 0, 0, 0, 0, 0, 0, 0, 0, 0, 0, 0, 0, 0, 0, 0, 0, 0, 0, 1, 0, 0, 0, 1, 0, 0, 0, 0, 0, 1, 0, -1, 0, 0, 0, -1, 0, 1, 0, 0, 0, 0, 0, 0, 0, 1, 0, -1, 0, 1, 0, -1, 0, 0, 0, 0, 0, 0, 0, 0, 0, 0, 0, 0, 0, 170, 0, 74, 0, -58, 0, -334, 0, -174, 0, 6, 0, -106, 0, 286, 0, 320, 0, 589, 0, -255, 0, -265, 0, -81, 0, -179, 0, 0, 0, -259, 0, 219, 0, -573, 0, -149, 0, 351, 0, 595, 0, 393, 0, 250, 0, 327, 0, -714, 0, -848, 0, -126, 0, 600, 0, 209, 0, 9, 0, 300, 0, -386, 0, -645, 0, -701, 0, 82, 0, 586, 0, 719, 0, 970, 0, -529, 0, 296, 0, -160, 0, 0, 0, -597, 0, 24, 0, 566, 0, -921, 0, -688, 0, -980, 0, 656, 0, 712, 0, 1713, 0, -197, 0, -364, 0, -463, 0, -366, 0, -628, 0, 386, 0, 2420, 0, 181, 0, -921, 0, -465, 0, -137, 0, -1326, 0, -1124, 0, 376, 0, 578, 0, -852, 0, 1591, 0, 312, 0, 1248, 0, -223, 0, 1280]
[0, 0, 0, 0, 0, 0, 0, 0, 0, 0, 1, 0, 0, 0, -1, 0, -1, 0, 0, 0, 0, 0, 0, 0, 0, 0, 0, 0, -1, 0, 0, 0, 0, 0, 0, 0, 1, 0, 0, 0, 1, 0, 1, 0, 0, 0, 1, 0, 0, 0, -1, 0, 0, 0, 0, 0, 0, 0, 1, 0, 0, 0, 0, 0, -1, 0, 0, 0, -182, 0, 8, 0, 248, 0, 2, 0, -204, 0, -11, 0, 866, 0, -208, 0, -925, 0, 88, 0, 651, 0, 46, 0, -2210, 0, 812, 0, 1582, 0, -62, 0, -837, 0, -202, 0, 3155, 0, -1796, 0, -953, 0, -416, 0, 532, 0, 934, 0, -3034, 0, 1821, 0, -1620, 0, 1811, 0, -93, 0, -1562, 0, 2227, 0, -463, 0, 4408, 0, -4000, 0, 662, 0, 1162, 0, -620, 0, -828, 0, -5905, 0, 3712, 0, -3391, 0, 2290, 0, -805, 0, 1774, 0, 5389, 0, -871, 0, 4834, 0, -7875, 0, 2474, 0, -1245, 0, -1375, 0, -1558, 0, -4721, 0, 8223, 0, -5116, 0, 1396, 0, -2531, 0, 3234, 0, 4571, 0, -3394, 0, 2754, 0, -4043, 0, 6921, 0, -2280, 0, -3255, 0, -1746, 0, 3048, 0, 3210, 0, -12051, 0, 2530, 0, 3497, 0, 6755]
[0, 0, 0, 0, 0, 0, 0, 0, 0, 0, 1, 0, -1, 0, -1, 0, 0, 0, 1, 0, 0, 0, 0, 0, 0, 0, -1, 0, 0, 0, 0, 0, 0, 0, -1, 0, 0, 0, 1, 0, 0, 0, 0, 0, 0, 0, -1, 0, 0, 0, 0, 0, 1, 0, -1, 0, -1, 0, 0, 0, 0, 0, 0, 0, 0, 0, 0, 0, -71, 0, 99, 0, 262, 0, -379, 0, -454, 0, -3, 0, 1156, 0, -50, 0, -975, 0, 766, 0, 691, 0, -139, 0, -3395, 0, 993, 0, 2215, 0, -348, 0, -1015, 0, -943, 0, 4680, 0, -2337, 0, -728, 0, -250, 0, 1097, 0, 1716, 0, -5356, 0, 1956, 0, -2733, 0, 3307, 0, 93, 0, -2228, 0, 3645, 0, -1120, 0, 6018, 0, -6951, 0, 1029, 0, 2397, 0, -45, 0, -347, 0, -9314, 0, 6096, 0, -5332, 0, 3424, 0, -1907, 0, 2670, 0, 8454, 0, -2194, 0, 6639, 0, -13043, 0, 4558, 0, -1093, 0, -328, 0, -2643, 0, -7366, 0, 11974, 0, -8328, 0, 1548, 0, -3250, 0, 7403, 0, 7080, 0, -6025, 0, 3737, 0, -6452, 0, 8627, 0, -4888, 0, -4312, 0, -1718, 0, 3722, 0, 6367, 0, -17548, 0, 5313, 0, 4844, 0, 11712]
[0, 0, 0, 0, 0, 0, 0, 0, -1, 0, 1, 0, 0, 0, 1, 0, -1, 0, 0, 0, 0, 0, 1, 0, 0, 0, 0, 0, 0, 0, -1, 0, 0, 0, 0, 0, 0, 0, -1, 0, 1, 0, 0, 0, 0, 0, 1, 0, 1, 0, 0, 0, 0, 0, 0, 0, 1, 0, 0, 0, 0, 0, 0, 0, 0, 0, 0, 0, -161, 0, 160, 0, 421, 0, -419, 0, -669, 0, -85, 0, 1731, 0, -111, 0, -1448, 0, 927, 0, 1074, 0, -151, 0, -4975, 0, 1580, 0, 3192, 0, -377, 0, -1576, 0, -1215, 0, 6850, 0, -3578, 0, -1060, 0, -448, 0, 1590, 0, 2308, 0, -7707, 0, 3027, 0, -4008, 0, 4784, 0, 106, 0, -3075, 0, 5246, 0, -1561, 0, 8857, 0, -9853, 0, 1456, 0, 3121, 0, -224, 0, -662, 0, -13286, 0, 8706, 0, -7778, 0, 4932, 0, -2638, 0, 4209, 0, 12077, 0, -3073, 0, 9847, 0, -18529, 0, 6474, 0, -1879, 0, -727, 0, -3700, 0, -10837, 0, 17260, 0, -12109, 0, 2345, 0, -4507, 0, 10446, 0, 10318, 0, -8694, 0, 5500, 0, -9252, 0, 12607, 0, -6544, 0, -6388, 0, -2800, 0, 5582, 0, 9121, 0, -25464, 0, 7243, 0, 7048, 0, 16660]
[0, 0, 0, 0, 0, 0, 0, 0, 0, 0, 0, 0, 0, 0, 0, 0, 0, 0, 0, 0, 0, -1, 0, 0, 0, 0, 0, 0, 0, 0, 0, 0, 0, 0, 0, 0, 0, 0, 0, -1, 0, 0, 0, 0, 0, -1, 0, 0, 0, 0, 0, -2, 0, 0, 0, 0, 0, -2, 0, 0, 0, 0, 0, -2, 0, 0, 0, 0, 0, -3, 0, 0, 0, 0, 0, -4, 0, 0, 0, 0, 0, 0, 0, 0, 0, 0, 0, -6, 0, 0, 0, 0, 0, -8, 0, 0, 0, 0, 0, -4, 0, 0, 0, 0, 0, -6, 0, 0, 0, 0, 0, -5, 0, 0, 0, 0, 0, -6, 0, 0, 0, 0, 0, -10, 0, 0, 0, 0, 0, -10, 0, 0, 0, 0, 0, -9, 0, 0, 0, 0, 0, -15, 0, 0, 0, 0, 0, -12, 0, 0, 0, 0, 0, -8, 0, 0, 0, 0, 0, -17, 0, 0, 0, 0, 0, -18, 0, 0, 0, 0, 0, -14, 0, 0, 0, 0, 0, -22, 0, 0, 0, 0, 0, -18, 0, 0, 0, 0, 0, -15, 0, 0, 0, 0, 0, -20, 0, 0, 0, 0, 0, -30, 0, 0, 0, 0, 0, -14, 0, 0, 0]
[0, 0, 0, 0, 0, 0, 1, 0, 0, 0, -1, 0, -1, 0, 1, 0, 0, 0, -1, 0, 0, 0, 0, 0, 1, 0, 1, 0, 0, 0, 0, 0, 0, 0, 0, 0, 0, 0, 1, 0, 1, 0, -1, 0, 0, 0, -1, 0, 0, 0, 0, 0, 0, 0, 1, 0, 0, 0, 1, 0, -1, 0, 1, 0, 0, 0, 0, 0, 243, 0, 131, 0, -198, 0, -435, 0, -155, 0, -50, 0, -291, 0, 329, 0, 810, 0, 698, 0, -456, 0, -184, 0, 201, 0, -338, 0, -704, 0, -182, 0, 358, 0, -736, 0, -487, 0, 606, 0, 1293, 0, 480, 0, 372, 0, 71, 0, -577, 0, -1107, 0, -354, 0, 454, 0, 280, 0, 671, 0, -13, 0, -460, 0, -1353, 0, -568, 0, -113, 0, 390, 0, 1202, 0, 1132, 0, 783, 0, 141, 0, 30, 0, -452, 0, -704, 0, -8, 0, -825, 0, -942, 0, -1368, 0, -134, 0, 662, 0, 1035, 0, 2308, 0, -94, 0, 327, 0, -1925, 0, -257, 0, -788, 0, 1739, 0, 2704, 0, -379, 0, -589, 0, -950, 0, 78, 0, -4027, 0, -1369, 0, 1296, 0, 1512, 0, -1467, 0, 1384, 0, 3254, 0, 1422, 0, -1250, 0, 894]
[0, 0, 0, 0, 0, 0, 0, 0, 0, 0, 0, 0, 0, 0, 0, 0, 0, 0, 0, 0, 0, 1, 0, 0, 0, -1, 0, -1, 0, 0, 0, 1, 0, 0, 0, 1, 0, 1, 0, 1, 0, -1, 0, -1, 0, 0, 0, -1, 0, 0, 0, 1, 0, 1, 0, -1, 0, 1, 0, 0, 0, 1, 0, 0, 0, 0, 0, 1, 0, 1, 0, 0, 0, 0, 0, 4, 0, 0, 0, 0, 0, -5, 0, -1, 0, 1, 0, 5, 0, 0, 0, -2, 0, 6, 0, -2, 0, -2, 0, -2, 0, 3, 0, 2, 0, 4, 0, 3, 0, 0, 0, 2, 0, -2, 0, 2, 0, -1, 0, 0, 0, -2, 0, 6, 0, 1, 0, -3, 0, 6, 0, -2, 0, 0, 0, -4, 0, -1, 0, 0, 0, 14, 0, 4, 0, 4, 0, 9, 0, 0, 0, -1, 0, -8, 0, -2, 0, -2, 0, 11, 0, -1, 0, 2, 0, 9, 0, -1, 0, 0, 0, -3, 0, -4, 0, 1, 0, 18, 0, 0, 0, -2, 0, 11, 0, -2, 0, 2, 0, -3, 0, 8, 0, -1, 0, 8, 0, 3, 0, 0, 0, 22, 0, -2, 0, 0, 0, -18, 0, 0, 0]
[0, 0, 0, 0, 0, 0, 0, 0, 0, 0, 0, 1, 0, -1, 0, 0, 0, -1, 0, 0, 0, 1, 0, 0, 0, 0, 0, 0, 0, 0, 0, 1, 0, -1, 0, -1, 0, 0, 0, 0, 0, 1, 0, 1, 0, 0, 0, 1, 0, 0, 0, 0, 0, -1, 0, -1, 0, -1, 0, 0, 0, 1, 0, 0, 0, 1, 0, -1, 0, 0, 0, -6, 0, 4, 0, -1, 0, 4, 0, 0, 0, -3, 0, 0, 0, 2, 0, 1, 0, 0, 0, -4, 0, 4, 0, 4, 0, 0, 0, 0, 0, -3, 0, -4, 0, 1, 0, -4, 0, 0, 0, -1, 0, 3, 0, 2, 0, 3, 0, 0, 0, -4, 0, 2, 0, -3, 0, 5, 0, 0, 0, 9, 0, -4, 0, 3, 0, -2, 0, 0, 0, -2, 0, 2, 0, -7, 0, -3, 0, 0, 0, -1, 0, -3, 0, -3, 0, -1, 0, 0, 0, -1, 0, 4, 0, -2, 0, 3, 0, 0, 0, 3, 0, 2, 0, 5, 0, 1, 0, 0, 0, 2, 0, -7, 0, -1, 0, -4, 0, 0, 0, 6, 0, -1, 0, 0, 0, -9, 0, 0, 0, 10, 0, -5, 0, 2, 0, 0, 0, 0, 0]
[0, 0, 0, 0, 0, 0, 0, 0, 0, 0, 0, 0, 0, -1, 0, 1, 0, 1, 0, -1, 0, 0, 0, 0, 0, 1, 0, 0, 0, -1, 0, 0, 0, -1, 0, 1, 0, 0, 0, -1, 0, 0, 0, 1, 0, 0, 0, -1, 0, 1, 0, 0, 0, -1, 0, 1, 0, 1, 0, -1, 0, 0, 0, 0, 0, 0, 0, 1, 0, 0, 0, 0, 0, 4, 0, -4, 0, -4, 0, 3, 0, 0, 0, 0, 0, -5, 0, -1, 0, 6, 0, 0, 0, 4, 0, -3, 0, 0, 0, 3, 0, 0, 0, -4, 0, -1, 0, 4, 0, -3, 0, 0, 0, 3, 0, -5, 0, -3, 0, 4, 0, 0, 0, 2, 0, -1, 0, -5, 0, 2, 0, 0, 0, -4, 0, 3, 0, 2, 0, 1, 0, 0, 0, 2, 0, 5, 0, 3, 0, -8, 0, 0, 0, -3, 0, -2, 0, 1, 0, 2, 0, 0, 0, 4, 0, 3, 0, -3, 0, -2, 0, 0, 0, 2, 0, 7, 0, -1, 0, -5, 0, 0, 0, -7, 0, 2, 0, 4, 0, -6, 0, 0, 0, -1, 0, 4, 0, 9, 0, -7, 0, 0, 0, -5, 0, 9, 0, 0, 0, -10, 0]
[0, 0, 0, 0, 0, 0, 0, 0, 0, 0, 0, 0, 0, 0, 0, 0, 0, 0, 0, 0, 0, 0, 0, 1, 0, 0, 0, 0, 0, -1, 0, 1, 0, -1, 0, 0, 0, 0, 0, 1, 0, 1, 0, 0, 0, -1, 0, 0, 0, 2, 0, 1, 0, 0, 0, -2, 0, 0, 0, 0, 0, 0, 0, 1, 0, 0, 0, 1, 0, 10, 0, -5, 0, 12, 0, -18, 0, 27, 0, -24, 0, -21, 0, 5, 0, -26, 0, 56, 0, -23, 0, 89, 0, -33, 0, -11, 0, 16, 0, -95, 0, 19, 0, -57, 0, 123, 0, -16, 0, -36, 0, 73, 0, -59, 0, 54, 0, -52, 0, 99, 0, -22, 0, -76, 0, 51, 0, -140, 0, 25, 0, 0, 0, 196, 0, -88, 0, -46, 0, 68, 0, -61, 0, 24, 0, -48, 0, 290, 0, -78, 0, -35, 0, -136, 0, -193, 0, 10, 0, 29, 0, 278, 0, -8, 0, 18, 0, 134, 0, -210, 0, -142, 0, -39, 0, 244, 0, 98, 0, -172, 0, 86, 0, -136, 0, 47, 0, -28, 0, 158, 0, 1, 0, 16, 0, 6, 0, -211, 0, -134, 0, 14, 0, 433, 0, -184, 0, -42, 0, 40, 0]
[0, 0, 0, 0, 0, 0, 0, 0, 0, 1, 0, 0, 0, 0, 0, -2, 0, 0, 0, 0, 0, -1, 0, 0, 0, 0, 0, 1, 0, 0, 0, 0, 0, 1, 0, 0, 0, 0, 0, 0, 0, 0, 0, 0, 0, 1, 0, 0, 0, 1, 0, -2, 0, -1, 0, -1, 0, 1, 0, 0, 0, -1, 0, 0, 0, 0, 0, 0, 0, -18, 0, 1, 0, -2, 0, -1, 0, 7, 0, 0, 0, 17, 0, -4, 0, 3, 0, 4, 0, -6, 0, 8, 0, -34, 0, -1, 0, -2, 0, 11, 0, -2, 0, -4, 0, 4, 0, 0, 0, -7, 0, -8, 0, 0, 0, -7, 0, 42, 0, 15, 0, 3, 0, -44, 0, -5, 0, 3, 0, -28, 0, 4, 0, 16, 0, 25, 0, 0, 0, -8, 0, -17, 0, -18, 0, 1, 0, 6, 0, -4, 0, 1, 0, 7, 0, -2, 0, -2, 0, -56, 0, 24, 0, -5, 0, -47, 0, -6, 0, -15, 0, 55, 0, 0, 0, 24, 0, 15, 0, -10, 0, -6, 0, -69, 0, -4, 0, 6, 0, 72, 0, 3, 0, -14, 0, -66, 0, 2, 0, -11, 0, -37, 0, 34, 0, -3, 0, 114, 0, -22, 0]
[0, 0, 0, 0, 0, 0, 0, 0, 0, 0, 0, 0, 0, 0, 0, 1, 0, 0, 0, -1, 0, -1, 0, 0, 0, 0, 0, 1, 0, 1, 0, 0, 0, 0, 0, 0, 0, 1, 0, 0, 0, 0, 0, 1, 0, 1, 0, -1, 0, -1, 0, 0, 0, -1, 0, 1, 0, 1, 0, 0, 0, 0, 0, 2, 0, -1, 0, 1, 0, 4, 0, 0, 0, 0, 0, -2, 0, 0, 0, 1, 0, 8, 0, 1, 0, 0, 0, -3, 0, -2, 0, 0, 0, 2, 0, 1, 0, -2, 0, 6, 0, 0, 0, -2, 0, 2, 0, 3, 0, 1, 0, 7, 0, 2, 0, -3, 0, 7, 0, 2, 0, 0, 0, 4, 0, 3, 0, -3, 0, 0, 0, 0, 0, 0, 0, 10, 0, -1, 0, 3, 0, 1, 0, -4, 0, 0, 0, 15, 0, -2, 0, 0, 0, 16, 0, -5, 0, -2, 0, 9, 0, 0, 0, -2, 0, 8, 0, -1, 0, 4, 0, 14, 0, 4, 0, 1, 0, 2, 0, -6, 0, 0, 0, 7, 0, 1, 0, 2, 0, 12, 0, 0, 0, 1, 0, 17, 0, 3, 0, 3, 0, 2, 0, 2, 0, 1, 0, 32, 0, 4, 0]
[0, 0, 0, 0, 0, 0, 0, 0, 0, 0, 0, 0, 0, 0, 0, 0, 0, 0, 0, 0, 0, 0, 0, 0, 0, -1, 0, 0, 0, 0, 0, 1, 0, -1, 0, 0, 0, 2, 0, 0, 0, -1, 0, -2, 0, 1, 0, 0, 0, -1, 0, 1, 0, -1, 0, -1, 0, -1, 0, 0, 0, 0, 0, 1, 0, -1, 0, 0, 0, 4, 0, -3, 0, -1, 0, -10, 0, 21, 0, -7, 0, -12, 0, -4, 0, -10, 0, 22, 0, -18, 0, 42, 0, -13, 0, -13, 0, 9, 0, -38, 0, 6, 0, -35, 0, 63, 0, 4, 0, -24, 0, 29, 0, -38, 0, 17, 0, -21, 0, 55, 0, -13, 0, -42, 0, 22, 0, -57, 0, 2, 0, -4, 0, 94, 0, -41, 0, -20, 0, 22, 0, -36, 0, -12, 0, -23, 0, 151, 0, -37, 0, -17, 0, -64, 0, -98, 0, 12, 0, 15, 0, 141, 0, -31, 0, -1, 0, 62, 0, -112, 0, -65, 0, -44, 0, 133, 0, 44, 0, -86, 0, 26, 0, -77, 0, 23, 0, -6, 0, 105, 0, -1, 0, -25, 0, -12, 0, -88, 0, -63, 0, -2, 0, 198, 0, -102, 0, -23, 0, -2, 0]
[0, 0, 0, 0, 0, 0, 0, 0, 0, 0, 0, 0, 0, 0, 0, 0, 0, 0, 0, 0, 0, -1, 0, 1, 0, 0, 0, 0, 0, -1, 0, 1, 0, -1, 0, -1, 0, 1, 0, 1, 0, 1, 0, -1, 0, -2, 0, 1, 0, -1, 0, -1, 0, 0, 0, 0, 0, -1, 0, 0, 0, 1, 0, 0, 0, -1, 0, 0, 0, 6, 0, -10, 0, 15, 0, -26, 0, 34, 0, -31, 0, -14, 0, 10, 0, -43, 0, 66, 0, -29, 0, 117, 0, -59, 0, -20, 0, 31, 0, -134, 0, 26, 0, -86, 0, 155, 0, -15, 0, -46, 0, 107, 0, -95, 0, 83, 0, -61, 0, 124, 0, -39, 0, -117, 0, 82, 0, -200, 0, 5, 0, -10, 0, 258, 0, -110, 0, -65, 0, 106, 0, -87, 0, 44, 0, -77, 0, 365, 0, -107, 0, -53, 0, -160, 0, -285, 0, 28, 0, -1, 0, 372, 0, -31, 0, -10, 0, 209, 0, -292, 0, -160, 0, -79, 0, 328, 0, 111, 0, -238, 0, 126, 0, -215, 0, 80, 0, -48, 0, 191, 0, -14, 0, 20, 0, 6, 0, -306, 0, -175, 0, 0, 0, 565, 0, -280, 0, -36, 0, 82, 0]
[0, 0, 0, 0, 0, 0, 0, 0, 0, 0, 0, 0, 0, -1, 0, 1, 0, 1, 0, 0, 0, 0, 0, 0, 0, 0, 0, 0, 0, -1, 0, 1, 0, 0, 0, 0, 0, 0, 0, 1, 0, 0, 0, 1, 0, 1, 0, 1, 0, 0, 0, 1, 0, -2, 0, 0, 0, 0, 0, -2, 0, 0, 0, 1, 0, 0, 0, 1, 0, 26, 0, -4, 0, 10, 0, -16, 0, 25, 0, -18, 0, -39, 0, -3, 0, -30, 0, 59, 0, -13, 0, 84, 0, -9, 0, -21, 0, 18, 0, -80, 0, 17, 0, -62, 0, 128, 0, -1, 0, -43, 0, 64, 0, -68, 0, 48, 0, -65, 0, 94, 0, -23, 0, -49, 0, 50, 0, -129, 0, 74, 0, -4, 0, 178, 0, -94, 0, -43, 0, 54, 0, -73, 0, 20, 0, -44, 0, 302, 0, -81, 0, -35, 0, -142, 0, -191, 0, 22, 0, 99, 0, 267, 0, -22, 0, 55, 0, 129, 0, -207, 0, -199, 0, -59, 0, 237, 0, 109, 0, -166, 0, 76, 0, -90, 0, 47, 0, -26, 0, 189, 0, -2, 0, 2, 0, 57, 0, -191, 0, -136, 0, 2, 0, 394, 0, -176, 0, -83, 0, 14, 0]
[0, 0, 0, 0, 0, 0, 0, 0, 0, 0, 0, 0, 0, 0, 0, 0, 0, 0, 0, -1, 0, 0, 0, 1, 0, 1, 0, 0, 0, -1, 0, 0, 0, -2, 0, 0, 0, 1, 0, 0, 0, 0, 0, 0, 0, -2, 0, 0, 0, -1, 0, 2, 0, 1, 0, -1, 0, 0, 0, 0, 0, 1, 0, 0, 0, 0, 0, 0, 0, -6, 0, -10, 0, 25, 0, -23, 0, 11, 0, -33, 0, 8, 0, 18, 0, -51, 0, 72, 0, -11, 0, 100, 0, -65, 0, -18, 0, 29, 0, -148, 0, 26, 0, -78, 0, 124, 0, -18, 0, -28, 0, 131, 0, -93, 0, 96, 0, -35, 0, 96, 0, -48, 0, -118, 0, 96, 0, -219, 0, -26, 0, -24, 0, 228, 0, -80, 0, -75, 0, 131, 0, -36, 0, 90, 0, -80, 0, 307, 0, -102, 0, -66, 0, -129, 0, -292, 0, 18, 0, -67, 0, 319, 0, -5, 0, -15, 0, 212, 0, -255, 0, -52, 0, -63, 0, 273, 0, 122, 0, -222, 0, 120, 0, -231, 0, 79, 0, -64, 0, 76, 0, -34, 0, 56, 0, 25, 0, -316, 0, -153, 0, 84, 0, 508, 0, -270, 0, 21, 0, 140, 0]
[0, 0, 0, 0, 0, 0, 0, 0, 0, 0, 0, 0, 0, 0, 0, 0, 0, 0, 0, -1, 0, 1, 0, 0, 0, 0, 0, -1, 0, 1, 0, 0, 0, -2, 0, 0, 0, 1, 0, 0, 0, 0, 0, 1, 0, -1, 0, -1, 0, -1, 0, 0, 0, -1, 0, 1, 0, -1, 0, 0, 0, 0, 0, -2, 0, -1, 0, 1, 0, 0, 0, 0, 0, 0, 0, -2, 0, 0, 0, 1, 0, -8, 0, 1, 0, 0, 0, -1, 0, -2, 0, 0, 0, 4, 0, 1, 0, -2, 0, -6, 0, 0, 0, -2, 0, -4, 0, 3, 0, 1, 0, -7, 0, 2, 0, -3, 0, -7, 0, 2, 0, 0, 0, -2, 0, 3, 0, -3, 0, -8, 0, 0, 0, 0, 0, -7, 0, -1, 0, 3, 0, -1, 0, -4, 0, 0, 0, -3, 0, -2, 0, 0, 0, -16, 0, -5, 0, -2, 0, -3, 0, 0, 0, -2, 0, -4, 0, -1, 0, 4, 0, -14, 0, 4, 0, 1, 0, -4, 0, -6, 0, 0, 0, -15, 0, 1, 0, 2, 0, -24, 0, 0, 0, 1, 0, -15, 0, 3, 0, 3, 0, -2, 0, 2, 0, 1, 0, -32, 0, 4, 0]
[0, 0, 0, 0, 0, 0, 0, 0, 0, 0, 0, 0, 0, 0, 0, 0, 0, 0, 0, 0, 0, 0, 0, 0, 0, 0, 0, 0, 0, 0, 0, 0, 0, -1, 0, 0, 0, 1, 0, 2, 0, -1, 0, -1, 0, 0, 0, -1, 0, 0, 0, 0, 0, 1, 0, 0, 0, 0, 0, 1, 0, -3, 0, 1, 0, -1, 0, -1, 0, 9, 0, -5, 0, 1, 0, -10, 0, 17, 0, -3, 0, -15, 0, 2, 0, -12, 0, 21, 0, -14, 0, 38, 0, -9, 0, -11, 0, 9, 0, -33, 0, -2, 0, -33, 0, 66, 0, -2, 0, -14, 0, 26, 0, -32, 0, 15, 0, -28, 0, 61, 0, -20, 0, -32, 0, 26, 0, -62, 0, 15, 0, -14, 0, 98, 0, -42, 0, -24, 0, 38, 0, -44, 0, -4, 0, -25, 0, 148, 0, -29, 0, -26, 0, -56, 0, -97, 0, 5, 0, 35, 0, 129, 0, -25, 0, 7, 0, 57, 0, -97, 0, -84, 0, -30, 0, 130, 0, 39, 0, -67, 0, 16, 0, -58, 0, 25, 0, -16, 0, 118, 0, -27, 0, -9, 0, 5, 0, -100, 0, -43, 0, -17, 0, 205, 0, -103, 0, -37, 0, 30, 0]
[0, 0, 0, 0, 0, 0, 0, 0, 0, 0, 0, 0, 0, 0, 0, 0, 0, 0, 0, 0, 0, 0, 0, -1, 0, 0, 0, 1, 0, 0, 0, -1, 0, 0, 0, 1, 0, -1, 0, 0, 0, 0, 0, 0, 0, 1, 0, -1, 0, 0, 0, -1, 0, -1, 0, 1, 0, -2, 0, 0, 0, -2, 0, -1, 0, -2, 0, -1, 0, 13, 0, -4, 0, 2, 0, 2, 0, -11, 0, -1, 0, -8, 0, 3, 0, -9, 0, 11, 0, 12, 0, -17, 0, 5, 0, 1, 0, 2, 0, -3, 0, -4, 0, 6, 0, -14, 0, -6, 0, 13, 0, 0, 0, -6, 0, 6, 0, -2, 0, -16, 0, -14, 0, 17, 0, 3, 0, -8, 0, 38, 0, -20, 0, -26, 0, -4, 0, -4, 0, 12, 0, -4, 0, 18, 0, -10, 0, -15, 0, 6, 0, -17, 0, 0, 0, 0, 0, -5, 0, 21, 0, -44, 0, -4, 0, 31, 0, 1, 0, 22, 0, -16, 0, -10, 0, -38, 0, 2, 0, 18, 0, -8, 0, 17, 0, -8, 0, -16, 0, -27, 0, -34, 0, 12, 0, 51, 0, -14, 0, 17, 0, 2, 0, -49, 0, -4, 0, -2, 0, 36, 0]
[0, 0, 0, 0, 0, 0, 0, 0, 0, 0, 0, 0, 0, 0, 0, 0, 0, 0, 0, 0, 0, 0, 0, 1, 0, 1, 0, 0, 0, 0, 0, 0, 0, -1, 0, -1, 0, -1, 0, 1, 0, 1, 0, 2, 0, 0, 0, 1, 0, 2, 0, 0, 0, 1, 0, 0, 0, -1, 0, 0, 0, 1, 0, -1, 0, 0, 0, -2, 0, 11, 0, 4, 0, 0, 0, -4, 0, 14, 0, 0, 0, -25, 0, 0, 0, 9, 0, 4, 0, -12, 0, 24, 0, 9, 0, 1, 0, -6, 0, 5, 0, 1, 0, -2, 0, 31, 0, -4, 0, -14, 0, -19, 0, 14, 0, -10, 0, -26, 0, 30, 0, 16, 0, -2, 0, -7, 0, 4, 0, 32, 0, 22, 0, 48, 0, -28, 0, -3, 0, -16, 0, -41, 0, -20, 0, 6, 0, 64, 0, -8, 0, 18, 0, -47, 0, 5, 0, -6, 0, 62, 0, 65, 0, 14, 0, 18, 0, -17, 0, -30, 0, -100, 0, 28, 0, 60, 0, 10, 0, -20, 0, 10, 0, 4, 0, 6, 0, 2, 0, 87, 0, 26, 0, 5, 0, -21, 0, -7, 0, -22, 0, -51, 0, 104, 0, 6, 0, -53, 0, -44, 0]
[0, 0, 0, 0, 0, 0, 0, 0, 0, 0, 0, 0, 0, 0, 0, 0, 0, 0, 0, -1, 0, 1, 0, 0, 0, 0, 0, -1, 0, 0, 0, 1, 0, 0, 0, 0, 0, 0, 0, -1, 0, -1, 0, -2, 0, 0, 0, 1, 0, 0, 0, 1, 0, 0, 0, 0, 0, 2, 0, -2, 0, 2, 0, 0, 0, 0, 0, 0, 0, -22, 0, 4, 0, -1, 0, 15, 0, -24, 0, 6, 0, 30, 0, 2, 0, 13, 0, -32, 0, 18, 0, -50, 0, 7, 0, 0, 0, -13, 0, 46, 0, -5, 0, 35, 0, -81, 0, 14, 0, 18, 0, -29, 0, 32, 0, -22, 0, 52, 0, -74, 0, 15, 0, 30, 0, -21, 0, 65, 0, -50, 0, 4, 0, -116, 0, 71, 0, 15, 0, -41, 0, 68, 0, 8, 0, 24, 0, -188, 0, 36, 0, 28, 0, 93, 0, 96, 0, -7, 0, -70, 0, -155, 0, 13, 0, -36, 0, -69, 0, 110, 0, 158, 0, 17, 0, -144, 0, -40, 0, 76, 0, -36, 0, 41, 0, -22, 0, 6, 0, -132, 0, 20, 0, 0, 0, -20, 0, 106, 0, 65, 0, 35, 0, -254, 0, 101, 0, 71, 0, -22, 0]
[0, 0, 0, 0, 0, 0, 0, 0, 0, 0, 0, 0, 0, 0, 0, 1, 0, 0, 0, -1, 0, -1, 0, 0, 0, 0, 0, 1, 0, 1, 0, 0, 0, 0, 0, 1, 0, 1, 0, 0, 0, -2, 0, 0, 0, 0, 0, 1, 0, 2, 0, 0, 0, -1, 0, -1, 0, 2, 0, 0, 0, 0, 0, 1, 0, -1, 0, 1, 0, 3, 0, -3, 0, 11, 0, -4, 0, -2, 0, -11, 0, 6, 0, 5, 0, -16, 0, 28, 0, 10, 0, 25, 0, -23, 0, -10, 0, 5, 0, -42, 0, 6, 0, -21, 0, 38, 0, 4, 0, -1, 0, 46, 0, -34, 0, 35, 0, 2, 0, 29, 0, -22, 0, -37, 0, 39, 0, -72, 0, 9, 0, -18, 0, 66, 0, -18, 0, -31, 0, 47, 0, -9, 0, 42, 0, -26, 0, 117, 0, -22, 0, -30, 0, -40, 0, -98, 0, 6, 0, -2, 0, 88, 0, 4, 0, 7, 0, 67, 0, -59, 0, -15, 0, -24, 0, 82, 0, 68, 0, -58, 0, 20, 0, -77, 0, 23, 0, -20, 0, 37, 0, -21, 0, 26, 0, 35, 0, -95, 0, -25, 0, 25, 0, 155, 0, -77, 0, 48, 0, 72, 0]
[0, 0, 0, 0, 0, 0, 0, 0, 0, 0, 0, 0, 0, 0, 0, 0, 0, -1, 0, -1, 0, 2, 0, 1, 0, -1, 0, 0, 0, 0, 0, 0, 0, -2, 0, 0, 0, -2, 0, 0, 0, -1, 0, 1, 0, 0, 0, 0, 0, -1, 0, 0, 0, 0, 0, -1, 0, 1, 0, -1, 0, 1, 0, -1, 0, 0, 0, -1, 0, -3, 0, -26, 0, 50, 0, -10, 0, -36, 0, -57, 0, 29, 0, 38, 0, -89, 0, 119, 0, 36, 0, 76, 0, -89, 0, -18, 0, 34, 0, -206, 0, 40, 0, -72, 0, 83, 0, -38, 0, 3, 0, 191, 0, -131, 0, 177, 0, 11, 0, 34, 0, -100, 0, -128, 0, 145, 0, -329, 0, 0, 0, -72, 0, 204, 0, -50, 0, -127, 0, 213, 0, 20, 0, 234, 0, -128, 0, 269, 0, -105, 0, -134, 0, -113, 0, -395, 0, 6, 0, -114, 0, 247, 0, 38, 0, 9, 0, 296, 0, -238, 0, 56, 0, -92, 0, 195, 0, 200, 0, -241, 0, 152, 0, -295, 0, 88, 0, -154, 0, -74, 0, -94, 0, 162, 0, 147, 0, -478, 0, -141, 0, 194, 0, 493, 0, -347, 0, 149, 0, 322, 0]
[0, 0, 0, 0, 0, 0, 0, 0, 0, -1, 0, 0, 0, 1, 0, 2, 0, -1, 0, 0, 0, 0, 0, 0, 0, -1, 0, 0, 0, 2, 0, 0, 0, -1, 0, 0, 0, 0, 0, 2, 0, 0, 0, 1, 0, 0, 0, -1, 0, 0, 0, -1, 0, 1, 0, -1, 0, -1, 0, 1, 0, 0, 0, -1, 0, 0, 0, 1, 0, 30, 0, 4, 0, -5, 0, 7, 0, -10, 0, 5, 0, -28, 0, 0, 0, 19, 0, -19, 0, 4, 0, -36, 0, 51, 0, 14, 0, -15, 0, 38, 0, -5, 0, 35, 0, -40, 0, -2, 0, 21, 0, -42, 0, 35, 0, -20, 0, -26, 0, -42, 0, 14, 0, 74, 0, -22, 0, 59, 0, 58, 0, 6, 0, -74, 0, -7, 0, 16, 0, -28, 0, 5, 0, -8, 0, 23, 0, -75, 0, 39, 0, 17, 0, 12, 0, 91, 0, -19, 0, 113, 0, -118, 0, 22, 0, 64, 0, -67, 0, 103, 0, -79, 0, 42, 0, -114, 0, -36, 0, 75, 0, -34, 0, 133, 0, -30, 0, 12, 0, -63, 0, 12, 0, 12, 0, 60, 0, 87, 0, 62, 0, -25, 0, -159, 0, 91, 0, -95, 0, -6, 0]
[0, 0, 0, 0, 0, 0, 0, 0, 0, 0, 0, 0, 0, -1, 0, 0, 0, 1, 0, 1, 0, 1, 0, 0, 0, 0, 0, -2, 0, -1, 0, 0, 0, 0, 0, 0, 0, 2, 0, 0, 0, 0, 0, -1, 0, 0, 0, -1, 0, 1, 0, 1, 0, 0, 0, 1, 0, 0, 0, -2, 0, 1, 0, 1, 0, 1, 0, -1, 0, -3, 0, 20, 0, -46, 0, 17, 0, 20, 0, 57, 0, -27, 0, -35, 0, 81, 0, -118, 0, -24, 0, -94, 0, 99, 0, 17, 0, -34, 0, 207, 0, -37, 0, 72, 0, -113, 0, 37, 0, 0, 0, -193, 0, 131, 0, -169, 0, 4, 0, -64, 0, 89, 0, 140, 0, -147, 0, 319, 0, -11, 0, 64, 0, -240, 0, 77, 0, 119, 0, -209, 0, 20, 0, -206, 0, 123, 0, -336, 0, 107, 0, 120, 0, 137, 0, 389, 0, -12, 0, 94, 0, -306, 0, -26, 0, -14, 0, -299, 0, 257, 0, 2, 0, 80, 0, -237, 0, -195, 0, 252, 0, -160, 0, 297, 0, -93, 0, 132, 0, 4, 0, 84, 0, -150, 0, -139, 0, 466, 0, 149, 0, -147, 0, -566, 0, 345, 0, -150, 0, -306, 0]
[0, 0, 0, 0, 0, 0, 0, 0, 0, 0, 0, 0, 0, 0, 0, 0, 0, 0, 0, 1, 0, 0, 0, -1, 0, -2, 0, 1, 0, 0, 0, 1, 0, 1, 0, 1, 0, 0, 0, 0, 0, -1, 0, -1, 0, 2, 0, 0, 0, -2, 0, 0, 0, 0, 0, 0, 0, 1, 0, -1, 0, 0, 0, 1, 0, -2, 0, 0, 0, 15, 0, -9, 0, 10, 0, -8, 0, 11, 0, -22, 0, -9, 0, 3, 0, -36, 0, 62, 0, -1, 0, 57, 0, -33, 0, -18, 0, 20, 0, -89, 0, 18, 0, -46, 0, 91, 0, -8, 0, -20, 0, 83, 0, -79, 0, 68, 0, -20, 0, 59, 0, -42, 0, -61, 0, 60, 0, -138, 0, 41, 0, -30, 0, 140, 0, -61, 0, -50, 0, 73, 0, -32, 0, 58, 0, -56, 0, 241, 0, -63, 0, -54, 0, -97, 0, -189, 0, 16, 0, 22, 0, 198, 0, -23, 0, 30, 0, 138, 0, -168, 0, -77, 0, -75, 0, 169, 0, 115, 0, -133, 0, 72, 0, -119, 0, 39, 0, -50, 0, 106, 0, -31, 0, 28, 0, 74, 0, -213, 0, -101, 0, 47, 0, 314, 0, -186, 0, 24, 0, 82, 0]
[0, 0, 0, 0, 0, 0, 0, 0, 0, 0, 0, 1, 0, -1, 0, 0, 0, -1, 0, 0, 0, 1, 0, 0, 0, 1, 0, 0, 0, 0, 0, 0, 0, 0, 0, -1, 0, -1, 0, 0, 0, 1, 0, 2, 0, -1, 0, 0, 0, 1, 0, 2, 0, 1, 0, -1, 0, 0, 0, 2, 0, 0, 0, -1, 0, -1, 0, -1, 0, -3, 0, -5, 0, -1, 0, 6, 0, -1, 0, 10, 0, 5, 0, 0, 0, 17, 0, -18, 0, 3, 0, -35, 0, 18, 0, 16, 0, -11, 0, 29, 0, -14, 0, 21, 0, -30, 0, -11, 0, 18, 0, -19, 0, 40, 0, -27, 0, 6, 0, -23, 0, 6, 0, 40, 0, -34, 0, 63, 0, -6, 0, 13, 0, -70, 0, 21, 0, 23, 0, -24, 0, 33, 0, -20, 0, 17, 0, -90, 0, 31, 0, 12, 0, 36, 0, 89, 0, -15, 0, -10, 0, -106, 0, 19, 0, 9, 0, -64, 0, 87, 0, 41, 0, 42, 0, -85, 0, -32, 0, 74, 0, -36, 0, 77, 0, -28, 0, 14, 0, -72, 0, 1, 0, -5, 0, -1, 0, 80, 0, 50, 0, 30, 0, -152, 0, 86, 0, -11, 0, -20, 0]
[0, 0, 0, 0, 0, 0, 0, 0, 0, 0, 0, 0, 0, 0, 0, 0, 0, 0, 0, -1, 0, 2, 0, 0, 0, 0, 0, -1, 0, 1, 0, 0, 0, -2, 0, 1, 0, 0, 0, 0, 0, 0, 0, 2, 0, 1, 0, -2, 0, 0, 0, 0, 0, 1, 0, 1, 0, -1, 0, 0, 0, 1, 0, 0, 0, 0, 0, 2, 0, -2, 0, 3, 0, 1, 0, 9, 0, -21, 0, 8, 0, 3, 0, 4, 0, 11, 0, -18, 0, 16, 0, -44, 0, 24, 0, 12, 0, -13, 0, 38, 0, -3, 0, 35, 0, -70, 0, 2, 0, 25, 0, -37, 0, 38, 0, -18, 0, 26, 0, -53, 0, 11, 0, 43, 0, -18, 0, 51, 0, -6, 0, 2, 0, -94, 0, 47, 0, 18, 0, -19, 0, 43, 0, 12, 0, 27, 0, -154, 0, 35, 0, 16, 0, 59, 0, 91, 0, -16, 0, -12, 0, -142, 0, 31, 0, 5, 0, -64, 0, 116, 0, 78, 0, 44, 0, -131, 0, -40, 0, 80, 0, -28, 0, 62, 0, -24, 0, 10, 0, -111, 0, 9, 0, 25, 0, 0, 0, 94, 0, 66, 0, 19, 0, -198, 0, 103, 0, 14, 0, 6, 0]
[0, 0, 0, 1, 0, 0, 0, 0, 0, -1, 0, 0, 0, 0, 0, -1, 0, 0, 0, 0, 0, -3, 0, 0, 0, 0, 0, -2, 0, 0, 0, 0, 0, 2, 0, 0, 0, 0, 0, 1, 0, 0, 0, 0, 0, 1, 0, 0, 0, -1, 0, 0, 0, 1, 0, 1, 0, 2, 0, 0, 0, 1, 0, 1, 0, 0, 0, 0, 0, -67, 0, -1, 0, 2, 0, -21, 0, -7, 0, 0, 0, 71, 0, 4, 0, -3, 0, -59, 0, 6, 0, -8, 0, -17, 0, 1, 0, 2, 0, 14, 0, 2, 0, 4, 0, -17, 0, 0, 0, 7, 0, 31, 0, 0, 0, 7, 0, 37, 0, -15, 0, -3, 0, -46, 0, 5, 0, -3, 0, -198, 0, -4, 0, -16, 0, 61, 0, 0, 0, 8, 0, 29, 0, 18, 0, -1, 0, -143, 0, 4, 0, -1, 0, 119, 0, 2, 0, 2, 0, -176, 0, -24, 0, 5, 0, -161, 0, 6, 0, 15, 0, 243, 0, 0, 0, -24, 0, -110, 0, 10, 0, 6, 0, -65, 0, 4, 0, -6, 0, -69, 0, -3, 0, 14, 0, -123, 0, -2, 0, 11, 0, 35, 0, -34, 0, 3, 0, 88, 0, 22, 0]
[0, 0, 0, 0, 0, 0, 0, 0, 0, 0, 0, 0, 0, 1, 0, 0, 0, -1, 0, 0, 0, -1, 0, 0, 0, -1, 0, 1, 0, 2, 0, 0, 0, 1, 0, 0, 0, 0, 0, 0, 0, 1, 0, 0, 0, 1, 0, -2, 0, 1, 0, -1, 0, 1, 0, 2, 0, -2, 0, 1, 0, -2, 0, 0, 0, 1, 0, 0, 0, 3, 0, 5, 0, -14, 0, 14, 0, -15, 0, 22, 0, 10, 0, 1, 0, 35, 0, -54, 0, 6, 0, -76, 0, 37, 0, 20, 0, -20, 0, 92, 0, -19, 0, 62, 0, -100, 0, 7, 0, 35, 0, -76, 0, 73, 0, -59, 0, 31, 0, -75, 0, 29, 0, 82, 0, -52, 0, 139, 0, -3, 0, 10, 0, -156, 0, 62, 0, 42, 0, -66, 0, 34, 0, -42, 0, 49, 0, -235, 0, 84, 0, 43, 0, 117, 0, 196, 0, -23, 0, 10, 0, -239, 0, 13, 0, 6, 0, -140, 0, 199, 0, 83, 0, 61, 0, -202, 0, -108, 0, 165, 0, -76, 0, 155, 0, -45, 0, 30, 0, -107, 0, 13, 0, -7, 0, -4, 0, 196, 0, 139, 0, -37, 0, -347, 0, 181, 0, 6, 0, -36, 0]
[0, 1, 0, 0, 0, -1, 0, -2, 0, 2, 0, 1, 0, -1, 0, -1, 0, 1, 0, -1, 0, 0, 0, -1, 0, -2, 0, -1, 0, 0, 0, 0, 0, -1, 0, 1, 0, -1, 0, -2, 0, 1, 0, 0, 0, 0, 0, 0, 0, 1, 0, -1, 0, 1, 0, 0, 0, 0, 0, 0, 0, 0, 0, -1, 0, 1, 0, 0, 0, -14, 0, -36, 0, 64, 0, 4, 0, -119, 0, -43, 0, 32, 0, 35, 0, -89, 0, 97, 0, 89, 0, -20, 0, -102, 0, 17, 0, 48, 0, -157, 0, 54, 0, -20, 0, -42, 0, 33, 0, 28, 0, 163, 0, -86, 0, 174, 0, 110, 0, -86, 0, -133, 0, -84, 0, 117, 0, -299, 0, 30, 0, -173, 0, -4, 0, 2, 0, -145, 0, 223, 0, 22, 0, 270, 0, -67, 0, -73, 0, -29, 0, -94, 0, -30, 0, -286, 0, 41, 0, -162, 0, 58, 0, 109, 0, 14, 0, 288, 0, -35, 0, 234, 0, -26, 0, -115, 0, 157, 0, -118, 0, 82, 0, -209, 0, 4, 0, -224, 0, -311, 0, -184, 0, 162, 0, 196, 0, -472, 0, -17, 0, 140, 0, 65, 0, -220, 0, 199, 0, 392, 0]
[0, 0, 0, 1, 0, 1, 0, -1, 0, -2, 0, 0, 0, 1, 0, 0, 0, -1, 0, -2, 0, -1, 0, -2, 0, -1, 0, 0, 0, -1, 0, -1, 0, 1, 0, -1, 0, 2, 0, -1, 0, -1, 0, -1, 0, 0, 0, 0, 0, 0, 0, -1, 0, 0, 0, -2, 0, 0, 0, 1, 0, -1, 0, 0, 0, -1, 0, 0, 0, -80, 0, -1, 0, 6, 0, -14, 0, -54, 0, -19, 0, 109, 0, 13, 0, -20, 0, -52, 0, 20, 0, -41, 0, -22, 0, 8, 0, 0, 0, -6, 0, 8, 0, 27, 0, -88, 0, -16, 0, 30, 0, 73, 0, -15, 0, 34, 0, 86, 0, -103, 0, -28, 0, -36, 0, 23, 0, -46, 0, -244, 0, -38, 0, -98, 0, 109, 0, -12, 0, 22, 0, 113, 0, 82, 0, -26, 0, -271, 0, 21, 0, -38, 0, 182, 0, -13, 0, -15, 0, -273, 0, -135, 0, 0, 0, -166, 0, 32, 0, 60, 0, 419, 0, -23, 0, -181, 0, -108, 0, 7, 0, 20, 0, -87, 0, -27, 0, -24, 0, -291, 0, -43, 0, 57, 0, -70, 0, -44, 0, 48, 0, 153, 0, -202, 0, -8, 0, 196, 0, 94, 0]
[0, 0, 0, 0, 0, 0, 0, 1, 0, 0, 0, 0, 0, -2, 0, 1, 0, -1, 0, -1, 0, 0, 0, 0, 0, 0, 0, -2, 0, 0, 0, 0, 0, 1, 0, 2, 0, 1, 0, 0, 0, 0, 0, -1, 0, 1, 0, 0, 0, -2, 0, -2, 0, -2, 0, 0, 0, 0, 0, -1, 0, 0, 0, -2, 0, -2, 0, 0, 0, -14, 0, -11, 0, -13, 0, 27, 0, -42, 0, 34, 0, 36, 0, -3, 0, 30, 0, -83, 0, 44, 0, -145, 0, 51, 0, 25, 0, -17, 0, 129, 0, -23, 0, 73, 0, -196, 0, 12, 0, 71, 0, -96, 0, 91, 0, -67, 0, 61, 0, -155, 0, 16, 0, 133, 0, -88, 0, 200, 0, -33, 0, 4, 0, -326, 0, 129, 0, 76, 0, -73, 0, 113, 0, -30, 0, 62, 0, -459, 0, 105, 0, 23, 0, 213, 0, 272, 0, -12, 0, -62, 0, -478, 0, 14, 0, -18, 0, -168, 0, 325, 0, 214, 0, 37, 0, -369, 0, -155, 0, 263, 0, -134, 0, 228, 0, -64, 0, 52, 0, -293, 0, -5, 0, -38, 0, 19, 0, 334, 0, 197, 0, 9, 0, -710, 0, 271, 0, 33, 0, -14, 0]
