66 3 7 112 111
[1, 0, -1, -3, 0, 1, 3, 0, 4, 2, -5, -1, 0, -2, 0, -1, 5, -2, -6, 0, 7, 2, 4, 3, -13, -7, -8, 3, 0, -2, 11, 10, -4, -8, -3, 10, 5, 12, 0, -1, -4, 1, -2, 2, -14, -9, 2, -5, 17, -4, 7, 18, -8, 3, -5, -6, 3, -2, 7, -2, -6, 13, -7, 4, -17, 4, -14, -21, -4, 4, 4, 27, 1, 8, -1, -4, 13, -12, 0, 2, -19, -9, 20, -5, 4, 27, 7, 4, -7, -6, 12, -12, -4, 2, -13, -2, 10, 12, 11, -7, -7, 2, 2, -7, -4, -13, 0, -4, 5, 6, 18, -9, 7, -12, -1, -15, 10, -8, 5, 23, -10995, 7633, 6186, 9780, -4056, -4691, 19350, -30902, -2590, -12061, 24382, -5009, 1726, 3640, -19062, -7261, 743, 44007, -21186, 34374, -10796, 3802, -28324, -1899, 18368, 8720, -20741, 12041, -46762, -19863, -6597, 21687, 81459, -41339, 32045, -60395, 47856, -71808, 43967, -11585, 38074, -4016, -10162, 11289, -44189, 62988, 5207, 50214, -77184, 23952, -80114, 35366, -63833, 13101, -32080, 41896, -13276, 8664, 49677, 6053, 57492, -48866, 116260, -69825, 2672, -48235, 9907, -38677, 2318, -7704, -19173, 18595, -191, -465, -66185, 39883, 60119, 9244, 3059, 7623, -68267, -1222, 10905, 30273, 27582, 20756, 59581, -118144, 11354, 52802, -49747]
[0, 0, 0, 0, 0, 0, 0, 0, 0, 0, 1, -1, 0, 1, 0, 0, 0, 1, -1, -1, 0, 1, -1, -2, -1, -3, -2, 1, 2, 5, 1, -1, 0, 2, 2, 2, 0, -3, -1, -1, 0, -2, -1, -1, 0, 1, 1, 1, 1, 4, 2, -1, 2, 0, -1, 0, -3, 2, -2, -3, -1, -1, 1, 0, 0, 0, -3, 1, 0, -1, -2, 4, 1, 2, -5, -4, 1, 2, 2, 0, 3, 0, 1, -3, 1, -1, 1, 2, -2, 3, 3, 3, 2, 2, -1, -1, 1, 3, -6, -2, -3, -2, -1, 3, 4, -1, -5, -2, 0, 0, 2, 1, 0, -5, -1, -2, -2, 3, -3, 1, 4, -3, 5, 2, -7, 2, 3, 9, 8, 6, -4, -5, 11, -7, 2, 1, 1, 0, 0, 2, 6, 11, -9, 7, -2, 8, -13, 1, 2, -5, -8, 14, -6, -7, -12, 0, 4, 0, -5, -2, 2, -10, -7, 12, 5, -12, -4, -1, 2, 6, 0, 4, 2, 5, 6, 9, 4, -6, 1, 2, 4, -1, -13, 8, -9, -1, 3, 2, -4, 6, 9, 8, -4, -1, -7, -3, 8, 9, -16, 11, -16, 1, -7, -11, 5, -19, -3, 4, -3, 6, -1]
[0, 0, 0, 0, 0, 0, 0, 0, 1, 1, 0, -1, -1, 0, 0, -2, 0, 1, 0, -1, 0, 0, 1, 2, 2, -2, -1, 2, 0, 0, -3, 1, -1, 0, -1, 0, -2, 0, 1, 2, 2, 0, 1, 0, -3, -2, 1, 2, 2, 2, 1, 1, 1, 1, 1, 0, -3, 3, -1, -2, 1, 0, 1, -5, -2, 0, 0, 2, 0, 2, 0, -1, -2, 1, 1, 4, -3, 1, -1, 1, -3, -5, 3, -3, 0, -2, -4, -4, 1, -2, -1, 3, 1, 4, -2, -1, 3, 2, 7, 2, 4, 7, -1, 1, 3, 4, 0, 1, -1, 0, 2, 5, 1, -1, -3, -2, -2, -2, -4, 3, -6, -5, 5, -1, -1, 1, 1, 9, 0, 5, -2, 0, -5, -4, 5, -11, -5, 7, 0, 5, -11, 1, 3, 10, 1, 7, -2, 13, -11, 11, 3, 16, 12, 8, -9, -3, -6, 7, 0, -9, -3, 4, 1, 1, -7, -15, -6, -10, 15, 4, -8, -13, -12, -3, -4, 10, 12, 3, -9, -2, -22, 7, -4, 1, 11, 0, 8, 11, -7, 2, -3, 16, -3, -5, 4, 19, 8, 4, 0, 10, -13, 15, 11, 10, 4, -8, -6, -18, 7, -3, 5]
[0, 0, 0, 0, 0, 0, 0, 0, 0, 1, 0, -1, 0, 0, 0, -1, 1, 2, -1, 0, 0, 1, 0, -1, -2, -3, -2, -1, 1, 1, 2, 0, 0, 3, 1, 0, 1, 1, 0, -2, 0, 0, 0, -2, 1, 2, 1, 3, 3, 1, -2, -1, 0, -2, -2, -4, -3, 2, -1, -3, -4, 0, 5, -2, -1, 2, -2, 4, 3, 1, 1, 1, 1, 0, -2, -3, -1, 0, 4, -1, 0, 3, 0, -2, -4, -2, -1, 5, -1, 0, 4, 1, -5, 0, 1, -1, -4, 2, -1, 0, -2, 0, -1, -3, 5, 0, -5, -4, 3, 3, 1, -1, 3, -3, -4, 0, 3, 1, -2, 5, 6, -3, 0, 5, 0, 0, 8, 16, 3, 1, -9, -14, 2, -14, -4, 4, -8, -3, 7, -2, -4, 5, 3, 7, 3, 3, -9, 3, 1, -9, -6, 13, 3, -17, -1, 0, -6, 3, 23, 5, -15, 4, 7, -4, 2, -1, 2, -9, -7, -4, -10, 0, 6, -1, 8, 3, 2, 6, -5, -12, -4, -3, -15, 7, 8, -6, -6, 5, 2, -13, -13, 14, -7, -17, 0, 32, 26, 4, 2, 7, -23, -9, 1, -2, 5, -18, -4, -8, -2, 2, -14]
[0, 0, 0, 0, 0, 0, 0, 0, 0, 0, -1, 0, 0, 0, 0, 0, 0, 1, 0, 1, 1, 0, -1, -1, 0, 3, 1, -2, -2, -1, 3, 1, -1, 0, -2, 0, 2, 4, 0, -4, -3, -4, -1, 0, 0, -1, 1, -2, 1, -2, 2, 1, 1, 3, 5, -1, 1, -4, 2, 0, -2, 2, -1, 1, -5, 4, 1, 1, -3, 0, 3, 2, 2, -2, -1, 0, 0, -1, 0, -1, -1, 3, -2, 0, -3, -2, -3, -1, 4, -1, 0, -3, -4, -2, 4, 3, 0, 0, 1, 1, 9, 2, 2, -1, 2, -2, -4, 0, -4, -2, 0, 0, 1, 4, 3, -4, 2, 1, 1, 0, -1582, 1197, 1663, 2360, -1163, 248, -74, -5139, -3111, -1981, 3116, -1704, 5780, 734, -2029, 528, 4560, 7357, -3181, 4939, -2351, -5908, -4295, -3533, -242, 601, 491, -4349, -9493, 924, 279, 6962, 15092, 4519, -3591, -6799, 7189, -9688, 3702, 5425, 4682, -4972, 717, 991, -10956, 3450, 7123, 2439, -22131, -2443, -9919, 9790, -1903, 4857, 1590, 8187, 281, 795, 5740, 4144, 6055, -5209, 11455, -14866, 2950, -8932, 1138, -5517, 5548, -9718, -3813, 5144, 3827, -9423, -6037, 1316, 9061, 4816, 13732, 1622, -12210, 14819, -9175, 4351, -6852, 9689, -6968, -25425, -38, 9699, -9638]
[0, 0, 0, 0, 0, 0, 0, 0, 0, 0, 0, 1, 0, -1, -1, 0, 1, 0, 0, 0, 3, 1, -1, -2, 0, 0, -4, 0, -1, 0, 0, 2, 2, -2, 5, 0, -1, 1, 2, 2, -3, 4, -2, -2, 0, 2, -1, -2, 1, -1, 2, 4, -2, -3, 0, 2, -4, -1, 3, 0, 2, -3, 1, 4, 2, 0, 0, -1, 2, 0, 4, -2, -1, -2, -2, -1, 3, 3, -1, 3, 3, 6, -1, 1, 0, 0, 0, -1, 2, 0, -3, 1, 6, 2, -2, 0, 6, -4, -1, -2, -2, -1, 3, -1, 0, 3, 1, -3, 4, -1, -4, 0, 1, 2, 2, 1, -4, 5, 1, 0, 404, -52, 264, -309, -187, -217, -987, 1139, -758, 727, -1353, 764, -145, 160, 1625, 415, 861, -2611, 1848, -1832, 110, -1123, 2382, 275, -1420, -1148, 1148, -717, 1147, 1227, -426, -1617, -2984, 3487, -2357, 3328, -3308, 4346, -4494, 1830, -829, 1403, 1213, 296, 2584, -2834, -180, -4694, 6489, -3083, 3636, -5520, 3860, 941, 1122, -887, 916, -3076, -4294, -1308, -3387, 4231, -4212, 6009, 437, 1635, -91, 2264, 51, 2512, -1873, 540, -1765, -1442, 5302, -752, -1754, -2220, -628, -1004, 1074, -257, 931, -954, -220, -229, -5778, 5855, -1006, -3454, 4613]
[0, 0, 0, 0, 0, 0, 0, 0, 0, 0, 0, -1, -1, 0, 1, 1, 0, -1, 1, 1, -1, 1, -1, 0, 0, 2, 1, 0, -1, 0, 2, 2, 2, -4, -1, -2, -1, -1, -1, -2, -2, 2, 1, -3, -1, -1, -1, -1, 3, 1, -3, -2, 4, 0, 2, 5, 5, -2, 1, 5, -1, -2, -2, 0, -3, 2, -2, -5, 0, 2, 0, -1, 1, 0, -1, 0, 0, 2, 0, -2, 1, 0, -3, 2, 0, -2, 0, 0, 2, -4, -4, 1, -1, -1, 7, 1, 1, -3, -3, 1, 2, -1, 1, 2, -1, 2, 5, -3, -1, -1, 8, -4, 0, -1, -1, 1, 4, 3, -4, -4, -7, -4, -11, -6, -2, -3, 5, -6, 8, -4, -3, -5, -1, 5, -2, 0, 3, -1, 12, 3, 3, 2, 6, 0, 11, 4, -12, -5, 7, -4, -13, -9, -7, -16, 6, 4, 5, -14, -6, -3, -8, 5, 0, 1, -3, 7, 0, 18, 13, 1, 12, -4, 1, -4, 9, 19, -11, -1, 4, -3, -4, -7, 7, -12, -11, 6, 14, -10, 3, 0, -6, -16, -10, 10, -1, -8, 17, 6, 15, -1, -2, -18, -3, -4, -13, -12, 5, -8, -9, -2, -9]
[0, 0, 0, 0, 0, 0, 0, 0, 0, 0, 0, 1, -1, 0, 0, 2, -1, -2, 1, 1, -2, -2, 1, 3, 0, 0, 1, -2, -3, -1, 1, 0, 1, 1, 1, -4, 3, 1, 2, 0, 2, -3, -1, 3, 3, -4, 1, 2, -3, -3, 1, -2, 3, 0, 4, -4, 0, -2, -4, 3, 1, -1, -3, 4, -1, -1, 0, 1, 2, 2, -1, -2, -3, 0, -2, 5, 0, 4, 0, 0, -4, -4, 2, 0, 0, 2, 3, 0, -1, -2, 2, -3, 3, -4, 1, 1, -3, 5, -1, 3, 1, -4, -2, -2, -1, -4, -2, 3, -4, 2, -2, 4, 2, 4, 0, 2, 0, -1, 2, -1, 2, -6, 6, -9, 1, -6, 15, -14, 11, 4, 16, -15, -6, 5, -3, -5, 12, 6, 0, -2, -17, -10, 3, 2, -10, -15, 22, -19, 4, 14, 16, 23, -2, 9, -2, -15, 2, -18, -2, -2, -10, -5, 27, -22, 1, -1, 17, 0, -23, 10, 0, -3, 1, 3, 7, -37, -2, 6, 0, 14, 27, 25, 0, -10, -10, -8, -8, 2, 0, -13, 2, -27, -33, 5, 8, 0, -6, 1, 51, 4, 3, -3, -4, 15, -25, -8, 14, -7, 29, -9, 18]
[0, 0, 0, 0, 0, 0, 0, 0, 1, 1, 0, -1, -1, 1, 0, 0, -1, -1, -1, -1, 0, -1, 1, 0, 1, 1, 1, -1, -2, 2, 2, -2, 0, -1, -2, -1, 1, 2, -1, -1, 0, 1, 0, 1, 0, 2, 0, -1, 3, 2, -4, -1, 3, -1, 3, 0, 1, -2, -2, 2, -3, -1, -1, 0, -1, 0, 0, -3, -2, -3, -2, -3, 4, 0, -4, -5, 1, 2, 1, -7, -1, -6, 3, 1, 0, -1, -3, 4, -1, 1, -1, 0, -1, 2, 0, -1, -2, 1, -1, 2, 2, -5, 1, -1, 2, 4, -1, -1, 4, -3, 1, -1, -2, -3, -1, -2, 5, -2, -10, 0, -5, 1, -10, -10, 5, -2, 9, -8, 4, -7, -9, -4, 1, -2, 0, 11, 1, 1, 7, -1, 3, 1, -9, 0, 17, 4, -4, 7, -6, -7, -4, 11, -3, -12, -5, -9, -5, -10, -6, -26, 1, -15, 10, 4, -2, -22, -5, 22, 9, -4, -11, -7, -5, -7, 2, -11, -9, -21, -12, 8, 5, -14, -8, -8, 2, -10, 6, -10, 1, 13, -12, -13, 4, 10, -16, 3, 13, 5, 15, 9, -4, -19, -1, 7, -11, -9, -10, -4, 2, -6, 3]
[0, 0, 0, 0, 0, 0, 0, 0, 0, 0, 0, 0, 0, -1, 0, 0, -1, 0, 0, 1, 1, -1, 1, 1, 2, 3, 0, -1, -2, -2, -1, -2, -2, 1, -1, 0, 0, 1, 1, 1, 1, -3, -1, 2, 1, -1, -1, -2, -3, -2, -2, -1, -1, 5, 3, -3, 2, -2, -2, 5, 2, 4, -1, 3, -1, -3, 3, -1, -5, 1, -1, -4, -2, -2, 1, -2, 1, -4, -2, -1, -2, -3, 4, -1, 2, 0, -2, 1, -2, 3, -2, -3, 0, 2, -7, 4, -1, 0, 1, 1, -3, -5, 4, -2, -2, -5, 0, -1, 1, -4, -4, 1, 5, 2, 1, 1, -3, -2, -3, -1, -11, 15, -7, 1, 5, -6, 1, -21, -3, -6, -5, 7, -5, -3, 4, 2, -4, 2, 1, -3, -19, -2, -8, -5, -1, -1, -2, 2, -11, 0, 5, 1, 10, 0, 8, -9, 3, -8, -2, -10, 7, -4, 6, 6, -3, 1, -12, 18, -14, 2, -18, 8, -12, 10, -3, -15, -16, -5, -14, -8, 13, -3, -2, 7, 6, -20, 13, -16, -6, 2, -11, -21, -15, 14, -3, -10, -11, 1, 10, -4, 13, -13, 5, 19, -4, 6, 6, 2, -4, -7, 1]
[0, 0, 0, 0, 0, 0, 0, 0, 0, 0, 0, 1, 0, 0, -2, -1, 0, 0, 0, 0, 2, 1, 1, 1, 0, -2, 0, 0, 0, 0, 0, 0, 1, 1, 0, -2, -1, 0, -3, -1, -1, 2, -1, -1, 0, 3, 0, -1, 3, 2, 3, 0, 0, -3, -2, 1, -1, -2, 4, -1, 0, 0, 1, 1, 0, 0, 2, -5, -2, 1, 4, 0, -1, 1, 0, 3, 0, -1, -5, -2, 3, 4, -4, 2, -2, 2, -4, -1, -1, -2, -4, 4, 1, -3, -1, 0, 8, -2, 2, -8, 3, 2, 7, 1, 1, 3, -1, 2, 1, -2, 1, 1, -4, -1, 3, -3, -3, 0, 0, -5, 132, -64, 80, 219, -144, 455, -1031, 212, -647, -12, -324, -348, 1666, -103, 198, 438, 1213, -326, -16, -379, -15, -1878, 393, -859, -881, -202, 1670, -1809, -343, 1755, 397, 1097, -226, 3500, -3034, 983, -217, 839, -1439, 2032, -989, -1879, 747, -494, -912, -2404, 2099, -1652, -2897, -1561, 2090, 1578, 3481, 750, 2254, 22, 682, 294, -911, 1040, -1501, 665, -3666, -1291, 356, 44, -361, -38, 1875, -3313, 62, 416, 2049, -2333, 1821, -1500, -393, 1333, 4285, 686, 45, 4975, -3984, -787, -4102, 1357, -5446, -1268, -396, 213, -1244]
[0, 0, 0, 0, 0, 0, 0, 0, 1, -1, -1, 0, -1, 0, 0, 2, -1, 0, 1, 1, 0, 0, 0, -1, 1, 2, 3, -1, 1, 1, 0, -3, -1, -3, -2, -2, 0, 3, 0, -2, -2, 1, 3, 3, 0, -3, -2, -2, -2, 3, -3, 3, 1, -1, 3, -3, 1, -2, 3, 1, 7, 2, 1, 3, -2, -1, 0, -3, -5, 0, -1, 1, 4, 0, 3, 3, 3, -1, -2, -1, 0, -1, 0, -3, -2, 0, -4, 0, -1, -1, 1, -3, -2, 4, 0, 4, -3, 0, 3, 0, 8, 0, 4, -2, 2, -2, 2, 5, 3, -4, 1, -1, 3, 0, 1, -3, 2, 2, 4, -3, -6, 2, -7, 6, 1, 4, 2, -12, 0, -10, 0, 11, -14, -2, 8, -9, 4, -5, 10, 4, -12, -8, 1, 0, 11, -4, 5, -3, 4, 5, 11, 1, 8, 0, 7, -3, 0, -11, 0, -13, -11, -8, 33, 5, 10, 28, -12, 13, -20, 1, -19, 5, 4, -7, 13, -9, 4, 14, -1, 11, 27, -10, 5, -20, 2, 1, 5, 6, 11, -20, -16, -9, -12, 10, -4, 8, 7, -18, 40, 9, 2, 6, 6, 13, -15, -3, 4, -3, 2, -3, 9]
[0, 0, 0, 0, 0, 0, 0, 0, 0, 1, 0, 0, 1, -1, 0, -3, 0, 0, -1, 0, 2, 2, 0, 0, 0, 2, -1, -3, 1, -2, -1, -1, -2, 2, 2, 2, -1, 1, -1, 2, -2, 0, 0, -1, 1, 4, 0, 1, -1, -4, 2, 1, 1, 1, -5, 2, -2, -2, 0, 3, 1, 4, 0, -3, -4, 0, 1, -1, -2, -4, 2, 1, -3, -1, 2, -1, 5, -4, 4, -4, 3, 2, -1, -5, 0, 2, 0, -6, -3, 4, -2, -3, 4, 1, 0, -2, 1, 0, -1, 1, -3, 0, 1, 5, 0, 0, 2, -3, 2, 1, -1, -1, 5, 4, -4, 2, -4, 2, -5, 3, 80, -167, -499, -460, 460, -131, 880, 618, 1204, 128, -161, 271, -2012, -391, -213, -546, -1794, -569, 184, -113, 431, 2529, 66, 1013, 934, 516, -1140, 2138, 1628, -1295, -156, -1412, -2150, -3794, 2650, -89, -319, 312, 1442, -2911, -184, 1098, -888, -270, 1802, 1275, -2269, 1743, 4064, 2315, 317, -733, -2302, -1520, -1968, -1639, -589, 1099, 585, -875, 134, -467, 28, 1771, -851, 1209, -210, 283, -1888, 2533, 1549, -1340, -922, 3320, -1265, 426, -1136, -628, -4553, -160, 2447, -5244, 3177, -309, 3470, -2710, 5398, 4370, 482, -835, 1231]
[0, 0, 0, 0, 0, 0, 0, 0, 0, 0, 0, 0, 1, 0, 0, -1, -1, 1, -1, 1, 2, 0, -1, -2, 0, -1, -2, 1, 2, -2, -1, 0, 1, 1, 2, 2, -1, 0, 0, -2, 1, 2, 0, -3, 0, 4, 0, 1, 1, 0, -1, 1, -6, -2, -1, 1, 0, 3, 3, -4, -6, -1, 0, -4, 1, 1, 5, 2, 1, 1, 1, 1, -2, 0, -3, -3, -1, 0, 1, 2, 4, -1, -2, -2, 2, -3, -5, 8, -1, 3, 1, 3, -6, 3, -2, 1, -5, -4, -1, -2, -3, 2, 0, 2, -1, 2, -1, -3, 4, 4, 2, -3, 0, -1, 1, 0, 1, -5, 3, 3, 135, -210, -459, -612, 626, -442, 1059, 527, 1376, 109, -146, 471, -2558, -307, -135, -371, -2263, 157, 274, 26, 229, 3425, -558, 889, 1147, 806, -2504, 2214, 2235, -2696, -4, -1821, -1366, -5374, 4247, -24, -405, -213, 3116, -3469, 148, 2302, -1169, -128, 1770, 2312, -3495, 2228, 4575, 2594, -1774, -744, -4502, -2131, -2548, -1395, -270, 877, 1374, -1137, 1369, -715, 1851, 2464, -168, 1010, -109, 952, -3293, 4075, 2000, -1642, -2812, 3710, -2381, -320, -1447, -812, -6071, -1525, 3010, -7399, 5066, 830, 5783, -2557, 8446, 4874, -6, -872, 2662]
[0, 0, 0, 0, 0, 0, 0, 0, 0, 0, 0, 1, 1, 0, 0, 0, 0, 0, 0, 0, -1, -3, -1, -1, 0, -2, 0, 0, 0, -1, 2, 3, 0, 0, 0, 1, 0, 2, 0, 3, 1, 1, -2, 5, 3, 3, -1, 1, -1, 0, 1, -2, -6, -3, 1, -4, 2, -2, -3, -3, 0, 0, -1, 1, 4, -5, 2, 1, 0, 2, 1, 1, -1, -1, 4, 3, 0, 1, -2, 1, 3, 1, 2, 2, 4, 0, -6, -1, 0, 1, 3, -1, -1, 1, 1, 1, 4, -2, 0, -4, 2, -2, -3, -3, -1, 0, -3, 3, -3, -2, -3, 1, 2, 6, 1, -4, -3, 2, 10, 0, 8, 4, -7, 10, 8, 4, 2, 3, 5, -5, -1, 16, 0, 5, -3, -2, 1, -3, -7, 1, -6, 1, 0, 0, 1, -3, 6, 3, -5, 5, 16, -12, 3, 20, 2, -9, 0, 7, -8, -5, 5, 10, -16, -4, 2, 4, 0, -7, 3, -8, -2, 1, -2, 1, 1, -24, 8, -3, 4, -9, 28, 8, -5, 3, 15, 6, -4, 5, -7, 2, -17, 2, 10, 5, -1, 2, -9, -3, -10, 3, 7, 5, 1, 12, 16, -1, 4, 11, 1, 7, 17]
[0, 0, 0, 0, 0, 0, 0, 0, 0, 0, -1, 0, 2, 1, 0, -1, 1, -1, -3, -2, 2, 3, 3, -2, -2, 0, -1, 0, 0, 3, -1, -3, 0, 2, 1, 4, 1, 1, -3, 0, -2, 0, 0, 0, -1, 4, 1, -3, 2, 0, 1, 3, -1, 3, -1, 1, -1, -2, 0, -4, 0, 0, 1, 1, 2, 3, 1, -1, -1, 0, 3, 4, 2, 2, 0, -5, 1, -2, 0, -1, -1, 7, 0, 5, 2, 3, 3, -2, 2, -1, 0, 0, 2, 3, 1, -4, 1, 0, 4, 3, -2, -1, 7, -1, 3, -2, -1, 2, 6, -1, 0, -4, -3, -3, 2, 7, -1, 3, -1, -2, -702, 687, 711, 564, -986, -681, 1404, -1411, -553, -158, 1264, 364, -786, 772, -362, -871, 447, -74, -346, 746, -341, -368, 846, 1412, 730, -1033, 135, 2100, -3294, 393, -1885, -392, 2627, -857, 1100, -2941, 1120, -1780, -2943, 82, 2444, 1378, 195, 1855, 87, 3369, -31, 381, 2433, 261, -1846, -5193, -988, 2148, -2829, 2701, -1457, -3215, -781, -1581, 1497, -654, 6941, 476, -1312, -1936, 1019, -2121, 573, 3261, -5107, 2047, -866, 1273, 258, 6398, 4435, -3095, -2649, 1359, -6517, -2107, 3324, 141, 2407, -445, 435, -3954, 1440, 277, -1321]
[0, 0, 0, 0, 0, 0, 0, 0, 0, 1, 1, -1, 1, 0, 0, -2, -1, 1, -1, 0, -1, -2, -1, 0, 2, 3, 0, 0, -2, -1, 1, 1, 0, -1, -5, 0, 0, 2, 3, 4, 2, -1, 2, 0, -5, 2, 0, -1, -1, 2, 1, -4, 0, 4, -1, -3, 6, -3, 0, 0, -2, 3, -1, -6, -1, 0, -1, 0, 1, 2, -7, -2, 0, -3, -5, 3, -1, 2, 0, 1, -3, -4, 3, 5, 0, -2, -6, 0, 2, -2, 4, 1, -3, -2, 0, 0, -3, 4, 0, 2, 2, 3, -6, -1, 2, 2, 0, -1, -1, -3, 3, 0, 0, -2, 1, 0, 1, -1, -1, -3, -1934, 1352, 1512, 2265, -787, -338, 1772, -6179, -1910, -2465, 4230, -1582, 3582, 709, -3217, -157, 2436, 9596, -4102, 6621, -2561, -2585, -6239, -2660, 1815, 1723, -2681, -1737, -9667, -2433, 30, 6450, 17596, -2416, 1919, -9992, 9253, -13503, 8573, 1625, 6536, -3179, -982, 1438, -11353, 8607, 4225, 7242, -22093, 1272, -15230, 11064, -8981, 3461, -2076, 8916, -914, 2168, 9470, 3396, 10093, -8425, 18770, -16422, 2643, -10180, 1620, -6729, 2801, -6816, -2817, 4374, 1636, -5779, -11546, 3337, 10733, 4539, 8414, 851, -12827, 8205, -4202, 6439, -575, 8275, 3809, -26959, 635, 11529, -10356]
[0, 0, 0, 0, 0, 0, 0, 0, 2, 0, 0, 0, 0, 0, 0, -1, -1, 0, 0, -2, -2, 0, 0, -1, 1, 0, 0, 0, 1, 2, -4, 0, 2, 2, 1, 1, -2, 2, -1, -3, -1, 3, 2, 4, 0, 2, 0, 0, 2, 2, -1, 4, 1, -2, -1, -1, -1, 3, 2, -5, -2, -2, -3, 0, -2, 0, 3, -1, -3, -2, 0, 1, -4, -1, 1, -3, -4, -1, 4, 1, 0, -4, 4, 3, 5, -2, -1, -4, 2, 1, -2, 2, 1, 1, 1, -5, -3, 0, 4, 6, 4, 3, 1, 0, 2, 2, 5, 6, -3, 2, 3, 0, -3, -5, -5, -5, 2, -1, -2, -2, -5, 4, 5, -10, -4, 14, -12, 6, 0, 6, 13, 1, 3, 3, 10, -6, 7, 7, -5, 17, 3, 5, -7, 6, -14, -9, 3, 13, -3, 9, -16, 12, 1, 14, -22, -2, -1, 1, 4, 22, 0, -13, 3, 1, -11, -44, -7, -2, 6, -1, -10, 8, -14, -13, -9, -14, 4, -11, 11, 31, -23, -7, 10, -4, -8, 14, 1, 17, -3, 31, 6, 6, 28, -13, -3, -26, -8, -7, -18, 16, -6, 15, -4, 3, -3, 0, -2, -6, 30, 10, 5]
[0, 0, 0, 0, 0, 0, 0, 0, 0, -1, 2, -1, -1, 0, 0, 1, 0, 2, 1, -1, -2, 0, -1, 1, 0, -4, -1, 3, 1, 3, -1, -1, -2, 4, 1, 2, -1, -3, 1, -3, 4, -4, -3, 1, 0, -4, 0, 3, -2, 3, 1, -1, 4, 2, 0, -2, -2, 6, -4, -3, 0, -1, 1, 0, -1, -3, 0, 5, -2, 2, -4, 2, -3, 3, -1, 1, -4, 0, 0, 7, -1, -6, 3, -5, 2, 2, 2, 1, -2, 2, 2, -1, 2, -3, -2, 0, -2, 4, 1, 0, -5, 1, -2, -2, -1, -2, -2, 2, -4, 2, -3, 3, 4, -4, -1, -2, 1, 0, -1, 0, 5, -6, 2, -9, -17, 8, 5, 2, 14, 3, -4, 4, 12, 3, -2, -17, -5, 3, 5, 12, -18, -2, -11, 14, -23, 8, -2, 3, -10, 8, -5, 22, 3, 5, -14, -5, -14, 4, -11, -3, -10, -4, 11, 12, -6, -3, 8, -12, -15, 20, -12, 18, 5, -8, 14, -6, 6, 9, -3, -2, 1, 18, -4, -16, -10, 25, 5, 5, -19, -13, 7, 8, -41, -6, -8, -7, 5, 2, 3, 14, -24, 3, -6, 4, 8, -17, 2, -5, 1, 2, 5]
[0, 0, 0, 0, 0, 0, 0, 0, 0, 0, 1, -1, -1, 1, -2, 1, -1, 0, 1, 1, 0, 0, 0, 0, 2, 0, 1, -1, -3, 0, 5, 0, -1, -1, -5, -2, 0, 1, 4, -4, 3, -2, -6, 0, 0, -1, 3, -2, -1, 4, 0, 1, 1, 4, 3, -7, 1, -4, -5, 1, 4, 2, 1, 1, -5, 0, -1, -1, 2, 0, -3, 3, 1, 0, -5, 0, 1, -1, -3, -4, 1, -3, 0, 0, 0, -3, -7, 0, -1, -1, 1, 0, -4, 1, -1, -1, 0, 4, -2, 2, 4, 2, 0, -2, 1, -4, -3, -4, -2, -3, -3, 0, 2, 1, 1, 0, 4, 2, -4, -2, 3, -8, -12, -1, 0, -13, 11, -6, -13, -11, -11, -1, 7, -17, -3, 10, 9, 0, 3, -3, -6, -7, 9, 2, 10, 8, -15, -17, -13, 1, 15, 10, -2, -2, 13, 0, -5, -20, -1, -33, -13, -11, -2, -5, -9, 28, -6, -8, -1, 8, -11, 4, -5, 6, 23, 8, -2, -16, -20, -4, 30, -14, -21, -8, 12, -31, -3, -8, -6, -19, -24, 4, -11, 3, 1, 17, 15, 11, 0, 3, -9, -31, 15, 11, -9, -7, -13, 8, -12, -3, -2]
[0, 0, 0, 0, -1, 1, 0, 1, -1, 1, 2, -1, 0, 0, 0, 0, 0, -1, -1, -2, 0, 0, -1, -2, 0, -1, -3, 0, -1, 3, 1, 2, 0, -2, 2, 3, 1, -1, 4, 0, 0, 1, 1, 0, 0, -1, 3, -4, 5, 1, -1, 2, 0, 0, -5, 0, -4, -2, -5, 1, -2, -2, -4, 0, 1, 0, -4, -1, 5, -1, -1, -1, 0, -3, -2, -5, 2, 0, 1, 0, 0, 3, 3, 0, 0, -4, 1, 0, 5, 1, -5, 0, 2, 4, -4, 0, 4, -1, -4, 3, -3, -5, -1, -1, 0, 4, -5, -1, -4, 1, -3, -3, -2, 0, 0, -1, 3, 2, -8, -2, -18375, 12864, 11274, 17523, -9686, -6120, 28548, -49115, -8155, -18123, 38793, -9166, 9130, 7139, -28869, -12264, 9025, 62366, -33817, 51809, -16167, -5547, -38303, -1738, 25121, 8499, -20494, 16117, -81723, -17904, -13864, 36643, 125058, -45108, 34498, -94730, 75240, -107770, 48285, -7186, 59863, -12772, -9958, 19495, -69382, 89525, 20136, 69012, -124715, 29549, -112004, 46198, -79724, 28890, -44478, 69125, -23659, 6758, 66958, 10607, 81134, -71223, 175455, -112298, -473, -75587, 16806, -65182, 17523, -21558, -42446, 34195, 12246, -8787, -89698, 74106, 99935, 10175, 20134, 22101, -119989, 19560, 3761, 38781, 20416, 35914, 60168, -195390, 21743, 80843, -88872]
[0, 0, 0, 0, 0, 0, 0, 0, 0, 0, 0, 0, -1, 1, 0, 0, -1, 0, 1, -1, 0, 1, 1, 1, 0, 0, -1, 1, 1, 0, -4, -2, -2, 1, 2, 2, 0, -3, 6, 1, 2, -4, 1, -1, -3, -7, 4, -3, 2, -4, 2, 0, 4, 5, -2, 1, -2, 1, -3, 3, 1, 2, 1, 0, -3, 1, -3, 5, -4, 2, -8, -3, 0, 0, 2, 0, 1, 4, -1, 6, -4, 2, 1, -2, -4, -1, 1, -2, 3, 1, -2, 0, -2, 0, -4, 2, 1, 2, 3, -1, -2, 1, 0, 1, 1, -3, 1, -2, 1, 0, -3, 2, 4, -1, -2, 3, 1, 2, -5, 3, -664, 379, -23, 130, -75, -597, 2359, -1297, 1063, -495, 1552, 118, -2264, 80, -1334, -1202, -1779, 1630, -1101, 1749, -155, 2773, -1177, 1343, 2152, 613, -2254, 3488, -1567, -2231, -1030, -473, 2636, -6391, 4943, -4052, 2481, -3927, 2909, -3599, 2323, 1442, -1403, 898, -400, 5539, -2147, 4612, 1017, 3877, -4393, -509, -6052, -471, -4555, 1195, -1667, 547, 3003, -1004, 3745, -3412, 8186, -1672, -1242, -1751, 582, -2229, -1820, 3444, -810, 40, -1219, 4152, -4672, 4326, 3122, -1102, -5510, 617, -2915, -6304, 4937, 1208, 5657, -2047, 9278, -2708, 1599, 1818, -1752]
[0, 0, 0, 0, 0, 0, 0, 0, -1, -1, 0, 2, -1, 0, -1, 2, 0, 0, 1, 0, 0, 0, 2, 1, -1, -2, 1, 2, -1, -1, 2, 0, 0, 0, 0, -1, 0, -2, -1, -6, 2, 0, -2, 2, 3, -5, 3, 1, 1, -1, -3, 5, -1, -2, -1, -3, 1, 3, -3, -2, 3, 0, 1, 1, 0, -1, -1, 4, 5, 0, 3, 0, -2, 6, 3, 2, 0, 0, -3, 3, 0, 2, -6, -1, -2, 0, -1, 1, 0, -2, -2, 0, -3, 3, -2, 1, -2, -2, -1, 4, 1, 3, 2, 2, -2, -4, 2, 6, -3, 6, -2, -4, -2, 5, 0, 1, 6, -6, -1, 2, -226, 214, 396, 466, -463, 130, -380, -637, -909, -154, 333, -258, 1470, 235, -48, 129, 1432, 358, -254, 300, -305, -2052, 138, -599, -605, -450, 1223, -1128, -1884, 1412, -170, 1202, 1794, 2790, -2218, -488, 661, -503, -1544, 2063, 394, -1225, 655, 252, -1570, -651, 2093, -1068, -2970, -1417, 80, 267, 2023, 1462, 960, 1331, 221, -732, -456, 702, -180, 103, 286, -1805, 234, -1244, 126, -817, 1940, -1945, -1673, 1280, 1260, -2330, 938, 596, 1496, 433, 3423, 842, -2679, 4129, -2640, -100, -2790, 1778, -4490, -3993, 80, 945, -1537]
[0, 0, 0, 0, 0, 0, 0, 0, 1, 0, 0, -1, 0, 1, 0, 1, 0, -1, 0, -1, -2, -1, 1, -1, -2, -1, 2, 1, -1, 4, 1, -1, 0, 0, -3, 0, 1, 3, -2, 1, 1, 0, 2, 2, 1, -5, -1, 0, 0, 5, -1, 0, 3, -1, 3, -4, 1, 0, -2, 0, -1, -3, -1, 2, 1, 0, -7, -2, -2, 1, -3, 2, 3, 0, 0, 5, -2, -1, -3, -1, 3, -5, 3, 0, 0, 0, 1, 1, 0, 1, 2, -1, 0, 5, 1, -6, -7, 4, 0, 0, 4, -2, -2, -7, 1, 1, 5, 4, 2, -1, -2, 3, 1, -2, -3, -6, 4, 3, 2, -2, -1, -7, -10, 2, 0, 3, -2, -5, 12, 2, -1, -1, 19, 11, -10, -10, 4, -7, 5, 18, -3, 3, -7, 13, -16, -1, 3, 12, -13, 7, -2, 15, 0, 14, -20, -9, -18, -15, -8, -4, -4, -17, 9, 1, 1, 1, 20, -1, -13, 2, -3, 7, 13, -17, -10, -24, 10, 14, -5, 20, 14, 1, 4, -21, -4, 16, -10, 2, -1, -11, -21, -2, -7, -2, -15, -6, 15, -11, 18, 18, -8, 23, -4, 7, 2, -21, -9, -10, 17, 1, 5]
[0, 0, 0, 0, 0, 0, 0, 0, 0, 1, -1, 0, 0, 0, 1, -1, 0, -1, 0, 1, -1, -1, 1, 2, -1, 0, 2, 0, 0, -3, -1, 1, 2, -2, -1, -2, 1, 0, -2, 4, 3, 1, 4, -4, -1, -1, -3, 2, 1, 0, -2, -6, 0, 1, 4, 4, 2, 1, 1, -1, -3, -1, 1, -4, 3, 0, -5, -1, 0, -2, 0, -3, 4, 0, 6, 5, -1, 1, 1, -7, -1, -7, 4, 1, 0, -2, 1, -2, 0, -3, 3, 3, -2, -2, 3, -3, -2, 1, 3, -2, 0, 2, -5, 0, 1, 4, 7, -1, 4, -4, 2, -1, 1, -1, -4, 0, 1, -2, 0, 0, -7, -11, 0, -7, 13, -1, 9, 0, 16, -6, -2, -6, -2, -2, -5, -2, 4, -10, 6, 0, -7, -8, 6, -1, 9, 5, 11, 2, 4, -7, 6, -11, 20, -14, 4, -8, -10, -6, -1, -17, -1, 9, 16, -9, 2, -4, 11, 6, 5, -13, 2, -28, 20, -2, -9, -5, 15, 7, -9, -12, -9, 9, 3, -23, 17, 6, 5, -5, 18, -15, -16, -14, -18, 2, 12, 14, 12, -19, 45, -6, 6, -9, -5, -1, -9, 5, 1, -20, 14, -8, 10]
[0, 0, 0, 0, 0, 0, 0, 0, 0, 0, 1, -1, 0, -1, 1, 0, -1, 1, 0, 1, -2, 1, 1, 1, 0, 1, -2, -1, -4, -1, -1, 0, 1, 3, 2, 1, 1, 2, 1, -5, 3, -3, 2, -3, 2, -1, -2, 2, 0, 0, 0, -2, 2, 0, -1, -1, 1, 0, -2, 1, -2, 2, -2, 0, -4, 3, 1, 0, 2, 2, 0, -1, -6, 1, 0, 6, -3, 2, -1, 4, -4, 0, -1, 1, 1, -3, -5, 2, 5, -1, 2, -2, 2, -11, -2, 0, 0, 5, 1, -1, 0, -2, -1, -2, 2, 0, -2, 1, -6, 2, 5, 0, 6, -1, -2, -3, 0, 3, 0, -5, 1, 2, 4, -5, -2, 2, 6, -2, -2, -4, 7, -8, -7, 4, -4, 2, 2, 10, 7, -2, -18, -7, -4, 13, -7, -3, -7, 1, -7, 1, -5, 10, 7, -14, -11, 9, -2, 6, 5, 12, 12, 4, 13, 1, -22, -2, -8, 7, -12, -3, -4, -3, -17, 0, 7, 21, -17, 4, 1, -4, -8, 10, 4, -4, -11, -1, 2, 4, -4, -14, 6, 3, -16, -9, 12, 11, 2, -3, 15, -16, 1, -12, -16, 6, -16, 10, 5, -20, 14, -7, 6]
[0, 0, 0, 0, 0, 0, 0, 0, -1, 1, 0, 0, -1, 0, -1, -1, 1, 0, 0, 1, 3, 0, 1, 2, -1, -1, 0, 1, -1, -1, 5, -1, 0, -3, -2, -1, 1, 2, -3, 0, -1, -3, -4, -4, 1, -1, 0, 0, 2, 2, 3, -1, 1, 3, 1, 0, 0, 4, 4, -1, -3, -2, 4, -2, 1, 3, -6, 2, 1, -4, 5, -3, 5, 0, -4, 0, 1, 1, -2, -2, 1, -5, 1, 3, -6, 0, 0, 1, -2, -2, -2, 7, 1, -4, -2, 2, 3, 4, 3, 3, 0, 2, -3, -1, 6, 4, -5, -1, 3, -1, -1, -1, 0, -4, -1, -3, 1, 0, -1, -2, 0, -4, 4, -10, 3, 1, 6, 6, -7, -9, 3, -9, 0, -10, -11, 6, 1, 9, -1, -8, 15, -8, 1, -2, 10, 13, 4, -8, -1, -1, 5, -3, -1, -13, 4, 8, -8, 1, 11, -22, 13, 0, -8, 1, 0, 5, 17, -5, 7, -16, 11, -13, 22, 2, -4, 24, 1, -3, 7, -4, -10, 0, 1, -19, 14, -16, -6, 4, 18, -18, 3, 13, -2, -6, 6, 22, 11, 1, 2, -4, 3, -9, -17, -7, -13, 15, -8, -12, 3, 2, -17]
[0, 0, 0, 0, 0, 0, 0, 0, 1, 0, 2, -1, 0, 0, 0, -1, -1, 3, -1, -1, -2, 0, -2, -1, 0, -4, -2, 1, -1, 2, -3, 2, 2, 3, 3, 1, 1, 1, 2, 1, 3, 0, 3, -1, -1, 0, -1, 2, 1, 4, 4, -3, 3, -3, -4, -2, -3, 1, 1, -7, -7, -2, -2, 1, -1, 1, 1, 1, -3, 7, 0, 1, -5, 3, -2, 3, -3, 2, -1, 6, 1, -2, 2, 2, 0, -3, -3, 0, 3, 1, 0, 2, 3, -3, 1, -2, -1, 1, 3, -6, -2, -2, -1, -1, 3, 3, 2, 1, -4, 0, 4, 3, 1, -5, 1, -2, 2, -1, 2, 1, -4, -7, 18, -4, -19, 12, 4, 17, 12, 18, 9, -3, -2, -6, 14, -13, 7, 7, -12, -2, -8, 11, -8, 13, -13, -1, -15, 15, 1, -2, -28, 13, 3, 6, -6, 10, -9, 18, 4, 27, 13, 3, -4, 5, -20, -33, -10, -6, 3, -10, -4, -17, -24, -11, -14, 15, 13, -6, 24, -10, -33, 1, 0, 27, -8, 9, 4, 19, -26, 34, 32, 17, -9, -19, 10, -27, -6, 4, -22, 9, -17, 16, -6, -11, -9, -6, 14, -20, 15, 11, 4]
[0, 0, 0, 0, 0, 0, 0, 0, 0, -1, 0, 0, -1, -1, 0, 0, 1, 1, 1, 0, 1, 1, -1, 2, 2, 0, 2, 1, 1, 0, -1, 0, -4, -1, -2, -2, -2, -1, 1, -2, -2, -2, -1, 3, -2, -1, -2, 2, -1, -1, 0, 1, 4, 0, -2, 2, -3, 1, 1, 2, 6, 1, 3, 2, -1, -3, 5, -1, -3, 0, 4, -3, -2, 0, 3, 0, 0, -1, -4, 2, -4, 1, -3, -8, -3, 3, 0, -1, -3, -1, -2, 0, 0, -1, 2, 8, 7, -1, 6, -5, -1, 0, 4, -1, -3, 0, -1, 2, -2, -3, -1, -7, 4, 0, 0, 0, -1, 0, -3, -1, 6, 1, 4, 3, -9, 7, -4, -9, 0, -12, -8, 8, -24, -3, -2, -6, -14, 5, 2, 1, -18, -5, 9, 6, 6, 3, 10, 0, 4, 9, 6, 8, -4, -9, 4, -3, -2, -4, -14, -5, -11, 0, 4, -6, 10, 24, 0, 8, -5, 18, -3, -5, 4, -7, 18, 1, -3, 8, -2, -16, -8, 9, -6, -17, -8, 18, 4, -5, 3, -23, 12, -16, -17, 18, -2, 19, -1, 4, 18, 7, 5, -5, -2, 7, 5, -10, -9, -2, -25, -12, 3]
[0, 0, 0, 0, 0, 0, 0, 0, 0, 0, 0, 0, -1, 0, 0, 1, 0, -1, 0, 0, -2, 0, 2, 3, 2, 0, 2, 0, -1, -1, -1, -3, -1, 0, 0, -1, 0, -1, -1, -6, 3, 1, 1, 2, 3, 1, -1, 1, -1, -1, -4, 2, 2, -1, -1, -1, 2, -2, -3, -2, 3, 2, 1, 1, -2, -1, 3, -1, 2, -5, 2, 2, -1, 4, 6, 2, 0, 0, -4, -2, -5, -6, -1, -2, 1, 1, 0, -3, 0, -2, -2, -6, 0, -1, 2, -1, -1, 1, 4, 5, -1, 3, 1, 0, -2, 1, 4, 2, 2, 2, 1, -8, 1, 1, -2, 6, 4, -1, -7, -6, 15, -4, -8, -10, 8, -4, -4, -10, 0, -23, -8, 0, -6, 0, 0, 7, 2, -3, 1, 9, -6, -16, 11, 7, 18, -4, 23, -5, 1, -1, 15, 11, 3, -2, -11, -17, -6, -10, -8, -32, -9, -10, 13, -6, 10, 2, 7, 7, -5, 22, -2, -2, 23, 0, 10, -20, -6, -6, -10, 8, 3, 4, -6, -40, -3, 15, -18, -14, 23, -9, -13, -19, 7, 17, 2, 33, 17, -8, 17, 0, -5, -21, 8, 13, -5, -5, -7, 4, 6, -12, 7]
[0, 0, 0, 0, 0, 0, 0, 0, 0, -1, 0, 1, -1, -1, 0, 3, -1, -1, 1, 1, 0, 0, -1, 0, 0, 4, 1, -2, -1, -2, 1, -1, 0, -2, 2, -1, 2, 0, 2, -2, -2, 0, -1, -1, 1, -3, 0, -3, -3, -4, -3, 5, 2, 2, 3, 2, 2, -2, 0, 5, 3, 1, -6, 3, -2, -2, 0, 0, 0, 2, -4, -2, 0, -5, -3, 1, 4, -5, 0, 2, 2, 1, -1, 2, 2, 2, 0, 0, 1, 1, -3, -8, 4, 2, -4, -1, -6, -2, -2, 7, 0, -3, -2, -1, -3, -1, 1, 1, -1, 0, -7, 4, 1, 4, 1, 2, 1, -1, -3, -2, -4, 7, -6, -5, -5, -10, 1, -23, 1, 3, 6, -1, 6, 15, 4, -7, 9, 1, 1, -3, 8, -8, -9, -13, -6, -13, -2, -15, 5, 0, 5, -9, -5, 4, 17, -10, 7, -20, -5, 2, -8, 4, 12, 4, -6, 25, 0, 13, -16, -9, 0, 26, -17, 10, -6, -11, -15, 5, -8, 5, 39, 0, 7, 6, -7, -22, -5, -12, -8, 0, -6, -22, -9, 0, -7, -10, 3, -12, 4, -7, 15, -3, -6, 3, -19, 6, 8, 4, 2, -1, -4]
[0, 0, 0, 0, 0, 0, 0, 0, 0, 0, 0, 0, 1, 0, -1, -1, -2, 0, -1, 2, 3, 1, 0, -1, 1, 2, -1, 0, -1, -4, 1, -1, 0, -2, 0, 2, -1, 2, 0, -1, 0, 3, -2, 0, -2, 2, -1, -5, 1, -1, 1, 1, -3, 3, -2, -1, 6, -2, 2, 3, 0, 2, -4, -3, -5, 1, 3, 0, -5, 2, -1, 1, 1, 2, -3, -2, 1, -2, 0, -2, 3, -2, -4, 6, 0, -1, -7, -1, 2, -1, -7, 3, -2, -1, -2, 1, -1, -8, 0, 5, 2, 4, 1, 1, -3, 4, -1, -3, -4, 2, 0, 1, 0, 5, 0, 2, 1, -3, -3, -3, -8, 10, -14, -3, 2, -4, -18, 2, -23, -6, -6, 16, 13, -9, 9, 5, 8, 3, -3, -5, 13, 1, -6, -18, -8, 9, -18, 7, -8, -4, 0, -31, 3, -3, 5, 21, 6, 11, 0, 3, 16, 6, -31, 19, -15, 4, -42, -3, 14, -1, -12, -3, -14, 1, -6, 34, -4, -14, 2, -6, -16, -28, -1, 12, 6, -11, 5, -7, -10, 10, -11, 19, 38, -4, -12, -8, -12, 12, -64, -19, 10, -9, 5, 8, -1, 36, -1, -1, -5, 9, -11]
[0, 1, -1, 0, -1, 1, -1, 0, 2, 0, -1, -1, 0, 0, 2, 1, -1, 0, 1, 1, -2, 0, 1, -2, -2, -2, 1, -1, -1, 2, 1, 0, 2, 6, 1, -1, 1, 2, -1, -4, 1, -5, -1, 1, -1, -3, -1, 3, 1, -1, 1, -1, 6, 2, 5, -4, 1, 2, -1, -1, -1, -3, 0, 0, -2, 2, 2, 3, -4, 7, -5, 4, 0, 2, -6, 1, -4, 2, 2, 5, -1, 1, 3, -1, 1, -1, -1, 4, 1, -1, 2, 1, 0, -2, 3, 1, -3, 1, 0, -2, -2, -1, 6, -1, 2, -7, -3, 1, -2, 2, 3, 3, 4, -3, 3, -1, 1, 2, 4, -1, 19532, -13730, -11459, -17061, 9162, 8388, -34117, 51069, 6085, 18590, -40127, 7305, -1440, -6770, 29694, 14920, -4634, -63760, 33029, -54829, 16896, -2323, 38756, -2297, -28804, -9990, 27400, -25406, 83343, 24660, 17174, -31758, -128168, 60337, -46245, 99850, -76309, 112016, -53228, 16683, -66178, 5422, 12240, -21633, 66027, -101558, -12092, -74780, 109411, -35931, 120886, -37324, 94211, -28208, 56882, -70196, 26495, -4860, -69519, -5453, -86083, 72859, -192060, 105904, 1230, 77754, -18323, 66645, -10598, 6198, 45639, -34363, -3703, 413, 96455, -82025, -104495, -3781, -1513, -19974, 122917, 2320, -21666, -42664, -39675, -30072, -80065, 189819, -23066, -80833, 82799]
[0, 0, 0, 0, 0, 0, 0, 0, 1, 1, 1, -2, -1, 0, 0, -1, -1, 1, -1, -1, 1, 1, 0, -1, 2, 2, -2, -1, -2, 1, 0, -1, -2, -1, -2, 3, 0, 1, 3, -2, 1, -2, 0, 1, 0, 4, 1, 1, 2, -1, -3, 0, 1, -1, -2, 0, -4, -2, 0, 2, -2, 2, -1, -2, -5, 4, 4, -2, -2, -2, 1, 1, -3, 1, -3, -6, -1, 1, 2, -4, -2, -3, 1, -10, -1, -5, -3, 1, 3, 6, -2, -1, 1, 1, -2, 3, -2, -1, -3, 4, -3, -4, -2, 3, 1, 1, -3, -5, 1, 2, 4, 0, 3, -4, -3, 0, 2, -4, -6, 3, -4, 10, -1, -8, -12, 1, 5, 0, -10, -12, -7, -8, -1, -15, 10, 10, -6, 6, 3, -3, -12, 6, -6, 2, -4, 11, -11, 5, -19, 2, -6, 21, 4, -3, -5, 1, 0, 4, 2, -21, 15, -22, -5, -3, -17, -16, -23, 17, 1, 5, -12, 0, -23, -3, -4, 28, -22, -35, -9, 2, -15, -27, -9, -1, -8, 1, 13, -23, -15, 12, 16, 2, -1, 2, -12, 5, -2, 18, -18, 2, 3, -18, 12, 6, 2, 4, -8, -1, 2, -11, 1]
[0, 0, 0, 0, 0, 0, 0, 0, -1, 1, 0, 0, 1, 1, 0, -1, 2, -1, -1, 0, -1, -1, -2, 0, -1, -2, 0, 0, -1, -1, 3, 5, 3, -1, -1, 0, 1, -3, -1, 1, 1, 0, 1, -3, 1, 4, 2, 1, 1, -1, 2, -3, -3, -4, -2, 4, 1, -1, -3, -2, -7, -3, -1, -3, 4, 0, -2, -1, 6, -1, 2, 2, 0, 0, 2, -2, -1, 1, 0, -6, 4, -1, 0, 4, 1, -3, -2, 1, 2, 0, 4, 1, -4, 1, 4, -4, -4, -3, -8, -5, -3, -3, -3, 0, 0, 5, 2, -6, 1, -1, 4, -1, -2, -1, -4, -3, -1, -3, 0, -1, 8, -9, -5, 0, 2, -7, 10, 1, 12, -4, -2, -9, 16, 0, -11, 8, 2, -9, -9, -8, 12, 11, 8, -6, 1, 8, -9, 5, 2, -9, -1, -20, -5, -9, 6, -15, -5, -7, -5, -7, 12, 5, -25, -15, 3, -11, 21, -3, 9, -12, 30, -16, 1, 7, -15, 1, 3, -23, 5, -16, 14, -5, -10, 8, 13, -4, -6, -22, -7, 8, -1, -5, 3, 7, -2, 5, 5, 5, -22, -3, 3, -14, -7, -26, 6, -21, -9, -8, -7, 0, 8]
[0, 0, 0, 0, 0, 0, 0, 0, 0, 1, 1, -1, 0, 2, -1, -1, -1, 0, -1, -2, 0, 2, 0, -2, -1, 1, -1, -1, -1, 2, 1, -1, 2, -1, 1, 1, 3, -1, 3, 2, 0, -3, -2, -6, -1, 1, 4, -3, 1, 0, 5, 0, 5, 4, -2, 1, -1, 0, -3, -3, -3, 0, -2, 0, -4, 1, -5, 1, 0, -2, -1, 2, -1, -2, -5, -4, 1, -3, 4, -3, 5, -2, 3, 6, 1, -3, 1, -2, 0, 2, -1, -1, 1, 0, 3, -8, -1, 2, -3, 4, 1, -1, -5, 1, 1, 2, 0, -7, -1, 2, -2, 4, -3, -2, 1, -2, 2, 5, -5, -1, -552, 468, 471, 241, -556, -725, 1464, -1007, -82, -71, 887, 421, -1417, 498, -214, -780, -214, 27, -101, 645, -231, 750, 441, 1383, 856, -544, -795, 2255, -1934, -643, -1536, -940, 1705, -2304, 2129, -2215, 695, -1420, -1288, -965, 2177, 1926, -45, 1408, 620, 3304, -1093, 822, 3416, 806, -2184, -4463, -2370, 1077, -3088, 1727, -1262, -2317, -262, -1616, 1506, -461, 6229, 1338, -909, -1261, 829, -1249, -547, 3921, -3418, 1091, -1725, 1785, -525, 4832, 2950, -2835, -3905, 447, -4089, -4000, 4330, 476, 3574, -938, 2705, -1491, 1046, -77, 94]
[0, 0, 0, 0, 0, 0, 0, 0, 0, 0, -2, 1, 0, 1, 0, 1, 1, -1, -1, 1, 3, 0, -1, -2, -3, -1, 0, -1, 0, 1, 1, 0, 1, -1, 3, -1, 5, 2, 0, -2, -2, 0, 1, -4, 0, -5, 1, -3, 6, 1, 6, 4, -3, -3, -1, 2, -5, 1, 0, -4, -4, -3, -2, 0, 1, 3, -4, 2, 1, 1, 6, 2, 2, 2, 1, 3, 5, 2, 2, 0, 3, 3, -5, -1, -4, -3, 0, -1, 0, -4, -2, 1, -5, 1, 1, 2, 2, -4, -1, -4, 4, 3, 0, 0, -2, 1, -2, 5, -2, 1, -3, 3, -1, 6, 2, -3, 0, 4, 2, -1, -376, 218, -229, -420, -299, -859, 2664, 197, 1636, 384, 761, 828, -4226, 311, -481, -1785, -2601, -2148, 62, -233, 811, 3750, 1509, 3541, 2093, -664, -1189, 5676, 290, -1192, -2189, -3325, -2917, -6356, 5187, -2332, -136, -29, -1975, -4494, 1506, 3581, -1041, 1452, 4288, 4390, -3895, 2639, 10683, 3873, 304, -7715, -3625, -780, -5413, -719, -2813, -1897, -861, -3282, 848, -708, 5670, 4465, -3438, 1327, 791, -1092, -2390, 7725, -2541, -817, -2004, 7456, -626, 7608, 1591, -4993, -10603, 1405, -1684, -10950, 8709, -1400, 6965, -5633, 8694, 5106, 2579, -2336, 692]
[0, 0, 0, 0, 0, 0, 0, 0, 1, 1, -1, 0, -1, 1, -1, 0, 1, 1, -1, -2, 2, -2, 0, 0, 0, -3, -2, 2, 1, -1, -2, 0, -1, -1, 2, 3, 2, 2, -1, 1, 1, 3, 3, 1, 1, -2, 2, -1, 3, 0, 2, 2, -6, -5, 0, -1, -1, 0, -1, -7, -6, 0, -2, 2, 0, 1, 1, 4, -3, 0, 6, 2, 2, 3, 4, 0, -2, 0, -1, -2, 4, -3, -2, -1, -2, -2, -2, 2, 1, 0, -4, 0, -7, 5, 1, 1, -3, -6, -2, 0, 7, 0, -1, -1, 1, 3, -1, 0, -2, 4, -2, 4, -4, 4, 0, -1, 4, -4, -3, 4, -362, 366, 446, 342, -448, -275, 522, -735, -521, -121, 420, 148, -82, 273, -10, -352, 597, -95, -53, 408, -317, -503, 507, 577, 165, -441, 318, 547, -1777, 429, -961, -53, 1405, 328, -237, -1175, 385, -645, -1681, 398, 1287, 374, 581, 762, -26, 1175, 350, -419, 571, -416, -683, -2269, 109, 1424, -986, 1429, -626, -1479, -750, -701, 249, 204, 2736, 197, -267, -938, 481, -1030, 708, 711, -2627, 1177, -161, -330, 546, 2788, 2128, -1398, -218, 669, -3078, 20, 1010, 112, 254, 280, -1371, -1918, 449, 161, -731]
[0, 0, 0, 0, 0, 0, 0, 0, 0, 0, 0, -1, 0, 0, 0, 0, 0, 0, 0, 2, 0, -1, -1, 3, 1, 0, 1, 0, -1, -2, -1, -1, -2, 3, -3, -1, 2, -1, 0, -1, 4, -2, -1, 2, -1, -4, 2, 2, -1, 0, 1, -2, -3, 1, 4, -2, 1, -4, -4, 2, -2, 4, -1, 0, -3, -1, 3, 3, -2, 2, -3, 3, -2, 5, 5, 6, -1, 1, -1, -5, -6, -4, -1, -5, 0, 2, -5, -4, -1, 2, 0, -3, -6, 1, -2, 0, 2, 1, -1, -1, 6, 5, -3, 2, 0, -5, 1, 1, -6, 0, 2, 4, 1, 3, -2, -1, -1, -2, -5, 2, -1, -6, -5, 7, -3, -9, 11, -6, -1, -7, -3, 5, -4, -13, -3, -6, -3, 0, 2, 6, -37, -7, -4, 16, 3, 10, -5, -7, -4, 20, 14, 14, 12, 7, -6, -11, -13, -1, -14, -24, -12, -1, 11, 5, 13, 4, -15, -8, -12, 21, -21, -10, 9, 11, 22, -8, 0, 5, -34, -1, 2, 27, -24, -11, 12, 9, -3, -6, -6, -22, -13, -8, -27, 7, 0, 27, -7, -2, 15, 4, -2, -4, 7, 25, -14, 0, -13, -13, 6, -21, 11]
[0, 0, 0, 0, 0, 0, 0, 0, -1, 0, -1, 1, 0, -1, 1, 1, 2, 0, -1, 0, 2, -1, 0, 0, -2, -1, -1, 1, 4, 1, 1, -1, -1, -1, 3, 1, 1, -1, -5, 2, -4, 0, 0, -3, -1, 0, -3, 1, 1, -1, 3, 0, -2, -1, 1, 7, 0, 2, 4, -1, -4, -3, 1, 1, 5, 0, -1, 2, 1, -1, 3, -4, 3, -3, 1, -4, 4, -1, -1, 3, 2, 3, -5, -3, -1, 2, 7, 7, -2, 3, 0, 4, 1, 2, -2, 4, 1, -3, -5, -5, -3, -1, -3, 2, 1, 3, -1, -2, 4, -1, -2, -5, -2, 0, 1, -1, -5, -4, 4, 0, 0, 3, 8, 2, 0, 8, 7, 11, 12, 5, -2, 1, -9, 6, -13, -8, -16, -5, 1, -1, 7, 2, -9, -1, 15, 2, 7, 0, 15, -9, -7, -13, -1, -8, -2, 0, -2, 9, -3, -7, 11, 10, 8, 7, 22, 5, 4, 6, 3, -18, 14, -4, 19, 2, 1, 3, 1, 14, 3, -15, 1, 11, 0, 2, 1, 21, -7, 0, 10, 6, 14, 0, -18, 3, -8, -9, -3, -12, 10, -3, 12, 15, -25, -15, 10, 5, 2, 2, -15, 0, -15]
[0, 0, 0, 0, 0, 0, 0, 0, -1, 0, -1, 1, 0, 0, 0, 1, 0, 0, 0, 2, 1, -2, 2, 1, -1, -2, 0, 1, 0, -4, 3, -1, 1, -1, 0, 0, 0, 0, -3, -3, 3, 2, -2, 2, 4, 1, -2, 1, 3, -2, -4, 0, -8, -5, 0, -3, 4, 0, 2, 0, -3, 1, 1, -2, 4, -1, 2, 2, 2, -1, 4, 0, 2, 6, 7, -1, -2, 4, -1, -3, 0, -2, -1, -3, -2, -2, -6, 4, 2, -2, -1, 1, -4, -3, -2, 2, 0, -6, 1, -3, -4, 3, -1, 2, 0, 1, -4, 3, 1, 2, -1, 2, 1, 2, 0, -1, 0, -6, 8, 1, 6, 2, -14, -4, 17, -6, 2, 5, 1, -21, -12, 12, -3, -9, -3, -2, -5, -10, -1, -6, -2, -7, 6, -15, 21, 4, 14, -3, -1, 2, 13, -27, 16, -4, 0, -8, -6, 15, 5, -27, 16, 7, -6, -1, 9, 14, -4, -10, 1, 0, -6, -4, 28, 0, 16, -11, 8, 1, -1, -12, -4, -1, 1, -22, 15, 8, -11, -5, 14, -9, -34, 5, 6, 12, -2, 18, 2, -3, -10, -17, -6, -12, 12, 5, 10, 2, 8, -1, 10, -2, -3]
[0, 0, 0, 0, 0, 0, 0, 0, 0, 0, -1, 0, 0, -1, 2, -1, 2, 0, 1, -1, 0, -1, 0, 1, -1, 1, 0, 1, 1, 0, -4, 0, -1, 2, 1, 1, 0, -1, 0, 2, 0, -1, 3, -1, -4, -6, -1, 0, 1, -1, -2, -3, 2, 5, 2, 5, 1, 6, -3, 1, -4, -3, 2, -2, 4, -1, -2, 3, -2, 3, 0, -5, -1, -2, 4, 0, -3, -1, 2, 3, -4, -3, 6, -1, 0, 2, 9, 1, -1, -2, 2, 1, -4, 3, -1, 0, -3, -1, 3, 1, -5, -1, -2, -4, -3, -1, 8, 2, 3, -1, -3, -2, 4, -1, -2, 2, 3, 1, -4, 1, 1396, -1096, -1449, -2048, 2004, -293, -252, 3240, 2653, 850, -2424, 1235, -4192, -1100, 1210, 571, -4402, -1481, 2283, -2142, 868, 6033, -40, 363, 499, 1617, -4064, 1596, 8372, -4752, 1786, -4109, -7192, -6924, 5566, 5192, -4508, 4549, 5498, -5350, -3075, 4125, -1985, -1696, 5135, -857, -6874, 572, 11362, 2433, 1222, -318, -4700, -5468, -1220, -6058, 1871, 2350, 394, -1679, -1098, 2069, -6496, 8795, 1254, 4835, -1429, 5594, -7272, 6891, 7480, -4458, -6072, 5284, -846, -7868, -8199, 104, -9839, -5152, 12622, -12512, 7114, 927, 9421, -4852, 11942, 17331, -2328, -4461, 10125]
[0, 0, 0, 0, 0, -1, 0, 1, 1, -1, 0, 1, 1, 0, -1, 0, -2, -1, 0, 1, -1, 2, 1, -1, 1, -1, -2, 0, -1, 0, -2, 0, 3, 3, 1, -1, -2, -3, 4, -3, 2, 1, 1, 1, -2, 4, 0, 0, -2, -1, -1, 0, 3, -3, -6, -6, 1, -2, -2, 3, 4, 3, -1, 1, -2, -1, 4, -4, 3, 1, -5, 0, -3, 1, -5, -4, 0, 1, -1, 1, 2, 2, -1, 6, 2, 0, -4, 3, 0, -1, 5, 1, 1, -5, -2, 1, -1, 0, -5, -2, -6, -5, 6, -3, 2, -4, -2, -5, -3, 3, 4, -2, 3, -3, 1, 4, -1, 2, -1, -3, 8086, -5794, -4727, -6975, 4330, 3528, -14472, 20633, 2314, 7382, -16731, 2719, 186, -3135, 12128, 6707, -1624, -24327, 13501, -21689, 6568, -1076, 14352, -2343, -12180, -3136, 10171, -11909, 34508, 8971, 8058, -12118, -50808, 24629, -19158, 41452, -30766, 45006, -18349, 7155, -26985, 1572, 4811, -9658, 25142, -42012, -4606, -30249, 41020, -15155, 47407, -11291, 37019, -12216, 24197, -28819, 11869, -210, -26698, -931, -34608, 29702, -79221, 41528, 2361, 31074, -7779, 28031, -4559, 703, 21026, -14500, -1875, -2283, 37551, -37361, -43902, 717, 1749, -9684, 52396, 2627, -10611, -15899, -16702, -10326, -32422, 76488, -10617, -31517, 34739]
[0, 0, 0, 0, 0, 0, 0, 0, 0, 0, 1, 0, 0, -1, 0, 0, -1, -1, 1, 0, -2, -1, 2, 1, 3, 1, -1, 2, -2, -1, -1, 2, 0, 1, -2, 1, -5, -2, 0, -3, 2, -1, -2, 4, 3, 0, 3, 3, 0, 0, -4, 1, -2, 1, -1, -5, 2, 3, -5, 3, 4, 1, 0, 0, -3, 0, 3, 0, 5, -3, -3, -1, -5, 1, -2, -4, -4, -1, 0, 3, -2, 0, 1, -1, 5, -6, -2, 5, 0, -1, -1, -1, 2, -1, -2, 0, 0, 3, -3, 8, 3, -3, 1, 4, -3, -3, -1, -1, -8, 4, 8, 0, 0, 2, -2, -3, 0, -3, 0, 0, 7, 6, -22, -14, 6, 2, -16, -7, -15, -2, 3, 10, 19, 11, -4, 1, -9, 9, 12, 1, -3, 3, -10, 4, -14, -5, -9, 5, -16, 10, -6, 10, -5, 29, -2, -11, 12, 18, 0, 0, -4, -8, -14, -1, -11, -28, -11, -9, 3, 5, -6, 28, -4, 2, -1, -15, -25, -12, -15, 8, 10, 8, 21, -10, -13, 4, 22, -2, -11, 11, -8, 11, 17, -4, -9, -25, 4, 28, -29, -13, -11, 0, 6, 8, 23, 13, -7, 19, -11, -4, -18]
[0, 0, 0, 0, 0, 0, 0, 0, 1, 0, -1, 1, 1, 1, 0, 0, -1, 0, -2, -1, 1, 1, -1, -3, -3, -1, -3, -1, 1, 1, -2, 1, 2, 1, 7, 3, 4, -1, 3, -1, -2, 1, 3, -2, -1, 0, 2, -3, 4, -2, 2, 6, 0, -3, -2, 2, -6, -1, -2, -3, -3, 0, -6, 0, -1, 0, -3, 2, 1, 2, -2, 3, 0, -1, -3, -1, 5, 0, 5, 2, 4, 5, -2, 3, 2, -3, -3, -5, 3, 3, 0, -2, 0, 6, -4, -3, -2, -3, -5, 2, -2, 0, -1, 1, 2, -2, -1, 1, 1, 3, -4, 4, 0, 2, -4, -1, -1, 5, -5, 3, -9, 7, 19, 3, -1, -9, -1, 5, 4, 12, 0, -12, 11, 1, 13, 5, 15, -2, -13, -9, 21, 9, 6, -9, 1, -4, -9, -6, 9, -7, -12, -5, -1, -9, -10, 3, 6, -14, 5, 25, 5, 1, -14, -8, -2, -6, -16, -3, 14, 4, 2, 9, -34, 21, -5, 6, 10, -5, 5, 2, -9, -16, -17, 36, 1, -26, -18, -4, -7, 38, -2, 2, 32, -1, 1, -20, 0, -4, -36, 2, -4, 2, 10, -17, -5, -11, 5, 3, 8, 10, -6]
[0, 0, 0, 0, 0, 0, 0, 0, 0, 1, -1, 1, 0, -2, -1, -1, 0, 0, 1, 2, 3, -2, 2, 1, -2, 2, -1, -1, 0, -4, 4, -1, -1, -3, -1, -1, 0, 4, -1, 3, -3, 0, -4, 3, 5, 0, 1, 0, 3, -3, -2, 0, -5, 1, 0, -7, -2, 1, 3, 5, 1, 3, 3, 0, 0, 2, -4, 2, -1, -3, 4, -6, 5, -2, 1, -2, 1, -1, 0, 0, 1, 3, -2, -1, -5, -1, -3, 3, -3, -4, -4, 2, 1, -5, -2, 5, 3, 0, 5, 2, 1, 1, 1, 2, 1, -2, -5, 3, 1, 3, -7, -1, 3, 5, -1, -1, -1, 0, 0, 4, 1893, -1392, -1481, -2158, 1748, 273, -1975, 4773, 1835, 1538, -3787, 1154, -2713, -1104, 2486, 1138, -2791, -4574, 3313, -4298, 1441, 3540, 2208, 236, -1297, 437, -930, -403, 9606, -1473, 1901, -4395, -11576, -804, 671, 8769, -7050, 9117, 226, -2400, -5306, 2845, -330, -2251, 7020, -6133, -4872, -4027, 13268, -643, 7488, -2567, 2394, -4713, 2325, -7545, 2420, 1135, -3873, -1467, -5765, 5611, -14532, 11454, 894, 7332, -1777, 7066, -4846, 4459, 6854, -4555, -3806, 3013, 4967, -9032, -10741, -419, -6068, -4201, 14494, -7516, 3332, -1854, 3324, -4536, 2342, 21358, -2691, -7278, 10742]
[0, 0, 1, 0, -1, -1, 0, 0, -1, 1, 2, 0, 1, -1, -1, -1, 0, 0, 0, 1, 0, -1, 0, 3, -1, 1, 1, -1, 0, -4, 0, 1, -2, 1, -2, 0, -1, 0, 1, 2, 1, -1, -1, 3, 1, 3, -1, 4, -4, -5, 1, -2, -3, -4, -3, 0, 2, -1, 2, 2, -1, 2, -1, 0, -1, 0, 6, 1, 0, 2, 2, -1, -5, 1, 2, -1, -3, 2, -3, -1, -1, 2, -6, -4, -3, 2, -3, 8, -3, 3, -1, -4, 0, -4, 0, 3, -5, -4, -1, -5, -5, -3, 1, 4, -4, -1, -1, -3, -3, 4, 0, 2, 2, 2, 1, 2, -3, -9, 4, 4, -14703, 10197, 8253, 12576, -7144, -6360, 26524, -37344, -3538, -13407, 30167, -5306, -814, 5302, -22385, -12157, 2298, 45111, -24960, 39917, -11643, 3298, -27476, 4055, 22518, 6596, -19569, 21654, -61364, -17552, -14059, 21883, 91649, -46827, 35902, -75250, 56671, -82432, 36665, -14213, 49048, -2968, -8972, 16686, -46047, 76342, 7684, 56792, -76591, 28883, -87283, 23594, -69605, 20386, -44015, 51309, -21883, 2983, 50306, 2567, 63442, -54385, 143663, -76912, -3960, -55807, 14001, -50452, 7928, -2658, -35239, 24429, 3819, 4200, -70796, 66265, 77893, 19, -3024, 17024, -91894, -5524, 19140, 29282, 29708, 18773, 62096, -138032, 19277, 58093, -63521]
[0, 0, 0, 0, 0, 0, 0, 0, 0, 0, 1, 0, 0, 0, -1, -1, 0, 1, 0, -2, 1, 1, 0, 0, 0, -1, -1, 1, 3, 2, 0, -1, -4, 2, -1, 1, -1, -2, 1, -3, -1, 2, 0, 2, 1, 3, 1, 2, 1, 3, -1, 3, -2, -3, -3, 0, -4, 1, -1, -2, 3, 1, 2, -3, 0, 0, 3, 0, 3, -2, 0, 1, -1, 4, -4, 1, 5, 2, -3, 2, 0, 4, -6, -8, -1, 0, 1, 4, -7, 1, 6, 2, -3, 6, -3, 3, 2, 2, -4, -3, -1, 2, 2, 5, -1, -1, 4, 4, 4, 4, 2, -8, -1, 1, 0, 2, -1, -2, -6, 3, -1579, 1137, 1000, 1413, -571, -755, 2808, -4527, -537, -1745, 3372, -621, 116, 493, -2562, -977, 210, 6340, -2793, 5012, -1713, 612, -4031, -211, 2587, 1322, -3224, 1692, -6763, -3104, -1064, 2968, 11948, -6031, 4637, -8500, 6621, -10212, 6315, -1686, 5740, -288, -1285, 1663, -6123, 9240, 502, 6855, -10514, 3153, -11889, 4618, -9399, 2109, -4737, 6191, -1867, 983, 6890, 592, 8096, -6590, 17021, -9435, 737, -6971, 1541, -5423, 155, -718, -3024, 2854, -602, -408, -9383, 5697, 8709, 1012, 224, 744, -9861, -564, 2137, 4685, 4498, 3223, 8331, -16572, 1302, 7450, -6532]
[0, 0, 0, 0, 0, 0, 0, 0, -1, 0, 0, 1, -1, 0, -1, 0, 2, 0, 1, 0, 3, 0, -1, 1, 0, -3, -2, 1, 0, -1, 2, 2, 0, -2, 2, 0, 0, -1, 0, 0, -2, 3, -3, -2, 1, -2, 1, -3, 2, 2, 1, 4, -5, -1, -2, 1, -2, 1, 2, -3, 2, 0, 3, 0, 5, -1, -4, 1, 4, -2, 6, -1, 3, 0, 3, 2, 1, -1, -4, 2, 0, 5, -2, 2, -5, 0, 4, -6, 2, -5, -4, 5, 0, 0, -2, 4, 10, -4, 1, -1, 0, 5, -1, -3, 0, 3, -5, 0, -1, 0, -7, -3, -2, 4, 4, 0, 0, 3, -2, -2, 12, -3, 10, 4, 8, -3, 2, 14, 0, 3, 3, 2, -22, -5, -6, 0, -9, -3, -8, -6, 5, -16, -1, 3, 27, -10, 9, -20, 27, 4, 8, -2, -12, -2, 4, 4, 5, 11, 6, -4, 2, 14, -11, -5, 26, 14, 10, -20, 13, -4, 1, -13, 18, 6, 0, -12, -3, 21, 1, -13, -9, 20, -4, -7, 13, -1, -22, 23, 27, -6, 12, 3, 7, -21, 3, 25, -1, -12, 2, 3, 10, -6, -17, 4, -19, -1, 1, 2, 0, -7, -1]
[0, 0, 0, 0, 0, 0, 0, 0, -1, -1, 0, 1, 0, 0, -1, 2, 0, 1, 1, 3, 1, -1, -2, -1, -1, -2, 0, -1, 0, -3, 2, -1, 0, 1, 1, 0, 2, 0, 3, -1, 3, 1, -3, 2, 2, -2, -1, -2, -2, -2, -2, 0, -5, -3, -1, -6, 1, 0, 0, 0, 0, 2, 1, 1, 2, -2, 0, 4, 0, 4, -1, 5, 1, 3, 1, 2, 0, 0, 0, 2, 1, 0, 1, -1, -3, 1, -4, 0, 1, 0, -2, -3, -4, -2, -4, 4, -1, -7, -2, -1, -7, 2, -4, -3, -2, -4, -7, -1, -2, 3, -9, 7, 5, 4, 4, 2, 1, 0, 7, 0, 9, 3, -9, 4, -1, -5, -2, 2, 5, -1, -3, 8, 2, -10, 1, -14, 3, -14, -8, -6, -7, -9, -7, -18, -4, -8, 4, -9, 4, 5, 7, -19, 7, 9, 16, -3, -1, 7, 7, 4, 5, 13, -2, 3, 4, 24, 0, -16, -19, 0, -19, 11, 5, 3, 1, -18, 7, 13, -1, -7, 14, -1, -7, 0, 8, -1, -17, 7, -1, -12, -13, 5, -5, -10, -19, -1, -5, -14, -16, -2, 3, -2, -5, 8, 0, -5, 10, -1, 13, 6, -2]
[0, 0, 0, 0, 0, 0, 0, 0, 0, -1, -1, -1, 1, 1, 2, 1, -1, -1, 0, 0, -2, 1, 3, 0, -1, 2, 4, 1, -2, -1, -2, 1, 1, 0, -3, 0, -2, 0, -2, 2, 1, -1, 5, -2, -4, -4, -3, 1, -1, -1, -2, -3, 4, 2, 4, 4, 6, 0, 1, 5, 1, 0, -2, -2, 4, 0, -3, -4, -1, 5, -5, -2, 3, 0, 1, 6, -2, 1, -3, 2, 1, -1, 0, 3, 3, 1, 0, 5, 5, -2, 1, -4, 3, 0, 3, -1, -3, 1, 2, -2, 0, -6, 2, -2, 1, -1, 6, 1, 0, -3, 6, 5, 3, 0, 3, 1, 2, -3, 8, 0, -2409, 1555, 1058, 2069, -1647, -593, 4442, -5360, -145, -1824, 5077, -1188, -103, 1037, -3953, -2630, 338, 4950, -4521, 5488, -989, 46, -2945, 1986, 3762, 148, -723, 4674, -9934, -309, -2996, 3291, 11431, -6163, 4425, -12528, 9237, -12102, 2049, -2230, 6809, -1662, -1156, 2753, -5757, 11004, 2246, 9239, -10911, 5582, -9640, 1935, -7586, 3399, -6642, 7403, -5026, 416, 6444, 166, 8409, -9003, 20662, -12762, -3389, -7301, 2364, -9420, 3182, -1682, -6740, 3434, 3933, 2952, -9327, 14297, 12720, -1103, -408, 5832, -15631, 404, 1730, 1557, 1350, 876, 7626, -21420, 5028, 8214, -13739]
[0, 0, 0, 0, 0, 0, 0, 0, 0, 1, -1, 0, 2, 1, 0, -1, -1, -1, -2, 2, 0, -1, 0, -1, -3, 0, 3, -2, 0, -1, 1, 0, 1, 1, -2, -3, 5, 3, -1, 6, 1, 0, 5, -2, -2, -2, -2, 1, 1, 2, 4, -6, -1, 2, 1, -3, 1, -4, 1, -1, -3, 0, -3, 0, 1, 1, -5, -1, 0, 4, -3, 2, 4, -1, -1, 5, 5, -1, 0, -6, 2, 1, -1, 3, -2, -2, -2, 3, 1, 2, 7, 1, -1, 0, -1, -2, -4, 2, -5, -7, 5, 0, -1, 0, 1, 2, -1, -1, 4, -4, -1, 8, -2, -1, 2, 0, -2, 2, 7, 0, -3, -7, -3, 6, 8, -7, 1, 0, 5, 8, -2, 1, 19, -6, 1, 4, 10, -12, -2, -8, 6, 7, 3, -7, 2, 7, -8, 12, -5, -5, 4, -13, 8, -4, 17, -5, -7, -11, -5, 10, 2, 3, -4, -4, 4, 2, 1, 3, 4, -21, 8, -25, 3, 10, -16, 0, 16, -4, -3, -5, 8, -8, -14, 25, 10, -23, 5, 0, 0, 7, -25, 9, 19, 16, 3, -7, 6, -11, 2, 3, -6, 7, 4, -8, 12, -1, 0, -10, -6, 9, 3]
[0, 0, 0, 0, 0, 0, 0, 0, 0, 0, -1, 1, 0, 1, 0, 1, -1, -2, 1, -1, -1, 2, 2, 0, -4, 2, 0, -1, 1, 1, -1, 0, 0, 0, 3, -1, 2, -3, 3, 0, -3, -1, 3, -1, 1, -4, 3, 0, 2, -4, -2, 3, 3, 0, -1, 3, -3, 0, -1, 6, 3, 1, -1, -1, 1, 0, -6, -2, 6, -2, -6, 0, 1, -1, -3, 3, 4, 4, 3, 2, -2, 8, -3, 0, -3, 1, 6, -2, -1, 0, 3, -3, 4, 0, -1, 0, 1, 6, -1, 4, -1, -2, 0, 3, -1, -6, -3, 1, 4, 2, -1, -1, 1, 1, -1, 4, -1, 9, 0, 4, -3582, 2417, 2021, 3564, -2412, -596, 5209, -8709, -1626, -3124, 7370, -2185, 2567, 1416, -5579, -2857, 2568, 9323, -6767, 8868, -2287, -2690, -5441, 569, 4331, 573, -624, 3396, -16215, 128, -3377, 7158, 20543, -5116, 3381, -17847, 14214, -18764, 4290, -175, 10215, -4445, -927, 3584, -12040, 14490, 6116, 11873, -23220, 5426, -15916, 7131, -9780, 6366, -7182, 12427, -5653, 1034, 10166, 2286, 12590, -12885, 29333, -22004, -2460, -12931, 3159, -13637, 6428, -6699, -9594, 6451, 6608, -1170, -13741, 17117, 19223, 1190, 6147, 7604, -23940, 7516, -2436, 3949, -1777, 5540, 5436, -36835, 5767, 14271, -20566]
[0, 0, 0, 0, 0, 0, 0, 0, 1, -1, 2, -2, 0, 1, -1, 0, 0, 1, 0, -3, -1, 2, -1, 0, 2, -2, -2, 3, 1, 3, -4, 1, -2, 0, -1, 5, -3, -5, 4, 1, 1, 1, 0, 2, -5, -1, 4, -1, -3, 3, 1, 2, 3, 0, -4, 1, -2, 2, -4, 1, 2, 2, 0, -2, -4, -4, 2, 1, -3, 1, -4, 4, -4, 2, 3, -1, -6, -2, 2, 4, 2, -4, 0, -1, 2, 3, -2, -3, 0, 1, -5, -5, 1, 1, 2, 0, -3, 1, 2, 4, 7, 1, -2, -2, -1, 3, -1, -5, -7, 1, 1, 5, 0, 0, -2, 1, 6, 3, -4, 1, 5, 0, -7, -3, -20, 1, -9, -6, -10, 5, -7, 11, 18, 15, 9, -7, -7, 11, 2, 8, -18, 8, 4, 10, -47, 18, -4, 7, -13, 6, 0, 18, -3, 7, -10, -1, -2, 4, -7, 5, -25, -10, -17, 17, -15, 3, -17, -3, -6, 34, -10, 18, -21, -10, -9, 21, 11, -8, 4, 0, -4, -10, -7, 3, 7, 18, -1, -14, -30, -7, 2, 12, -3, -16, -3, -8, 4, 27, -44, 17, -11, 5, 26, 6, 13, 4, -3, 5, -14, 1, 0]
[0, 0, 0, 0, 0, 0, 0, 0, 0, -1, 3, 0, 0, 0, -2, 0, -2, 1, 1, 1, 0, 1, -3, 0, -1, -3, -1, 2, -1, -2, -1, 1, 1, 0, 2, 2, 1, -1, 2, -1, 5, 3, -1, -2, 1, -3, -2, 2, -1, 3, 1, -2, -1, -4, -4, 1, -1, 3, 1, -3, -3, -1, -3, -1, -2, -2, -4, 2, -2, 0, -2, 3, -3, 6, -1, 8, -2, 2, 1, -1, 5, -7, -2, 0, -2, 1, -5, -5, -1, 3, -3, 2, 2, -9, -2, -3, -3, -1, 1, -2, -2, 3, -6, 0, -5, 4, 2, 0, -3, 3, -4, 4, 2, -1, -3, -2, 3, 3, -2, 0, 2, -8, 4, -16, -22, 0, -6, 13, -3, 1, 0, 8, 10, -8, 0, -8, 15, 6, -6, 1, 1, -4, -15, 10, -22, 9, -9, -12, 12, 5, -7, -7, -8, -10, -5, 9, -13, 10, -19, 16, 4, -1, -16, 10, -16, 9, -23, -13, -6, 6, -12, -15, 9, -2, -9, 17, 2, 4, -14, -16, -31, 17, -7, -16, -12, 25, -9, -5, -6, -9, 18, 3, -14, -25, -2, 0, -3, 3, -26, -5, 2, -1, -17, 2, -27, 40, -8, -15, 9, -3, 0]
[0, 0, 0, 0, 0, 0, 0, 0, -1, 0, 0, 0, -1, 0, 0, 2, 0, -1, 0, 3, 0, -3, 0, 4, 1, -3, 2, 2, 2, -1, 1, -2, -2, 2, -1, -2, -1, -4, -4, 0, 4, -4, 0, 0, 0, -7, 0, 5, -1, 1, 3, -4, 1, 3, 3, -2, 3, 0, -4, -2, 1, 1, 2, 1, 0, -2, -3, 6, 0, 0, -3, 0, 0, 3, 4, 3, 1, 2, -4, 1, -4, -6, -1, -6, -1, -2, 1, 5, -4, 0, 1, 1, -3, 1, -1, 2, -4, 4, -2, -6, -1, 5, -2, 7, 3, -1, 2, 0, -3, -1, 3, 1, 2, 0, -3, -1, -1, -7, -3, -1, -2118, 1337, 1103, 2057, -1081, -435, 3288, -5512, -604, -2121, 4639, -1445, 1330, 695, -3758, -1539, 903, 7177, -4420, 5989, -1639, -589, -4694, -163, 3065, 1169, -1857, 1847, -9158, -1527, -1413, 4698, 13794, -5300, 3711, -11268, 9363, -12858, 5931, -1084, 6306, -2481, -1208, 1832, -8250, 9950, 2802, 8874, -16212, 4314, -12218, 6978, -8620, 2836, -4625, 7565, -3034, 2056, 8275, 1851, 9381, -9078, 19168, -14722, -649, -8316, 1786, -8066, 2696, -4278, -3980, 3250, 2868, -451, -10899, 8724, 11213, 1971, 3392, 3494, -13246, 3401, -992, 3747, 680, 3785, 7200, -23184, 3043, 9737, -12216]
[0, 0, 0, 0, 0, 0, 0, 0, 0, 0, -1, 0, 1, 0, 1, 0, -1, -1, -1, 3, 2, 1, -1, -1, -2, 1, -1, -3, 0, -1, -3, -2, 2, 6, 4, 1, 2, -1, -2, 0, -2, 0, 3, 0, 0, 1, -1, -1, 1, -3, -1, -1, -1, -3, 1, -1, 2, -4, 3, 2, -4, 4, -4, 3, -1, 4, 3, 1, -5, 4, -2, 3, -1, 2, -1, -4, 2, 1, 0, -2, -2, 6, -1, 1, -1, -3, -1, 7, 4, 3, -2, -1, -4, 3, -2, 4, -2, -5, -6, -5, -2, -5, 4, 5, 5, -3, -3, -5, -1, 3, 3, 4, 4, 1, 3, 1, 2, 0, -2, 1, -1313, 1041, 1083, 1228, -1148, -748, 1983, -3225, -995, -890, 2530, -187, 265, 919, -1354, -937, 1119, 2905, -1671, 2776, -1074, -1037, -1242, 514, 1304, -420, -769, 1557, -6039, -411, -1811, 1576, 7804, -1723, 1758, -5900, 4019, -5882, 41, 486, 4370, 341, -65, 2157, -3451, 5823, 1268, 2761, -4573, 779, -6502, -1400, -3915, 2945, -3469, 5160, -1730, -2195, 2301, -358, 4572, -3270, 12452, -4701, -502, -4916, 1441, -4042, 1397, 1042, -5514, 3115, -205, -504, -3528, 7034, 7380, -1524, 44, 1580, -9930, 423, 1847, 2074, 1920, 2063, 1861, -12019, 1690, 3845, -4507]
[0, 0, 0, 0, 0, 0, 1, 0, 0, -1, 0, 0, 0, 1, 1, 1, 0, -2, -2, -2, 0, 0, 1, -1, 1, 2, -1, 0, -2, 2, -2, 1, 2, -5, -1, 3, 2, -2, 2, 2, -1, 1, 8, -1, -3, 3, 2, -4, 2, 1, -1, 3, 1, -1, -5, 2, -1, -6, 1, 1, 1, 2, -3, 0, 1, 3, 0, -6, 3, -1, 1, 0, -1, -2, 3, 0, -2, 3, -5, 1, -3, 4, -1, 3, 0, -3, -2, 0, 9, 1, -5, -2, 1, 4, 1, 2, -2, 1, 0, 2, 2, -6, 2, -3, 2, 3, 1, 0, -2, -1, 6, -6, -3, -4, -1, 3, 5, 2, -3, -5, 5000, -3682, -3733, -4936, 3919, 1629, -6494, 11846, 4089, 3595, -8910, 1731, -3455, -2545, 5373, 3535, -5604, -10751, 6832, -10918, 3803, 5882, 4970, -994, -4079, 887, 432, -3843, 23205, -897, 5955, -7836, -28125, 2597, -2099, 21503, -16034, 21665, -243, -2927, -15464, 3047, -773, -6391, 14532, -18156, -8347, -9827, 24071, -2290, 20945, -774, 10733, -11378, 9911, -18209, 6656, 4470, -8688, -1010, -14592, 11929, -40558, 22434, 1705, 17795, -4942, 16164, -8878, 4089, 18261, -11260, -4720, 5414, 12945, -24158, -26537, 2517, -7466, -8292, 35109, -9550, 339, -5991, 1030, -9222, 394, 46963, -6442, -16169, 21077]
[0, 0, 0, 0, 0, 0, 0, 0, 1, 0, 0, -1, -1, 1, 0, 1, -1, 0, 1, 0, -3, 0, -2, -2, 2, 2, 2, -1, 2, 3, 0, -2, 0, -1, -3, -3, -1, -2, 5, -2, 2, 2, 0, 3, -4, -1, 2, -4, 1, 3, -3, 0, 3, 1, 2, -3, 3, -3, -5, 4, 4, 2, 0, -1, -4, -2, 1, -4, -1, 1, -10, 2, 0, -2, 0, -2, 1, 1, 1, -3, -2, -2, 5, -2, 4, -2, -3, -1, -2, -2, 2, 0, -8, 6, 3, -2, 1, -1, -2, 0, 3, 1, -4, 2, 1, -4, 5, 0, -3, -4, 4, -4, 3, -3, -2, -2, 3, 2, -4, -4, -1, -4, -14, -1, -3, -4, 2, -14, 12, 0, -3, 5, 2, -6, 9, -4, 11, -12, 18, 14, -15, -3, -7, -7, 12, -9, -16, 0, 0, 2, -2, 8, 6, -7, 13, -7, 2, -25, -6, -16, -23, -12, 12, 7, 6, -9, -7, 9, 11, 16, -27, 4, -17, -13, 13, -22, 2, 0, -18, 21, 11, -17, 0, -15, -2, -7, 17, 8, -5, 1, -5, -17, -2, 3, -18, -10, 3, -9, 15, 12, -5, -16, 11, 15, -16, -36, 0, -2, 7, 0, 9]
[0, 0, 0, 0, 0, 0, 0, 0, 0, 0, 0, -1, 1, 0, 1, -2, 1, 1, 0, -1, 0, 0, 0, 0, 0, -1, 0, 1, 0, 3, 0, 3, -2, 5, -2, 0, -2, 0, -2, -1, -2, -5, -1, 2, -1, -1, 0, 3, 0, 3, 5, -1, 0, 5, 3, 0, 0, 1, -1, -3, 0, 0, 2, 0, 3, -1, 2, -1, -1, 3, 1, 0, -4, -2, -2, 0, -1, 2, -3, 4, -1, 4, 2, -2, 3, -1, 2, 1, -1, 1, 7, 5, 1, 2, 1, 1, 4, 6, 2, -8, 2, -1, 7, 1, 4, -4, 0, 2, -2, -6, 6, -3, 4, -2, 1, -4, -9, 1, 5, 1, -11, -5, 8, 19, 0, 13, 11, 3, 3, 11, 2, 4, -11, -1, -5, -4, -5, 8, 1, 8, -15, 13, 4, 19, 0, 5, -9, 11, -11, 12, -8, 20, -1, 1, -11, 7, -3, 2, -9, 14, 4, 4, 6, -2, 5, -11, 11, -5, -3, 5, 10, -8, -2, 0, 25, 14, 5, 7, 7, -3, -3, 17, 3, 18, 2, 5, 20, 18, -6, -15, 3, 7, -27, 7, 13, 2, -16, 4, 25, 10, -6, 19, -1, 6, 12, -13, -1, -9, -5, 1, 6]
[0, 0, 0, 0, 0, 0, 0, 0, 1, -1, 1, -1, -1, 0, 0, 2, -2, 1, 0, 1, 0, -1, -2, 0, 3, 0, -1, 1, -1, -1, 0, -1, -2, -1, 2, 1, -2, 1, 4, -5, 2, 2, 0, 4, -1, -2, -1, 0, -1, 0, 0, 5, -2, -1, -2, -3, 0, -2, -2, -1, 2, 5, -6, 0, -2, -2, 4, 1, 2, 2, -5, 2, 1, 1, -1, -1, 1, -1, -4, 8, 0, -3, -4, -3, 3, -2, -6, -1, 7, 1, -3, -7, 2, -2, -3, 4, -2, -6, -4, 3, 0, 5, 0, 0, 0, 2, -2, 1, -5, 4, -1, 2, 5, 3, -1, -3, 0, -4, -2, -5, -1924, 1178, 693, 1551, -969, -503, 3784, -4237, 247, -1565, 3958, -935, -556, 488, -3285, -2172, -258, 4513, -3636, 4746, -892, 968, -2931, 1481, 3336, 708, -1412, 3957, -7366, -1105, -2164, 2508, 9234, -6474, 4444, -10040, 7613, -10116, 3508, -2844, 5547, -1242, -1159, 1828, -4751, 9323, 1081, 8215, -8985, 5290, -8627, 2884, -7609, 2046, -5827, 5462, -3876, 1457, 6060, 331, 7239, -7547, 16575, -10454, -2316, -5821, 1667, -7304, 1811, -1318, -4081, 2195, 2670, 2645, -8764, 10409, 9584, -251, -985, 4148, -11070, -932, 1924, 1796, 2138, 416, 8273, -16251, 3827, 6934, -10461]
[0, 0, 0, 0, 0, 0, 0, 0, 0, 1, 1, -2, 0, 0, 1, -1, -1, 0, -2, 0, 1, 0, 1, 2, 1, 2, -1, -1, -1, 1, -1, -4, -2, 1, 1, 3, 2, 0, -3, 5, 0, -5, 1, -2, -1, -1, -1, 2, -3, 0, 5, -4, 2, 5, 3, 3, 2, -4, 1, 0, -3, 5, -4, 1, -3, 2, -2, 3, -4, -4, 0, -1, 0, -1, 2, -1, 1, 1, 0, -3, -3, -6, 0, -4, 1, -2, 4, 1, 5, 8, -1, -2, 4, -1, -1, 1, -2, 6, -2, -1, 5, -2, -5, 5, 6, 3, -6, -5, -3, -1, 1, 3, 0, -2, 1, -2, -1, -1, -3, 2, -8, 4, 8, -5, -4, 1, 11, -5, -3, 2, 9, -9, 1, -4, 6, 4, -1, 12, -1, -2, -20, -4, -13, 13, -16, 13, 7, 1, -13, 3, 7, 32, 9, 0, -11, -6, 0, 5, -4, -24, 17, -10, 8, 15, -9, -24, -6, 20, -12, -1, 5, -24, -3, 13, -14, 26, -7, -16, 1, 9, -3, 6, -13, 2, 7, -8, 2, -7, -3, 5, 18, 5, -19, -5, 15, -3, -13, -3, 11, -2, 18, 6, -9, 15, -20, 25, -7, -13, 22, -15, 14]
[0, 0, 0, 0, 0, 0, 0, 0, 0, -1, 0, 1, 2, -1, 0, 1, -1, -1, -1, 0, -2, 0, 3, 1, -2, 1, 1, 0, 1, -1, -2, -3, -1, 2, 3, 2, 0, -1, -1, 1, 0, 0, 0, 2, 0, 0, -1, 1, -3, -5, -1, 2, 3, 3, -3, -2, 3, 0, -1, 1, 3, 4, -3, 0, -1, -3, -3, 1, 1, 0, -6, 1, -1, -1, 0, 3, 1, -4, 3, 5, 2, -1, -4, 2, 4, 6, 1, -5, 0, 2, -3, -8, 6, -1, -3, -3, -4, 4, 0, 9, -4, 3, 1, 0, -2, -4, 1, 3, 0, 5, -4, 4, -1, 4, -2, 6, -2, 1, -2, -4, -153, -15, -253, -44, 494, -109, 732, -699, 713, -466, 652, -205, -567, -224, -859, -118, -1131, 2351, -813, 1413, -199, 1670, -2085, -436, 1001, 1164, -2184, 665, -32, -2336, 641, 515, 2364, -3830, 2977, -1739, 1747, -2866, 4857, -2019, 909, 193, -1360, -238, -1632, 2568, -1111, 3350, -2885, 2148, -3950, 3777, -4792, -1272, -1449, 215, -88, 2118, 3507, 619, 2844, -2532, 3692, -2720, 602, -1207, -13, -507, -1592, 241, 2200, -619, -724, 1034, -4533, -1126, 408, 1512, -1483, -918, 659, -2280, 1198, 1807, 2875, 199, 6473, -2298, -20, 2225, -599]
[0, 0, 0, 0, 0, 0, 0, 0, 1, -1, 2, -1, -1, -1, -1, 1, -2, 0, 1, 0, -1, 1, 0, 2, 4, 2, -1, 1, -2, -1, -2, 0, 0, -5, -2, -1, -2, -1, 3, -4, 4, 3, 2, -2, 0, 2, -1, 1, -3, 3, -4, -1, 3, -3, -2, 2, 0, -1, -1, 4, 3, 0, -1, 0, -6, 0, 5, -5, -1, -1, -1, -4, -2, 4, 1, 3, -2, 0, -2, -2, -2, -7, -4, -2, -1, 0, -5, 1, -2, -2, -4, -4, 3, -6, 1, 4, -2, -1, 1, 3, 3, 0, 3, 0, -7, 3, 3, -2, 0, 1, 4, -4, -2, -2, 1, 2, 6, -3, -8, -2, 836, -750, -960, -975, 1353, 273, -633, 1640, 1452, 144, -1266, 68, -1115, -876, 178, 630, -2142, 253, 505, -707, 467, 2876, -1104, -654, 258, 1536, -1926, -476, 4687, -2384, 1811, -878, -3264, -3170, 2134, 2588, -1401, 1378, 4910, -2569, -2300, 398, -1097, -1731, 1196, -1245, -2629, 1332, 895, 1648, 426, 4356, -2228, -3420, 907, -3350, 1189, 3487, 1710, 530, -244, -52, -5141, 1330, 1077, 2435, -1043, 2516, -3028, -228, 6081, -3001, -1295, 1701, -1873, -6137, -4910, 2419, -1947, -2438, 8003, -3409, 625, 589, 2228, -1465, 5871, 7125, -1486, -883, 2966]
[0, 0, 0, 0, 0, 0, 0, 0, 0, -1, 1, 0, -1, 0, 0, 0, 0, 1, 2, 0, -1, 1, -1, -1, 1, -2, 1, 0, -1, 3, 3, -1, 0, 2, 1, 0, -3, 2, -3, -7, -1, -1, -7, 5, 5, 2, -2, 0, 1, 2, 0, 2, 2, -3, 1, -2, 3, 3, 2, -4, 2, -4, 2, 1, 0, -1, 3, -1, -4, 1, 3, 4, -2, 4, -2, -1, -3, 2, -1, 4, 0, -2, 4, -1, 0, 2, 0, -5, 1, -3, -1, 1, 4, -4, 4, 0, 6, -2, 7, 2, -3, 1, 4, -3, 1, 2, -4, 6, -2, -1, 1, -1, 5, -4, 2, -6, -2, 0, 5, -5, 2, 0, -1, 0, -4, 16, -4, 2, 3, -8, 10, 6, -10, -4, 4, -10, 7, 2, -2, 10, 10, -3, -6, 6, 4, -8, 5, 9, -3, 11, -2, 3, -17, 4, -14, 4, 1, 4, -6, 9, 12, -2, -2, 9, -3, -13, 20, -10, 1, 4, 7, 7, 9, -13, 25, -9, -4, -3, 24, 12, -4, 3, 18, -17, -23, 14, 4, 18, 7, -5, 16, 1, 1, 3, -4, 13, -6, -12, -2, 13, -7, 0, -15, 2, -8, -28, 5, -7, 18, 1, 12]
[0, 0, 0, 0, 0, 0, 0, 0, 0, -1, 1, 0, -1, 0, 0, 2, 0, 2, 0, 0, 0, 1, -1, -2, -3, -3, -2, 0, -3, 1, 2, 0, 2, 2, 2, 2, 4, 3, 3, -7, 3, -1, -1, -5, 1, -2, 0, -3, 1, 4, -1, 2, 2, -3, 1, -2, -4, 2, -2, -4, -7, -3, -1, 0, -1, 2, -1, 1, 0, 7, 1, 3, -1, 5, -3, 5, 0, -1, 0, 4, 3, -3, 0, 3, 0, 0, -4, -4, 0, -4, 2, -3, -2, -3, -3, -1, -2, -1, 1, 1, -7, 0, -1, -9, 0, -4, 1, 5, -1, 2, -4, 3, 2, -1, 4, 1, 4, 4, 0, -2, 3160, -2176, -2117, -3407, 1168, 705, -3993, 9554, 2017, 3867, -6963, 2347, -3732, -974, 5538, 1100, -2375, -14303, 6741, -10498, 3677, 1820, 9422, 2584, -4156, -2859, 4657, 323, 14636, 4402, 765, -9002, -26122, 7364, -5363, 17022, -14920, 21741, -13577, 68, -10531, 4198, 1900, -2422, 15961, -15604, -4860, -13373, 31623, -4595, 23612, -15872, 15746, -4814, 5474, -13330, 2836, -4026, -15186, -4150, -16317, 14245, -31090, 24990, -2540, 15098, -2698, 11575, -3442, 9043, 4536, -6027, -2588, 5331, 19183, -8298, -17355, -5800, -9270, -2363, 19987, -8521, 3459, -9316, -1559, -10185, -10544, 39973, -2200, -17524, 17378]
[0, 0, 0, 0, 0, 0, 0, 0, 0, 0, 0, -1, 0, 0, -1, 0, -1, 0, 0, 1, 1, 2, 1, 0, 2, 4, 1, -3, 0, -1, 1, -4, -2, 0, -3, -1, -2, 0, 1, -2, -1, -1, -1, 2, 0, 3, 1, -1, -2, -3, -2, -1, 2, 1, -2, -3, 3, -5, 0, 7, 5, 7, 1, 2, -7, 2, 3, -3, -4, -4, -1, 1, 1, 0, 0, -6, 1, -1, 1, -8, 1, 2, -2, -5, -3, -1, -4, 4, -3, 1, -3, -2, -4, -2, 2, 4, 0, 1, -3, -2, 3, -3, 4, 7, 1, -4, -4, -6, -2, 0, 4, -2, 2, 2, 0, 1, 1, 0, -5, 0, 2, 9, -18, 0, 0, -7, -10, -17, -18, -20, -5, -2, -3, -12, 10, 19, -1, 0, 8, -8, -5, -2, 3, -10, 1, 9, -6, 1, -14, -4, 6, 6, 1, -16, 13, -6, 11, -7, 3, -15, 1, -17, -5, 1, -6, 11, -20, 26, -11, 12, -8, 3, -6, 2, 6, 16, -18, -16, -13, 7, 6, -32, -3, -6, -5, -21, 5, -22, 0, -11, -4, -8, 12, 15, -5, 7, 0, 12, -14, -4, 13, -27, 19, 10, -4, 9, -13, 7, -9, -5, -4]
[0, 0, 0, 0, 0, 0, 0, 0, 0, 0, -1, 0, 0, 1, 1, 0, 0, -1, 0, -1, -1, 0, 2, 1, 0, 1, 1, 3, -2, -2, -5, 2, 1, -1, 0, 3, 0, -3, 2, 0, 3, -2, 7, -3, -5, -8, 1, -2, 1, -2, -1, 2, 2, 5, -1, 6, 3, 4, -2, 1, -1, -1, -2, -5, 1, 0, -2, 2, 2, 2, -4, -2, -2, -1, 3, 4, -5, 2, -1, 5, -2, -3, 5, 4, 0, -3, 2, -1, 7, -2, -2, 1, -1, 1, -3, -2, -7, 1, 5, 5, 1, 0, -2, -2, -3, 4, 5, 1, -4, 0, 4, 3, 1, 0, -2, 1, 3, -2, 1, -1, -7, -4, -3, -16, 7, 6, -10, -14, 5, 13, 9, 5, 19, 24, -1, -14, -1, -3, 10, -1, 0, -8, 8, -18, -26, 2, 6, 12, -17, 4, -7, -6, 18, 7, -3, 4, -7, 3, 3, 10, 9, 11, 7, 1, -17, -22, 18, -4, 4, 4, 12, 8, -20, -7, -27, 13, 12, 13, 15, 6, -23, -3, 34, -8, 15, 5, 5, 4, -14, 11, -6, 11, 10, -11, -1, -35, -8, -9, -4, -12, 4, 12, 6, 1, 1, 14, 4, -21, 9, 2, -3]
[0, 0, 0, 0, 0, 0, 0, 0, 0, 1, -1, 2, 0, 0, 1, -1, 0, -1, 0, -1, 0, -1, -1, 0, -3, -1, -1, 0, 3, -3, -3, 3, 2, 0, 4, 1, 2, -3, 1, 4, 0, 6, 5, -2, -1, 2, -1, 0, 5, -3, -4, 0, -5, -6, -2, 6, -2, 2, 3, -1, -3, -3, -3, -5, 8, -3, -2, 1, 2, -1, -1, -3, 2, 0, 5, 2, 0, 3, 3, -2, -2, 4, 3, 3, -1, 0, 3, -4, 1, -2, 1, 3, -2, 0, -1, -1, 1, -6, 3, -2, -7, 4, -2, -1, 0, 4, 1, 1, 5, 4, -5, 1, -2, -1, -2, 1, 1, 3, 0, 4, -45, 141, 490, 468, -400, 244, -1162, -443, -1359, -68, -113, -283, 2276, 256, 426, 654, 2106, 338, 83, -19, -424, -2977, 153, -1293, -1270, -521, 1526, -2509, -1569, 1679, 261, 1479, 1807, 4671, -3544, 705, -14, 341, -1801, 3355, -44, -1480, 1065, 33, -1872, -2124, 2719, -2474, -3945, -2892, 481, 831, 3209, 1689, 2357, 1304, 938, -962, -1039, 1080, -967, 1098, -1474, -1478, 1132, -1103, 21, -10, 2278, -2957, -1371, 1438, 1212, -4158, 1937, -1213, 682, 925, 5394, 148, -1933, 6171, -4054, 125, -4209, 3001, -7097, -3868, -698, 708, -689]
[0, 0, 0, 0, 0, 0, 0, 0, 0, 0, 1, 0, 0, 0, -2, 0, -1, 0, 2, 1, 2, -2, -1, 0, -3, 0, 0, 2, -1, -3, 5, 1, -1, -3, -4, 1, 1, 4, 2, 2, 2, 0, -4, -2, 0, -2, 0, -1, -1, 2, 3, -2, -3, 2, 4, -4, -1, 0, 4, 0, -3, -3, -1, -1, 0, 3, -4, 2, -4, 2, -3, -2, 3, -1, -3, 5, -2, -1, -3, -1, 4, -3, -2, 2, -2, 2, -5, 4, -1, 3, 0, 3, -3, -6, -3, -1, -6, 2, 3, -3, 0, 3, -1, -6, -2, -2, 2, 1, 4, -3, -10, 4, 1, -4, 1, -2, 4, -1, 7, 2, 1715, -1275, -1164, -1636, 1473, 530, -2538, 3912, 1063, 1125, -3262, 586, -714, -921, 2044, 1571, -1534, -3009, 2443, -3554, 1015, 1730, 1228, -972, -1658, 570, -268, -2346, 7983, -734, 2373, -2375, -8660, 1381, -1060, 7845, -5604, 7253, 868, -420, -5184, 1022, 61, -2342, 4256, -6465, -2680, -3879, 6632, -1565, 6134, 859, 3335, -3815, 3982, -5878, 2864, 1704, -2679, -2, -4747, 4397, -13941, 7434, 1631, 5720, -1758, 6013, -3172, 615, 6659, -3691, -2175, 379, 4177, -9827, -9383, 1492, -1202, -3755, 12463, -2253, -447, -1218, 11, -1921, -520, 15495, -2958, -5163, 7854]
[0, 0, 0, 0, 0, 0, 0, 0, 1, -1, 1, -2, 0, 0, -1, 1, 0, 2, 0, 0, 1, 0, -3, -1, 0, 0, -1, 0, 1, 2, 1, 0, -1, 3, -3, 2, 0, 0, 1, -3, -1, -2, -3, -1, -6, 0, 0, -1, -1, 4, 4, 0, 3, 3, 3, 0, -1, 0, 0, -1, -3, 1, -5, 1, -4, 1, 4, 1, -5, 3, -4, 2, -1, -1, -5, -7, -3, -4, 2, 1, 3, -5, -2, 0, 7, -1, -4, 4, -1, 3, 0, 0, -4, 0, 1, 2, -7, 0, -5, -1, 1, 0, 2, -2, 4, -5, 0, -3, -7, -2, 0, -1, 3, -5, -2, -4, 4, -2, -7, -3, 17, 41, 223, 226, -191, 165, -668, -179, -714, -29, -134, -150, 1224, 75, 247, 390, 1082, 240, 97, -19, -278, -1506, 13, -765, -730, -172, 694, -1445, -671, 799, 229, 818, 929, 2407, -1889, 554, -91, 237, -707, 1737, -122, -836, 539, -63, -1025, -1186, 1324, -1329, -2171, -1533, 205, 709, 1620, 779, 1371, 627, 641, -358, -474, 626, -514, 580, -1103, -719, 745, -520, -39, 119, 1034, -1669, -458, 719, 489, -2286, 934, -1062, 139, 671, 2901, -59, -684, 3254, -2221, 135, -2115, 1628, -3674, -1843, -490, 385, -156]
[0, 0, 0, 0, 0, 0, 0, 0, -1, 1, 0, 1, -1, 1, -1, 1, 1, -2, -1, 0, 1, -2, 2, 1, 0, -3, -1, 2, -2, 1, 3, -2, 2, -5, 1, 2, 2, -1, -4, 3, 3, -2, -2, 0, 3, -1, 2, 1, 2, 0, 3, -2, -2, -4, -1, -1, -2, 0, -3, -2, -2, -2, 2, 1, 2, 1, -6, 2, 5, -6, 4, 1, 3, 4, 2, 1, -2, 4, -1, -4, 1, -5, 3, -1, -5, 0, -3, -1, 2, -1, -4, 1, 3, -3, -2, 1, 3, 3, -3, 2, -2, -3, -8, 2, 4, 6, -11, 1, 1, -1, 0, 6, -3, -1, 0, -3, -1, -1, -1, -3, 18, 0, 0, -20, 13, -6, -3, 2, -2, -15, 6, -6, 9, 2, -14, 6, 1, 1, -7, -14, 19, -9, 3, -6, 13, 10, 21, -14, -9, 0, 21, -6, -4, 8, -17, -13, 2, 6, -3, -41, 28, -13, -19, -2, 1, -14, 21, -8, 16, -9, 23, -10, 15, 13, -22, -6, 6, -19, 2, 3, 0, 3, -10, -24, 8, -11, -28, -10, 13, 19, 1, 4, 31, 8, -1, 1, 3, 3, -18, -8, 12, -10, -9, -16, -6, 4, -11, 3, 13, -6, -9]
[0, 0, 0, 0, 0, 0, 0, 0, 1, 0, 0, 1, 1, 0, -1, 0, -3, -1, -1, 2, 1, 1, -1, -4, -1, 1, -1, -2, -2, -1, 2, 2, 3, -3, 3, 0, 1, 4, 2, -1, -2, 3, 0, -1, 2, 4, -1, -3, 2, 0, -1, 0, 1, -3, 0, -1, -2, -1, 1, 4, -1, -5, -3, -1, -6, 1, 1, -2, -3, 4, -1, 1, -2, -2, -9, 0, 3, -1, 3, -2, 7, 1, -2, 7, 2, -1, -12, 2, 0, 0, -4, 3, 4, -1, -1, 0, -4, -4, -1, 3, 1, -4, 1, -4, -3, 4, -3, -3, -1, -1, 2, 2, 2, 3, 0, -1, 0, 4, 4, -4, -13, 10, -4, 2, -1, -5, -8, 1, -14, -2, -1, 1, 11, 0, 7, 4, 19, 5, 0, -10, 26, 15, 1, -18, -14, 4, -17, 4, 3, -8, -11, -36, -9, -12, 11, 14, 13, -15, 8, 26, -2, 1, -20, 6, -27, 18, -35, 5, 4, -22, -4, 6, -35, 7, -4, 27, -8, -18, 15, -11, 5, -31, 0, 25, -12, -26, 10, -18, -12, 3, -17, 4, 24, 1, -7, -6, 22, 20, -40, -6, -3, -4, -3, -16, 11, 18, 15, -6, -17, 17, -22]
[0, 0, 0, 0, 0, 0, 0, 0, -1, -1, 1, -1, 0, 0, -1, 1, 1, 0, 1, 1, 0, 0, 0, 3, 2, -1, 2, 2, 0, -2, -2, 0, -2, 2, -4, -1, -3, -5, 0, 0, 3, 1, 0, 1, -3, -2, 0, 2, -6, -1, -3, -3, 0, 2, -2, 2, 5, 1, 0, 4, 1, 3, 2, -1, 1, -1, 5, -1, 1, 0, -3, 2, -2, 5, 0, -1, -5, -2, -4, -4, 0, -4, -3, -2, -1, 5, 6, 6, -3, -1, -1, 3, -3, -2, 2, 2, -5, -3, -4, -2, -2, 1, -1, 2, -6, 0, 5, -5, -6, 4, 2, -2, -3, 2, 3, 7, 1, -7, -4, 0, 11, -10, -18, 3, -8, 5, -6, -4, 2, 4, -7, 11, 1, 1, -5, -13, -17, -6, 2, 5, -22, -2, -12, -1, -19, 4, -6, 10, 5, 5, -4, 2, 1, 13, 10, -2, -5, 23, -12, -7, -4, 3, 8, 7, 13, 2, -6, 0, -26, 21, -10, -4, 23, -18, -6, -5, -5, 14, -17, -6, 3, 19, 11, -13, -8, 43, 2, -1, -10, -28, 9, -2, -38, -6, -20, 2, -7, 13, -5, -2, 0, 12, -5, 9, 11, 13, -4, -1, -10, -4, 2]
[0, 0, 0, 0, 0, 0, 0, 0, 1, 0, 0, 0, 1, -1, -1, -1, -2, 2, -1, 0, 2, 1, 1, -1, -3, 2, -1, -1, 0, -3, 2, -2, -2, 0, 0, 1, 2, 8, 2, -2, -1, 0, -1, -4, 0, 3, -3, 1, 2, 0, 1, 2, 1, 0, -1, -4, -4, 0, 5, -1, -2, 2, -3, -2, -5, 4, -1, 1, -4, 0, -1, -3, 4, -1, -3, 3, 4, -4, 2, 2, 4, 0, -9, -1, -1, -2, -7, 4, -1, 2, 3, -3, -3, -6, -2, 0, -5, 2, 2, -1, 0, 4, 2, -3, 0, -1, 4, 3, 6, 5, -7, -1, 3, 1, -3, -4, 4, 1, -1, 2, -16, 7, 6, 0, -14, -4, 5, 12, -20, -18, -18, -1, 7, -8, 4, 17, 9, 7, 1, -8, 10, -1, 8, 6, 1, 16, -15, 6, -16, -14, -6, -13, 7, -22, 1, 24, -22, -1, 8, 3, 2, -6, -4, -10, -25, 42, -33, 3, 4, -7, -14, 3, -9, -5, 18, 45, 1, -8, -13, -16, -15, -33, -15, 6, 1, -10, 0, -17, -10, -12, -15, 27, 0, 6, 7, 13, 6, 0, -17, -16, -11, -8, 19, -10, 12, 37, -7, 6, -16, 8, -10]
[0, 0, 0, 0, 0, 0, 0, 0, -1, -1, 1, 0, 1, -1, 0, 0, 0, 2, -1, 1, 1, 1, 0, -1, 1, -1, -2, 1, -1, 0, 0, 1, 0, 4, 2, 2, -1, -2, 0, -6, 1, -5, -3, -3, 0, 2, -1, 1, -3, 2, 0, 0, 3, 9, -2, -2, -1, 5, -3, -3, 0, 1, 4, 1, -2, -2, 2, 3, 1, -1, 2, 2, -2, 1, -5, -6, -1, -4, 4, 8, 1, -1, 1, 1, 4, -3, 0, 2, 1, 1, 0, 1, 2, -4, -3, 5, -2, 3, -1, 5, -9, 1, 4, 0, -1, -7, -3, -3, -5, 2, 0, -5, 1, 1, 0, 3, -1, 1, -6, -1, 5, 8, 2, -2, 0, 4, -9, 9, -5, 3, -3, -2, 16, -9, -4, -2, -2, 10, -6, -6, 8, 2, 2, 5, -12, 1, -14, -5, -2, -8, -8, 4, -2, -2, -10, 15, 7, 8, 7, 9, 9, 5, -8, 10, -15, -8, 1, -1, -8, 6, 3, 26, -1, 18, 10, 19, -8, -10, 10, -13, 3, -1, -7, 17, -6, -14, 4, 3, 5, 8, 4, 13, 10, -1, 3, -25, 0, 16, -43, 2, -11, -15, -22, -17, 11, 13, -5, 8, -19, 17, -15]
[0, 0, 0, 0, 0, 0, 0, 0, 1, 0, 0, -2, 0, 0, 1, 0, -2, 0, 0, 0, -2, 0, 2, 2, 1, 4, 4, -1, -1, -1, 0, -2, -4, 1, -6, -2, -1, 2, 2, 0, 2, -3, 1, 2, -3, -1, -2, 2, -2, 0, -2, -3, 5, 6, 5, -3, 4, -5, -1, 5, 4, 5, -3, -1, -2, 0, 1, -3, -5, 2, -9, -2, 3, -2, 1, 3, 1, -1, -5, -2, -4, -4, 0, -4, 3, -1, -3, 4, 1, 1, 3, -5, -1, -1, 2, 0, -4, 6, 4, -3, 3, 0, 3, 1, 2, -2, 5, -1, 2, -4, 1, -1, 6, -1, 0, 1, 3, -2, 0, -1, -16, -3, -18, 4, -1, -1, 8, -22, -1, -14, -19, 9, 3, 5, 10, 4, 7, 1, 14, 7, -28, -4, 4, 4, -5, 14, -5, 17, -33, 3, 2, 14, 20, 0, 12, -5, -13, -13, -13, -25, -17, -9, 19, -2, -13, 20, -7, 20, -14, 14, -17, -2, -7, -13, 15, 15, 7, -8, -17, 3, 18, -16, -2, -12, 11, -1, 25, -15, -14, -29, -35, 0, -34, 24, 1, 9, 5, 3, 39, -3, -10, -7, 33, 22, 10, 4, -3, -2, -4, -6, 6]
[0, 0, 0, 0, 0, 0, 0, 0, 1, -1, 1, -2, 0, 1, 0, 0, -1, 2, 1, -1, 0, 2, -1, -3, -3, -2, 1, 0, 2, 4, 4, -1, -3, 3, -3, 2, -2, 2, -1, -4, -1, 0, -4, 4, 2, 1, -1, 1, 2, 6, -3, -2, 2, 0, 2, -6, -1, 1, 1, -2, 2, 0, 2, -1, 0, 1, -4, 0, -9, 1, -2, 6, 6, 4, 0, 0, -2, 0, 1, -3, 4, 2, 1, -6, -2, 0, -2, 1, -3, -2, 2, 2, -2, -2, 6, 1, 0, 3, 3, -4, 1, 0, 3, -1, 4, -4, -5, 4, 0, -1, -2, -1, 5, -3, 1, -3, 7, 7, 3, 2, -6, -4, -15, 9, -7, 15, 4, 4, -2, -16, -16, 11, 8, -9, 8, 5, 0, -4, 12, 12, -9, 3, -4, 10, -19, 23, -4, 9, -16, 4, -6, 15, -2, -8, -6, 10, -8, 1, -1, 1, -24, -14, -3, 11, -3, 26, -8, -4, -22, 15, -26, 18, 18, -19, 35, 15, 12, 7, 6, 5, 11, -19, -7, -22, -1, 22, 11, 5, -5, -44, -25, 16, -28, -1, -10, 21, 14, 7, 13, 22, -24, -14, 15, 16, 15, -13, -3, 4, -3, 7, 3]
[0, 0, 0, 0, 0, 0, 0, 0, 1, 1, -1, -1, 0, 1, 0, 0, -2, -2, -1, 0, 0, 0, 4, 0, 0, 3, 3, 1, -2, 0, 0, -2, -3, -2, -6, -1, 0, 3, 1, 1, 0, 1, 3, 3, -1, -2, 3, -1, 5, 2, -4, 1, -1, 2, 1, -5, 0, -6, -2, 6, 4, 2, -1, -1, -3, 5, 0, -3, -1, 1, -6, 1, 5, 2, -1, 4, 2, -1, -5, -4, -2, 3, -4, -3, -2, -4, -4, 4, 1, -3, -1, -1, -1, 4, 0, -3, 1, 4, 2, 1, 12, 1, 3, 1, -1, 2, 3, 0, 1, -1, 6, 0, -2, 4, 2, 1, 4, 2, -1, -1, -176, 291, 526, 382, -841, -91, -388, -66, -1117, 279, -93, 213, 810, 492, 682, -75, 1641, -1796, 528, -836, -87, -2228, 1969, 500, -880, -1400, 2159, -400, -1635, 2489, -1105, -151, -484, 3988, -2906, 533, -925, 1700, -5310, 2435, 138, -126, 1468, 835, 764, -1415, 1632, -3164, 2036, -2264, 2551, -4511, 4222, 2174, 686, 1104, -193, -3008, -3349, -672, -1924, 2011, -795, 1838, -650, -29, 336, -360, 2079, 155, -3930, 1573, 716, -1424, 4138, 2826, 1400, -2009, 1656, 1265, -3315, 2727, -801, -1375, -2633, 460, -6840, -588, 368, -1491, -202]
[0, 0, 0, 0, 0, 0, 0, 0, 1, 0, 0, -1, 0, 1, 0, 1, -2, -1, 0, 1, -2, 1, 0, -2, 1, 2, 2, -3, -4, 0, 1, 2, 1, -1, -2, -2, 1, 3, 5, -3, 1, 1, 3, -1, -1, 0, 0, -1, 1, 1, -1, 1, 3, -3, 1, -3, 1, -7, -2, 3, 3, 1, -5, 1, -3, 3, -1, -6, 3, 4, -6, 4, 1, -2, -5, 5, 3, 1, -4, -2, 2, 3, -2, 1, 1, -6, -8, 1, 7, -2, 1, -5, 0, 0, 3, -1, -1, 1, -3, -2, 6, -3, 2, -2, 2, 1, -2, -5, -1, -2, 4, 3, 4, 2, 3, -1, 3, 5, 4, -4, -3, -5, -12, 6, -1, -9, 2, -10, 0, -2, -3, -7, 4, 5, 9, 5, 20, -6, 1, -10, 3, 1, 7, -6, 10, -4, -14, 9, -13, -3, -8, -2, -1, 4, 18, -2, 3, -18, -1, 5, 1, -3, 3, -16, -21, 15, -6, 12, 2, -10, 5, 0, -35, -2, 1, 19, 1, -16, 1, 1, 25, -30, -4, 14, -2, -26, 4, -9, -12, 5, -17, 4, 16, 7, -5, -3, 15, 0, 2, -2, 0, -7, 16, -5, 1, -13, 3, -6, 5, 1, -2]
[0, 0, 0, 0, 0, 0, 0, 0, 1, -1, -1, 0, -1, 0, 1, 1, -1, 1, 1, -1, 0, 1, -1, -1, 0, 4, 1, 0, 1, 0, -3, -2, -3, 0, 1, 0, 1, 1, 6, -7, -1, -1, 3, 0, -4, -5, -2, -3, 3, -3, -2, 6, 3, 0, 0, 5, -1, 2, 1, 4, 1, 2, -4, -3, -1, -1, 3, -2, -3, 2, -7, -3, -1, -4, 1, 2, 3, 2, 1, 6, -2, -1, 0, -8, 1, -1, -2, 0, 3, 0, 0, -4, -4, -1, -3, 4, -2, -3, 4, -3, -2, 1, -1, 0, -2, 0, 5, 6, 0, -1, -1, -1, 10, 0, -3, -5, -2, -1, 1, -3, -18, 4, 3, -12, -15, 4, 6, -18, 12, -4, -3, 6, -8, 11, 10, -11, 9, -5, 14, 4, -11, -12, -3, -13, 5, -5, -2, 9, -7, 7, -17, -2, 13, -25, 4, 5, -13, -20, -11, 7, 5, -2, 25, -5, -6, 8, -5, 20, 9, 14, -15, 11, -34, -19, 20, 17, -3, 9, -4, 9, -23, -24, 18, -15, -6, 7, 14, -2, -10, 2, 10, -11, -15, 11, -19, -20, -19, -29, 18, -1, 10, -6, 8, 6, -16, -8, 10, -23, 12, -4, 7]
[0, 0, 0, 0, 0, 0, 0, 0, 1, -1, -2, 1, 1, 0, 0, 0, -3, 0, 0, 2, 3, 3, 1, -3, -3, 4, 0, -4, 0, -2, -2, -2, 2, 2, 2, -1, 3, 3, 3, -5, -2, -2, 1, -4, -1, 1, -3, -5, 3, 0, 0, 1, 3, 2, 4, -1, -3, 0, 3, 1, 0, 2, -2, -1, -6, 3, 0, -2, -8, 4, -1, 2, 1, 2, -5, 3, 4, 0, 5, -1, 2, 3, -2, -2, 2, -6, -9, -3, -1, -2, 1, 1, -2, -1, -3, 4, 2, -2, -1, 0, -1, 2, 6, 0, -1, -8, 1, 3, 2, -1, 0, 4, 4, 1, -1, -2, -3, 6, -1, -1, -328, 280, -203, -623, -374, -1139, 2845, 542, 1631, 631, 417, 1354, -5104, 369, 72, -1904, -2810, -3179, 830, -807, 896, 4088, 2518, 4044, 1925, -1073, -1357, 6497, 583, -1284, -2659, -4495, -4009, -6471, 5556, -1516, -1398, 1414, -3501, -4746, 1621, 4875, -937, 1855, 5662, 4398, -4803, 1439, 15185, 3386, 1147, -10977, -3414, -566, -6293, -1091, -2690, -3473, -2371, -4341, 2, 606, 5543, 7621, -3569, 1771, 858, -328, -3180, 10632, -3654, -547, -3391, 8162, 937, 8102, 1348, -6525, -13068, 882, -1679, -13437, 10906, -1559, 8889, -6565, 8602, 8097, 2415, -3834, 3163]
[0, 0, 0, 0, 0, 0, 0, 0, 1, 1, 0, 0, 1, 1, 0, -2, -1, -1, -2, -1, 0, 0, -1, -2, 0, 1, 0, -1, -4, 0, -1, 4, 3, 0, 0, 0, 2, 3, 2, 0, 0, 1, 4, -1, -2, 1, 1, -2, 4, 0, 4, 0, 2, 0, -3, 1, -2, 0, -1, -4, -7, -4, -7, -2, 0, 4, -2, -4, 2, 4, 1, 2, -2, -2, -9, -1, 1, 0, 2, 0, 3, -3, 3, 8, 2, -6, -2, -3, 5, -2, -4, 0, 4, 0, 1, -5, -4, -2, -2, 5, 0, -4, 0, 1, 0, 5, 2, 0, -4, 0, 6, 7, -2, 0, -1, 0, -1, -5, -2, -2, -8, -5, 4, -19, -6, 4, -12, 0, -1, 18, 15, -10, 31, 7, 6, 0, 19, 4, -19, -9, 33, 15, -3, -12, -23, -5, -11, 19, -14, -4, -25, -7, -9, 13, -1, 5, 5, -4, -3, 36, 33, -3, -36, -13, -29, -59, 5, 3, 26, -26, 25, -7, -43, -4, -37, 23, 1, -41, 26, 14, -21, -32, 8, 37, -8, -22, 6, 1, -23, 61, 22, 12, 56, -3, -13, -60, -16, 4, -61, 1, 9, 4, -8, -23, 0, 1, 0, -18, 20, 18, 3]
[0, 0, 0, 0, 0, 0, 0, 0, 0, 0, -1, 2, 0, 0, 0, 1, -1, -1, 0, 2, 0, -3, -1, 0, 0, -1, 2, 1, 0, -3, -2, 3, 0, -3, 1, -2, 3, 0, 2, 3, 2, 1, 4, 3, 2, -6, 0, 3, 2, -3, 1, -1, -5, -5, 0, 0, -3, 1, -1, -2, -1, -2, -1, 0, 4, -1, -3, 4, 2, 2, -1, 2, 1, 1, 2, 7, 3, 5, 0, 2, 0, -1, -1, -4, -3, -3, -4, -1, 2, 1, -3, -1, -1, 2, -2, 4, 0, -4, 2, -4, 5, 2, -5, 5, -4, 2, -2, 2, -1, 2, 1, 6, 2, 7, 0, -3, -4, -3, 12, 3, -2, -6, 3, -15, 3, 3, -2, 7, 8, 8, 10, 6, 4, 0, -1, -20, 10, -7, -4, -8, 1, -5, -3, -8, 2, -8, 16, -7, 12, 18, 0, -10, 9, 21, 6, -12, 0, 7, -7, 5, 12, 11, 4, -16, 5, -11, -2, -14, 5, -8, -2, -13, -4, 7, -11, -17, 13, 7, 1, 2, -10, 12, 6, -7, 5, 13, -2, 9, 4, 25, 7, 5, 10, 3, -9, -32, -13, -10, 4, 3, 15, 21, -5, -5, -7, 9, 1, -17, 16, -1, 0]
[0, 0, 0, 0, 0, 0, 0, 0, 0, 0, 0, -1, -1, 0, 1, 0, 0, 1, 0, -1, 1, 1, 2, 0, -2, 0, 0, 2, 1, 3, 2, -4, -1, -1, -1, 1, -1, 2, -4, 0, -1, -3, -1, -3, -1, 0, -3, 0, 2, 3, -1, -4, 7, 3, 2, 2, 0, 6, 4, 1, -1, -5, 4, -2, 0, 4, -3, 0, -6, 0, 0, -5, 6, 3, -5, -2, -1, 2, 0, 2, -1, -4, 2, -1, -3, 2, 4, 7, -4, -3, 0, 4, 3, -4, 1, 3, 0, 3, 4, 1, -6, -3, 3, -2, 3, 2, 1, 3, 7, -1, 1, -2, 0, -9, 2, 0, 4, -1, -3, -1, -11, 1, 0, -8, -4, 14, 4, 3, 4, -7, -8, -2, 4, 2, -3, 2, -8, 4, 14, 0, 11, 3, -7, -2, -5, 18, -1, 17, -12, -15, -12, -2, 3, -17, -9, 20, -6, 10, 5, -8, 6, -8, 11, 18, -8, 2, 5, 12, 0, -7, -3, 8, 16, -21, 8, 24, 4, 7, 15, 0, -10, -16, 15, -16, -10, 14, 20, -1, -1, -13, 8, 11, -28, 10, -9, -3, 12, 7, 22, -3, -18, -2, -8, -13, 15, -1, 6, -4, -13, 5, -3]
[0, 0, 0, 0, 0, 0, 0, 0, 1, 0, 0, -1, 0, 1, -1, 0, -2, 0, 0, 1, 0, 0, 0, -1, 1, 1, 3, 0, 0, 0, 2, -1, -2, -3, -6, -2, 0, 3, 2, -1, 2, 2, 0, 2, -1, 1, 0, 0, 1, 6, -2, -1, -1, 0, 2, -6, 0, -6, 0, 1, 5, 3, 1, -2, -4, 1, 0, -4, -3, 0, -4, 4, 4, 4, 1, 7, 3, 2, -4, -6, 0, -2, -4, -4, -1, -2, -10, -2, -2, -1, 2, 1, -6, 3, 2, 1, 3, 3, 2, -2, 9, 5, 0, 1, 0, -3, 3, 3, 2, -2, 4, -4, 1, 1, 0, -1, 4, 4, 0, -1, -4, -7, -14, 13, 0, -6, 3, 1, -15, -21, -19, 17, -5, -16, 6, 9, 11, -3, 10, 5, -11, -4, 10, 10, 22, 15, -13, -2, -7, 5, 13, 0, 6, 0, 7, 9, -10, -8, -11, -34, -20, -14, -1, 0, 4, 36, -32, -1, 5, 16, -25, -13, 11, -4, 26, 18, 8, -6, -24, 0, 7, -14, -17, -21, 8, 2, 9, -5, 6, -31, -32, 10, 1, 18, 0, 37, 13, 9, 11, 1, -15, -8, 29, 18, 2, 12, -15, 9, -18, -4, -1]
[0, 0, 0, 0, 0, 0, 0, 0, -1, -2, 0, 1, -1, 0, 0, 3, 1, 0, 2, 2, -1, 1, -2, 1, 0, -4, -1, 0, 1, 1, -3, 0, 2, 3, 6, -1, 2, -7, 2, -6, 2, -3, -2, -6, 0, -5, 1, -3, -2, 1, 1, 1, 0, -2, 1, 5, -2, 5, -3, 0, -1, -2, 2, 4, 1, -3, 2, 2, 2, 2, -2, 0, -5, 0, -1, -2, 1, -2, 2, 2, 1, 0, -1, -2, 0, 1, 6, 3, -3, -1, 3, 2, -6, -1, -4, 4, 0, -3, -9, -7, -6, -3, 0, -2, -5, -4, -3, -7, 0, -2, -1, 1, 3, 0, 3, -1, -2, 0, -3, -2, -663, 379, 67, 188, -16, -613, 2225, -1552, 919, -568, 1584, 24, -1957, 186, -1346, -1027, -1607, 2092, -1235, 1987, -246, 2569, -1670, 1198, 2142, 679, -2555, 3016, -1665, -2643, -832, -272, 3318, -6222, 5037, -4255, 2685, -4387, 3508, -3312, 2678, 1559, -1421, 956, -700, 5657, -2060, 4769, -375, 3537, -5318, 226, -6647, -412, -4058, 1576, -1846, 597, 3413, -927, 4143, -3435, 9087, -2308, -905, -1917, 822, -2213, -1777, 2879, -664, 44, -1391, 3470, -5278, 4156, 3260, -1053, -4901, 264, -3038, -5741, 4768, 1666, 5368, -1264, 9320, -3816, 1371, 2226, -2076]
[0, 0, 0, 0, 0, 0, 0, 0, 0, -1, -2, 2, 0, 0, -1, 1, 0, -1, 2, 1, 2, 2, 1, -1, -2, 2, 0, -3, -2, -2, 1, 1, 1, 0, 2, -2, 2, 3, 3, -5, -4, -1, -2, -1, 2, -4, 2, -4, 2, -4, 0, 7, 1, -1, 1, -1, -3, -1, 0, 3, 5, 0, 1, 4, -4, 2, -1, -1, 1, 1, 4, -1, 0, -2, -1, 3, 4, -1, 2, 1, 2, 11, -3, 1, -5, -2, -1, -5, -1, -5, -1, -1, -3, 0, 0, 3, 5, -1, 1, 0, 4, 0, 6, -2, -2, -8, -1, 3, 0, 0, -4, 0, 2, 8, 2, -2, -1, 8, 1, 1, -8, 5, 11, 7, 9, -9, -1, -8, -12, -4, 11, -16, -16, -2, 0, 11, 7, -3, 0, -17, 18, -9, 24, -11, 17, -12, 6, -20, 9, 2, 2, -6, -10, -17, 7, 8, 7, -23, 16, 28, -2, 3, 7, -28, 1, 39, 8, -2, 1, 2, 11, 17, -14, 15, 27, -3, -10, 23, 4, 0, -1, -14, 10, 8, -7, -37, -18, 0, 16, -8, -2, -14, 14, 8, 15, 1, 1, -12, 16, -1, 11, -14, 9, -9, -13, -8, 2, 1, -7, -3, -10]
[0, 0, 0, 0, 0, 0, 0, 0, -1, 0, 0, 0, 0, -1, -1, -1, 1, 2, 1, 2, 3, -1, -1, 2, 0, -1, 0, 0, 1, -4, 2, 0, -3, 2, -3, -1, -1, 1, -1, 1, 1, -2, -3, 1, 1, -1, -1, 2, -1, -1, 2, -4, -6, 1, 0, -3, 1, 0, 3, 0, -1, 4, 4, 0, 1, 0, 3, 3, -5, 1, 5, -2, 0, 2, 5, 0, -2, 0, -3, -3, 0, 2, -2, -6, -6, 0, -2, 5, -5, 0, 1, 5, -8, -4, -1, 7, 3, -2, 2, -12, 0, 2, 3, 3, -1, -3, -3, -1, -2, -1, -2, -1, 4, 3, 2, -3, -3, -5, 4, 4, -2, -1, -2, 7, -3, 4, 11, 6, -5, -12, -5, 11, -23, -22, -6, 1, -17, -4, 2, -6, -26, -5, -1, 2, 9, 14, 1, -3, -2, 7, 7, -6, 12, -14, 13, 1, -12, 18, 2, -10, 10, 10, 5, -3, 9, 24, -14, -8, -17, -1, -16, -20, 20, -1, 21, 8, 0, 16, -13, -25, -13, 9, -7, -8, 16, 11, 3, 2, -3, -33, 3, 6, -42, 1, 3, 22, -18, -4, 21, -5, 13, -9, 1, 16, -1, 14, -5, -10, -8, -8, 5]
[0, 0, 0, 0, 0, 0, 0, 0, -1, 1, 0, 1, 1, -1, 0, -2, 0, 0, 0, 1, 0, -2, 1, 1, 0, 0, 1, 1, 2, -3, 2, 1, -1, 0, -4, -2, -2, -1, -2, 3, 2, 2, -2, 4, 4, 5, 0, 4, 0, 1, -6, -4, -8, 2, 0, -5, 1, 1, 0, 0, 1, 1, 6, -4, 4, -2, 2, 2, 3, -4, 3, -2, 0, 3, 4, -1, -1, 2, 0, -4, -4, 1, 0, -2, 0, 0, 0, 3, -6, 0, 6, 6, -4, 2, -2, 0, 2, 2, 3, 1, -3, 4, -1, 4, -3, -4, 2, 4, 4, 3, 0, -9, -3, 1, -2, 4, -1, -4, 2, 7, 7, 1, -12, 8, 17, 1, -1, 11, -14, -8, -12, 19, -5, -16, -8, 10, -12, 2, 10, 9, -10, 1, -1, 5, 10, -2, 4, -7, 11, 5, 20, -2, 4, 7, 7, 1, 2, 20, 4, -16, -21, 4, -10, 2, 20, 0, -11, -18, -5, 8, -24, -11, 43, 5, 7, -29, -5, 7, -22, -4, 1, 30, 1, -17, 10, 15, 17, 10, 22, -30, -23, 3, -3, 2, 6, 42, -1, 23, 17, -12, -12, -2, 3, 27, 11, 24, -14, 22, -18, -3, -1]
[0, 0, 0, 0, 0, 0, 0, 0, 0, 1, 1, 0, 0, 1, -2, -2, 0, 0, 0, -1, -1, 1, 0, 1, 1, -2, -2, -1, 1, 1, 1, -2, 1, 1, 0, 2, -1, -2, 0, 0, 2, -2, -4, 5, 3, 4, 4, -1, -1, -1, 5, -2, 1, -1, -4, -5, 0, 1, -5, -4, 0, 1, 4, 1, -8, -1, 2, 4, -3, -5, 5, 4, -6, 2, 1, -5, -4, 4, 2, -3, 0, -3, 6, 3, -2, 1, -7, -4, -6, 1, -2, 0, 1, -4, 1, -2, 2, 4, 4, 3, 4, 0, -1, 3, 3, 0, -9, -3, -3, 0, 0, 1, -1, -2, -4, 2, -2, 2, -3, 1, 15, 3, -1, -14, 0, 0, -8, -3, -19, -12, 14, -8, 7, -12, 4, 17, 7, 13, -7, 2, 6, 3, 9, -7, -25, 8, 16, -11, -14, 4, 21, 15, 0, -7, -15, -13, 9, -4, 6, 0, 0, -15, -23, 4, -18, -25, -4, -8, -7, 12, 0, -3, -7, 8, -10, -1, 6, -24, 16, 22, -4, -15, -12, -13, 7, -21, -15, -7, -5, -1, 8, 3, 24, -8, 8, 12, 1, 19, -27, 9, 5, -22, 2, 10, -8, 1, -19, -4, 13, 7, 13]
[0, 0, 0, 0, 0, 0, 0, 0, 1, 0, 1, -1, 1, 0, -1, -1, -2, 0, 0, 0, -1, 1, 0, -1, 1, 3, 1, -1, -3, -2, -1, 2, -1, -1, -4, -1, 0, 1, 7, 1, 2, 3, 0, 0, -1, 1, 2, -1, -1, 2, -6, 2, 0, 1, 0, -6, -2, -5, -3, 5, 3, 6, -2, -2, -3, -1, -2, -5, 2, 0, -6, 2, 0, -1, 0, 4, 2, -6, 0, -2, 0, -1, -2, 0, 3, -3, -5, -6, 2, 2, -1, -7, -2, 4, -2, -3, -2, 2, 0, 6, 2, 0, -1, -3, -4, -6, 7, -3, 1, 2, -1, -2, 3, 4, -2, 2, 7, 4, -4, 3, -9, 1, -14, 10, -3, -18, -6, -12, -16, -4, -18, 5, 14, 0, 9, 9, 11, 1, 3, 0, -10, 0, 7, 10, -7, -3, -20, -2, -6, 2, -4, 10, -2, 8, 15, 0, -4, -15, 0, -1, -28, -12, -20, -12, -10, 18, -16, 4, 3, 19, -20, 6, -13, 3, -5, 2, -13, -15, -29, -5, 1, -12, -8, 7, 2, -16, 11, -18, -1, -15, -31, -5, 14, -6, 2, 11, 15, 16, -19, 0, -12, -8, 34, 13, 2, 17, -10, 16, -15, -4, -19]
[0, 0, 0, 0, 0, 0, 0, 0, 0, 0, -1, 0, 0, 0, 0, 0, 0, 0, 1, 1, 2, -2, -1, 0, 1, 3, 2, -1, -1, -5, 0, 3, -1, 0, -4, 1, -1, 0, 2, 2, -1, -2, -2, 4, 0, 1, 1, 2, -2, -5, -5, 1, -7, 2, 6, 1, 1, -4, 2, 3, -2, 6, 1, -2, 3, -3, 5, 2, -4, -1, 2, -1, -2, -3, 7, -2, -4, 2, 2, -5, 0, 0, 4, -4, 1, 0, -5, -1, 2, 5, 0, 2, -5, 3, -3, 5, -4, 0, 4, 0, -1, -1, -1, 2, 1, -8, 0, 0, -1, -5, -1, -2, 4, 3, -3, 0, -2, -3, 3, 9, -976, 679, 402, 705, -1276, -353, 2172, -1218, 105, -82, 1786, -55, -1135, 730, -1069, -1789, 86, -1413, -1242, 617, 353, -130, 1504, 2724, 1383, -1403, 1687, 3713, -3774, 2091, -2630, -482, 440, -1119, 859, -4326, 2150, -1961, -4909, -878, 2151, 242, 332, 1820, 1029, 3303, 692, 1801, 2551, 2122, 791, -5693, 534, 2013, -3362, 2082, -3272, -2357, -1196, -1593, 802, -1701, 6438, -1164, -3803, -920, 1196, -3858, 2156, 1846, -5599, 1317, 2372, 3662, 431, 10127, 5093, -3778, -2941, 4325, -7337, -1718, 2554, -2237, -341, -2474, 261, -4209, 3485, 137, -5378]
[0, 0, 0, 0, 0, 0, 0, 0, 0, 0, 1, -1, 0, 0, -1, -1, 0, 2, 0, -1, 1, 0, 0, 1, 3, 1, -3, 0, -3, -1, -1, 1, -2, 1, -1, 1, -1, 0, 6, 0, -1, 0, -1, 3, -2, -2, 3, -4, -1, -1, 0, 2, -2, 0, -2, -2, 2, -2, -3, 5, 0, 8, -1, -2, -2, -1, 2, -1, 1, 2, -1, -1, -3, -2, -1, 0, -1, 1, 0, 2, -1, -1, 2, -2, -2, -3, -2, 0, 4, -2, -7, 1, -2, -1, -4, 10, 5, -2, -1, 1, 3, -3, -5, 1, 2, -2, -8, -3, -12, 1, 3, 2, 6, 8, 3, -2, -3, -2, -2, 0, 970, -633, -451, -618, 308, 695, -2280, 2304, -274, 799, -1975, 75, 1263, -322, 1513, 1033, 729, -2879, 1432, -2617, 678, -1566, 1814, -814, -2014, -584, 2228, -2532, 3297, 2189, 1134, -535, -5528, 5338, -4119, 5108, -3519, 5475, -3170, 2271, -3445, -983, 992, -1244, 2132, -6243, 998, -4493, 2516, -2891, 6436, -349, 6301, -680, 4207, -2951, 1616, -151, -3620, 520, -4773, 3709, -10642, 3657, 504, 3332, -923, 3020, 770, -2002, 2078, -1111, 1272, -1932, 5352, -4916, -4858, 750, 2987, -588, 5357, 3748, -3737, -2182, -4740, -42, -7437, 7144, -1406, -3305, 2847]
[0, 0, 0, 0, 0, 0, 0, 0, -1, 0, 0, 0, 1, 0, 0, 0, 1, -1, 0, 0, -1, 0, 1, -1, 2, 2, -1, 0, 0, 2, 1, 0, 1, 0, -2, 2, -2, -4, -1, -2, -1, -4, -2, 2, 1, 3, 3, 1, -3, -2, -1, 3, 0, 2, -3, 1, 1, 3, -4, 2, 4, -1, 5, -1, -3, -1, 5, 0, 8, -6, 3, 1, -7, -1, -3, -10, -4, 2, 6, 1, -3, 3, 2, 0, 4, 1, 3, 2, -3, 4, 2, -1, 1, 3, -1, -1, -1, 2, -4, 10, -3, -3, 3, 2, -2, -3, -4, -3, -1, 2, 5, -5, -5, -4, -2, 0, -1, 0, -2, 0, 357, -345, -353, -222, 598, 364, -804, 591, 193, 9, -628, -256, 624, -465, 127, 551, -133, 498, 125, -157, 67, 120, -745, -1046, -444, 729, -269, -1379, 1577, -392, 1149, 458, -783, 424, -644, 1507, -314, 571, 2230, 65, -1154, -914, -137, -1071, -595, -1704, 189, -88, -2217, -178, 389, 3542, 154, -1135, 1551, -1253, 970, 1971, 820, 1154, -475, 182, -3424, -783, 1050, 662, -590, 1120, -275, -2097, 2960, -1040, 440, -1186, -576, -3922, -2300, 2107, 1910, -950, 3494, 1543, -2117, 276, -1288, 682, -199, 1437, -948, 278, 713]
[0, 0, 0, 0, 0, 0, 0, 0, -1, 1, -2, 1, 0, -1, 1, 0, 1, -2, 0, 2, 0, -3, 3, 5, 1, 1, 2, 0, 1, -5, 1, -1, 0, 0, -1, -3, -1, -1, -5, 2, 1, -1, 0, 0, 0, -1, -2, 2, -2, -5, 0, 0, -3, 5, 5, 3, 7, 0, 0, 1, 2, 0, 1, -1, 3, -3, 4, 3, 3, -4, 1, -6, 2, -2, 6, -5, 1, -1, -2, -3, -6, -3, 1, 3, 4, 1, 4, 6, -2, 1, 4, 1, 0, 2, -1, -3, -4, -3, 1, 0, 0, 5, 4, 4, 0, 4, 7, -3, 4, -2, -2, -3, -1, 2, -2, 0, -3, -10, 2, -1, 2, -3, -4, 0, 26, -6, 6, -5, 6, -4, -4, 2, -10, 0, -12, 1, -9, -6, 8, 4, -10, -6, 8, -5, 28, -3, 19, -6, -1, 2, 25, -13, 20, -6, 4, -20, -5, -1, -4, -35, -1, 16, 32, -2, 21, 8, 17, -3, 3, -8, 8, -18, 32, 9, 12, -32, 5, 14, -19, -6, 11, 26, 6, -14, 23, 1, 1, -4, 23, -19, -31, -14, -14, 15, 13, 24, 5, -19, 49, -13, 4, 5, 2, 9, 11, 3, 2, 2, 2, -11, 5]
[0, 0, 0, -1, 0, 1, 2, 0, -1, 0, 0, 0, -1, 1, 0, 1, -2, 1, 0, 0, -1, 0, 0, -5, 0, 2, -3, -2, -2, 2, 0, 0, 4, -2, 2, 2, 3, 1, 5, 1, 0, -1, 0, -2, 1, 0, 3, -3, 2, 1, -3, -1, 4, 0, -1, -4, -2, 0, -3, 1, -4, -1, 1, 3, -5, 2, -3, 1, 0, 1, -2, -1, 0, 0, -7, -4, -2, 3, 9, 1, 3, 2, 6, 3, -3, -5, -3, -1, 0, -1, -2, -1, -2, 1, 1, 1, -1, 2, -4, 7, -1, -7, -6, -3, 0, -7, -3, -1, -1, 1, -1, 3, -1, -1, 1, 1, 8, 9, -5, 3, -1479, 1495, 3090, 3150, 657, -193, -3038, -8759, -6400, -4010, 2494, -2003, 10782, -225, -1333, 4392, 7722, 19074, -2398, 9652, -6868, -8277, -11849, -11941, -2384, 5016, -6457, -14258, -11274, -6371, 4752, 12784, 32545, 5281, -4315, -5300, 9250, -16787, 20479, 9757, 7514, -6277, 717, -924, -23047, 5344, 8586, 1458, -43073, -8329, -27416, 27129, -11322, 5967, 5362, 13549, 8019, 4563, 14399, 9060, 13076, -6114, 16485, -22320, 15872, -17723, 147, -2278, 2549, -16355, 1992, 8251, -4633, -25212, -14713, -17511, 9132, 15118, 26754, -9155, -10015, 23823, -15123, 17101, -2461, 23745, -7021, -38688, -8704, 18462, -2035]
[0, 0, 0, 0, 0, 0, 0, 0, 0, -1, -1, 2, 0, -1, 1, 1, 1, -1, 1, -1, -2, 0, 1, 2, -1, -1, 0, 2, 1, -1, -5, 2, 1, 2, 4, -1, 0, -3, 1, -3, 0, 2, 3, -1, -1, -4, 0, 0, 0, -2, -3, 6, 1, 0, 0, 4, -2, 5, -2, -1, 2, -3, -1, 0, 3, -3, 2, 1, 6, 2, -1, -4, -4, -1, 3, 4, 0, -3, -1, 9, -4, 3, -2, 3, 4, 2, 8, -3, 0, -4, 3, -2, 1, 3, -2, -2, -1, -2, 2, 5, -4, 3, 2, -4, -6, -2, 10, 6, 1, 4, -3, -5, -2, 3, -1, 4, 0, -1, -3, -1, 1, -3, 11, 0, 4, 0, -3, -2, 14, 14, 1, 1, -4, 22, -6, -13, -6, -3, 2, 8, 0, -5, 6, 3, 3, -22, 12, -1, 21, 0, -7, -3, -1, 7, -6, -4, -3, -3, -1, 28, -20, 14, 19, -12, 16, 2, 13, -13, 0, 12, 2, 18, 4, 0, 5, -37, 2, 33, -4, -3, -2, 31, 15, -1, -9, 21, -6, 10, 7, 3, 0, -15, -9, -1, 3, -6, 4, -10, 25, -5, -12, 17, -4, -5, 9, -11, 12, 6, -6, -2, -2]
[0, 0, 0, 0, 0, 0, 0, 0, 0, 0, 1, 0, -1, 0, -1, 1, 0, 0, 1, 0, 1, 0, -2, -4, 0, 0, -1, 0, 2, 4, 5, -2, 1, -5, 0, 1, -1, 2, -4, 1, -3, 2, -6, 2, 5, 2, 1, 0, 1, 2, 0, 0, -2, -5, 1, 0, -1, 2, 2, 1, 0, -5, 3, 2, -3, 0, -3, 1, -3, -6, 4, 3, 3, 0, -1, -6, 0, 0, 8, -6, 7, -1, 1, -5, -2, 3, -2, 0, -4, 4, -4, 1, 3, 1, 3, -3, 0, -2, -2, 3, 6, -2, -5, 2, 0, 4, -6, 1, 1, -1, 0, 4, -4, -2, -3, -8, 0, 3, 6, 2, 7, 5, -4, -11, -6, 1, -4, 10, -10, -9, 12, -3, 11, -10, -7, 1, 0, 2, 7, 6, 22, 6, -13, 4, -4, 5, 0, -18, 9, 5, 12, -4, -20, -3, -11, -2, 8, -6, 0, -16, 0, -19, -10, 20, 0, 5, 1, 0, 8, -16, 6, 13, 17, -1, 4, -4, -14, -11, 3, 14, 10, -7, 1, -22, -18, 1, -1, -8, 10, 3, 15, -5, 17, -10, -5, 2, 9, 2, -22, 17, 10, -3, -18, -11, -13, -1, -9, 7, 0, 0, -5]
[0, 0, 0, 0, 0, 0, 0, 0, -1, 0, 2, -1, -3, -1, -1, 2, 0, 1, 2, 1, 1, -1, 0, 2, 5, 1, -1, 0, -2, -1, 4, -5, -3, -3, -1, -1, -2, 3, 0, -2, 1, 0, -9, 1, 3, -1, 0, -3, -2, -1, 0, 0, 0, 3, -1, -4, 6, -3, 0, 5, 3, 1, 1, 5, -6, -1, 6, 3, -4, -2, 3, -4, 1, 0, 2, -6, 0, -3, -2, -1, -1, -6, 0, -3, -5, 3, 2, 2, -1, -2, -8, -3, 0, -5, 0, 2, 3, -4, 3, 2, 1, 3, -1, -4, -4, 5, -4, -2, -4, 0, -6, 2, 0, 3, 5, 1, 1, -2, -3, -5, 16, 8, -11, -23, -7, -11, -1, -4, -10, -19, 2, 3, -12, -13, 5, 3, -11, 3, 6, 3, -8, -23, -13, 1, 21, -1, -1, -15, -7, 0, 19, 6, -11, 0, 15, -4, -8, -2, 3, -49, 2, -2, 6, 22, -1, 14, 5, 3, 12, 0, -4, 5, 6, -5, 10, -12, -32, -12, -6, -7, 0, -4, 2, -29, -7, -15, -2, -7, -6, 14, 20, -6, 1, 0, 1, 6, 0, -1, -15, 0, 4, -42, 1, 25, -32, -12, 8, 7, -8, -15, 1]
[0, 0, 0, 0, 0, 0, 0, 0, 0, 1, 1, -1, 1, 2, 0, -3, -1, 0, -1, -3, 2, 1, 0, -3, -2, 1, -1, 1, -1, 3, 4, 3, -1, -2, -3, 4, 1, 0, 0, 3, -2, -3, -4, 0, 2, 3, 3, -2, 3, 5, 1, -2, -1, 9, 1, 1, -3, 0, -1, -4, -3, -3, 2, -4, 2, 1, -6, 1, -3, -4, 4, 2, 3, 0, -4, -3, 0, 4, 3, -3, 1, 1, 4, 3, -1, -2, 3, -6, -1, 3, 0, 7, 4, 3, 0, -5, 2, 8, 5, 6, 1, -1, -3, 0, 0, -1, -2, 3, 3, -3, -2, -5, -3, -3, -2, 3, 3, 7, -1, 7, -12, -3, 8, -2, 7, 7, 5, 5, -26, 3, -1, 3, 17, -11, 1, 26, 7, 15, 1, 6, 17, 8, 10, 6, -23, 18, -2, -17, -7, 2, 5, 21, -13, -4, -14, 27, 3, -6, 2, -4, -12, -14, -36, 8, -9, -10, 4, -12, 13, 11, 3, -3, 9, 8, 0, 31, 0, -22, 21, 13, -17, -8, 0, 0, 12, -16, 12, 2, 7, -8, -4, 14, 13, -10, 21, 9, -9, 30, -11, 7, -8, -17, 6, 14, -11, 26, -16, 18, -14, 5, -5]
[0, 0, 0, 0, 0, 0, 0, 0, 0, 1, -2, 2, 0, 0, 1, -1, 1, -2, 0, -1, 1, -2, 1, -1, 0, 2, 0, 1, 0, 0, -1, 2, 2, -5, 1, 0, 1, 1, -2, 4, -4, 3, 2, 3, 2, -1, 2, -2, 4, -1, -3, 4, -5, -1, 1, 3, -1, 1, 1, 0, 0, -3, 3, -2, 4, -1, -2, 0, 4, -4, 6, -3, 0, -1, 5, 2, 1, 4, 4, 1, -4, 3, 4, 3, -1, 0, 3, -9, 2, -2, -3, 3, 1, 8, -1, 0, 6, -1, 6, 9, 5, 2, -4, 0, -1, 0, 3, 10, 2, 0, 3, -4, -6, 3, -2, -1, -2, 3, 2, 3, -2, 9, 9, 0, 23, 4, -8, 4, -8, 9, 20, 3, -11, 7, -4, -2, -3, 6, 3, 4, 17, -6, 6, -1, 16, -21, 18, -15, 21, 15, 13, 2, -10, 17, -13, 6, 14, 4, 10, 0, -2, 4, -7, -3, 22, -31, 20, -7, 27, -2, 9, -4, 10, 9, -15, -33, -10, 12, 10, 25, -21, 22, 26, -9, 3, -2, -2, 26, 36, 22, 7, -11, 47, -6, 11, 0, -13, -5, 7, 4, 12, 18, -9, 11, -21, 10, -3, 4, 8, -5, -1]
[0, 0, 0, 0, 0, 0, 0, 0, 0, 1, 1, -1, -1, 1, 0, -1, -1, -1, 1, 0, 0, 0, 0, -1, 1, 2, 2, -1, -4, 1, 4, 0, 0, -5, -4, -1, 1, 5, 0, 3, 0, 2, -2, 0, 3, 0, -1, -3, 2, 5, -1, -3, 1, 0, 1, -2, 3, -3, 2, 1, 1, -3, 2, -1, 0, 3, -5, -4, -3, -3, 3, 1, 5, 2, 1, 6, 0, 3, -3, -2, -3, -2, 3, 2, -5, -3, 2, -5, 4, -3, -6, 0, 2, -2, 6, 1, 7, 1, 7, 2, 7, 1, -2, -4, -3, 7, -2, 0, 3, -2, 1, -3, -3, 0, 7, -3, 9, 7, 5, -4, 0, -3, -8, -5, 6, 3, -3, 2, -10, -8, 11, 0, -7, -4, 0, 12, 7, 0, 9, 1, 12, -12, -4, 8, 14, -3, 12, 0, -1, 6, 5, 11, -19, 1, 1, 10, -4, -1, 2, -14, 4, -11, -9, 3, -8, -2, 23, 6, 18, -8, 6, -21, 16, -12, -7, -1, -18, -3, 18, 18, -21, -14, 16, -27, -8, -2, 7, 9, 27, -5, 16, 3, 23, -7, 2, 18, 1, -6, 19, 15, 6, -8, -10, 9, -22, 7, -5, -8, 6, -8, 6]
[0, 0, 0, 0, 0, 0, 0, 0, 0, 1, -1, 0, 0, 0, 1, -1, 1, 2, -2, 0, 3, 0, -2, -3, -1, 1, -5, -2, 0, 2, 0, -1, 2, -2, 6, 2, 4, 2, 2, 3, -5, 0, 3, -1, -2, 1, 0, -3, 4, -2, 4, 2, -2, -6, -4, 2, -3, -2, 3, 1, -6, 4, -1, 0, 1, 2, -2, 0, 1, 1, 4, 0, -1, 0, -1, -2, 4, 6, 6, 5, 0, 4, 2, -1, -5, -3, -2, -4, 6, 3, -3, -1, -2, 2, -3, 9, 6, -4, -5, -3, -2, -2, -3, 2, 8, -2, -7, 2, -2, 3, 5, 2, 3, 1, 0, -5, -7, 4, -1, 3, -7, 22, 22, 7, -7, 0, 4, 12, 9, 13, 21, -17, -21, -8, 13, -7, 4, 9, -10, -16, 7, 3, -10, -2, 18, -17, -12, -4, 16, 3, -9, 11, -6, -17, -10, 14, 14, 11, 18, 15, 43, 6, -11, 3, 7, -39, 0, 25, 18, -3, 9, -21, -36, 13, -18, 14, -13, -4, 21, 13, -34, -12, -2, 35, -7, -25, -3, 24, 9, 44, 51, 1, 33, -6, -5, -22, -34, -8, -31, 11, 22, 10, -19, -8, -46, -11, 11, -28, 32, 6, 12]
[0, 0, 0, 0, 0, 0, 0, 0, 1, 1, 0, -2, -1, 1, 2, 0, -1, 0, -1, 0, -1, -1, 1, -1, 0, -2, 0, -1, -3, 4, 4, 1, 0, 1, 1, 1, 1, 2, -3, -1, -1, -2, -2, 3, 1, -2, -2, 0, 4, 5, 1, 0, 3, 2, 8, -3, 4, -3, -4, -4, -1, -2, -4, 0, 2, -1, -4, 0, -1, 5, 0, 3, 0, 0, -3, 0, 0, 3, -2, 1, -3, -4, 8, 2, 5, -6, -3, -2, 6, -1, -2, -1, 6, 7, 2, 0, 2, 3, 3, 3, 4, -3, 1, -3, 9, 3, -11, 1, -2, -8, 2, 3, 7, -4, 4, -2, 3, 4, 2, -5, -10, 0, -8, 5, 15, 9, 12, -6, 14, 7, 0, -3, 3, 1, 3, -11, 5, 3, 2, 6, -5, 6, -2, 9, 6, 3, 7, 9, -19, 8, 2, 27, -3, 5, -14, -10, 7, -14, -3, -15, 0, 2, 2, 11, -6, -25, 19, 9, 7, -7, 6, -8, -9, 7, 17, -5, 6, -9, 18, 7, 18, -2, -13, 11, 7, -16, 8, 16, 4, 6, -30, -2, -2, 5, 0, 5, 17, -7, 21, 25, -13, 0, -2, 21, 2, -40, 13, -21, 24, 0, 4]
[0, 0, 0, 0, 0, 0, 0, 0, 1, 1, 2, -2, -1, 1, 1, 0, -1, -1, -1, -1, -2, -3, -1, 0, 2, -2, 2, 1, -2, 5, 0, 0, -2, 3, -4, 0, 0, 2, -1, 1, 3, 0, 2, 7, 2, 1, -2, 4, 0, 9, 0, -7, 1, -1, 2, -7, 1, -2, -1, -6, -2, -1, -2, 1, 4, 1, -3, -3, -1, -1, -4, 7, 1, 4, -3, 6, -3, 6, -4, 0, -5, -8, 6, -3, 1, -3, 4, -1, 4, 1, 2, 0, 5, -3, 5, -1, 2, 8, 0, 2, 2, 0, -5, -2, 3, 1, -5, 3, -4, 0, 2, 4, 0, -5, 5, 0, 4, 5, 3, -3, 2502, -1630, -1409, -2525, 774, 558, -3612, 7438, 989, 3081, -5721, 1909, -2282, -681, 4725, 1093, -1041, -11513, 5597, -8436, 2653, 451, 7854, 1833, -3797, -2535, 4328, -633, 11075, 4191, 463, -6829, -20286, 7705, -5709, 13934, -12181, 17691, -12025, 1281, -8314, 3050, 2251, -1823, 12454, -13201, -3041, -12025, 24414, -4917, 19125, -13132, 14016, -2937, 5133, -9999, 2539, -3977, -13026, -3197, -13557, 12263, -25356, 20046, -1561, 11776, -2073, 9279, -1887, 6264, 2600, -4180, -1983, 2636, 16538, -6673, -13467, -4698, -5542, -1904, 15107, -4791, 1753, -7303, -2551, -7091, -11484, 31131, -2126, -14100, 13864]
[0, 0, 0, 0, 0, 0, 0, 0, 0, -1, 0, -1, -1, -1, 0, 0, 2, 3, 2, -1, 3, -1, -2, -1, 1, 2, 0, 3, 2, 1, 0, -1, -4, -3, -6, 2, -3, 3, -1, 3, -2, -2, -1, 3, -3, -4, -1, -1, -3, 2, -1, -4, -1, 3, 2, 2, 1, 5, 3, 4, -1, 0, 7, -1, 0, -1, 1, 2, -10, 1, 4, -4, 3, 0, 5, 1, -6, 0, 3, 1, 2, -4, 4, -9, -6, 6, -2, 2, -5, -1, -4, 4, -7, -1, 2, 9, -2, 0, 8, -5, 3, 0, -1, -3, 0, -5, 2, 8, -2, -4, 0, -2, 4, 2, -1, -4, 1, 0, 2, 6, -12, 7, -9, -4, -16, 23, 6, -1, -4, -10, 3, 19, -9, -3, -12, -19, -23, 8, 14, 11, -25, -6, -10, 5, -29, 20, -1, 2, -11, 14, 2, 3, 10, 0, -6, 22, -12, 16, 1, -13, 3, -1, 15, 23, -3, 12, -3, 11, -20, 4, -22, 13, 8, -29, 4, 24, 1, 20, 3, -1, -5, -4, 15, -34, 13, 37, 18, 8, -15, -30, 20, 3, -46, -7, -17, -19, -25, 3, 20, 16, 25, 3, -15, 22, -14, 22, -9, -19, -7, 0, 8]
[0, 0, 0, 0, 0, 0, 0, 0, 0, -1, 1, 0, 0, 0, 2, 1, -2, -1, 1, 0, -3, 4, 0, -1, -4, -1, 0, -2, 1, 2, 1, 1, 3, 1, 6, -1, 1, -4, -1, -1, 0, 1, -1, -5, 3, 1, -4, 1, -1, 1, -5, -1, 6, 1, 4, 6, 1, 2, 1, 1, 3, -5, -4, 0, 3, -3, -7, -4, 1, 1, -6, 1, 6, 0, -4, 3, 5, -3, 1, 1, 2, 3, 1, 1, 4, -2, 10, -4, 2, 1, 4, -1, 12, -2, 2, -8, 1, 0, -4, 1, -8, -2, 0, 0, 0, 4, 2, -6, 8, -1, -4, -1, 1, -3, 1, 2, 2, 7, 2, 1, -10, -6, 3, 8, 4, -7, 3, -5, 27, 5, -6, -16, 6, 11, 13, -1, 20, -8, 9, 3, 18, 5, -11, 0, 4, -13, -3, 0, 24, -14, -14, 0, -7, -23, 3, -12, 10, -22, -8, 28, -20, 2, 10, 2, 3, 31, 13, 13, -10, -2, 6, 6, 17, 8, 8, -15, -2, 21, 9, -8, 26, 6, 10, 0, -24, -9, 17, -14, 25, -28, -13, -26, -27, 3, 8, 26, 35, -6, 41, 9, -28, 1, -15, -24, -9, -25, 23, -2, 8, 4, -4]
[0, 0, 0, 0, 0, 0, 0, 0, 0, 1, 3, -1, 0, -1, -1, -1, -1, 0, -1, 0, -2, -3, 0, 2, 4, -1, 1, 2, -1, 0, 2, -2, -2, -1, -4, 0, -3, 3, -4, 4, 4, 2, -4, 7, 4, 5, -2, 4, -4, 2, 3, -5, -3, 0, -2, -7, 5, -2, 0, -2, -1, -1, -2, 1, 0, -3, 4, 1, -3, -1, 0, 1, -3, 1, 0, -1, -3, -2, -6, -1, 0, -12, 1, 2, 4, 6, -5, 2, -1, 5, -4, -3, 9, -4, -1, -6, -4, 1, 5, 3, 1, 2, -1, -1, -1, 10, -1, 0, 0, -1, -2, 4, -2, -3, -1, 2, -3, -8, 5, -5, 16, 1, -18, -13, -8, 2, -13, 5, -14, -10, -5, 22, 18, 0, -1, -4, 4, 15, -11, 21, -6, 6, -22, 15, -19, 7, 2, 12, -22, 11, 18, 0, -4, 36, -7, -12, -7, 16, -22, -31, 6, -11, -25, 26, -13, -23, -7, -10, -1, -9, -5, -12, 15, -13, -29, -9, -2, -39, -4, 7, 10, 12, -10, -14, -1, 21, 7, -7, -16, 11, -6, 14, 17, -1, -6, 9, -3, 20, -42, 0, -3, 12, -2, 20, 11, 22, -7, 8, 8, 4, 7]
[0, 0, 0, 0, 0, 0, 0, 0, 0, 0, -2, 1, 1, -1, 0, 0, 0, -1, -1, 3, 1, -1, 0, 2, 2, 2, 3, -2, 1, -5, -4, -2, -2, 1, -1, -3, 0, 2, 0, 2, 1, 1, 7, 0, -3, 0, -3, 1, -2, -5, 2, -3, -3, -4, -1, 0, 1, -5, 2, 5, 4, 6, -3, 1, 0, 1, 4, -4, -2, 3, -5, -1, 2, -1, 5, 4, 6, -5, -4, -6, 0, 1, -6, -4, 0, 1, -7, 4, 0, -1, 2, -3, -5, -2, -1, 7, 0, -4, -6, -11, 1, 0, 4, 4, 1, 0, 0, -4, 2, -5, 1, 6, 4, 7, 2, 0, -7, -7, 3, -3, -1, 5, -12, 7, 5, -8, -6, -14, 7, -17, -14, 13, -8, 4, 7, -1, -3, -19, -4, -18, -13, -5, -1, -15, 22, 10, -5, 28, -10, -7, 2, -37, 20, 0, 35, -18, 1, 4, -13, -11, 14, 12, 8, -12, 13, 14, -26, 20, 1, -18, -5, -14, -13, 8, -9, 6, 6, -9, -28, -28, 17, -15, -14, 14, 14, -6, 6, -22, -9, 10, -18, -2, 6, 41, -14, -6, 1, -19, -3, -16, 19, -6, 17, -7, 33, 5, 5, -5, -18, -6, 4]
[0, 0, 0, 0, 0, 0, 0, 1, -1, 1, -2, 2, -1, 0, 0, 0, -1, 0, 0, 1, 2, 1, -1, -2, -1, 2, -1, -3, 0, -2, 3, 0, -1, 0, 5, -2, 4, 0, 1, 0, -3, -3, -2, -2, 8, -2, 2, 1, 3, -3, -2, 3, -1, 2, 3, -1, -5, -4, -2, 2, 2, 3, 0, 4, -3, 0, -7, 2, -1, -3, 4, 0, 5, 0, 1, -2, 10, -1, 1, -4, 1, 10, -2, -8, -6, -7, 2, -2, -2, 3, -2, -2, 2, 6, -5, 2, 4, 1, -3, 0, -1, -2, 1, 7, 0, -6, -3, 0, 5, 0, -7, 0, 5, 7, -3, -2, -4, 5, -4, 10, -2003, 1585, 2720, 3879, -1993, 1148, -2329, -6704, -5916, -2591, 3445, -3049, 11399, 964, -2138, 1605, 9200, 8968, -4238, 5784, -3427, -12200, -4740, -6179, -2168, 73, 4548, -10090, -13640, 5225, 769, 11636, 19982, 13950, -11833, -7243, 9308, -11262, 989, 12217, 4528, -10438, 3403, 484, -16240, -393, 14060, -750, -36571, -7003, -9133, 15562, 5408, 8709, 7203, 11661, 1363, 1335, 5133, 7468, 4978, -4919, 8254, -22507, 4652, -11824, 1056, -7742, 12127, -21030, -6043, 7863, 9072, -18308, -3688, 78, 11746, 8595, 28549, 3874, -17023, 31205, -20631, 4129, -18822, 16304, -22239, -37382, -749, 13189, -16177]
[0, 0, 0, 0, 0, 0, 0, 0, 2, -1, 0, -1, -1, 1, 1, 2, -3, 1, -1, -1, -1, -1, 0, -1, 3, 2, 0, 1, -3, 2, -4, -2, -2, -1, 2, 3, 3, 3, 4, -5, 1, -3, 3, 4, -2, -3, 0, -2, 0, 0, 1, 4, 5, -1, 2, 0, 1, -4, -4, 0, -1, 2, -7, 2, -7, -1, 8, 0, -7, 6, -6, 3, -3, 4, -4, 6, 3, 6, -1, 8, -2, -8, 0, -2, 3, -1, -11, -4, 5, 3, -4, -10, 0, 4, -2, 5, -2, 0, 4, 4, 7, -1, 0, -1, 0, -2, 1, 7, -3, 1, 7, 4, 5, 3, 1, -2, 0, 3, -3, -2, -19, 10, 1, -7, -16, 5, 6, -13, 1, -5, 1, 8, -2, 9, 22, -13, 18, 13, -3, 0, -8, -3, 0, 4, 3, 5, -11, 12, -22, 10, -11, 15, 8, 17, -20, 9, -11, -6, -16, -15, 17, -8, 20, 10, -24, -15, -29, 23, 8, 26, -11, 15, -52, -2, 16, 27, -1, -21, 12, 18, -3, -25, -1, 5, -9, 0, 6, -6, -32, 43, 7, 5, 7, 27, -11, -36, -17, 3, -17, 10, -8, 7, 22, 11, -18, -2, 9, -13, 11, 3, 8]
