63 3 13 36 35
[1, 0, 0, 0, -1, 0, -1, 1, 4, -5, 2, 0, 1, 0, -2, -1, 1, -2, -3, 0, 2, 1, -1, 3, -3, -3, 0, 3, -4, -2, 3, -1, -2, 3, -3, 0, 2, 4, 8, -1, 0, 9, -37, -16, 30, 12, -10, -13, 0, 61, -36, -16, -18, 20, 21, -22, -36, 60, 33, 19, -26, -10, 9, 26, -22, -133, 20, 87, 13, -4, -57, 83, 48, -77, -119, -10, 60, 33, -138, -128, 53, 52, 30, -18, -16, 211, 111, 24, -209, -36, -2, 74, -172, -45, 33, 162, 25, -28, -22, 18, -11, -64, -67, 54, 56, -7, -305, 47, 24, 116, 3, -21, 30, 277, -30, -64, -81, -58, 58, -87, -37, 279, 174, 135, 24, -61, -36, 37, -376, -15, 90, 28, 32, -132, -248, 79, -32, -198, 72, 16, 141, 162, -443, -40, -219, 10, -14, 5, 182, 655, 75, -251, -53, -3, 66, -205, -256, 83, 312, -114, -9, 10, -372, 72, -32, -3, 230, 132, -30, -368, -330, -39, -154, -91, 113, 295, 355, 298, -54, 176, 111, -184, -340, 394, 456, 116, -209, -153, 104, 26, -333, -690, 102, 862, 290, -5, -417, 86, -372, -136, -1178, -136, 299, 361, -183, -561, 105, 365, 56, -229, 140]
[0, 0, 0, 0, 0, 0, 0, 0, 0, 0, 1, 0, 1, -1, -1, 0, 0, -1, 0, 0, 0, 0, 0, 0, -1, 0, 0, 1, 1, 0, 0, 0, 0, -1, 0, 1, 0, 0, 0, 0, -1, 2, 0, 0, 0, 2, 0, 0, 0, 1, 0, 0, 0, 0, -2, -2, 0, 0, 0, 1, 0, 0, 1, -2, 0, 0, -2, 0, 0, 0, 0, 0, 0, -4, 0, -3, 3, 2, 0, 0, 2, 0, 0, 0, 1, 0, 0, 3, 0, 3, -4, -4, 0, 0, 2, 0, 7, 0, -3, 0, 0, 0, 0, 5, -8, 1, 0, 0, -6, 0, 0, -1, -5, 0, 0, 0, 0, 7, 8, 0, 0, 0, -1, 0, 0, -7, 7, 0, 0, 6, 0, -4, 0, 0, 0, 0, 2, 0, -1, 4, 5, 0, 0, 3, 0, -1, 0, -3, 0, 0, 2, 0, -12, 3, 1, 0, 0, -9, 0, -14, 0, -1, 0, 0, 0, 0, -6, 5, -3, 0, 0, 0, 0, 0, 4, 7, 0, 0, 0, 0, -3, -2, 0, 0, 0, -8, 0, 0, 14, -2, 0, 0, 1, 0, 14, 1, 0, 0, 0, 7, 0, 6, -18, -8, 0, 0, -3, 0, 4, 0, 0]
[0, 0, 0, 0, 0, 0, 0, 0, 0, 0, 0, 0, 0, 0, 0, 0, 0, 0, 1, 0, -1, 0, 0, 0, -1, 0, -1, 1, 0, 0, 1, 0, 1, 0, -1, 1, 1, 0, 0, -1, -1, -1, -1, 0, 1, -1, 3, 0, -1, 1, 1, 0, -2, 1, -2, -1, 0, 0, 3, -1, 3, -2, -2, 0, 3, 2, -3, 0, -3, -2, 0, 2, 2, -2, 4, -2, -4, 1, 3, 3, -4, 0, -4, 1, 1, 3, 5, 1, 6, 0, -10, -1, 6, 2, -7, 0, -7, -1, -5, 1, 6, -7, 12, -2, -5, 5, 9, 3, -6, -3, -11, -4, -3, 4, 12, 0, 10, -2, -9, 1, 14, 0, -10, 0, -7, -6, -1, 0, 8, -3, 18, -3, -10, 1, 11, 9, -14, 2, -14, -3, -4, 9, 12, -5, 13, -8, -17, -3, 15, 6, -20, 3, -17, -3, 4, 4, 12, -3, 24, -5, -20, 7, 21, 12, -14, 4, -22, -5, -6, 6, 22, -6, 21, -3, -23, -1, 26, 3, -30, -2, -24, -7, -4, 1, 24, -9, 30, -7, -20, 4, 33, 11, -24, 3, -29, -10, -4, 8, 25, -1, 32, -7, -30, 2, 24, 9, -32, 10, -24, -13, 0]
[0, 0, 0, 0, 0, 0, 0, 0, 0, 0, 0, 0, 0, 0, 0, -1, 0, 0, 1, 0, 0, 1, 0, 0, 0, 0, 0, 0, 0, -1, -1, 0, 1, 0, 0, 1, 1, 0, 0, -2, 0, 0, -2, -3, -1, 0, 3, 0, 0, 3, -1, 3, 0, 0, 0, 0, 0, 0, -3, 0, 3, 0, 0, 2, 0, 1, 0, -3, 0, 0, -3, -1, -4, 0, 2, 0, 0, 1, -2, 6, 0, -3, 0, 0, 0, 3, -1, 0, 3, 0, 0, 0, 4, 1, 0, -6, 0, 0, -5, -5, -3, 0, 9, 0, 0, 5, 6, 5, 0, -12, 0, 0, -6, 2, -3, 0, 4, 0, 0, 3, 4, 3, 0, -10, 0, 0, -8, -3, -8, 0, 12, 0, 0, 9, 1, 12, 0, -9, 0, 0, -3, 13, -12, 0, -2, 0, 0, -7, -6, 6, 0, -6, 0, 0, 0, -5, -3, 0, 16, 0, 0, 8, 9, 12, 0, -13, 0, 0, -1, 3, -6, 0, 9, 0, 0, -6, 5, -10, 0, -18, 0, 0, -13, -10, 9, 0, 10, 0, 0, 12, 9, 18, 0, -12, 0, 0, -6, 6, -2, 0, 11, 0, 0, 1, -6, -12, 0, 10, 0, 0, -1]
[0, 0, 0, 0, 0, 0, 0, 0, 0, 0, 0, 0, 0, 0, 0, 0, -1, 0, 0, 0, 0, 0, -2, 0, 0, -1, 0, 0, -1, 0, -1, 0, 0, 0, 0, 0, -2, 0, 0, -1, 0, 0, -1, 1, -3, 0, -2, 0, 0, 1, -6, -2, 0, -3, 0, 0, -3, -3, -4, 0, -4, 0, 0, -1, -4, -3, 0, 0, 0, 0, -4, -3, -7, 0, -9, 0, 0, 0, -8, 0, 0, -7, 0, 0, -5, -4, -12, 0, -8, 0, 0, 0, -9, -5, 0, -6, 0, 0, -9, -3, -17, 0, -11, 0, 0, -2, -21, 0, 0, -11, 0, 0, -12, 0, -15, 0, -12, 0, 0, 0, -16, -10, 0, -7, 0, 0, -13, -9, -21, 0, -32, 0, 0, -3, -27, -5, 0, -3, 0, 0, -18, -11, -33, 0, -23, 0, 0, -2, -20, -6, 0, -10, 0, 0, -21, -18, -38, 0, -42, 0, 0, 0, -40, -2, 0, -19, 0, 0, -24, -11, -54, 0, -28, 0, 0, -9, -36, -14, 0, -21, 0, 0, -24, -11, -40, 0, -54, 0, 0, -1, -57, -15, 0, -14, 0, 0, -22, -12, -63, 0, -54, 0, 0, -15, -51, -24, 0, -12, 0, 0, -39]
[0, 0, 0, 0, 0, 0, 0, 0, 0, 1, 0, 0, 0, 0, 0, -1, -1, 0, 0, 0, 0, -1, 1, 0, 0, -1, 0, 0, 2, 0, 0, 0, -1, 0, 0, 1, 0, 0, 0, 1, 0, 0, 0, 1, -1, 0, 1, 0, 0, -2, 2, 1, 0, 2, 0, 0, -1, 0, -1, 0, -1, 0, 0, 1, -4, 1, 0, 0, 0, 0, -1, -5, -4, 0, -1, 0, 0, -2, 5, 6, 0, -1, 0, 0, 4, -1, 1, 0, 4, 0, 0, -6, 3, -3, 0, 3, 0, 0, -1, 0, 1, 0, -2, 0, 0, 0, -3, 3, 0, -2, 0, 0, 6, -4, -6, 0, -4, 0, 0, 4, 1, 5, 0, 4, 0, 0, -4, 9, -5, 0, -2, 0, 0, 3, 13, 1, 0, 1, 0, 0, 5, -4, -9, 0, 2, 0, 0, -1, -5, -3, 0, -4, 0, 0, 0, -10, 13, 0, -3, 0, 0, -6, -1, -8, 0, -6, 0, 0, 2, 1, 2, 0, -1, 0, 0, 0, -8, 12, 0, -4, 0, 0, -5, -4, -4, 0, -2, 0, 0, 2, 9, 7, 0, 4, 0, 0, -1, 10, 12, 0, 10, 0, 0, 5, -15, -6, 0, 6, 0, 0, -14]
[0, 0, 0, 0, 0, 0, 0, 0, 0, 0, 0, 0, 0, 0, 0, -1, 0, 0, 0, 0, -1, 0, 0, 0, -1, 0, -1, 1, 0, -1, -2, 0, 0, 0, -1, 1, 0, 0, 0, -1, -1, -1, -3, -3, -2, -1, 0, 0, -1, 1, -2, 3, -2, -1, -2, -1, -2, 0, -6, -1, 0, -2, -2, 1, -3, -1, -3, -3, -3, -2, -6, -3, -6, -2, -2, -2, -4, -2, -5, 3, -4, -3, -4, 1, -2, 0, -6, 1, -3, 0, -10, -4, -2, -1, -7, -6, -7, -1, -12, -6, -9, -7, -3, -2, -5, 1, -3, 2, -6, -9, -11, -4, -9, -2, -15, 0, -6, -2, -9, 0, -10, 3, -10, -10, -7, -6, -20, -3, -16, -3, -6, -3, -10, 4, -10, 3, -14, -11, -14, -3, -15, 4, -24, -5, -15, -8, -17, -9, -21, 0, -20, -9, -17, -3, -17, -9, -15, -3, -8, -5, -20, 0, -12, 0, -14, -17, -22, -5, -16, -3, -28, -6, -12, -3, -23, -16, -21, -13, -30, -16, -24, -7, -36, -11, -15, -9, -20, -7, -20, 4, -24, 7, -24, -15, -29, -10, -31, -2, -27, -1, -21, -7, -30, -2, -30, -21, -32, 0, -24, -13, -42]
[0, 0, 0, 0, 0, 0, 0, 0, 0, 0, 0, 0, 0, 0, 0, 0, 0, 0, 0, 0, 0, 1, -1, 1, 0, 0, 0, 0, -1, 1, -2, 0, 1, 0, 0, 1, 0, 2, 0, 0, 0, 0, -2, 1, -2, 0, 0, 0, 0, 4, -4, 5, 0, 0, 0, 0, -2, 3, -5, 0, 1, 0, 0, 3, 0, 3, 0, 4, 0, 0, -5, 4, -4, 0, -2, 0, 0, 4, -6, 10, 0, 2, 0, 0, -3, 7, -8, 0, -1, 0, 0, 7, -2, 9, 0, 3, 0, 0, -7, 6, -12, 0, 0, 0, 0, 7, -8, 18, 0, 2, 0, 0, -9, 17, -12, 0, 0, 0, 0, 12, -9, 16, 0, 7, 0, 0, -13, 12, -14, 0, -14, 0, 0, 18, -16, 25, 0, 15, 0, 0, -11, 25, -26, 0, -9, 0, 0, 12, -12, 30, 0, 20, 0, 0, -16, 15, -21, 0, -15, 0, 0, 21, -16, 42, 0, 13, 0, 0, -8, 29, -40, 0, -2, 0, 0, 7, -16, 23, 0, 20, 0, 0, -21, 32, -10, 0, -26, 0, 0, 32, -36, 48, 0, 32, 0, 0, -13, 44, -40, 0, -23, 0, 0, 16, -21, 28, 0, 51, 0, 0, -28]
[0, 0, 0, 0, 0, 0, 0, 0, 0, 0, 0, 0, -1, 1, 0, 0, 0, 0, 0, 0, -1, 1, 0, 0, 0, 0, 2, 0, 0, 0, 0, -1, 0, -1, 0, -2, 0, 0, 1, 0, 0, -2, 1, 0, 0, 0, 0, 3, 2, -1, 0, 0, 0, 0, -3, 1, -2, 0, 0, 2, 0, -1, -3, 3, 0, 0, -1, 0, 5, 2, 1, 0, 0, -1, 0, -1, -3, -3, 0, 0, 1, 0, -2, -1, -1, 0, 0, -1, 0, 0, 6, 1, 0, 0, 3, 0, -4, 2, 3, 0, 0, -2, 0, -2, 0, 2, 0, 0, -3, 0, 0, -2, 6, 0, 0, -1, 0, 0, -3, 0, 0, 0, -5, 0, 1, 2, -6, 0, 0, 1, 0, -2, 4, -3, 0, 0, 5, 0, 2, 2, 0, 0, 0, 2, 0, 5, 2, 1, 0, 0, -2, 0, -3, -12, -1, 0, 0, 2, 0, 6, -6, 0, 0, 0, 2, 0, 2, 6, -9, 0, 0, 6, 0, -7, 1, -6, 0, 0, 3, 0, 12, 4, 6, 0, 0, 2, 0, 3, 3, 3, 0, 0, 0, 0, -14, -19, 4, 0, 0, -11, 0, 4, -2, 11, 0, 0, -8, 0, -3, 6, -5]
[0, 0, 0, 0, 0, 1, 0, 0, 0, 0, 0, 0, 0, -1, -1, 0, 0, 0, 0, 1, 0, 0, 0, 0, 2, 0, -1, -1, 1, 0, 0, -2, 0, 0, 0, 0, 0, 0, 1, 0, 0, 9, -4, 0, 0, 16, 0, 2, 3, 18, 0, 0, -27, 0, -19, 7, -12, 0, 0, 19, 0, 32, -17, 8, 0, 0, -13, 0, -10, 24, -2, 0, 0, 17, 0, 9, -23, 12, 0, 0, -20, 0, -26, 27, -28, 0, 0, 44, 0, 36, -38, 20, 0, 0, -51, 0, -11, 38, -11, 0, 0, 76, 0, 70, -27, 10, 0, 0, -6, 0, -69, 67, 7, 0, 0, 11, 0, 41, -48, 7, 0, 0, -60, 0, -17, 46, -31, 0, 0, 80, 0, 80, -41, 36, 0, 0, -31, 0, -73, 69, -16, 0, 0, 78, 0, 77, -59, 54, 0, 0, -90, 0, -49, 111, -46, 0, 0, 43, 0, 58, -84, 58, 0, 0, -26, 0, -82, 117, -51, 0, 0, 123, 0, 100, -125, 82, 0, 0, -132, 0, -75, 134, -64, 0, 0, 115, 0, 165, -55, 68, 0, 0, -39, 0, -176, 139, 7, 0, 0, 159, 0, 158, -134, 57, 0, 0, -154, 0, -88, 190, -104]
[0, -1, 0, 0, 0, 0, 0, 0, 1, 1, 0, 0, 0, 0, -1, 0, 1, 0, -1, 0, 0, 2, 0, 0, 0, 1, 0, -1, 0, 0, 0, 0, -1, 0, -1, -1, 0, 1, 0, 0, 0, 3, 23, 1, -2, -5, 9, 0, -5, -30, -4, -14, 1, -6, -10, 10, 23, -21, 1, 12, 17, 8, -12, -35, 42, -15, -28, -46, 0, 6, 48, -16, 69, 37, 55, 11, -16, -88, 77, -23, -24, -20, -30, 15, 78, -139, 82, -12, 82, 9, -2, -53, 125, -137, -15, -90, -3, 0, 87, -103, 104, 63, 35, 28, -24, -63, 163, -115, -39, -23, -54, 23, 45, -289, 138, 7, 78, 56, -38, -4, 147, -244, -57, -85, -47, 27, 0, 0, 145, 26, -6, 27, -27, -59, 314, -13, 10, -31, -41, 55, -82, -198, 346, 36, 136, -3, -57, 94, -82, -217, -78, -23, -3, 12, 63, 56, -28, 27, 10, 78, -38, 16, 205, -151, -21, -138, -85, 57, 46, -62, 336, 33, 165, 3, -81, -166, -340, -182, -51, -75, -75, 86, 280, -97, -95, 45, 262, 104, -69, -269, 543, -256, -63, -535, -96, 33, 223, -48, 654, 68, 500, 114, -131, -461, 174, 8, -111, -308, -93, 126, 344]
[0, 0, 0, 0, 0, -1, 0, 0, 0, 0, 0, 0, 1, 0, 0, 1, 0, 0, 0, -1, 0, -1, 1, 1, -2, 0, -1, 1, 0, 1, 0, 0, 0, -1, 0, 0, 1, 1, 0, 0, 0, -8, 2, 2, 1, -16, 0, -6, -5, -15, 2, 2, 21, 1, 19, -11, 11, 3, 2, -19, 1, -31, 18, -12, 3, 3, 14, 2, 3, -28, 6, 5, 3, -28, 2, -16, 23, -11, 0, 5, 23, 3, 28, -29, 26, 2, 0, -45, 4, -42, 29, -16, 3, 8, 39, 6, 13, -49, 6, 6, 3, -78, 7, -68, 21, -10, 2, 7, 6, 10, 60, -73, -7, 6, 3, -25, 6, -53, 48, -11, 3, 8, 64, 11, 16, -59, 34, 9, 5, -89, 8, -96, 33, -30, 2, 12, 11, 14, 68, -89, 15, 14, 5, -90, 13, -85, 55, -50, 9, 18, 88, 16, 32, -114, 51, 14, 4, -72, 12, -94, 78, -59, 6, 21, 22, 18, 74, -136, 51, 19, 8, -144, 11, -118, 113, -71, 9, 24, 111, 26, 60, -168, 63, 22, 10, -138, 13, -183, 47, -62, 6, 26, 28, 28, 170, -152, -7, 24, 7, -175, 15, -196, 121, -74, 18, 29, 147, 27, 76, -230, 99]
[0, 0, -1, 0, 0, 0, 0, 1, 1, 1, 0, -1, 0, 0, -1, -1, -1, 0, 0, 0, 0, 0, -1, -1, 0, -1, 0, 0, 1, 0, -1, 0, -1, 0, 0, -1, 0, -1, 0, -1, 0, 0, -3, -9, 13, 0, 8, 0, 0, -24, -12, -5, 0, -10, 0, 0, 31, -24, -2, 0, 5, 0, 0, -25, 55, -58, 0, -61, 0, 0, 53, -33, 37, 0, 50, 0, 0, -92, 62, -26, 0, -60, 0, 0, 94, -150, 65, 0, 105, 0, 0, -60, 158, -185, 0, -120, 0, 0, 55, -114, 95, 0, 85, 0, 0, -129, 99, -45, 0, -109, 0, 0, 17, -306, 207, 0, 71, 0, 0, 42, 119, -285, 0, -122, 0, 0, 19, 12, 43, 0, 1, 0, 0, -33, 186, -60, 0, -73, 0, 0, -90, -226, 291, 0, 109, 0, 0, 58, -110, -238, 0, -24, 0, 0, 62, 56, -143, 0, 21, 0, 0, -90, 201, -129, 0, -229, 0, 0, -58, -142, 324, 0, 140, 0, 0, -222, -349, -75, 0, -157, 0, 0, 358, -188, -120, 0, 217, 0, 0, -197, 549, -424, 0, -613, 0, 0, 253, -166, 443, 0, 437, 0, 0, -560, 114, -131, 0, -352, 0, 0, 447]
[0, 0, 0, 0, 0, 0, 0, 0, 0, 0, 0, 0, 0, 0, -1, 1, -1, 0, 1, 0, 0, 0, 1, 1, 0, -1, 0, 0, -1, 0, 0, 0, 0, 0, 0, 0, 1, 0, 0, -3, 0, 0, -1, 1, 0, 0, 1, 0, 0, 1, 1, 0, 0, -1, 0, 0, -1, 0, 2, 0, 0, 0, 0, -1, 2, 1, 0, -3, 0, 0, -1, 2, -1, 0, -1, 0, 0, 5, -4, 6, 0, -6, 0, 0, 0, -4, -5, 0, 4, 0, 0, 3, 3, 3, 0, -3, 0, 0, -2, -2, -2, 0, 12, 0, 0, 4, -3, 1, 0, -5, 0, 0, -6, -3, 0, 0, 4, 0, 0, 4, 3, -7, 0, -2, 0, 0, 1, -6, -5, 0, 10, 0, 0, 3, -6, 6, 0, 1, 0, 0, -7, 5, -9, 0, 10, 0, 0, 0, 4, 6, 0, -4, 0, 0, 0, -10, -12, 0, 13, 0, 0, 7, -3, 10, 0, -9, 0, 0, -5, 1, -4, 0, 5, 0, 0, 9, 3, 1, 0, -7, 0, 0, -5, -9, -1, 0, 8, 0, 0, 9, 0, 7, 0, -2, 0, 0, -1, -2, -11, 0, 10, 0, 0, -5, 0, -6, 0, 1, 0, 0, -3]
[0, 0, 0, 0, 0, 0, 0, 0, 0, 0, 1, 0, 0, 0, -1, 0, 0, -2, 0, 0, -1, 0, 0, -1, 0, 0, -1, 0, 0, 0, 0, -1, -2, 1, -1, 0, 0, -1, 0, 0, -1, 3, -1, 0, 1, 0, -2, 0, -3, -1, -3, -3, -2, 2, -6, -3, -2, 0, -1, 4, -6, -2, -3, -3, -3, -2, -6, -2, 0, 1, -3, 3, 0, -7, -4, -2, -4, 0, -9, -3, -3, 0, -5, 1, -4, -3, -5, 1, -6, -3, -9, -4, -6, -3, -1, -3, -2, -1, -6, 0, -3, -7, -6, -2, -15, -2, -9, -4, -12, 1, -11, 1, -8, -5, -9, 0, -15, 6, 0, -3, -9, -9, -21, 3, -7, -14, -6, 1, -8, 4, -11, -8, -10, -5, -22, -9, -7, -2, -18, -2, -11, 3, -12, 4, -18, -2, -17, -7, -17, -6, -19, -3, -17, -3, -18, -4, -15, -13, -10, -24, -20, -11, -27, -8, -14, -9, -23, -4, -24, -6, -31, -6, -28, -3, -23, -2, -10, 6, -30, -1, -15, -14, -23, -15, -16, -10, -24, -7, 5, -6, -36, -11, -23, -2, -31, -26, -25, -11, -36, 1, -32, 2, -34, -12, -18, -9, -29, -9, -35, -13, -31]
[0, 0, 0, 0, 0, 0, 0, 0, 0, 0, 0, -1, 0, 0, 1, 0, 1, 0, 0, 0, 0, 1, -2, 0, 0, 0, 0, 0, 0, 1, 1, 0, 0, 0, 0, -2, 0, 2, 0, 0, 0, 0, 1, 2, -5, 0, -2, 0, 0, 0, -4, 2, 0, 10, 0, 0, 5, 0, -4, 0, -5, 0, 0, -6, 0, 12, 0, 10, 0, 0, 0, 8, -13, 0, -16, 0, 0, -2, -3, -1, 0, 26, 0, 0, 3, 8, -2, 0, -6, 0, 0, 2, -10, 12, 0, 12, 0, 0, -11, 12, -9, 0, -27, 0, 0, 7, -7, -1, 0, 12, 0, 0, 3, 18, 6, 0, 5, 0, 0, 8, -12, 20, 0, 10, 0, 0, -10, 10, -6, 0, -36, 0, 0, 3, -16, 10, 0, 14, 0, 0, -1, 16, -7, 0, -9, 0, 0, 18, -10, 18, 0, 38, 0, 0, -7, 17, -6, 0, -44, 0, 0, 14, -10, 27, 0, 34, 0, 0, -11, 27, -15, 0, -19, 0, 0, 4, -24, 11, 0, 30, 0, 0, 1, 44, -18, 0, -38, 0, 0, 11, -30, 35, 0, 46, 0, 0, -10, 49, -31, 0, -27, 0, 0, 20, -39, 39, 0, 27, 0, 0, -25]
[0, 0, 0, 0, 0, 0, 0, 0, 0, 0, 0, -1, -1, 1, 1, 0, 1, 0, -1, 1, 0, 0, 0, 0, 0, -1, 0, -1, 1, -1, 1, 1, 0, 1, 1, -1, 0, -1, 0, 0, -1, 3, -12, 6, -6, -4, 0, 3, 13, 5, -2, 2, 19, -13, 3, -23, 0, 3, -25, -6, 1, 18, 3, 13, -16, 34, 37, -20, -3, 0, -12, 2, -34, -73, 43, -4, 13, 23, -18, 66, 30, -34, 22, 3, -27, -4, -89, -1, 47, -42, 0, 17, -2, 66, 41, -45, 15, 57, -62, 20, -77, -51, 54, -75, 18, 46, 12, 39, 30, -70, 153, -27, -67, 35, -114, 82, -64, -51, 9, 97, -81, 5, 57, -29, 113, -75, -26, -22, 73, -64, -7, -90, 49, 147, -156, 84, -61, 100, 71, -110, -42, 118, -39, -72, -40, -28, 210, -77, -95, -54, 109, 96, -72, 9, -59, 77, -18, -68, -60, -90, 152, -39, -71, 73, 156, -14, 74, -135, 37, 221, -314, 9, -109, 162, 95, -83, 6, -19, 207, -101, 162, -187, 61, -142, -109, -102, -68, -17, 18, 143, -270, 481, 71, -65, 96, -120, 148, -12, -260, -204, 174, -129, 205, -16, 27, 232, 6, 118, -22, 12, -164]
[0, 0, 0, -1, 0, 0, 0, 0, 0, 0, 1, 0, 0, 0, 1, -1, 0, 0, 0, 0, 1, 0, -1, -1, 0, 0, -1, -2, 0, -1, 0, 1, 0, -1, 0, 1, -1, -1, 0, 0, 0, -1, -5, -2, -1, 11, 0, -4, 0, -1, -2, -2, -22, -1, -8, -7, -3, -3, -2, -14, -1, 18, -1, -1, -3, -3, 3, -2, 6, 11, 6, -5, -3, 13, -2, -1, -7, 10, 0, -5, -1, -3, -17, 0, -13, -2, 0, 2, -4, -9, -16, -5, -3, -8, -3, -6, -7, 1, -12, -6, -3, 21, -7, -8, -14, -8, -2, -7, -9, -10, -27, 10, -16, -6, -3, -27, -6, -2, -13, -18, -3, -8, -55, -11, 5, 8, -5, -9, -5, 7, -8, 38, -29, 7, -2, -12, 4, -14, -35, 18, 11, -14, -5, 17, -13, 4, -8, -10, -9, -18, -14, -16, -21, 6, -25, -14, -4, 1, -12, -12, -33, -14, -6, -21, -14, -18, -12, -13, -27, -19, -8, 9, -11, 18, -38, 8, -9, -24, -63, -26, -33, 20, -22, -22, -10, -5, -13, 18, -51, -35, -6, -26, -8, -28, -46, 32, -1, -24, -7, -16, -15, 8, -73, -13, -18, -29, -52, -27, -56, -6, -34]
[0, 0, 0, 0, 0, 0, 0, 0, 0, 0, 1, 0, 0, 0, 0, 0, 0, -2, 0, 0, -1, 0, 0, 1, 0, 0, -1, 0, 1, 0, 0, -1, 2, 1, -1, -1, 0, 1, 0, 0, -1, 3, 2, 0, -1, 0, 2, 0, -3, 0, 3, 3, -2, -2, -6, -3, 0, 0, 1, 4, 6, -2, -3, -3, 3, 2, -6, 2, 0, 1, 0, -3, 0, -7, 4, -2, -4, 3, 9, 3, -3, 0, -5, 1, -1, 3, 5, 1, 6, -3, -9, -3, 6, 3, -1, 3, -2, -1, 0, 0, 3, -7, 6, -2, -15, 1, 9, 4, -12, -1, -11, 1, -1, 5, 9, 0, 15, 6, 0, 1, 9, 9, -21, -3, -7, -14, 3, -1, 8, 4, 11, -8, -10, 1, 22, 9, -7, 2, -18, -2, -3, -3, 12, 4, 18, -2, -17, 2, 17, 6, -19, 3, -17, -3, -4, 4, 15, -13, 10, -24, -20, 0, 27, 8, -14, 9, -23, -4, -12, 6, 31, -6, 28, -3, -23, 8, 10, -6, -30, 1, -15, -14, -4, 15, 16, -10, 24, -7, 5, 12, 36, 11, -23, 2, -31, -26, -4, 11, 36, 1, 32, 2, -34, -3, 18, 9, -29, 9, -35, -13, -4]
[0, 0, 0, 0, 0, 0, 0, 0, 0, 0, 0, 0, -1, 1, 0, 0, 0, -1, 1, 0, -2, 0, 0, 0, 0, -1, 0, 0, 0, 0, -1, 2, 0, 0, 0, 0, 1, -1, 1, -1, -1, -7, 1, 0, 7, -24, 5, -5, 6, -8, -8, -1, 26, -1, 18, -12, 5, 9, -2, -13, 1, -39, 22, -1, 0, -10, 19, -6, 14, -35, -6, 15, 7, -62, 14, -16, 20, -12, -24, 16, 49, -19, 52, -44, 20, 6, -14, -40, 8, -60, 42, -6, 5, 2, 83, -12, 19, -41, 1, 4, -6, -134, 42, -100, 35, -4, -10, 34, 24, -14, 114, -86, -28, 14, -18, -18, -20, -75, 83, 12, 2, -6, 95, 4, 46, -81, 15, 17, -15, -116, 22, -135, 58, -17, -49, 46, 13, 10, 108, -124, -6, 61, -37, -94, -23, -73, 111, -76, -18, 42, 124, -1, 52, -135, 75, 15, -45, -100, 42, -150, 99, -57, -34, 69, 51, -28, 118, -165, 52, 36, -92, -162, -6, -135, 158, -112, 24, 56, 162, 1, 162, -238, 73, -21, 14, -159, 7, -270, 144, -16, -51, 67, 67, 20, 202, -230, 4, 30, -78, -211, -8, -249, 277, -105, 21, 16, 238, 82, 117, -313, 125]
[0, 0, 0, 0, 0, 0, 0, 0, -1, 1, 0, -1, 0, 0, 1, 1, 1, 0, -1, 0, 0, 0, 0, 0, 0, -2, 0, 0, 1, -1, 1, 0, 1, 0, 0, 1, -1, 1, 0, 1, 0, 0, 2, -1, -7, 0, 3, 0, 0, 2, 13, 0, 0, -4, 0, 0, -13, -12, -8, 0, 6, 0, 0, 5, 1, 32, 0, 2, 0, 0, -9, -4, -25, 0, 15, 0, 0, 26, 21, 13, 0, -8, 0, 0, -32, 5, -48, 0, 10, 0, 0, 5, -38, 60, 0, -3, 0, 0, -11, 20, -19, 0, 13, 0, 0, 36, -2, 23, 0, -13, 0, 0, -5, 47, -63, 0, 8, 0, 0, -22, -56, 35, 0, -23, 0, 0, 6, 7, 41, 0, -3, 0, 0, 30, 5, 8, 0, 5, 0, 0, 23, 52, -41, 0, 10, 0, 0, -28, -10, -66, 0, -1, 0, 0, -26, -47, 106, 0, -64, 0, 0, 25, 16, 66, 0, 55, 0, 0, 29, 25, -21, 0, 22, 0, 0, 21, 62, -77, 0, 5, 0, 0, -88, -92, -47, 0, -48, 0, 0, 64, -30, 206, 0, 8, 0, 0, -24, 53, -98, 0, 58, 0, 0, 120, 36, 39, 0, -1, 0, 0, -159]
[0, 0, 0, 0, 0, 0, 0, 0, 0, 0, 0, 1, 0, 0, 0, -1, -2, 0, 2, 0, 0, 0, -1, 0, 0, 1, 0, 0, 1, -2, 0, 0, 1, 0, 0, 1, -1, 0, 0, 0, 0, 0, 1, -1, -1, 0, 2, 0, 0, 2, -2, 0, 0, 1, 0, 0, 1, -3, 1, 0, 0, 0, 0, 1, -2, 0, 0, 0, 0, 0, 1, -3, -2, 0, -4, 0, 0, 2, 1, 9, 0, -6, 0, 0, 3, 1, -1, 0, -1, 0, 0, -3, 7, 0, 0, -3, 0, 0, -3, 2, -1, 0, 3, 0, 0, -1, 0, 4, 0, -7, 0, 0, -6, 4, 0, 0, 0, 0, 0, -1, 9, -5, 0, 2, 0, 0, -4, 3, -2, 0, 2, 0, 0, -3, 7, 6, 0, 5, 0, 0, -5, 7, -9, 0, -1, 0, 0, -9, 5, 3, 0, -5, 0, 0, 0, -4, -3, 0, 3, 0, 0, 1, 0, 2, 0, -9, 0, 0, -7, 8, -2, 0, 4, 0, 0, 0, 8, -1, 0, -11, 0, 0, -8, 0, 4, 0, -2, 0, 0, 6, 9, 5, 0, -4, 0, 0, 1, 8, 2, 0, 3, 0, 0, -5, -9, -12, 0, 14, 0, 0, -3]
[0, 0, 0, 0, 0, -1, 0, 0, 0, -1, 0, 0, 0, 1, 0, 2, 0, 0, 0, 0, 0, 0, -1, 1, -1, 0, 1, 0, 0, -1, 0, 1, 0, -2, 0, 0, -1, -1, 0, 1, 0, -6, -12, 9, 2, -29, 0, -8, 14, -6, -12, -1, 52, -15, 31, -39, 10, 12, -23, -31, -2, -23, 33, 2, -14, 23, 70, -21, 6, -43, -8, 23, -20, -137, 50, -31, 52, 14, -47, 81, 85, -52, 82, -51, 1, 0, -109, -61, 45, -108, 56, 11, 0, 76, 120, -51, 45, -12, -55, 36, -85, -188, 87, -186, 61, 30, -8, 73, 57, -64, 281, -139, -105, 57, -132, 43, -88, -146, 107, 91, -86, -6, 183, -6, 161, -169, 15, 1, 66, -205, -3, -248, 121, 113, -221, 126, -38, 135, 209, -265, -41, 182, -71, -207, -64, -136, 350, -171, -103, 0, 288, 113, -14, -159, 24, 113, -84, -194, -40, -266, 297, -116, -128, 149, 221, -18, 236, -352, 105, 274, -418, -195, -129, -13, 307, -192, 24, 55, 420, -61, 330, -469, 156, -128, -110, -310, -88, -336, 160, 90, -357, 543, 151, -16, 398, -369, 157, 26, -364, -481, 131, -460, 497, -165, 54, 274, 297, 215, 150, -382, -5]
[0, 0, 0, 0, 0, 0, -1, 0, 0, 0, 0, 0, 1, 0, 0, 0, 0, 1, 1, 1, 1, 0, 0, 0, 0, 1, 0, 0, 0, 1, 1, -1, -1, 1, 1, -1, 0, 2, -1, 0, 1, -8, 25, -12, 10, 7, -1, -14, -20, -16, 4, -5, -33, 39, 4, 35, 17, -3, 47, 12, -7, -43, 12, -34, 32, -61, -53, 45, 16, 0, 24, 7, 54, 125, -98, 17, -12, -59, 31, -140, -34, 95, -12, -14, 67, 11, 178, -5, -94, 63, 11, -29, -4, -124, -47, 99, -19, -114, 122, -32, 154, 54, -128, 120, -11, -93, -25, -89, -39, 149, -244, 39, 152, -65, 240, -147, 128, 79, 14, -179, 150, 5, -59, 56, -188, 134, 55, 49, -142, 81, -6, 149, -65, -296, 293, -162, 140, -204, -98, 185, 100, -224, 86, 146, 74, 66, -357, 148, 180, 114, -142, -170, 178, -18, 178, -145, 37, 140, 95, 147, -244, 57, 142, -136, -270, 40, -67, 247, -32, -423, 624, -39, 193, -312, -111, 131, -32, 40, -351, 219, -234, 347, -60, 294, 205, 187, 126, -50, 35, -285, 525, -936, -59, 157, -102, 200, -277, 48, 502, 333, -347, 190, -258, 34, -72, -446, 90, -228, 98, -115, 399]
[0, 0, 0, 0, 0, 0, 1, -1, 0, 0, 1, 0, 0, 0, 0, 1, 0, -1, -2, 0, -1, 0, -1, 0, 0, 0, 0, -1, 1, 1, -1, -1, 0, 0, 1, 1, 0, 0, 0, 1, -1, 22, -38, 22, -24, 13, -7, 20, 28, 31, -3, 10, 24, -51, -25, -48, -23, -3, -70, 0, 2, 100, -30, 47, -48, 111, 72, -54, -30, 35, -28, -15, -91, -140, 121, -5, 5, 100, -32, 199, 17, -108, -18, 63, -115, -17, -260, 44, 125, -42, -59, 55, -8, 197, 11, -126, 21, 209, -190, 58, -234, 22, 134, -95, -16, 148, 34, 107, 39, -191, 284, 21, -199, 100, -348, 257, -176, -40, -80, 269, -239, 10, 10, -63, 256, -135, -96, -73, 217, -28, -42, -109, 62, 466, -417, 207, -212, 324, 56, -170, -143, 302, -110, -121, -99, -22, 466, -137, -265, -186, 133, 296, -314, 171, -327, 225, -28, -118, -214, -108, 293, -27, -210, 170, 388, 5, 22, -216, -2, 629, -880, 219, -307, 614, 43, -81, 9, -76, 384, -283, 234, -298, 41, -374, -339, -131, -240, 298, -147, 470, -789, 1374, 59, -197, -6, -105, 410, -52, -726, -319, 484, -70, 182, 61, 57, 703, -325, 301, -233, 425, -713]
[0, 0, 0, 0, 0, 0, 0, 0, 0, 0, 1, 0, 0, 0, -1, 0, 0, -1, 0, 0, -1, 0, 1, 0, -1, 0, 1, 0, 2, 0, -1, 0, -2, 1, -1, -1, 0, 0, 0, 0, 1, -1, 10, -7, 8, 2, -1, -5, -7, -9, -1, -3, -14, 18, -1, 13, 3, 3, 20, 9, -6, -25, 6, -14, 13, -38, -25, 17, 9, 0, 4, 8, 29, 43, -45, 5, -4, -27, 1, -66, -3, 37, -1, -17, 33, 3, 78, -2, -48, 24, 4, -9, -4, -64, -8, 42, -5, -51, 58, -18, 71, -3, -53, 46, -5, -48, -23, -35, -21, 70, -99, 7, 62, -36, 99, -74, 44, 29, 27, -78, 63, -3, -22, 27, -84, 53, 24, 30, -85, 33, -2, 52, -25, -146, 115, -72, 70, -105, -36, 77, 34, -94, 16, 68, 16, 42, -156, 58, 66, 66, -56, -95, 77, -21, 84, -74, -11, 54, 54, 34, -125, 14, 38, -56, -129, -4, -25, 99, -20, -206, 254, -24, 73, -172, -36, 54, -28, 39, -159, 107, -69, 128, -35, 125, 88, 77, 46, -73, 58, -135, 213, -453, -29, 76, -24, 49, -138, 20, 197, 140, -201, 69, -85, -2, -45, -234, 77, -95, 67, -101, 183]
[0, 0, 0, 0, 0, 1, 0, -1, 0, 0, 1, 0, 0, -1, 0, -1, 0, -1, 0, 1, 0, 0, 2, 0, 1, 0, 1, 0, -1, 1, -1, 0, 0, 0, 0, 0, -2, 0, 0, 0, -1, 10, -7, -3, -14, 18, -13, 6, 5, 31, 5, 6, -21, 5, -21, 9, -32, 15, 2, 20, -21, 31, -17, 31, -44, 25, -16, 47, -3, 28, -40, 7, -37, 24, -63, 13, -20, 68, -37, -9, -21, 54, -28, 29, -74, 129, -13, 48, -90, 45, -33, 36, -131, 86, -37, 105, -6, 49, -56, 39, -85, 78, -92, 73, -29, 76, -137, 2, -12, 37, -60, 72, 3, 217, -138, 25, -79, 60, -40, -19, -99, 234, -65, 59, -16, 52, -55, -27, -118, 95, -4, 92, -33, 45, -164, 18, -9, -5, -69, 93, 65, 144, -275, 93, -91, 84, -55, 20, 97, 226, -86, -1, -44, 117, -124, -94, 46, 63, 17, 80, -78, 87, -213, 4, -22, 131, -80, 141, -57, -29, -296, 144, -179, 118, -109, 245, 236, 50, -111, 23, -63, 166, -331, 137, 131, 130, -229, 183, -33, 188, -423, 115, -27, 481, -156, 153, -199, 30, -342, 182, -466, 202, -139, 475, -168, -59, -150, 199, -72, 230, -386]
[0, 0, 1, 0, 1, -1, 0, 0, 0, -1, 0, -1, 1, -1, 0, 0, 1, 0, 0, 0, 1, -1, 0, 0, 0, 0, 0, 1, 0, 1, -1, 1, 1, 0, 0, 0, -1, 0, 0, 1, 2, -23, 51, 4, 22, -36, 5, -18, -19, -67, -11, 0, 30, 52, 29, 33, 62, 30, 45, -33, -3, -84, 48, -72, 22, -77, -30, 26, 12, -50, 35, 33, 78, 94, -102, -4, -9, -118, -24, -122, 12, 116, 52, -59, 141, -35, 185, -88, -80, 6, 84, -42, 71, -155, 35, 87, 13, -159, 166, -15, 191, -74, -141, -73, 0, -113, 58, -83, -18, 236, -52, -84, 96, -152, 312, -129, 140, 6, 134, -104, 250, -76, -23, 99, -117, 63, 114, 57, -108, -78, -71, -95, 7, -360, 316, -153, 214, -150, 47, -45, -9, -312, 217, 39, 75, -49, -137, 78, 152, 93, 46, -129, 318, -216, 364, -18, -75, -107, 60, -6, -9, 3, 169, -115, -125, -31, -44, -158, 63, -266, 709, -270, 244, -434, 112, -146, -235, 159, 9, 338, -45, 128, 280, 431, 112, -187, 273, -315, 225, -440, 531, -951, -13, 38, 70, -101, -141, 107, 652, 146, -218, -93, -80, -390, -96, -298, 456, -162, 312, -405, 721]
[0, 0, 0, 0, 0, 1, 0, -1, 0, 0, 1, 0, 1, -1, 0, 0, 0, 0, -1, 0, 0, 0, 0, 0, 0, 1, 2, 0, 0, 0, 0, 0, 0, 1, 0, 0, 0, 1, 0, 0, -3, 18, -10, 6, -15, 25, -6, 8, 12, 25, 6, 6, -18, -15, -32, 3, -15, -9, -23, 19, 0, 76, -36, 20, -16, 48, 0, -14, -18, 43, -9, -18, -39, 14, 27, 23, -24, 49, 9, 55, -40, -18, -59, 69, -56, -10, -75, 67, 35, 57, -67, 18, -6, 66, -63, -33, -8, 124, -70, 14, -74, 134, 9, 68, -46, 64, 23, 6, -15, -54, -8, 101, -44, 21, -102, 127, -39, 82, -102, 92, -81, 11, -96, -27, 41, 40, -54, -40, 81, 109, -29, 107, -31, 180, -96, 32, -76, 96, -89, 74, -42, 54, -10, 69, -13, 73, 58, 34, -77, -96, -91, 100, -163, 213, -181, 60, 30, 66, -102, 114, -9, 72, -37, 0, 97, 24, -111, 121, -57, 180, -213, 264, -96, 361, -155, 93, -18, -78, -48, -99, -69, 157, -68, -108, -123, 133, -84, 372, -160, 220, -216, 408, -51, -85, -236, 205, 145, -39, -175, 151, 171, 252, -179, 132, -6, 217, -351, 31, -182, 469, -364]
[0, 0, 0, 0, 0, -1, 0, -1, 0, 0, 0, 0, 1, 1, 1, 1, 0, 1, -2, 1, 1, -1, 1, 0, 0, 0, -1, 0, 0, 0, 0, 0, -1, 1, 1, 0, 0, -1, 0, 1, 1, 9, -19, 14, -15, -10, -6, 1, 15, 2, 3, 5, 42, -35, 8, -39, 1, -3, -44, -13, 1, 44, 6, 19, -32, 72, 70, -39, -12, -1, -7, -14, -58, -112, 82, -7, 33, 50, -16, 126, 42, -73, 29, 22, -43, -18, -169, -18, 84, -69, 4, 12, -4, 127, 58, -84, 38, 90, -112, 34, -148, -46, 87, -125, 25, 85, 28, 58, 42, -124, 265, -44, -122, 52, -228, 165, -117, -61, 4, 158, -158, 0, 93, -46, 197, -131, -19, -56, 154, -109, -19, -155, 93, 274, -264, 119, -109, 206, 131, -190, -67, 180, -56, -143, -56, -83, 399, -147, -170, -144, 210, 184, -137, 30, -134, 140, -3, -120, -135, -129, 320, -87, -129, 80, 318, -3, 129, -253, 77, 400, -555, 30, -204, 330, 171, -131, 7, -66, 402, -195, 249, -319, 109, -266, -225, -184, -144, 43, -19, 244, -504, 884, 108, -151, 206, -181, 286, -65, -453, -357, 338, -215, 312, -32, 51, 450, -23, 164, -49, 74, -325]
[0, 0, 0, 0, 0, 0, 0, 0, 0, 0, 1, 0, 0, -1, 0, -1, 0, -1, 0, 1, 2, 1, 0, 0, -1, 1, 0, 0, 0, -1, 0, 0, 1, -1, 0, -2, 0, 1, -1, -1, 1, 3, 6, -3, -8, 12, -2, 5, -3, -2, 7, 4, -8, 1, -12, 3, 2, -9, -1, 9, 2, 16, -9, 0, 0, 11, -19, 3, -2, 21, 2, -16, -11, 34, -12, 8, -13, 3, 22, -10, -27, 16, -27, 19, -3, -3, 13, 15, -5, 24, -15, -10, -1, -1, -29, 6, -5, 24, 2, -9, 3, 71, -33, 51, -22, -1, 16, -29, -24, 2, -54, 42, 20, -12, 15, 7, 24, 48, -38, -8, 2, 9, -57, -14, -29, 32, -2, -20, 7, 61, -10, 60, -33, -4, 50, -34, 10, -19, -55, 79, 10, -48, 25, 60, 21, 32, -64, 35, 12, -36, -67, -5, -18, 54, -32, -20, 42, 45, -26, 82, -48, 17, 43, -57, -34, 15, -79, 88, -26, -33, 86, 69, 15, 55, -75, 45, -19, -66, -63, -19, -72, 132, -34, 11, -5, 75, 3, 138, -58, -17, 60, -49, -25, -32, -90, 100, 1, -24, 76, 94, 19, 156, -159, 62, -27, -28, -128, -72, -84, 180, -53]
[0, 0, 0, 0, 0, 0, 0, 0, 0, 0, -1, 0, 0, 0, -1, 1, 0, 2, -1, 1, 0, 1, 1, 1, 0, 0, -1, 0, -1, 1, -1, 0, -1, -1, 0, -2, 0, 1, 0, 1, 0, 0, 1, 2, 0, -3, -3, 1, 0, -1, 1, 2, -1, 0, 0, 2, -4, 3, -1, 7, -2, 4, -1, 6, 0, 1, -6, 2, -3, 2, 0, 3, 1, 3, -2, 2, -3, -1, -3, 2, 4, 3, -1, 3, -1, -1, -5, -4, -2, -3, 0, 7, -3, 6, -6, 6, 2, -1, -6, 5, -3, 19, -5, 12, 0, 6, -7, 4, -6, 13, -13, 5, 6, 2, -9, -2, -4, 9, -13, 1, -11, 8, 3, 11, -8, 14, -7, 9, -3, 2, -10, -2, -5, 7, -9, 3, -12, 12, 0, 12, -14, 5, -7, 16, 0, 14, -7, 24, -6, 12, -20, 13, -2, 9, -4, 10, -8, 12, -12, 27, -6, 13, -15, 9, -1, 14, -24, 23, 0, 13, -14, 15, -10, 2, -19, 11, -17, 21, -6, 28, -9, 19, -11, 21, -14, 17, -17, 30, -21, 15, -27, 15, -10, 25, -16, 8, -3, 16, -18, 17, -17, 25, -18, 31, -6, 20, -20, 17, -23, 32, -33]
[0, 0, 0, 0, 0, 1, 0, 0, 0, 1, 1, 0, 0, 0, -1, -2, -2, -1, 0, 0, 0, 1, -2, 0, -1, 0, -1, 1, 0, 0, -1, 0, 0, 1, 0, 0, 0, 0, 0, 1, 0, 27, -34, 12, -32, 49, -15, 23, 12, 59, 1, 10, -40, -22, -45, -19, -38, -12, -42, 41, -16, 106, -63, 45, -49, 86, 2, 1, -15, 73, -38, -27, -87, -22, 20, 22, -13, 102, -17, 114, -68, -29, -100, 101, -117, 30, -143, 111, 32, 45, -110, 33, -52, 134, -84, -21, -28, 188, -173, 51, -185, 185, 8, 148, -31, 129, -34, 25, -15, -130, -44, 152, -55, 137, -240, 160, -140, 86, -197, 148, -194, 99, -78, -21, 65, -5, -151, -67, 66, 174, -48, 210, -54, 322, -298, 105, -196, 184, -139, 172, -25, 194, -172, 38, -103, 69, 30, 34, -133, -30, -157, 182, -333, 306, -398, 78, -1, 192, -153, 157, -63, 50, -184, 24, 84, 59, -73, 291, -133, 346, -626, 378, -305, 533, -241, 245, 60, -70, -129, -227, -108, 91, -274, -176, -151, 315, -279, 549, -340, 397, -618, 808, -50, 96, -228, 287, 82, -66, -524, 46, 94, 340, -170, 449, -123, 366, -655, 186, -422, 684, -757]
[0, -1, 0, 0, 0, 0, 1, -1, 1, 1, 0, 0, 0, -1, 0, -1, -1, 1, 1, 0, 0, 1, 0, 0, -1, -1, -1, 1, 0, 0, -1, -1, 0, 1, -1, -1, 1, 1, -1, -1, 1, 12, -5, -6, -31, 32, -18, 22, -7, 26, 4, -11, -35, 1, -29, 14, -30, -18, 9, 29, -31, 48, -35, 6, -24, 31, -35, 57, -20, 55, -23, -7, -4, 64, -73, 19, -31, 36, 11, -44, -50, 55, -70, 56, -45, 81, 51, 64, -93, 75, -64, 19, -132, 16, -104, 102, -27, 76, -29, -17, -64, 164, -98, 138, -49, 60, -111, -122, -36, -16, -153, 118, 61, 133, -108, 26, -74, 100, -108, -62, -76, 165, -129, 4, -55, 116, -115, -51, -92, 178, 21, 170, -81, -2, -18, 20, -41, -68, -145, 182, 43, 86, -201, 150, -56, 145, -158, 114, 75, 207, -197, -69, -91, 186, -195, -181, 28, 152, 67, 202, -167, 119, -167, -144, -86, 101, -194, 242, -50, -166, -253, 246, -201, 189, -222, 271, 150, -150, -219, -108, -186, 299, -339, 46, 183, 232, -212, 374, -174, -11, -210, -86, -105, 420, -284, 276, -204, -39, -31, 308, -404, 375, -376, 405, -147, -179, -320, -16, -174, 457, -362]
[0, 0, 1, 0, 0, 0, 0, 0, -1, -1, 0, 1, -1, 0, 0, 0, 1, -1, 1, 0, 2, 1, 0, 0, 2, 1, 1, 0, 0, 0, -1, 0, -1, 1, -1, 0, 0, 1, -1, 0, 1, -3, 8, 1, -6, 8, -8, 4, -11, 23, 3, 2, -13, 30, 5, 17, -26, 27, 17, 6, -14, -23, 4, 14, -45, 20, -23, 78, 10, 6, -53, 45, -13, 44, -99, 2, 0, 66, -73, -35, -5, 96, 3, -15, -73, 158, 5, 10, -158, 27, 19, 66, -167, 121, -14, 156, -8, -44, 2, 97, -36, 16, -139, 57, 2, 84, -132, 20, -3, 169, -104, 24, 35, 280, -120, -87, -38, 17, 26, -111, -63, 281, -12, 148, -74, 66, -16, 22, -147, 62, -18, 72, -25, -90, -100, 1, 71, -31, -28, 88, 123, 155, -306, 79, -120, 66, -166, 7, 153, 316, -53, -67, 102, -18, 6, -129, 104, 72, 20, 58, -110, 124, -191, 98, -145, 215, -6, 121, 27, -54, -127, -15, -87, -150, -16, 277, 312, 122, -129, 255, -63, 142, -418, 309, 196, 96, -204, -34, 74, 76, -381, -7, -1, 694, -12, 91, -414, 203, -304, 166, -676, 96, -83, 572, -192, -104, 101, 282, 78, -51, -276]
[0, 0, 1, 0, 0, 1, 0, -1, -1, -2, 0, 0, 1, -1, -1, 1, 2, 1, 1, 0, 0, 0, 1, -1, 0, -1, -1, 0, 0, -1, 1, -1, 0, 0, 0, 0, 1, 0, -1, -2, 1, 19, -34, 1, -31, 45, -27, 8, 3, 102, 12, 3, -63, 15, -18, -5, -94, 33, -2, 42, -45, 40, -29, 70, -110, 98, -6, 127, -5, 46, -123, 60, -101, -9, -136, 7, 12, 211, -141, 14, -14, 111, -40, 27, -243, 328, -130, 95, -241, 48, -74, 150, -382, 333, -71, 246, -17, 49, -177, 184, -244, 87, -170, 182, 6, 256, -323, 64, 9, 113, -148, 106, -7, 652, -450, -35, -212, 29, -79, -116, -326, 601, 19, 178, -35, 56, -138, -53, -219, 153, 12, 213, -53, 111, -523, 108, -96, 47, -101, 190, 218, 514, -758, 84, -296, 139, -164, -53, 188, 548, -131, -7, -148, 198, -294, -237, 169, 215, 4, 78, -210, 195, -552, 202, -128, 400, 26, 357, -34, 97, -902, 219, -454, 109, -159, 655, 748, 94, -303, 141, -108, 123, -978, 238, 289, 345, -621, 189, -120, 487, -1251, 686, -10, 1325, -67, 274, -656, 196, -1133, 159, -1160, 205, -65, 1368, -342, 17, -254, 623, -126, 205, -1107]
