66 2 17 64 63
[1, 0, 0, 0, -1, 0, 1, 0, 0, -1, 0, -1, 0, -1, -2, 0, 0, 3, 0, 1, 2, 0, -2, 1, -2, -2, -2, 0, 0, 1, 0, 3, 2, 1, 1, -1, 1, 0, 2, 0, 2, -1, -3, 2, -2, 0, 1, 2, -2, 0, -1, 0, 1, 0, 0, 1, -2, -1, 0, 1, 0, 2, -1, 1, -3, -1, -1, -2, -2, -1, -1, 1, 6, -13, 17, -8, -20, -15, -21, -2, -36, 43, 29, -8, 30, -15, 75, -32, 14, 2, -10, 15, -24, -6, -22, 29, -4, 14, -41, -12, -44, -5, 18, 34, -7, 10, -22, 67, -10, 14, 5, -1, 75, -47, -26, -42, 59, 0, -21, -89, 32, 0, 59, 38, -10, 80, -47, -33, -40, 7, -100, -46, -8, 42, -4, 36, 86, -43, 81, -47, -159, -24, 40, 34, -28, 24, 75, -9, 47, -9, -67, 4, 61, -60, -5, 147, -4, -26, -29, -5, -46, -34, 36, -16, 77, -36, -67, -12, 32, -4, -172, 49, -1, 83, 116, 78, -32, 84, -32, -92, -152, -22, 84, -56, 104, 26, 5, 3, 47, -18, -40, -40, -9, 27, 135, 39, -20, -80, 100, 15, -105, -35, 8, -32, -55, -61, -116, -48, -40, -45, 1]
[0, 0, 0, 0, 0, 0, 0, 0, 0, 0, 0, 0, 0, 0, 0, 0, 0, -1, 0, 0, 0, 0, 0, -1, 0, 0, 1, 0, 1, 0, 0, 0, 0, 0, 1, -1, 0, -1, -1, -1, 0, 0, 0, 0, 0, -1, 1, 0, 1, 1, 0, 0, 0, -1, 0, 0, 0, -1, 0, -1, -1, -1, -1, 0, 1, -1, 0, -1, -1, 0, 2, 0, 2, 1, 0, -1, 1, -1, 2, 0, 0, -3, -1, -2, -1, 0, 0, -1, 1, -1, 1, 0, 0, 2, 2, -1, 0, -1, -1, -1, 1, -1, 0, -1, -2, -3, 0, -2, 2, 0, -1, -2, 0, -2, 3, 2, 3, 1, 2, -2, 1, 0, 2, 0, 2, -6, -3, -3, -2, -2, 2, -1, 1, -1, 1, -2, 4, 2, 3, 1, -2, -3, 0, -3, 0, 0, -2, -3, -2, -4, -1, 0, 1, 0, 2, -4, -2, 0, 1, 2, 5, 1, 2, -1, 0, -2, 4, 0, 2, -3, -4, -4, -1, -4, 1, 1, 0, -1, 1, -4, 1, 4, 4, 0, 2, -5, -3, -1, -1, 1, 2, -5, -2, -5, -2, -2, 4, -3, 1, -2, -2, -2, 5, 1, 5, 3, 2, -1, 3, -3, 3]
[0, 0, 0, 0, -1, 0, 1, 0, 0, 0, 0, 0, 0, 0, 0, 0, 0, 0, 0, 0, 0, 0, -1, 0, 0, 0, 0, 0, 0, 0, -1, 0, 0, 0, 1, 0, -2, 0, 0, 0, 0, 0, -2, 0, 0, 0, 2, 0, -2, 0, 0, 0, -2, 0, 1, 0, 0, 0, 0, 0, 0, 0, 0, 0, 1, 0, 0, 0, 0, 0, -1, 0, 1, 0, 0, 0, -5, 0, 2, 0, 0, 0, 0, 0, -4, 0, 0, 0, -1, 0, 0, 0, 0, 0, -4, 0, 2, 0, 0, 0, -7, 0, 0, 0, 0, 0, 1, 0, 0, 0, 0, 0, -6, 0, 5, 0, 0, 0, 0, 0, -2, 0, 0, 0, -3, 0, -1, 0, 0, 0, 1, 0, -1, 0, 0, 0, -1, 0, -4, 0, 0, 0, 4, 0, -3, 0, 0, 0, -6, 0, 4, 0, 0, 0, 2, 0, -7, 0, 0, 0, -2, 0, -2, 0, 0, 0, 1, 0, 2, 0, 0, 0, -7, 0, -1, 0, 0, 0, 0, 0, -6, 0, 0, 0, 1, 0, -1, 0, 0, 0, 1, 0, -5, 0, 0, 0, -14, 0, -2, 0, 0, 0, 8, 0, -6, 0, 0, 0, -1, 0, -8]
[0, 0, 0, 0, 0, 0, 0, 0, 0, 0, 0, 0, 0, 0, 0, -1, 1, 0, 0, 0, 1, 0, -1, 1, 1, -1, 0, 0, 0, 0, 0, -1, 0, -1, -1, 1, 0, -1, 0, 1, 0, 0, 1, 0, 1, 1, 1, -1, 1, -1, 1, -1, 0, -1, 0, -1, 2, 0, -1, 0, 0, 0, 1, -1, 0, 0, 1, -1, 1, 0, -1, 0, 1, 0, 0, -1, -1, 1, -1, -2, 4, 0, -1, 2, 2, -2, 0, -2, 2, -1, -2, 0, 2, 1, 0, -1, 1, -1, 3, 1, 3, -1, 0, -2, 3, -2, -1, 0, -1, -2, 1, -2, -1, 2, -3, -3, 1, 0, -2, 4, 4, 0, 0, -1, 2, 0, 0, -3, 3, 0, 0, 1, 3, -3, 1, -2, 3, 0, 1, -3, 6, -2, -1, -2, 4, -4, -2, 4, 0, -2, -1, 0, 3, 1, -3, -2, 3, -3, 1, -2, 0, 3, 2, -1, 2, -3, -3, 1, 2, 1, 3, -5, -1, 3, 3, -3, 4, -2, -1, 1, 7, -1, 3, 0, 1, -1, -3, -5, 4, -1, -2, 2, 4, -6, 2, -2, -2, 0, -5, -3, 7, 1, -2, 3, -2, -5, 2, 1, 5, 3, 3]
[0, 0, 0, 0, 0, 0, 0, 0, 0, 0, 0, 0, 0, 0, 0, 0, 0, 0, 0, 0, 0, -1, 0, 0, 1, -1, 0, 1, 1, -1, 0, 0, 1, -1, 0, 0, 0, 0, -1, 0, 1, 0, -1, 0, 1, -1, -1, 0, 2, 0, 0, -1, 0, 0, 0, -1, 1, 1, 0, -1, 1, 1, -1, 0, 0, -1, -2, -1, 1, 0, 1, -1, 1, -1, 0, -1, 2, 1, -1, 0, 2, 0, -1, -1, 2, -1, -1, 0, 1, 0, 0, 1, 2, -1, -1, -3, 1, -2, -2, -2, 2, 1, 0, 0, 1, 0, -1, -1, 1, -2, 1, 0, 4, 0, 1, -2, 2, -1, -1, -2, 2, 2, 0, 0, 2, -1, -1, -2, 0, -1, -2, -1, 1, 1, 0, -3, 5, -2, 0, -3, 2, -4, -2, 0, 3, -1, 0, 3, 1, 1, -2, -1, 3, 1, 0, -1, 3, -1, -1, -2, 3, -3, -2, -1, 2, -1, -1, -1, 3, 0, -2, -2, 0, 0, -2, 0, 3, -1, 1, 0, 4, -1, -1, -1, 4, -4, -2, -2, 3, 0, -2, 2, 3, -1, -4, -3, 3, -3, 1, 0, 7, -2, -1, -2, 4, -4, -3, -2, 3, -1, 1]
[0, 0, 0, 0, 0, 0, 0, 0, 0, 0, 0, 0, 0, 0, 0, 0, 0, 0, 0, -1, 0, 0, 1, 0, 0, 0, 0, 0, -1, 0, -1, 2, 0, 1, -1, 0, 0, 0, 0, -1, 0, 0, 2, -1, 0, -1, -1, 0, 0, 1, 0, 0, 1, 0, -1, -1, 0, -1, 1, 0, 1, -1, 0, 2, 0, 0, -2, -1, 0, 1, 0, 0, 0, 0, 0, -2, 1, 0, 0, 1, 0, 0, -1, 0, 0, 0, 0, 2, -2, 0, 2, 0, 0, -2, 1, 0, -1, -2, 0, -1, -1, 0, -1, 2, 0, 2, 0, 0, -2, 0, 0, 0, 2, 0, 2, -1, 0, 0, 0, 0, -1, -1, 0, 1, -2, 0, 0, 0, 0, -2, -3, 0, 3, 3, 0, -2, 0, 0, -3, 0, 0, 3, 0, 0, 2, -1, 0, -2, 0, 0, 0, -1, 0, -2, 1, 0, -5, 0, 0, 3, 1, 0, 3, -3, 0, -2, 5, 0, 4, -4, 0, 1, -2, 0, -4, 0, 0, 2, -3, 0, -4, -1, 0, -2, 0, 0, 4, 5, 0, 2, -2, 0, -5, 3, 0, 0, 3, 0, 1, 1, 0, -4, -6, 0, 7, -2, 0, 0, -3, 0, -3]
[0, 0, 0, 0, 0, 0, 0, 0, 0, 0, 0, 0, 0, 0, 0, 0, 0, 0, -1, 0, 1, 0, -1, -1, 1, 0, 0, 0, 0, 1, 0, 0, 0, 0, 0, 0, 0, -1, 0, 0, 1, 0, -1, 0, -1, 1, 0, 0, -1, -1, 2, 1, -2, 0, 0, -1, 0, -1, -1, 1, 0, 0, 0, -1, 2, 0, 2, 0, -1, 0, 0, -1, 2, 0, -3, -1, -1, 1, 0, -1, 5, -1, -2, 4, -4, 0, -3, -1, 1, 0, 0, -1, 1, 0, -2, 0, 2, 0, 1, 1, 1, -2, 0, 0, -1, 0, -1, 0, 1, 0, 1, -1, -2, 3, -1, -2, 1, -3, -3, 1, 3, 0, -1, 1, 1, -2, -3, 2, 3, -1, 2, 1, 0, -2, -1, 1, -2, -1, -4, -1, 3, 3, -1, -3, 2, -2, -2, -1, -2, 0, 5, -2, 3, 0, -3, 1, -3, 1, 0, -2, 5, 5, -6, 0, -1, -2, -6, 2, 2, -1, 1, 2, -1, -2, -1, -4, 4, 3, -2, 0, 6, -2, -2, -1, 1, -1, -2, -2, -4, 1, 5, 1, 0, 0, 1, -1, -8, 1, -6, -2, 5, -1, 3, 0, -3, -1, 2, 3, 3, 3, -1]
[0, 0, 0, 0, -1, 0, 0, 0, 0, 0, 1, 0, 1, 0, 0, 0, -1, 0, 0, 1, 0, 0, 1, 0, 0, 0, 0, 0, -2, 0, -2, -2, 0, -1, 0, 0, -1, 0, 0, 1, 0, 0, -1, 1, 0, 1, 1, 0, 0, -1, 0, 0, 0, 0, -1, 1, 0, 1, 1, 0, 0, 1, 0, -2, 0, 0, 1, 1, 0, -1, -1, 0, 1, 0, 0, 2, -6, 0, 1, -1, 0, 0, 0, 0, -4, 0, 0, -2, -1, 0, 1, 0, 0, 2, -1, 0, 0, 2, 0, 1, -6, 0, 0, -2, 0, -2, 1, 0, -2, 0, 0, 0, -4, 0, 1, 1, 0, 0, -1, 0, 1, 1, 0, -1, -5, 0, 1, 0, 0, 2, 3, 0, -4, -3, 0, 2, 3, 0, 1, 0, 0, -3, 3, 0, -4, 1, 0, 2, -3, 0, 4, 1, 0, 2, -7, 0, -6, 0, 0, -3, 1, 0, 3, 3, 0, 2, 3, 0, -4, 4, 0, -1, -5, 0, 3, 0, 0, -2, -1, 0, -6, 1, 0, 2, -2, 0, 2, -5, 0, -2, 2, 0, -5, -3, 0, 0, -17, 0, -3, -1, 0, 4, -4, 0, -8, 2, 0, 0, 1, 0, -6]
[0, 0, 0, 0, 0, 0, 1, 0, 0, 0, 0, 0, -1, -1, 0, 0, 0, 0, 0, 1, -1, 0, -1, 1, 0, 0, 0, 1, 2, 1, 0, 0, -1, 0, 0, 1, -1, 2, 0, 0, 0, 0, 0, 0, 0, 0, 0, -1, 0, -1, 0, 0, 1, 0, 1, -1, -2, 0, 0, 1, -1, 1, 0, 0, 1, 1, -1, -1, -1, 1, 1, 0, -1, -1, 1, 0, 0, 1, 2, 2, -3, 4, 0, 3, -1, -1, 2, 1, 2, 0, -1, 0, -1, -5, 0, -1, 2, 1, 0, 0, 0, 1, 0, 0, -5, 5, -1, 1, 1, 0, -1, 3, -1, 3, 2, -2, 1, -1, 1, 3, -6, 1, 2, 2, 1, 5, -2, 3, -7, 1, 0, 0, 1, 4, -2, -1, 2, -3, 3, -1, -5, 4, 0, 2, 0, 0, 2, 0, -4, 5, -3, -4, -3, -1, 4, 3, -3, 0, 3, -2, 4, -4, -1, 1, -3, 2, 4, -2, 3, 0, -5, 3, -2, 4, -1, -1, -6, 3, 2, 5, 0, -5, 7, -2, 3, 5, 1, 4, -1, -1, 0, 4, -8, 5, -2, 4, 5, 1, 3, 5, -8, -1, 6, -2, 8, -4, 1, 2, 0, 1, -1]
[0, 0, 0, 0, -1, 0, 1, 0, 0, 0, 1, 0, 0, 0, -1, 0, -1, 0, 0, 0, 1, 0, 1, 1, -1, 0, 0, 0, -1, -1, -1, 0, 0, 0, 1, 0, 1, 1, 0, 0, 0, 0, -1, 0, -1, -1, -1, 0, 0, 1, 0, -1, 1, 0, -2, 1, 0, 1, 1, -1, 2, 0, -1, 1, 1, 0, -1, 0, 0, 0, 1, 1, 0, 0, 2, 1, -5, -1, 0, 1, 1, 1, 1, -4, -2, 0, 1, 1, -3, 0, 3, 1, 0, 0, -2, 0, 1, 0, -1, -1, -5, 2, -3, 0, 1, 0, 2, 0, -4, 0, 2, 1, 2, -3, 3, 2, -3, 3, 1, -1, 2, 0, 1, -1, -7, 2, 2, -2, -1, 1, 1, -1, -1, 2, 2, -1, 1, 1, -2, 1, 1, -3, 4, 3, -3, 2, -6, 1, -1, 0, 8, 2, -5, 0, -1, -1, -5, -1, -2, 2, 1, -5, 3, 0, 0, 2, 4, -2, -3, 1, 2, -2, -3, 2, 0, 4, 2, -3, -1, 0, -7, 2, 0, 1, 0, 1, 3, 2, 7, -1, 1, -1, -6, 0, -1, 1, -12, -1, 3, 2, 4, 1, -4, 0, -6, 1, -4, -3, 0, -3, -1]
[0, 0, 0, 0, 0, 0, 0, 0, 0, 0, 0, -1, 0, 0, 1, 0, 0, 0, 0, 1, 0, 0, 0, 0, -1, 0, 0, 0, -1, 0, 0, -1, -1, 1, 0, 0, 0, 1, 1, 0, -1, -1, 0, 1, 0, 0, 1, -1, 0, -1, 0, 0, 1, -1, 1, 1, -1, -1, 0, 0, 0, 0, 2, -1, -1, -1, 2, 1, 1, -2, -1, 0, -2, 1, 1, -3, -2, 0, 0, 0, -3, 4, 0, -1, 4, 1, 4, 1, -3, -3, 0, 0, -4, -2, 1, -3, -3, 3, 3, 1, 2, -1, 3, 2, 1, 0, 0, 1, -3, 2, 2, -2, 0, -3, -6, -1, -2, -2, -5, 0, -1, -1, 3, 2, 2, 4, 3, 1, -1, 2, 3, -2, -3, 0, 1, 0, -7, -7, 9, -2, -6, 2, 0, 2, -4, 1, 9, -1, 4, -3, 0, 6, -6, -2, -1, -1, 6, -2, 1, 0, -1, -5, 0, 2, 2, -8, -4, -5, -5, 9, 0, 0, 4, 4, 8, -4, -4, 7, -4, -4, -4, 4, 11, -8, -9, -5, -2, 2, 1, -4, 3, -2, 0, 2, 9, 11, -1, -2, 2, 2, -4, -3, -5, -2, -10, -3, -2, 1, 3, -8, 7]
[0, 0, 0, 0, 1, 0, -1, 0, 0, -1, 0, 1, 0, 0, 0, 1, 0, -1, 1, 0, -1, 1, 0, -1, -1, 1, 0, 0, 0, 1, 1, 1, -1, 0, -1, 0, 1, 0, 1, 0, -1, 1, 0, 0, 0, 0, 0, 0, 1, 0, -1, 1, 2, 0, 0, 0, -1, 0, -1, 1, -1, -1, 0, 0, 0, 1, 2, 1, 0, 0, 1, -1, -2, 0, -1, 1, 3, -1, -2, 1, -2, 0, 0, 1, 2, 3, 0, -1, 0, 2, 0, -1, -2, 2, 4, -1, -4, 1, 1, 2, 6, -1, 1, 2, -4, 1, 0, 0, 1, 2, -2, 1, 1, 1, -4, 2, 0, 0, 0, -1, -1, 0, 1, 0, 3, 0, 0, 3, -3, 1, -2, 0, -2, 0, -1, 2, -4, 4, 4, 1, -2, 2, -1, -1, 0, 3, 1, -2, 5, 3, -6, -1, 0, -2, 1, 3, 6, 2, 1, -1, -1, 0, 1, 0, -2, 3, -1, 3, -4, 0, -1, 3, 5, -4, 3, -1, -4, 1, 1, 0, 3, 1, -1, 2, -3, 4, -1, 3, -6, 2, 2, -2, 4, 4, -1, 0, 10, -2, -2, 2, -8, 1, -1, -1, 5, 4, 1, 5, -2, 1, 8]
[0, 0, 0, 0, 0, 0, 1, 0, 0, -1, 0, 0, 0, -1, 0, 0, -1, 1, 0, 0, -1, 0, 0, 0, -1, 1, 0, 1, 0, 1, 0, 1, 0, -1, -1, 0, 0, 0, 2, 1, -1, 0, -1, 0, -1, 0, 0, -1, 0, -2, 1, -1, 1, 0, 0, -1, -1, 1, -1, 0, 0, -2, 1, -1, 0, 0, 0, -1, 1, -1, 0, 0, -2, 0, 3, 0, -1, -1, 1, 0, -1, 1, -1, -1, -1, 3, 4, 1, -3, 1, 1, -3, 0, 0, -3, -1, -3, -1, 2, 2, 0, 0, 1, -1, -3, -2, 0, 1, 0, 0, 3, 1, -4, 2, 1, 2, -2, 0, -3, 0, -3, 0, 4, -1, -1, 1, 0, 2, -2, 1, -2, 0, -1, -2, 2, 1, -6, 1, 0, -3, -5, 3, -1, 3, -3, 2, 5, -2, 1, 0, 2, -5, -3, -5, -1, -1, 0, 0, 4, -4, -1, -1, 2, -3, -1, 3, -1, 0, -5, -2, 2, 0, 0, -2, 1, -3, 0, -3, -1, 5, -3, -1, 6, 4, -4, 1, 4, 0, -1, -3, -1, 0, -2, 0, 5, -2, -2, 2, 3, 2, -5, 2, -1, 0, -1, 2, 3, -1, -5, 3, 1]
[0, 0, 0, 0, 0, 0, 0, 0, 0, 0, 0, 0, 0, 0, 0, 0, 0, 0, 1, 1, 0, 1, -1, 0, -2, 1, 1, -1, 1, -1, 1, -1, 0, 0, 0, -1, 0, 0, 1, 1, -1, 0, 0, 0, 0, 0, 1, 1, 0, 2, -1, 1, 1, 1, 1, 1, 0, 0, -1, -1, -2, 0, 0, -1, -1, 0, 1, 1, 0, 0, 0, 1, 0, 0, 4, 5, -1, -2, 1, 2, -5, -3, 3, -4, 0, 0, 2, -3, 2, 2, 0, 1, 1, 4, -2, 5, 1, 3, 1, -1, -3, 1, -1, -2, 0, -3, -1, -2, 2, 2, 0, 3, -4, -4, 3, 5, 0, 3, 6, -2, -3, 1, 2, -3, -2, -4, 3, 0, 0, 1, -2, 0, 1, 0, 4, 4, 1, 5, -1, 8, 2, -4, 1, -1, -3, 3, -2, -1, -3, -2, -3, -3, -2, 4, 3, -1, 1, 3, 4, 0, -6, 1, 6, 4, -1, 10, 5, 0, -4, -4, 5, -1, -1, -4, 1, 6, -2, -10, 3, -1, -2, 1, -1, 9, 2, 3, 0, 1, 4, 2, -8, -5, 2, -2, 1, -6, 4, 2, 1, 1, -7, 9, 6, 1, 0, 10, 9, -2, -5, 0, 1]
[0, 0, 0, 0, 0, 0, 0, 0, 0, 0, 0, -1, 0, 1, 0, -1, 1, 1, 0, 0, 1, 0, -1, 1, 0, -1, 0, -1, 0, -1, 0, -2, 1, 2, 0, 0, 1, -1, -1, 0, 1, -1, 1, -1, 0, 0, 1, 0, 0, 1, 1, 1, 0, 0, 0, 0, 1, -1, -1, -1, 1, 0, 0, 0, 0, -1, 0, 1, 0, -2, 0, 1, 2, -2, 1, -1, 0, 1, -1, -1, 2, 0, 0, -1, 2, -3, 0, 0, 2, -2, 0, 1, 2, -1, 1, 1, 2, 2, -1, -3, 2, 1, -3, 1, 4, -2, -3, 0, -1, 0, 2, -2, 2, -1, 1, -3, 0, -1, 0, 1, 3, -3, -1, -1, 4, 0, -1, -3, 3, -1, 0, 0, 3, -2, 1, 2, 2, -4, -1, 1, 2, 1, 0, 1, 4, -3, -1, 2, 0, -3, 1, 1, 0, 1, 1, -3, 2, -2, -1, 1, 2, 0, 1, 1, 2, -6, -2, -3, 6, -1, 1, 0, 1, 4, 0, -2, 4, 0, -4, 0, 3, -2, 1, -5, 2, -4, -1, -3, 6, -1, -1, 2, 2, -1, 1, 0, 4, 2, -1, -6, 8, 1, 1, 1, -1, -3, -1, -5, 4, -1, 1]
[0, 0, 0, 0, 0, 0, 0, 0, 0, 0, 0, 0, 0, -1, 0, 0, 0, 0, 0, 1, 0, -1, -1, 0, 0, -1, 0, 1, 2, 0, 0, -1, 0, -1, -1, 0, 0, 0, 0, 0, -1, 0, -1, 1, 0, 0, 0, 0, 1, -2, 0, -1, 2, 0, 0, -2, 0, 0, -2, 0, 0, 0, 0, -2, 0, 0, 0, -2, 0, 1, 0, 0, -1, 0, 0, -1, 1, 0, -1, -1, 0, 0, -1, 0, 3, -1, 0, -1, 0, 0, -2, -1, 0, -1, -3, 0, -1, -1, 0, 0, 4, 0, 2, -4, 0, -1, -1, 0, 2, -2, 0, -1, -1, 0, -4, -2, 0, -1, -3, 0, 0, 2, 0, 1, 5, 0, -1, -2, 0, -1, -3, 0, 2, -2, 0, -3, 0, 0, 1, -4, 0, -1, -3, 0, 0, -3, 0, -2, 4, 0, -5, -4, 0, 1, 0, 0, 5, -2, 0, -2, -2, 0, -1, 0, 0, -1, -3, 0, -4, 0, 0, -3, 4, 0, 1, -5, 0, -1, 0, 0, 4, -1, 0, 0, -2, 0, -4, -4, 0, -3, -6, 0, 3, -5, 0, 1, 7, 0, -3, 0, 0, -3, -3, 0, 0, -4, 0, 0, 2, 0, 3]
[0, 0, 0, 0, 0, 0, 0, 0, 0, -1, 1, 1, 0, -1, 0, 1, -1, 0, 1, 1, 0, 1, 0, -1, 0, 1, 0, 0, -2, 0, -1, 1, 0, 0, 0, 0, 0, 1, 1, 0, 0, 1, 0, 0, 0, 0, 0, 1, 0, 0, 1, 1, 0, 1, -1, -1, 1, -1, 1, 1, 1, -1, 0, 1, 2, 1, 1, -1, 1, 1, -1, -1, 1, 0, 0, 1, -4, -1, 2, 3, 1, 1, 1, 0, -6, 2, 0, -1, 1, 3, 3, -1, 1, 2, 2, 1, 0, 1, 1, 1, -5, -1, 0, 1, -1, 2, 3, 1, -2, 2, 1, 2, -3, 0, 2, 2, 1, 0, 0, -2, 0, 1, 1, 2, -7, 1, 1, 3, 2, -1, 0, 1, 0, 3, 1, 1, -1, 5, -3, 1, 3, 4, 4, 0, 0, 3, 1, -3, -4, 2, 6, -5, 3, -1, -3, 4, -7, 2, 2, 0, 0, 3, 2, 0, 1, 5, 5, 5, 2, -3, 2, 2, -6, -4, 1, -1, 2, -1, 3, -1, -3, 0, -2, 2, 2, 4, 8, 6, -3, 5, 8, -1, -4, 4, 1, 1, -14, 0, -3, 5, 0, -1, 0, 0, 4, 3, 2, 2, -2, 3, -6]
[0, 0, 0, 0, -1, 0, 1, 0, 0, -1, 1, 0, 1, 0, 0, -1, 0, 0, 0, 0, -1, 1, 0, 1, 1, -1, 0, 0, 0, 0, -2, -1, -1, 0, 1, 1, -1, 0, 0, -1, 0, 0, -1, 1, 0, 0, 2, -1, 0, 0, 0, 0, 1, -1, -1, 0, 1, -1, -1, 0, 1, 1, 0, 0, 2, 1, 1, -1, 0, 1, 0, 0, 12, -10, 19, -12, -8, -20, -13, 3, -32, 29, 21, -8, 7, -15, 57, -27, 16, 8, -7, 14, -27, 10, -15, 26, -4, -2, -39, -6, -43, -10, 18, 23, -10, -4, -14, 51, -6, 8, 7, -7, 58, -36, -6, -27, 41, -4, -11, -72, 21, -1, 52, 30, -7, 54, -34, -25, -25, 1, -77, -24, -3, 33, 4, 23, 86, -14, 58, -39, -122, -20, 37, 10, -18, 26, 61, -4, 36, -36, -46, -3, 55, -50, -4, 95, -26, -8, -19, 6, -37, -15, 35, -28, 46, -21, -48, 15, 37, -7, -130, 28, -13, 60, 81, 46, -30, 48, -17, -81, -115, -13, 61, -36, 87, 12, 15, -3, 29, 9, -29, -35, -13, 14, 111, 15, -16, -51, 73, 10, -93, -35, 13, -10, -30, -49, -69, -52, -19, -15, -9]
[0, 0, 0, 0, 0, 0, 0, -1, 0, 2, -1, 0, 0, 0, 0, 0, 1, 0, 0, -1, 0, -1, 1, 0, 0, 1, 0, -1, 0, 0, 0, 2, 0, -2, -1, 0, -1, 0, 0, 0, 0, 0, 2, 0, 0, 0, 0, 0, 0, 1, 0, -1, -1, 0, 0, 1, 0, 0, 2, 0, 0, 1, 0, 0, -2, 0, -2, -1, 0, 1, 0, 0, -1, 1, 0, 0, 3, 0, 0, 0, 0, -1, -2, 0, 1, -1, 0, 3, 0, 0, 0, -1, 0, 1, -1, 0, 0, -6, 0, 3, 0, 0, 2, -1, 0, 1, 0, 0, 0, -2, 0, 1, 0, 0, 0, -1, 0, 2, 2, 0, 1, -1, 0, 0, -3, 0, -2, 0, 0, 1, 2, 0, 1, 1, 0, -4, 2, 0, 1, 3, 0, -6, -2, 0, 1, 0, 0, 1, 1, 0, -3, 6, 0, -1, -2, 0, 0, 0, 0, 2, 1, 0, 2, -2, 0, 0, 4, 0, -1, 2, 0, -3, 0, 0, -4, 3, 0, -1, 0, 0, 0, 1, 0, 0, -3, 0, -2, 2, 0, 0, -1, 0, 1, -3, 0, -2, 0, 0, 4, 1, 0, 0, -4, 0, 2, -1, 0, 0, -1, 0, -1]
[0, 0, 0, 0, 0, 0, 1, 0, 0, -1, -1, 0, 1, 0, 0, 0, 0, 1, -1, 0, -1, 0, 0, 1, 0, 0, 0, 0, 1, 0, 1, 0, 0, 0, 0, 1, -2, -1, 0, 1, 1, 1, -2, 0, 0, 2, 1, -1, 0, -1, 1, 0, 0, -1, 2, -1, 1, -1, 0, 0, -1, -1, 1, 0, -1, 1, 0, 0, -1, 0, 0, 0, 1, 0, 1, -1, 2, 1, -1, -1, 1, 0, 0, 1, 1, 1, 2, 1, -1, 0, 0, -1, 0, 1, -5, 0, 0, 0, 2, 2, 1, 0, 2, 0, 0, 0, -2, 0, 3, 0, 1, -3, -1, 3, -1, -1, -3, 1, -2, 4, -1, 0, 0, 2, 4, 2, 0, 0, -1, -2, 2, 1, 0, -3, 2, 1, -2, 3, -1, -2, -1, 5, -3, 0, -2, -1, 1, 1, 2, -2, 1, -1, 1, -2, 2, 0, 1, -1, 1, 1, 3, 4, -2, -1, -3, -3, -2, 2, 0, 1, 3, -3, 3, 1, 3, -4, 0, 0, -2, 3, 3, 0, 3, -1, 1, 3, -3, -2, -3, 1, -5, 3, 5, -2, 2, 2, 5, 0, 1, -1, 2, 0, 5, 3, -6, -1, 1, 1, 2, 5, 3]
[0, 1, 0, 0, -1, 0, 0, -2, 0, 1, 0, 0, 0, 1, 0, -1, 0, 0, 0, -2, 1, 0, 1, 0, -1, 0, 0, 0, -1, -1, 0, 0, 0, -1, 0, -1, 0, -1, 2, 0, -1, -1, 1, 1, -1, -1, 1, 0, -2, 0, 0, 0, 0, 1, 1, 0, -1, 1, 0, 0, 1, 0, 0, -1, -1, 1, 0, -1, 0, 0, 0, 0, -29, -24, -4, 0, -12, 3, -4, 3, 40, -1, 27, 13, 10, 18, -39, 7, -16, -7, 34, -32, -7, 14, -23, 2, 14, -11, -25, -20, 21, 3, -31, 23, -4, 5, 38, -17, -7, 4, 19, -5, -25, 35, 29, 10, -18, -43, 16, 8, 7, -9, 2, -21, -11, -41, 27, 11, 24, -12, -42, 39, -12, -5, 35, 16, -88, 19, -86, -20, 9, 15, -1, -41, 45, 33, -21, 31, 56, -15, 53, -23, 25, -2, 50, -53, -15, 0, 3, -15, -67, -7, -1, -10, -59, 33, 21, 14, -48, -39, 54, 73, 72, -9, -75, 57, 33, -54, 16, 35, -22, -49, -94, 1, 4, -12, 26, -28, 14, 5, 19, 40, 32, 6, -26, -81, 33, 50, -2, -43, 72, 36, -52, 9, -56, -6, 21, -38, -170, 79, 28]
[0, 0, 0, 0, 1, 0, -1, 0, 0, 0, 0, 0, -2, 0, 0, 0, 2, 0, 2, 0, 0, 0, -2, 0, 0, 0, 0, 0, -1, 0, 1, 0, 0, 0, -2, 0, 1, 0, 0, 0, -1, 0, 3, 0, 0, 0, 2, 0, 0, 0, 0, 0, -1, 0, 0, 0, 0, 0, -2, 0, 0, 0, 0, 0, -1, 0, 0, 0, 0, 0, -1, 0, -2, 0, 0, 0, 0, 0, 0, 0, 0, 0, 0, 0, 1, 0, 0, 0, 4, 0, -3, 0, 0, 0, 7, 0, -2, 0, 0, 0, 6, 0, -1, 0, 0, 0, 0, 0, -4, 0, 0, 0, -4, 0, -2, 0, 0, 0, 1, 0, 0, 0, 0, 0, 1, 0, -4, 0, 0, 0, -1, 0, 3, 0, 0, 0, -1, 0, 3, 0, 0, 0, 0, 0, 6, 0, 0, 0, -3, 0, -6, 0, 0, 0, -1, 0, 4, 0, 0, 0, -5, 0, 4, 0, 0, 0, -2, 0, 1, 0, 0, 0, -5, 0, 0, 0, 0, 0, 4, 0, 4, 0, 0, 0, -2, 0, 0, 0, 0, 0, 4, 0, 3, 0, 0, 0, 0, 0, -4, 0, 0, 0, 1, 0, 5, 0, 0, 0, 0, 0, 2]
[0, 0, 0, 0, 0, 0, 0, 0, 0, 0, 0, -1, 0, 0, 0, 0, 0, 2, 0, 0, 1, -1, 0, 0, -1, -1, 0, 0, 0, -1, 1, -1, 1, -1, 0, -1, 1, -1, 0, 2, -1, 0, 0, 0, -1, 0, 0, 1, 1, -1, 2, -2, 0, 1, 0, -1, 0, 1, 0, -1, 0, 0, 0, -1, -1, 0, 0, -1, 0, -2, 0, 1, 0, 0, 2, 1, -1, 0, 0, -2, 1, -2, 0, -4, 2, -2, 2, 0, -1, 0, 0, 0, 3, 0, 0, 3, -2, -1, -1, 0, 1, 3, 1, -2, 1, -5, 0, 0, -1, -2, 4, 0, 0, -2, -2, -3, -1, 0, -1, -3, 3, 0, 1, -2, 0, 2, 0, -3, 2, 0, 1, -1, 1, -3, 3, 0, 0, -1, 3, -3, 1, -4, -1, 5, -1, -4, 1, 2, 0, -1, 0, 0, -4, 2, -1, 1, 6, -3, 0, -3, -2, -2, 3, -1, 2, 1, -2, -3, -7, 1, 4, -3, 0, -1, 5, -3, 4, -5, 0, 1, 1, -1, 2, 2, -3, 1, -2, -5, 6, -4, -3, 1, 3, -6, 3, -4, -1, 2, 2, -3, 6, 5, -2, -2, -5, -5, -1, -4, 2, -2, 6]
[0, 0, 0, 0, -1, 0, 1, 0, 0, 0, 1, 0, -1, 0, 0, 0, 0, 0, 1, 0, 0, 0, -1, 1, 0, 0, 0, 0, 0, 0, -2, -1, 0, 0, 0, 1, 1, 1, 1, -1, -1, 0, 0, 0, 0, 0, 1, -1, -2, 1, 0, 1, -1, -1, 0, 0, 0, 0, 1, 0, 1, 0, 1, 0, 1, 1, 1, 0, 1, 3, -1, 1, -1, -1, 0, 0, -5, -1, 1, 2, 1, -1, 1, -1, -4, -2, 1, 1, 0, 1, 1, 1, 1, -2, -1, 2, 1, -1, 3, 0, -8, 2, 1, -2, 1, 2, 3, -2, -3, 0, 0, 0, -4, 1, 5, 2, -2, 1, 1, 0, -2, 0, 0, 2, -3, 1, 1, -1, 1, -3, -3, 0, 2, 1, 3, 1, 0, 4, -3, 3, 0, 1, 7, -1, -2, 2, 1, -2, -5, -2, 6, -4, -2, 0, 2, 0, -7, 2, 1, 4, -7, -1, 0, -1, 1, 3, 4, 2, 7, -3, 4, -1, -6, -2, -3, 3, 0, -3, 4, 4, -8, -2, 1, 0, -4, 3, 7, 1, 2, 4, 5, 0, -8, -1, 3, -2, -14, 2, -1, 0, 2, 0, 2, 2, -1, 1, -1, -6, -3, 2, -8]
[0, 0, 0, 0, 0, 0, 0, 0, 0, 0, -1, 1, 0, 0, 0, 1, -1, 0, 0, -1, -1, 0, 1, -1, 0, 0, 0, 0, 0, 0, 1, 1, 0, 0, 2, 0, -2, -1, 0, -2, 1, 0, 0, 0, 0, -1, -2, 1, -1, 1, 1, 0, -1, 0, 0, -1, 0, -1, 0, 1, 0, 0, 1, 1, -1, 1, -1, -1, -1, 0, -1, -1, -13, 8, -16, 5, 0, 26, 9, -5, 20, -13, -16, 7, 5, 3, -37, 29, -16, -22, 3, -1, 18, -23, 8, -34, 5, 6, 43, 5, 32, 2, -17, -12, 3, 16, 10, -33, 4, -8, -8, -6, -34, 24, -3, 1, -26, 11, 2, 71, -24, -1, -33, -15, 2, -23, 33, 15, -2, -4, 66, 12, -6, -25, -2, -18, -65, -8, -25, 22, 79, 12, -20, 6, -1, -33, -36, 1, -26, 50, 30, 8, -54, 41, -1, -60, 26, 1, 21, -3, 37, 4, -25, 22, -24, -21, 19, -42, -22, 24, 78, -26, 14, -31, -37, -34, 11, -6, -11, 59, 73, 20, -5, -2, -62, 3, -23, 3, -24, -23, 17, 24, 1, -7, -89, 11, 11, 23, -43, -12, 61, 20, -19, 5, 17, 17, 30, 56, 41, -16, 17]
[0, 0, 0, 0, 1, 0, 0, -1, 0, 1, -1, 1, -1, -1, 0, 0, 0, -1, 0, 1, 0, 0, 0, 1, 1, 1, 0, 0, -1, 1, 1, 1, -1, -2, -1, 0, 0, 0, 1, 0, 1, 0, 0, 1, 0, 1, 0, 0, 0, 0, 2, 1, -2, 0, 1, 0, 1, -1, 0, 1, -1, -1, 0, -1, -1, 0, 0, -1, 1, 0, 0, -1, -13, -4, -12, 1, 1, 16, 4, -3, 24, -1, -1, 9, 10, 11, -24, 11, -6, -9, 7, -11, -3, -7, -5, -16, 6, 1, 16, -1, 18, -2, -15, 6, 7, 10, 10, -13, -3, -4, 2, -2, -16, 12, -8, -4, -11, 5, -3, 40, -4, -1, -8, -7, -3, -18, 16, 13, 6, 7, 29, 7, -9, -10, 7, -4, -46, -4, -19, -7, 17, 2, -1, 0, 4, -7, -11, 5, 10, 26, 27, 10, -23, 9, 2, -22, 23, -12, 10, -7, 0, 9, -19, 5, -20, -13, -13, -23, -13, 25, 32, 3, 23, -4, -23, -1, 16, 0, -12, 30, 29, 7, -7, -7, -20, 2, -9, -6, -7, -15, 17, 3, 23, -6, -38, 5, 11, 6, -14, -11, 57, 12, -16, 10, -20, -12, -1, 26, 5, 0, 16]
[0, 0, 0, 0, 0, 0, 0, 0, 0, 0, 0, 0, 0, 0, 0, 1, 0, 0, 0, 0, -1, -1, 1, 0, 0, 0, -1, 1, 1, 1, 0, 0, -1, 0, 0, 0, 0, 1, 0, -2, 0, 1, 0, 1, 1, 0, 0, -1, 0, 0, -2, 1, 1, -1, 1, 1, -1, 0, 0, 0, 0, 1, 0, 1, -1, 1, -1, 1, 0, 2, 3, 0, -3, 0, -2, 0, 3, 0, -1, 0, -3, -1, 1, 0, 2, 1, 0, 4, -2, 0, 0, 0, 0, -3, 1, -1, 0, 0, 0, 1, 3, 1, 1, -1, -3, 4, 1, -1, 2, 0, -5, -1, 1, 2, -1, 2, 0, 1, 3, 1, -5, 1, -2, 3, 3, 1, 0, 1, -4, -2, 2, -1, 1, 1, -4, 0, -2, 2, 3, 1, -1, 5, 0, 1, -1, 2, 0, -4, 3, 1, -3, 1, -2, -3, 5, 1, 1, 2, -2, 4, 1, -2, -1, 2, -1, -1, 3, -1, -1, 1, -3, 2, 3, -2, -2, 2, -5, 5, 3, 3, 1, 1, -1, -3, -4, 4, 1, 0, -2, 0, 1, 0, -2, 3, -4, 4, 9, -2, 2, 1, -7, -6, 1, -1, 5, 3, -3, -1, -2, 0, 3]
[0, 0, 0, 0, 0, 0, 0, -1, 0, 0, 0, 0, 0, 0, 0, 1, 1, 0, 1, 0, -1, -1, -1, -1, 0, 1, -1, -1, 0, 1, -2, 1, 0, 0, -2, 0, 0, 0, 0, -1, 0, 0, 0, 0, -1, 0, 2, -1, -1, 1, 0, 0, 0, -1, 0, -1, 0, -2, 0, -1, 1, 0, 1, -1, 1, -1, 1, 0, 1, 1, -1, -1, 0, -2, -3, -1, 1, -3, -1, 2, 0, -2, -3, -2, -5, 0, -2, 4, 3, 1, 0, -2, 2, -1, 1, 1, -1, -4, -2, 3, -1, 0, 0, 0, -2, 3, 0, -2, 0, 0, -3, -1, -4, 1, 3, -1, -2, -3, 0, -4, 0, -1, -3, 2, 1, -1, -6, 2, 2, -4, -4, -3, 3, 0, -3, -1, 2, 1, -4, 4, -1, 1, 2, -3, 3, 2, 2, -5, 1, -1, -5, -2, 2, -4, -2, 0, -4, 3, -1, 1, -1, -2, 0, -1, -2, -1, 4, 1, 8, -2, 0, 0, -2, -9, -6, -3, -2, -1, 1, 1, -1, -2, -7, -5, -2, 2, 3, 3, -7, 2, 6, -1, -4, 2, -4, -3, -5, -2, -6, 0, 1, -3, 0, -5, 9, 1, -1, -4, -1, 0, -10]
[0, 0, 0, 0, 0, 0, 1, 0, 0, -1, 1, 1, 0, -1, -1, -1, -2, -1, 0, 1, 1, 1, 0, 1, -1, 1, 1, 1, -1, 1, 0, 0, 0, 0, 1, 1, 0, 0, 0, 2, -2, 0, -1, -1, -1, 0, -1, 1, 1, 0, 1, 0, 0, 0, 0, -1, 0, 0, 1, 0, 0, 0, 0, -1, 1, 0, 1, 0, -1, -1, -1, 0, -1, -11, 15, -3, -9, -9, -3, 4, -11, 20, 23, -4, 5, -4, 31, -21, 6, 8, 0, 3, -18, 9, -19, 16, 3, 1, -30, -10, -31, 0, -7, 22, -8, 0, 0, 34, -3, 4, 12, 3, 34, -20, -2, -22, 30, -2, -6, -45, 14, -1, 40, 15, -14, 25, -8, -4, -15, 6, -50, -14, -11, 26, 3, 20, 27, -8, 21, -30, -72, -18, 34, 6, -13, 20, 29, 1, 35, -9, -9, -8, 35, -33, 6, 61, -12, -10, -8, -6, -48, -9, 19, -20, 19, -5, -43, 9, 9, -3, -73, 34, 7, 38, 45, 37, -9, 28, -14, -39, -73, -18, 30, -17, 54, 5, 16, -2, 27, 2, -16, -19, -1, 14, 61, 0, -9, -33, 52, 7, -39, -2, 2, -2, -34, -38, -31, -34, -34, -2, -3]
[0, 0, 0, 0, -1, 0, 1, 0, 0, 0, 0, -1, 1, 0, 0, 0, 0, 2, -2, -1, 1, 0, 0, 0, 0, 0, -1, -1, 0, 1, -1, 0, 0, 1, 0, 0, -1, -1, -1, 0, 0, 0, -1, -1, 0, 0, 0, 1, 0, 0, 1, 0, 0, 0, 1, 0, 1, -2, 0, -1, -1, -1, 0, 3, 0, 0, -1, -1, 0, -1, -1, 0, -1, 1, -4, 4, 2, -4, 4, -3, 21, -13, -2, 7, -14, 4, -23, 12, -10, 5, 10, -11, 10, 6, -2, 1, 1, -3, -8, -1, 8, 7, -7, -16, 7, -4, 11, -22, 1, 0, 4, 0, -27, 30, 18, 21, -23, -11, 11, 9, 2, -4, -23, -13, 4, -23, 7, 6, 26, -11, 6, 20, 4, -13, 2, -5, -40, 17, -47, 21, 46, 24, -17, -13, 25, -6, -27, 6, -6, -11, 27, -13, 4, 9, 17, -48, -12, 11, -3, -1, -9, 6, -12, 10, -34, 28, 37, 29, -17, -33, 65, 2, 14, -31, -55, -8, 22, -39, 23, 34, 29, -13, -62, 19, -31, -13, 11, -4, -11, 13, 5, 32, 6, -4, -31, -33, 12, 37, -28, -15, 51, 9, -9, -3, 5, 35, 36, -10, -42, 40, -11]
[0, 0, 0, 0, 1, 0, 0, 0, 0, 0, 0, 0, -1, -1, 0, -1, 0, 0, 1, 1, 0, 0, 0, 0, 1, 0, 0, 1, 0, 0, 1, 1, 0, -2, 1, 0, 1, 1, 0, 2, 0, 0, 0, 1, 1, 1, -1, 0, 1, -2, 0, -1, 0, 0, -1, 0, 0, 0, -1, 0, 2, 0, 0, -1, 2, -1, 1, -2, 0, 0, 0, 0, 9, -3, 17, -6, 1, -17, -7, 4, -29, 17, 13, -8, 3, -3, 44, -24, 16, 14, -10, 4, -15, 15, -7, 20, -3, -3, -27, -2, -22, -5, 16, 15, -13, -11, -12, 35, 3, 4, 4, 7, 38, -27, -8, -14, 35, -3, -5, -57, 10, 1, 39, 15, -4, 29, -25, -10, -15, 10, -44, -16, 2, 23, -4, 12, 58, -2, 43, -26, -74, -16, 19, 7, -14, 21, 40, -7, 25, -32, -27, 0, 41, -37, -10, 63, -10, -8, -16, -1, -21, -4, 21, -18, 37, 1, -36, 23, 17, -1, -95, 19, -11, 35, 56, 23, -19, 24, -4, -56, -61, -7, 46, -8, 64, -3, 12, 4, 25, 6, -14, -30, -4, 10, 86, 9, -15, -33, 51, 14, -90, -19, 19, -2, -8, -25, -34, -34, -6, -5, -8]
[0, 0, 0, 0, 1, 0, 0, 0, 0, -1, 0, 0, 0, -1, 0, 0, 0, 0, 0, 1, 0, 1, -1, 0, -1, 1, 0, 0, 1, 0, 1, 1, 0, 1, -1, 0, 1, 0, 0, 1, 0, 0, 0, -1, 0, 0, 0, 0, 2, 0, 0, 0, 3, 0, 0, -2, 0, -2, 0, 0, 0, -2, 0, 0, 1, 0, 1, -2, 0, -1, 1, 0, 0, 0, 0, -1, 3, 0, -1, 3, 0, 2, 1, 0, 4, 1, 0, -1, 2, 0, 1, -1, 0, 0, 0, 0, -2, 1, 0, -1, 6, 0, 0, 2, 0, 0, -1, 0, 1, 2, 0, 1, 3, 0, -5, 0, 0, 0, -2, 0, 2, 0, 0, 2, 4, 0, 1, 2, 0, -1, -2, 0, 2, 2, 0, 0, -3, 0, 0, 0, 0, 3, -1, 0, 2, 1, 0, -2, 5, 0, -4, -6, 0, -1, 3, 0, 7, 0, 0, -1, 3, 0, 0, -2, 0, 1, 1, 0, 1, -4, 0, -1, 7, 0, 3, -3, 0, -1, 0, 0, 6, -1, 0, 0, 2, 0, -2, 6, 0, 2, 0, 0, 5, 1, 0, 2, 13, 0, -1, 4, 0, 2, 0, 0, 5, 0, 0, 2, 2, 0, 7]
[0, 0, 0, 0, 0, 0, 0, 1, 0, 0, 0, 0, -1, 0, 0, 0, 0, -2, -1, 1, 1, 1, -1, 0, 1, 0, 1, 1, 1, 0, 0, -1, -1, 0, 1, 0, 0, 1, -1, 1, 0, 0, 0, 1, 0, 1, 0, 0, -1, 0, -1, -1, -1, -1, 1, 2, -1, 1, 0, 0, -1, 2, 0, 0, 0, 0, -1, 1, -2, 0, -2, 0, 1, 3, -2, 2, -1, 1, 3, 1, 1, 1, 2, 2, 0, 1, -2, -4, 3, -2, -3, 4, -3, 0, -1, -1, 3, 5, 1, -2, -1, 0, -3, 1, 0, 1, 0, -2, 0, 2, -1, 1, 0, -1, 1, 4, 0, 1, -1, 1, -2, 5, 0, 1, 2, -2, 1, 2, -2, 2, -1, -1, 1, 3, 1, 1, 4, -2, -2, 0, 1, -4, 0, -4, -2, 3, -5, 4, -3, 1, 3, 2, -2, 7, 0, 0, -1, 2, -2, -1, -3, -2, -5, 4, -2, 5, -4, -2, 2, 5, 1, -1, 0, 2, -2, 8, -3, 2, 3, -4, 0, 4, 1, 4, 6, -1, -1, 0, 1, 1, -4, -1, -2, 0, -1, 4, 2, -4, -2, 5, 1, 5, 4, -1, -3, 4, 0, 6, 2, -5, -5]
[0, 0, 0, 0, 0, 0, 0, 0, 0, 0, 0, 0, 0, -1, 0, 0, 1, 1, 1, 0, -1, 0, -1, -1, 0, 1, 0, -1, 0, 0, 1, 1, 1, -1, 0, -2, 0, 0, 0, 0, 0, 0, 0, 0, 0, 0, 3, 0, -1, 0, 1, -1, -2, 1, 0, 1, 1, -1, 0, -2, 0, -1, 0, 1, 0, 0, 1, -1, 2, -1, 0, 0, 0, 2, 1, 5, -1, -4, 2, -1, -2, -4, 1, -5, -3, 1, 0, 0, 4, 0, 1, -2, 4, 2, 3, 5, -2, 1, -2, 1, -2, -3, 2, -4, 1, -3, 1, 0, 1, 0, -1, 1, -5, -4, 4, 4, 2, 3, 4, -3, 1, -1, -1, -5, 0, -3, -3, 0, 3, -1, 0, -2, 2, 0, 1, 0, 2, 3, 1, 4, -1, 1, 4, 0, 2, -1, 3, -6, -5, -3, -6, -1, 1, -2, 1, -1, 1, 0, 4, -1, -3, 2, 4, 2, 3, 7, 5, -4, 3, -6, 0, -3, -5, -7, 1, 4, 0, -8, 8, -3, -1, 1, -3, 7, 2, 7, 1, 1, -2, -5, 6, -7, 2, -2, -4, -4, -7, 0, 0, 1, 0, 1, 11, -3, 5, 8, 3, -2, -2, -1, -3]
[0, 0, 0, 0, 0, 0, 0, 1, 0, -1, 1, 0, 0, -1, -1, 0, 0, 0, -1, 1, -1, 1, 0, 1, 0, 0, 0, 0, 0, 0, 1, -1, 0, 1, 0, 1, 0, 1, -3, 2, 2, 1, -1, 0, -1, 0, 0, 0, 1, -1, -1, -2, -1, -1, 0, 0, 0, 0, 0, -1, 0, 0, -1, 0, 1, 0, 0, -1, -1, -1, 0, 0, 7, 13, -8, 8, 8, 11, 5, -5, -8, -12, -15, -5, -10, -3, -9, 10, 5, -4, -15, 12, 16, -13, 13, -13, -1, 13, 33, 13, 2, 3, 1, -16, 3, 2, -9, -14, 6, -4, -18, 0, -12, -4, -10, 5, -11, 26, -3, 39, -13, 3, -27, -9, 6, -2, 11, 2, -9, 4, 59, -9, 3, -21, -21, -15, 9, -5, 12, 18, 46, -3, 3, 16, -24, -34, -24, -8, -35, 29, -6, 14, -44, 30, -21, -16, 16, 1, 10, 2, 42, 11, -12, 22, 6, -10, -4, -25, 11, 32, 23, -48, -26, -18, 12, -37, -9, 3, -6, 22, 58, 32, 25, 14, -28, 9, -18, 5, -21, -13, 2, -7, -10, -12, -52, 32, -16, -6, -34, 7, 5, 3, 24, 4, 27, 13, 16, 48, 110, -36, -19]
[0, 0, 0, 0, 0, 0, 0, -1, 0, 1, 0, 0, 0, 0, 0, 1, -1, 1, 0, 0, -1, -1, 2, 0, 0, 1, 0, -1, 0, -1, 0, -1, 1, -1, -1, 0, -1, 1, 0, -1, 1, 0, 1, 0, 0, 1, -1, 1, 1, 0, 0, -1, 1, 0, 0, 1, -1, 1, 1, 0, 0, 1, 0, -2, -2, 0, -2, -1, 0, 1, -1, 1, -7, -1, -11, 11, 14, 7, 11, -3, 28, -26, -13, 6, -18, 12, -47, 30, -11, -1, 10, -19, 21, -2, 8, -14, 6, -1, 17, 2, 28, 12, -14, -21, 8, -2, 16, -45, 10, -6, -1, 1, -59, 38, 25, 31, -41, -4, 23, 44, -22, 1, -43, -26, 3, -45, 24, 21, 27, -6, 54, 28, 6, -40, 5, -14, -66, 25, -61, 34, 95, 19, -26, -16, 21, -17, -49, 2, -23, 12, 45, -9, -32, 44, 5, -87, 5, 14, 12, -1, 18, 7, -21, 26, -51, 33, 55, 13, -38, -5, 118, -18, 17, -56, -85, -31, 27, -63, 26, 69, 89, 4, -77, 28, -60, -15, 5, -10, -26, -1, 19, 42, 15, -14, -85, -30, 24, 56, -54, -27, 80, 23, -11, 5, 29, 44, 63, 17, -4, 37, -12]
[0, 0, 0, 0, -1, 0, 1, -1, 0, 1, 0, 0, 0, 0, 0, 0, 0, -1, 1, 0, -1, -1, -1, 1, -2, 0, 0, -1, 2, 0, 0, 0, 0, -1, 1, 0, -1, 0, -1, -1, -1, 0, -2, 0, -1, -1, 1, -1, -1, 1, 0, -2, 0, -1, 0, 0, 1, 0, 0, -1, -1, 1, 0, 0, -2, 0, 0, -1, 0, 1, 0, 0, 6, 2, -1, -8, -1, -6, -4, 0, -6, 7, -4, -3, 8, -8, 19, -2, -2, 1, -12, 14, -15, -3, -1, -1, -14, -8, -1, 7, -13, -7, 28, -5, 11, -2, 0, 11, -3, -4, 1, -7, 11, -14, -20, -3, -3, 16, -11, -12, 9, 3, 4, 17, -4, 22, -15, -20, -2, -1, 4, -14, -8, 4, -1, -9, 24, -9, 34, -5, -38, -17, 6, 15, -15, 0, 22, -5, -4, -9, -18, 12, 0, -13, -1, 23, 9, -1, -18, 12, 0, -2, 0, -8, 22, -20, -12, 1, 9, 12, -30, -28, -15, 17, 37, -5, -9, 24, -5, -29, -30, 17, 31, -13, -8, 1, -16, -2, -6, 8, -12, -18, 7, -10, 37, 31, -7, -24, 16, 16, -15, -34, 2, -6, -21, -8, -44, -5, 38, -29, 4]
[0, 0, 0, 0, -1, 0, 0, 1, -1, 0, 1, 0, 0, 0, 1, -1, 0, 1, 0, 0, 0, 0, 0, 0, 0, -2, -1, 1, 0, 0, -1, -2, 0, 0, 0, 0, 0, 0, -1, 0, -1, 0, 0, 1, 1, -1, 1, -1, 0, -1, -1, 0, 0, 0, 2, 0, -1, 2, 0, -1, -2, 0, 1, -1, -1, 0, 0, 1, 1, 0, 0, 2, -12, 7, -16, 18, 2, 16, 13, -10, 25, -30, -11, 2, -14, 8, -49, 22, -12, -9, 6, -12, 26, -7, 11, -18, 8, 14, 35, 5, 24, 10, -22, -27, 4, -2, 11, -42, 5, -4, -11, 2, -54, 30, 17, 24, -34, 3, 19, 65, -25, 1, -46, -38, 8, -49, 38, 17, 19, -2, 58, 23, 4, -40, -5, -17, -64, 18, -50, 38, 103, 22, -17, -13, 9, -37, -49, 5, -33, 28, 39, -3, -55, 56, 5, -89, 13, 6, 23, -7, 17, 15, -24, 39, -41, 22, 44, -16, -28, 0, 109, -27, 8, -54, -74, -33, 19, -57, 24, 75, 93, 6, -48, 40, -67, -5, -4, -7, -28, -19, 16, 33, 0, -15, -104, -26, 0, 51, -69, -24, 74, 37, 5, 16, 24, 42, 61, 44, 19, 21, -6]
[0, 0, 0, 0, 0, 0, 0, 0, 0, 0, -1, 0, 0, 1, 0, 0, 2, 0, 0, -1, 0, 0, -1, 0, 0, -1, 0, 0, 2, 1, 1, -1, -1, -2, -1, 0, 0, -1, 1, 1, 1, 1, 0, 0, 0, 0, 1, -1, 0, 0, 0, -1, 0, -1, 2, 1, -1, 2, -2, 0, 0, 1, 1, 0, -1, 1, -1, 1, 0, -1, 0, 0, -1, 0, 0, 2, 4, 0, -2, -3, 0, -3, -2, 0, 4, -2, 2, -1, 2, 0, -2, 1, 0, 1, -2, -1, 1, -1, 3, 3, 7, 1, 0, -1, -3, -3, -4, -1, 3, -2, 0, 0, 2, 2, -1, -2, -1, 1, -1, 1, -1, -1, 2, -4, 9, 1, -3, -3, -3, 2, -1, -1, 4, -3, 1, 0, 4, 2, 3, -1, 0, -5, -4, 1, 2, -3, 0, 5, 4, 1, -4, 5, -4, 0, 1, 1, 6, -2, 1, -3, 2, -2, -1, 0, -1, 1, -6, -1, 1, 3, 3, -2, 5, -2, 0, 1, -2, -2, -4, 3, 4, 0, 5, 2, 2, 4, -6, -6, 1, -2, -7, 0, 5, -4, 2, -7, 13, -2, 0, -5, -3, 5, 0, -1, 0, -3, 1, 1, 5, 0, 6]
[0, 0, 0, 0, -1, 0, 0, 0, 0, 0, 0, 1, 1, 0, 0, 1, 0, 0, 1, 0, 0, 0, 0, -1, -1, 0, 0, 0, 0, 0, -1, 0, 0, -1, -1, 0, -2, 1, 1, -1, -2, 1, 0, 1, 0, 0, 2, 1, -1, 0, 1, 1, 0, 1, 0, 1, 1, 1, -1, 1, -1, 1, 0, 1, -2, 1, 0, 1, 1, 2, 0, -1, 0, 0, 0, 2, -3, -1, -1, 0, 1, -1, -1, 0, -1, 1, 0, 0, -5, 3, 1, 0, 1, 2, -2, 1, -3, 0, 1, 2, -5, -1, 4, -1, -1, 2, 0, 1, 1, 0, 1, 1, -8, 0, 3, 2, 1, 0, 1, -2, -2, 1, 1, 0, -1, 1, -1, 1, 2, 0, -3, 1, 0, 1, 1, 1, -4, 5, -1, 1, 3, 1, 2, 0, -2, 2, 1, -1, -4, 2, -2, 1, 3, 0, 4, 4, -4, 2, 2, 1, -7, 3, 2, 2, 1, 4, 5, 5, -5, 1, 2, 3, -7, -4, -1, 2, 2, 0, -1, -1, -5, 1, -2, 2, -9, 4, 0, 0, -3, 3, -5, -1, -1, 3, 1, -1, -3, 0, -4, 1, 0, -3, 0, 0, -3, 3, 2, 0, -9, 3, -1]
[0, 0, 0, 0, 0, 0, 0, -1, 0, 0, 0, 0, 0, 1, 0, 1, 0, 0, 1, 1, 1, 0, 0, 0, -1, 0, 0, -1, -1, -1, -1, -2, -1, 0, 0, 0, 1, 0, 0, 0, 1, 1, -1, 1, 0, 0, 2, 0, 0, 1, 1, 2, 0, 0, 0, 0, 0, -1, 0, 1, 1, 1, 0, -2, -1, 1, 1, 2, 0, -2, 1, -1, 0, -5, -1, 0, -2, 1, -1, 0, 3, 2, -1, 1, 1, 0, -1, 2, 0, 0, 3, -1, -2, 2, 1, -4, 2, 1, 0, 0, 3, 1, -1, 3, -2, 0, -1, -1, -2, 2, 3, -2, 0, 1, 0, -3, -2, -3, -1, 0, -2, -2, 3, 1, 0, 3, -2, 1, 0, 2, 2, 2, -1, -5, 4, 2, -4, 0, 2, 1, 2, -1, -2, 1, 2, 1, -1, 4, 3, 1, 8, 3, -3, 0, -2, -1, 2, 0, -3, -1, 4, -6, -2, 4, -3, -4, 1, 1, -3, 8, 2, 4, 4, 2, -3, -2, 2, -1, 0, 0, 0, -1, 2, -9, -5, -1, -1, -3, 6, 1, 7, 5, 1, 2, 3, 1, -5, 0, -2, -7, 3, 0, -2, -3, -6, -4, -5, -1, 0, 1, 7]
[0, 0, 0, 0, 0, 0, 0, 1, 0, 0, 0, 0, -1, -1, 0, 0, 0, 0, 0, 1, -1, -1, -1, 0, 0, -1, 1, 2, 2, 1, 1, -1, 1, -1, 0, -1, 1, -1, 0, 1, 0, 0, 0, 1, -1, 0, 0, -1, -1, -2, 0, -1, 0, 0, 1, 0, -1, 1, -1, -1, 1, 1, 1, -1, 0, 0, -1, -2, 0, -1, 1, 1, -13, 11, -16, 10, 2, 26, 10, -8, 18, -18, -16, 4, 8, 5, -36, 21, -10, -19, -1, -2, 18, -22, 8, -28, 3, 12, 45, 5, 33, 4, -15, -15, 5, 9, 5, -32, 5, -8, -9, -2, -36, 18, -4, 5, -25, 16, -1, 71, -23, 4, -31, -20, 12, -30, 30, 14, -1, 2, 67, 6, 0, -28, 0, -17, -52, -7, -20, 17, 72, 8, -14, 6, -5, -35, -35, 0, -26, 48, 24, 10, -62, 45, -4, -56, 34, -4, 21, -8, 37, 9, -24, 27, -20, -12, 10, -49, -17, 28, 74, -32, 10, -30, -31, -31, 10, -10, -9, 59, 75, 22, 1, 13, -57, 6, -23, -5, -17, -32, 14, 14, 4, -17, -85, 13, 13, 19, -45, -10, 60, 27, -7, 10, 16, 17, 29, 61, 57, -20, 14]
[0, 0, 0, 0, 0, 0, 0, 1, 0, -2, 0, 1, 0, 1, -1, 0, 0, -1, 0, -1, 1, 2, 0, -1, 1, 0, 0, 0, -2, 1, -1, 0, 0, 2, 0, -1, 0, 0, 0, 0, 1, 0, -1, -1, 0, 0, 1, 0, 0, 2, 1, 0, -1, 0, 0, -1, 0, -1, 0, -1, 0, -2, 0, 2, 0, 1, 0, 0, -1, -1, 0, -1, 0, 4, -7, 5, -4, 9, 1, 3, 7, -5, -7, 1, -2, 1, -12, 5, -2, -10, 3, 5, 11, -10, 6, -11, 2, 5, 20, 0, 8, -3, -11, 3, -1, 5, -6, -12, -2, 0, -7, 4, -7, 5, 3, -2, -2, 4, -1, 28, -7, -2, -12, -9, 2, -10, 8, 8, -4, 1, 20, 0, 2, -5, -6, -3, -11, -4, -8, 7, 32, 6, -3, 2, -4, -8, -19, -2, -20, 23, 8, -1, -18, 14, -5, -17, 6, 1, 11, -4, 23, 3, -8, 4, -1, -5, 7, -25, 7, 12, 21, -7, -15, -14, -10, -12, 3, -1, -9, 19, 29, 8, 6, 2, -12, 11, -5, 11, -8, -10, 7, -2, -10, 6, -37, 4, -13, 1, -23, -3, 16, 16, 5, 0, 14, 7, 12, 28, 26, -14, -3]
[0, 0, 0, 0, 0, 0, 0, 0, 0, 0, 0, 0, 0, 0, 0, 0, 0, 0, 0, 1, 1, 0, 1, 0, 0, 0, 1, 0, -2, 0, 0, -2, 0, -1, -1, 0, 0, 0, 1, 1, 1, 0, 2, 1, -1, 1, 1, 0, 0, -1, 2, 0, -1, 0, 1, 1, 0, 1, 1, 0, 0, 1, 1, -2, -3, 0, -1, 1, 0, -1, -1, 0, 1, 0, 2, 2, -1, 0, 2, -1, 3, 0, 1, 0, -2, 0, 2, -2, 1, 0, 1, 0, 0, 2, 1, 0, 1, 2, 3, 1, -1, 0, 0, -2, 0, -2, -1, 0, -2, 0, 5, 0, -3, 0, 2, 1, -1, 0, 0, 0, -1, 1, 4, -1, -2, 0, 0, 0, 1, 2, 5, 0, 2, -3, 5, 2, 2, 0, 2, 0, 1, -3, -2, 0, 0, 1, 0, 2, -3, 0, 8, 1, -2, 2, -6, 0, -2, 0, 3, -3, 2, 0, 4, 3, 0, 2, 2, 0, -3, 4, 6, -1, -4, 0, 0, 0, 3, -2, 1, 0, 0, 1, 6, 2, -2, 0, 7, -5, 3, -2, 0, 0, 1, -3, 6, 0, -6, 0, 2, -1, 4, 4, -3, 0, -4, 2, 4, 0, 1, 0, -1]
[0, 0, 0, 0, 0, 0, 0, 0, 0, 1, 0, -1, -1, 0, 0, 0, 1, 0, 0, 0, 0, -1, -1, 0, 0, 1, -1, 1, 1, 0, 1, 0, -1, -1, 0, 0, 0, 1, -1, 0, 1, -1, -1, 0, 0, 0, 2, -1, 0, 1, -2, 0, -1, -1, -1, 1, 0, 1, 1, -1, -1, 2, -1, -1, -1, -1, 0, 0, 0, 1, 3, 0, -2, 0, -3, 0, -2, 1, 1, 3, -2, -1, 2, 0, 3, -1, -6, 2, 2, -1, 1, 2, 0, -4, -1, -1, 1, -2, -6, -2, 7, 3, 1, 0, -2, 2, 2, -4, -2, 0, -4, 2, 0, 2, -3, 3, 0, -1, 4, -3, -4, 3, 0, 3, -1, -3, -1, 3, -1, -2, 0, -2, 0, 3, -1, 1, -2, -4, 0, 3, 1, -4, -2, -2, 7, 5, -4, 1, -4, -1, -4, -3, -4, 2, 5, -2, 4, 5, -6, 0, 5, -5, -3, -1, -7, 5, 9, -3, -2, -1, -5, 0, 0, -3, -8, 8, -3, -1, 12, 4, 1, -2, -7, 1, 1, -5, -12, 1, 8, 3, 5, 2, -1, 0, -5, -4, -3, 0, -1, 3, 0, 4, 4, -3, 0, 3, -4, -6, -7, -2, 12]
[0, 0, 0, 0, 0, 0, -1, 0, 0, 0, 0, 0, 0, 0, 0, 1, 1, 0, 1, -1, -1, 0, 1, -1, -1, 0, 0, -2, -1, 0, 0, -1, 0, 0, -1, -1, 2, -1, -1, -1, 1, 0, 0, 0, 0, -1, 1, 0, 0, 0, -1, -2, 0, 1, 0, 0, -1, 1, 0, -1, 0, 1, 0, -2, -2, 1, -1, 1, -1, -2, 0, 1, -2, 1, -1, 10, -2, 1, -1, -4, -6, -7, 1, -5, -1, -7, -3, 2, 5, -7, 1, 1, 9, -6, 5, 4, 2, 4, 4, 1, 3, 2, -7, -9, -12, 5, -4, -6, 0, 0, -7, 0, 3, -2, 7, -3, 4, -4, 8, 8, -7, -4, -3, -12, 0, 0, 3, 1, -11, -3, -6, -2, 2, -4, 0, 1, 7, -2, 5, 12, 12, -2, -5, -4, 0, -11, -5, -1, -5, 15, -13, -6, -9, 11, -6, -3, -2, 4, 10, -8, 4, -11, 7, 8, -2, 7, 13, -21, 4, -11, 2, 0, 1, -11, -10, 2, -11, -13, 9, 8, 3, -10, 2, 6, 2, 22, 1, -2, 3, -14, -3, 3, -14, 1, -26, -16, -5, 5, -5, -7, -8, 16, -1, -9, 21, 7, 6, 10, -8, -7, 3]
[0, 0, 0, 0, 1, 0, 0, 1, 0, -1, 0, -1, -1, -1, 0, 0, 0, 1, -1, 1, 0, 0, 0, 0, 2, 0, -1, 2, 0, -1, 1, 1, 0, 0, 0, 0, 0, 1, -1, 1, 2, 0, 1, 1, 0, 1, -1, -1, 1, -1, 0, -1, 0, -1, 0, -1, 1, -1, 1, -1, 0, 0, -1, 1, 1, -1, -2, -1, -1, 1, -1, -1, 2, 3, -2, -2, 3, 1, 2, 2, 0, 1, 3, -1, 0, 3, -2, 0, 5, -1, -2, 2, 1, -2, 2, -1, 2, 3, -1, -1, 4, -1, -1, 1, 1, 1, 2, -2, -1, 2, -2, -1, 3, -1, -4, 3, -2, -1, -1, 1, 0, 6, -4, 4, 2, -1, 1, 3, 1, -3, 2, -1, 5, 4, -3, 0, 4, -2, -4, -3, 2, 6, -2, -2, 3, 2, -2, 0, 0, -6, 2, -4, 1, 1, -1, -2, 0, 2, -3, 0, 4, 2, -3, 1, -2, 1, -1, -2, 5, 1, -2, -3, 1, -1, -1, 2, 1, 1, 7, -2, 8, 3, -4, 2, 11, -4, 4, 4, -2, 3, 2, -1, 3, 2, -3, 4, 5, -2, -2, 8, 4, -2, 3, 0, 4, 2, -3, 1, 6, -1, -4]
[0, 0, 0, 0, 0, 0, 0, 1, 0, -1, 1, -1, -1, 0, -1, 0, 1, 1, 0, 0, 1, 0, -1, 1, -1, -2, 0, 0, 0, -1, 2, 0, 0, 1, 1, -1, 2, 0, -1, 0, -1, 1, 1, -1, -1, 0, -1, 0, 0, 0, 0, 0, 0, -1, 0, 1, -1, -1, -1, 0, -1, 0, -1, 1, 0, 1, 1, 0, -2, -1, 2, 1, 14, 3, 10, -9, -7, -3, -14, 0, -47, 27, 11, -16, 19, -21, 65, -26, 19, -4, -24, 29, -14, -16, -1, 14, -7, 11, -4, 1, -43, -8, 21, 21, -7, 5, -31, 53, -7, 2, -11, -3, 66, -60, -35, -41, 53, 26, -19, -48, 17, 0, 44, 35, -8, 72, -34, -33, -49, 8, -30, -51, -2, 31, -14, 15, 107, -41, 103, -34, -117, -36, 48, 42, -54, 2, 60, -21, 7, 6, -73, 23, 13, -36, -27, 125, 10, -24, -11, 10, 0, -19, 31, -19, 83, -56, -78, -41, 50, 33, -156, -6, -46, 69, 135, 22, -45, 93, -49, -84, -88, 17, 128, -46, 73, 32, -15, 10, 30, -20, -35, -59, -26, 7, 92, 73, -35, -86, 69, 31, -109, -37, 35, -16, -17, -59, -94, -6, 85, -84, -5]
[0, 0, 1, 0, 0, -1, 0, 0, -1, -1, 1, 1, -1, 0, 0, 0, 1, -1, 1, 0, 0, 1, -1, 0, 0, 0, -1, 0, -2, 1, -1, -1, 0, 1, 0, 0, 1, 1, 0, 0, 1, 1, 1, -2, 0, -1, 1, 0, 0, 1, 0, 0, 0, -1, -2, -1, 0, -2, 0, -1, 1, -1, 0, 1, 1, 0, 0, 0, -1, -1, -2, -1, 8, -4, 6, -1, 0, -27, 2, 5, 5, -1, 8, -3, -23, -5, 8, -10, 10, 21, 7, -5, -9, 23, 5, 20, -1, -5, -36, -3, -12, 9, 14, -9, 2, -19, 2, 12, -3, 6, 7, 2, -2, 7, 17, 18, -8, -12, 18, -56, 7, -1, 5, 3, -9, 1, -26, -7, 20, -10, -33, 6, 5, 5, 11, -2, 22, 27, -11, 14, -27, 8, -8, -17, 27, 13, 10, -3, -9, -44, 5, -23, 33, -9, 4, -4, -32, 16, -20, 15, -13, -5, 9, -5, -8, 36, 37, 66, -1, -48, 3, 10, -12, -9, -23, 4, 11, -30, 38, -25, -28, -20, -44, 15, 24, -20, 21, 2, -1, 30, -3, 15, 6, 1, 50, -34, -11, 9, 11, 0, -11, -12, 11, -6, 11, 18, -4, -53, -51, 41, -16]
[0, 0, 0, 0, -1, 0, 1, -1, 0, 2, 0, -1, 0, 0, 0, -1, 0, 2, -1, 1, 1, 0, -1, 2, 0, 0, -1, -1, -1, 0, -2, 0, -1, -1, 0, 1, -2, 0, 1, 2, -1, 0, 0, 0, 0, 1, 0, 0, 1, 0, 1, 0, 0, -1, 0, 0, 1, -1, 1, 0, -1, 1, 1, 0, -1, -1, 0, -1, 0, 0, -1, 1, -12, 10, -18, 9, -2, 25, 13, -5, 36, -25, -22, 11, -10, 9, -56, 30, -19, -13, 10, -12, 24, -9, 8, -29, 8, 3, 47, 12, 35, 7, -22, -25, 15, 5, 12, -51, -6, -8, -6, 4, -57, 41, 6, 20, -50, 7, 7, 91, -16, -1, -55, -30, 2, -50, 41, 19, 25, 0, 75, 29, -1, -36, -2, -26, -82, 12, -62, 41, 121, 24, -30, -7, 14, -33, -63, 13, -34, 30, 51, 10, -61, 50, -2, -102, 20, 4, 23, -5, 34, 25, -30, 34, -52, 7, 46, -18, -34, 13, 138, -38, 10, -49, -79, -49, 33, -48, 12, 87, 110, 14, -53, 30, -91, -13, -12, 3, -31, -9, 26, 36, 6, -17, -111, -13, -13, 54, -79, -13, 105, 35, -16, 21, 6, 43, 68, 59, 29, 20, 0]
[0, 0, 0, -1, 0, 0, 2, 0, 0, -1, 1, 0, 0, 0, -1, -2, 0, 0, 1, 1, 1, 0, -1, 1, 0, 0, 0, 0, 0, -1, 0, -1, 1, 1, -1, 0, 1, 0, -1, 0, 0, -1, -1, 0, 0, 1, 1, 0, 0, 0, 2, -1, -1, -1, 0, -1, 2, 0, -2, -1, 1, -1, 2, 0, 0, -1, -1, -1, 0, -1, 0, 1, 39, -11, 46, -23, 2, -67, -21, 11, -64, 47, 28, -20, -10, -19, 121, -56, 34, 41, -27, 24, -47, 41, -16, 58, -22, -16, -96, -9, -84, -15, 68, 20, -3, -37, -30, 94, 0, 16, 21, -1, 89, -64, -9, -10, 67, -7, -14, -183, 46, 4, 89, 60, -12, 96, -97, -51, -11, 4, -132, -40, 8, 55, -4, 26, 170, -1, 106, -47, -210, -33, 38, 21, -16, 60, 109, -19, 36, -113, -80, -16, 134, -106, -9, 156, -56, 5, -65, 24, -61, -28, 60, -52, 94, 10, -55, 101, 58, -46, -222, 28, -57, 92, 137, 60, -40, 56, 10, -169, -194, -21, 79, -28, 137, -18, 39, -1, 47, 52, -59, -57, -9, 13, 256, 28, -31, -79, 134, 37, -200, -96, 47, -30, -27, -36, -104, -134, -35, -6, -40]
[0, 0, 0, 0, 0, 0, 0, 0, 0, 0, -1, 0, 0, 2, 0, 0, 1, 0, 0, -3, 0, 0, 0, 0, 0, 0, 0, -1, 0, 0, 1, 2, 0, 1, 1, 0, 0, -2, 0, 0, 0, 0, -1, -1, 0, 0, 1, 0, -2, 1, 0, 0, -2, 0, 1, 1, 0, 1, -1, 0, 0, -1, 0, 1, 1, 0, 1, 3, 0, -1, 0, 0, 1, 0, 0, -1, 1, 0, -1, -3, 0, -2, -2, 0, 0, 2, 0, 2, -2, 0, -1, 0, 0, 1, 1, 0, 0, -2, 0, 1, 1, 0, -1, 4, 0, -1, 0, 0, 1, 0, 0, -2, 0, 0, 4, -1, 0, 0, 1, 0, 1, -3, 0, -3, 2, 0, -2, 0, 0, 1, 0, 0, -1, -3, 0, 2, -2, 0, -1, 0, 0, 0, 1, 0, 0, -1, 0, 2, 1, 0, 0, 7, 0, -2, 3, 0, 1, 0, 0, 2, -1, 0, -1, -3, 0, -4, -6, 0, 2, 2, 0, 3, 0, 0, 0, 0, 0, 2, -3, 0, 0, 1, 0, 0, 1, 0, -5, -1, 0, -1, 1, 0, 1, 3, 0, -3, -1, 0, 0, -5, 0, 1, 8, 0, -2, 0, 0, 2, 0, 0, 2]
[0, 0, 0, 0, 0, 0, 0, 0, 0, -1, 1, 1, -1, 0, -1, 0, 0, -1, 2, 1, -1, 0, -1, 0, 0, 0, 0, 0, -2, 1, -1, -1, 1, 2, 0, 0, 1, 1, 0, -2, 0, -1, 0, 0, -1, -1, 1, -1, -2, 1, 0, 2, -1, 0, -1, 0, -1, 0, -1, -1, 2, 0, 0, 0, 1, 0, 0, 1, 0, 0, -1, 0, -2, -2, 1, 1, -4, -3, 1, 2, 1, 2, 1, -1, -6, 0, 0, 1, 2, -1, 0, 0, 0, -2, 5, -1, 0, 3, -4, -2, -4, -1, -4, 1, -1, 2, 1, 1, -2, 2, 1, 0, -4, 1, 6, 1, 0, 0, 2, -4, -3, -1, 1, 0, -4, 0, -4, 1, -2, -1, -1, -2, -2, 2, -1, 1, -1, -1, -2, 3, -4, 5, 4, 0, 3, 2, -1, -5, -6, 4, 3, -3, 2, -2, -1, -1, -7, 2, -1, 1, -3, -6, 2, 3, 0, -1, 3, -2, 5, -3, -2, 4, -8, -2, -3, -1, -1, 2, 2, 2, -7, -1, -4, -4, 0, 3, 9, 3, -2, -3, 8, 0, -6, 6, -3, 3, -11, -1, 0, 0, -1, -3, 2, -4, 7, 3, -2, -3, -3, -1, -9]
[0, 0, 0, 0, 0, 0, 0, 1, 0, -1, 1, 0, -1, 0, 0, 0, -1, -1, 0, -1, 0, 0, 2, 0, 0, -1, 1, 2, -2, 1, 0, 1, -1, 1, 0, 0, 1, 0, 1, -1, -1, 0, 2, 0, -1, -1, -1, -1, 0, -1, 0, -1, 1, -1, 0, -1, -2, 1, 1, 0, 0, -1, 1, 1, 0, 0, 0, 0, -1, 1, 2, 0, -2, 1, 1, -2, -2, 0, 2, -1, 0, 0, 2, 1, -1, 2, 2, 0, -5, -1, 2, 1, -3, -4, 5, -2, -3, 1, 3, -2, 0, 0, 0, 1, -3, 1, 4, -1, -5, 0, 2, -1, 1, 1, 3, 1, -2, -1, 1, 1, -4, 2, 4, 0, -3, -1, 4, 0, -4, -1, 1, -1, 0, 1, 3, -1, -3, -1, 3, -5, -4, 4, 3, -1, -1, -1, 0, -2, -2, 1, 6, -3, -5, -1, 3, -1, -5, 0, 2, 0, -1, -3, 6, -2, -3, -1, 4, -2, -4, -2, 3, 2, -5, 0, 2, 0, -3, 4, 3, 1, -7, 0, 7, 1, -3, 0, 9, 0, 0, -2, 2, -1, -8, 3, 4, 1, -2, -2, 4, 1, -4, -4, -3, -1, 1, -1, 3, 3, -3, -2, 5]
[0, 0, 0, 0, 0, 0, 0, 0, 0, 0, 0, 0, 1, 0, 0, 0, -1, 2, 0, 1, -1, -1, 2, 0, 1, -1, -1, 1, 0, 0, 0, -1, 1, -1, 1, 0, 0, 1, 1, 0, 1, 0, 0, 2, 0, 0, -2, 0, 1, 0, 1, 1, 0, 1, 0, 0, 1, 2, 1, 0, 0, 2, 0, 0, -1, 0, -1, 1, 2, 2, 0, 0, 0, 0, 2, 1, 3, -1, 0, 0, -1, 0, 1, -2, -1, 0, 2, 2, 0, 2, 0, 1, 3, 1, 1, 1, 1, 1, -1, 3, -2, 0, 3, -2, 0, -1, 1, 2, 3, 0, 1, 1, 3, 1, 0, 0, 0, 0, 2, -1, -2, 3, 0, 0, 0, 2, 2, 0, 2, 1, 2, 1, 0, 1, -1, 1, 4, 2, 2, 1, -1, 4, -3, 4, 0, 0, 5, 1, 2, -1, 2, 1, 2, 0, -2, 0, 1, 2, 2, 0, 1, 2, 1, 5, 2, 1, 2, 2, -2, 3, -1, 2, 2, -2, 0, -1, 3, -1, 3, 4, 1, 2, -1, 2, 1, 1, 8, -1, -1, 0, -1, 1, 4, 2, 1, -2, 3, 4, 6, 1, -1, -1, -3, 1, 3, 1, 0, -4, 1, 5, -2]
[0, 0, 0, 0, 0, 0, 0, 0, 0, 0, -1, 1, 0, 1, -1, 0, 1, -1, 1, -2, 1, 0, 1, 0, -1, 0, 0, -1, -1, 2, 0, 2, -1, 0, -1, 0, 0, -1, 1, 1, -1, 0, 2, -1, -1, 0, 1, 0, -2, 1, 1, 0, 0, 0, -1, -1, -1, 1, 0, 1, 0, 0, 1, 1, 0, 0, 0, 2, 0, 1, -1, -1, -1, 1, 0, -2, -1, -3, -1, 0, 3, 1, -3, 4, 2, 0, 2, 1, -4, 3, -1, 1, -2, -1, 2, -1, -3, -4, -2, 2, 3, 0, 1, 4, -4, 1, 2, 1, 1, -2, 3, 2, -2, 4, 0, -7, 1, 1, 0, -4, -3, -2, 5, 0, -1, 2, -5, 5, 0, 2, 1, -2, 2, 5, 0, -1, -7, -1, 1, -1, 0, -1, -2, 2, 5, -3, -3, 0, -1, 7, 3, 4, 0, -6, 4, 5, -2, 1, -5, -2, 1, -5, 3, -5, -2, -2, 4, 5, -5, 3, 0, 10, -1, -1, 0, -5, 1, 8, -8, 3, -7, -1, 1, -2, -5, 3, -3, 4, 6, 0, -2, 2, -2, 6, 8, -5, 6, -3, 2, 1, -6, 3, -8, -8, 4, -7, -2, 1, -6, 2, 7]
[0, 0, 0, 0, 0, 0, 0, -1, 0, 0, 1, 0, 1, -1, 1, 0, -1, 0, 0, 1, -1, 1, 0, -1, 0, 1, 0, -1, 0, 1, -2, 1, -1, -1, 0, 1, -1, 0, 0, 1, -2, 2, 0, -1, 0, 1, 1, 0, 1, 0, -1, -1, 0, -1, 0, 0, 1, -2, 1, 2, -1, 1, 1, 0, 0, 1, 1, -2, 0, 1, 0, 0, 12, -14, 18, -3, 1, -30, -6, 4, -27, 14, 23, -7, -10, -6, 46, -31, 18, 26, -2, -1, -25, 27, -15, 39, -3, -6, -52, -4, -47, -1, 16, 16, -11, -13, -9, 43, 1, 8, 9, 4, 40, -27, 8, -8, 33, -13, 4, -87, 17, 0, 44, 19, -12, 34, -32, -16, -3, 2, -84, -14, 0, 26, 3, 23, 73, 13, 29, -25, -98, -17, 31, -7, -7, 31, 52, -4, 35, -52, -33, -14, 66, -47, 2, 80, -36, -2, -24, 2, -58, -4, 31, -22, 24, 23, -25, 55, 23, -32, -96, 32, -9, 32, 42, 46, -20, 10, 13, -71, -98, -27, 11, -7, 81, 1, 32, -6, 20, 28, -28, -23, -4, 10, 108, -15, -12, -30, 60, 6, -81, -27, 24, -7, -20, -25, -36, -65, -56, 20, -26]
[0, 0, 0, 0, 0, 0, 0, 0, 0, 1, -1, -1, 0, 1, 1, -1, 1, 1, -1, -2, 0, 0, 0, 0, 1, -1, 1, -1, 2, 0, 0, 0, 0, 0, 0, 0, 0, -1, 1, 0, -1, -1, 3, -2, 1, -1, -1, 0, 0, 2, 0, 0, 0, 0, 1, -1, 0, 0, 0, 0, -1, 0, 0, 1, -1, 0, -2, -1, 2, 1, 0, 1, 1, -1, 3, -1, 4, 0, 2, 0, -4, -4, -1, 0, 0, -6, 1, 0, 2, 0, 1, 2, 5, -3, -1, 4, 4, -4, 2, -1, -2, 2, -2, 0, 0, -2, -5, -2, 2, -2, 0, 1, 5, 1, 8, -4, 4, -2, 5, -2, -5, -3, 2, -2, 2, -1, 2, -3, -1, -3, -9, 0, 8, 1, 4, 0, 10, -1, -3, 2, 3, -3, -3, -1, 3, -5, 3, 2, -3, -3, -7, -2, -3, 2, 4, 0, -1, 0, 8, 1, -2, 1, 5, -5, 2, 1, 4, 0, 10, -7, 3, 0, -2, -3, -9, 2, -2, -4, -1, 3, 1, -6, 5, 0, 7, -1, 2, 0, 6, 4, -14, 1, -6, -3, 1, -12, 13, 5, 5, -6, -2, 4, 3, 0, 15, -7, 11, -7, -4, 1, -3]
[0, 0, 0, 0, 0, 0, 1, 0, 0, -1, -1, 0, 0, 0, 0, 1, 0, 1, 0, 0, 1, 0, -2, 0, -1, 1, -1, 1, 2, 0, -1, 0, 0, 0, 0, -1, 0, 0, 1, 1, -1, 1, -2, 0, 1, 0, 2, 1, 0, -1, 0, 1, 0, 2, 0, -2, 0, 0, -2, 1, 0, -2, -1, 0, 2, 0, 1, 0, 1, 0, 1, 0, 2, 3, -2, -11, -7, 11, -6, 6, -9, 13, -8, -1, 16, -4, 14, 1, -2, -8, -7, 10, 0, -11, -3, -9, -3, -5, 17, 3, 4, -6, 7, 12, -3, 7, -8, 12, -2, -2, -7, -3, 13, -12, -20, -19, 14, 9, -21, 13, 2, 0, 7, 18, 4, 17, -8, -2, -17, 2, 4, -9, 0, 12, -7, 1, 9, -17, 30, -18, -20, -7, 3, 20, -18, 7, 14, -3, -2, 16, -18, 7, -7, -10, -7, 24, 13, -5, 3, 4, 24, 1, -3, -19, 30, -36, -26, -29, 13, 27, -41, -1, -10, 24, 42, -11, -7, 40, -31, -12, -9, 14, 52, -23, 0, 10, -23, 9, 6, -5, 4, -16, -10, 3, 11, 30, -8, -20, 7, 16, -28, -4, -2, 4, -5, -27, -31, 13, 33, -29, 15]
[0, 0, 0, 0, 1, 0, 1, 0, 0, -1, -1, 1, -1, -1, -1, 0, 0, 0, 0, 0, 0, 2, 0, 1, -1, 1, 0, 0, 1, 1, 2, 2, -1, -2, -1, 0, 1, 0, 2, 2, 0, 1, 1, 0, 0, 0, 0, 0, 0, 0, 0, 0, 0, -1, 0, -1, -1, 0, 0, 1, 1, -2, 1, 0, -1, 2, -1, -1, -1, 0, -1, 0, -6, 3, -4, 0, 8, 10, 2, -3, 6, -1, -6, 3, 8, 4, -4, 13, -3, -7, -5, -1, 2, -8, 0, -15, 1, 6, 23, 6, 12, 0, -5, 1, -1, 2, 1, -10, 6, -2, -2, -5, -8, 8, -9, -3, -9, 17, -6, 30, -13, 1, -6, -3, 6, -4, 11, 8, -7, 3, 28, 2, 1, -12, 0, -6, -23, -1, 1, 1, 20, 1, 1, 11, -10, -18, -12, -1, 0, 22, 11, 10, -26, 14, -4, -15, 20, -5, 4, 0, 12, 2, -10, 7, -3, -15, -14, -17, -8, 26, 22, -14, 13, -6, 3, -15, 3, 4, -13, 24, 28, 19, 17, -2, -21, 6, -10, 2, -2, -12, 3, 1, 10, -7, -18, 12, 16, 1, -7, -2, 7, 10, -2, 4, 2, -10, 0, 28, 43, -10, 9]
[0, 0, 0, 0, 0, -1, 0, 1, 1, 0, 1, 0, -1, 0, 0, -1, 0, 0, 0, 1, 1, 1, 0, 0, 1, -1, 1, 1, 0, 0, 0, -2, 0, 1, 1, -1, 0, 1, -1, 0, 1, -2, 3, 1, 1, 0, 0, 1, 1, 1, 0, 1, 0, 1, 0, 1, 0, 0, 0, 0, 0, 1, 0, 1, 1, -2, 1, 1, 0, -2, 0, 2, 8, -6, 24, 7, -1, -32, 6, 4, -6, -1, 15, 0, -29, 5, 6, -17, 10, 24, 12, -15, 4, 31, 6, 25, 6, 0, -59, -16, -8, 13, -4, -12, -9, -22, 5, 5, 7, 10, 12, 16, -10, 19, 46, 29, 7, -35, 31, -68, 2, -1, 16, -12, 2, -12, -21, 4, 23, -1, -54, 20, 15, 9, 9, 8, 7, 35, -36, 21, 1, 23, -17, -27, 49, 25, -11, 4, -1, -61, 12, -39, 65, -14, 22, -24, -47, 19, -11, -2, -35, -12, 24, 9, -24, 72, 59, 85, -16, -77, 7, 46, 2, -14, -51, 32, 13, -60, 57, -15, -28, -46, -69, 34, 31, -38, 44, -1, 23, 28, 2, 30, -8, 16, 41, -66, 9, 38, 14, -13, -32, 6, 13, -5, 30, 53, 57, -73, -122, 70, -23]
[0, 0, 0, 0, 1, 0, 0, 0, 0, 0, 0, 0, -1, -1, 0, 0, 0, 0, 0, 1, 0, 1, -1, 0, 0, 2, -1, 1, 0, 0, 0, 2, 0, 0, 0, 1, 1, 2, 0, 1, -1, 0, 2, 0, 1, 0, -1, -1, 0, 1, -2, -1, 0, -1, 0, 1, 0, 0, 2, 1, 0, 0, 0, 1, 0, 2, -1, -2, 2, 1, -2, 0, -2, 2, -2, 2, 2, 0, 2, 5, -3, 2, 3, -1, 1, 2, -2, 0, 4, -1, -3, 1, 3, 1, 2, 0, 1, 1, 2, 2, -2, 1, -2, 3, 0, 2, 2, 1, 0, 4, -5, 3, 0, -1, -4, 6, 2, 2, 1, 0, -2, 3, -4, 2, -4, 3, 4, 3, -1, 1, -2, 1, 3, 5, -5, 1, 1, 1, -3, 3, 5, 1, 2, -1, -2, 7, -1, 2, -1, 0, -4, -1, -1, 2, 0, 0, 3, 3, 0, 2, -6, -2, -2, 0, 5, 8, 1, -1, 5, 0, -3, -4, 0, -1, -2, 8, -3, -3, 7, 2, 5, 3, -3, 4, 4, 2, 4, 10, 1, 4, 2, 1, -1, 2, -5, 4, 2, 2, -1, 9, -4, 5, 3, 2, 9, 5, -1, 3, -1, 0, -8]
[0, 0, 0, 0, 0, 0, -1, 0, 0, 1, 0, 0, 1, -1, 1, 1, 0, -1, -1, 1, 0, 0, 1, -1, 0, 1, 0, 0, 1, 0, 0, -1, 0, -2, -2, 0, -1, 1, -1, 1, 1, 0, 0, 1, 0, 1, -1, 2, 2, -1, -1, 0, 2, 2, 0, 1, 0, -1, 2, -1, 0, 1, 0, -2, -1, 0, 0, -1, -1, 0, -1, 0, 2, 2, -2, 2, 4, 1, -2, 1, -1, 0, 0, 0, 2, -1, -2, -1, 3, 2, 0, 0, -3, 1, -3, 4, -2, 0, -3, 0, 2, 1, 4, -4, 1, 2, -1, -1, 3, 0, -1, 1, 2, 0, -5, 3, -1, -1, -2, -3, 5, 2, -2, 2, 4, -1, 1, 2, 3, -1, 0, 0, -1, 0, -1, 0, 5, 0, 2, 2, -1, -6, -3, -2, -1, 2, 3, -1, 5, 0, -6, -2, 4, 7, -5, 4, 2, 2, -3, 0, 4, 4, -3, 1, -1, 7, 3, 2, -2, 1, 0, -2, 8, -2, 0, 4, -3, -2, 0, -4, 1, 0, -6, 4, 0, 2, -5, -1, -6, 2, -3, -2, 5, -5, 0, 2, 10, 0, -2, 3, 2, 4, -10, 1, 0, 3, -1, 1, 2, -3, 0]
[0, 0, 0, 0, -1, 0, 1, 0, 0, 1, -1, 1, 0, 0, 0, 0, 1, -2, 0, -2, 0, -2, 1, 1, 1, 0, 1, 1, 0, 1, -1, 1, 0, -1, 0, 1, -1, 0, -1, -2, 1, 0, 0, 1, 1, 0, 0, -1, -1, -1, 0, -2, -1, 0, 0, 0, 1, 1, 0, -1, 1, 1, 2, 0, 0, 0, -1, 0, 1, 2, 1, 2, 4, 3, 9, -8, -14, 0, -8, 3, -22, 20, 3, -6, 13, -13, 34, -12, 6, -7, -7, 15, -7, -7, -6, 4, -1, -8, -4, -1, -14, -6, 10, 9, -10, 11, -13, 31, -6, -2, -4, -1, 37, -24, -11, -27, 34, 4, -12, -21, 9, -2, 33, 21, -9, 34, -20, -13, -29, 2, -28, -20, -1, 28, -1, 2, 51, -20, 52, -21, -62, -20, 8, 14, -14, 13, 33, -5, 4, 4, -36, 5, 19, -27, -13, 56, -8, -7, 1, 5, 10, -12, 20, -23, 43, -31, -23, -22, 28, 8, -88, 9, -22, 44, 56, 20, -25, 49, -24, -42, -61, -5, 75, -25, 40, 17, -11, 8, 22, -10, -13, -23, -27, 10, 47, 26, -28, -39, 43, 20, -63, -14, -3, 0, -1, -29, -41, -9, 1, -33, 11]
