60 3 19 28 27
[1, 0, 1, 0, 1, -1, 0, -1, -1, 0, -1, -1, 0, 1, 3, 0, 2, -2, -1, -3, 2, 0, -2, 0, -1, 0, 1, -1, -3, 3, 2, -1, 1, 0, -1, 1, 0, 1, -1, 6, -3, 22, -8, 11, 7, 8, 0, 8, -12, 22, -7, 14, -3, -17, 8, 9, 6, -4, 16, -15, 1, 30, -7, -23, 27, 18, 15, -7, -7, 7, -7, -28, 0, -36, 17, -17, 18, -40, 0, -31, 7, -22, -7, 7, 12, 1, 44, -17, -13, 64, -7, -28, -14, 12, 42, -9, 18, -10, 6, 49, 38, 119, -17, 35, 15, 14, 11, 65, -20, 104, 17, 60, -12, -32, 28, 10, 43, -17, -30, -50, 20, 146, -17, -74, 28, 40, 21, -19, -42, -18, 20, -73, -33, -104, 54, -3, 53, -126, -26, -63, 9, -1, -26, 78, 47, 36, 6, -58, -79, 245, -8, -85, 2, 50, 14, -39, 45, -53, -37, 109, 15, 236, -54, 83, 102, 13, 144, 76, -74, 314, -10, 147, -2, -117, 57, 15, 89, 0, -14, -113, -13, 262, -86, -148, 71, 62, 90, 66, -20, -36, 53, -136, -77, -214, 68, -14, 107, -177, -46, -141, 74, 12, -20, 40, 99, 64, 197, -212, 47, 396, 11]
[0, 0, 0, 0, 0, 0, 0, 0, 0, 0, 0, 0, 1, 0, 0, -1, 0, 0, -1, 0, 0, 0, 0, 0, 0, 0, 0, 2, 0, 0, -1, 0, 0, 0, 0, 0, 0, 0, 0, 0, 0, 0, 1, 0, 0, 0, 0, 0, 0, 0, 0, 0, 0, 0, 0, 0, 0, 0, 0, 0, -1, 0, 0, -2, 0, 0, 0, 0, 0, 0, 0, 0, -4, 0, 0, 4, 0, 0, 6, 0, 0, 0, 0, 0, 0, 0, 0, -8, 0, 0, 5, 0, 0, 0, 0, 0, 0, 0, 0, 0, 0, 0, -4, 0, 0, 0, 0, 0, -1, 0, 0, 0, 0, 0, 0, 0, 0, 0, 0, 0, 4, 0, 0, 10, 0, 0, 0, 0, 0, 0, 0, 0, 0, 0, 0, -1, 0, 0, -11, 0, 0, 0, 0, 0, 0, 0, 0, 2, 0, 0, -6, 0, 0, 0, 0, 0, 0, 0, 0, 0, 0, 0, 2, 0, 0, 0, 0, 0, 4, 0, 0, 0, 0, 0, 0, 0, 0, 0, 0, 0, 0, 0, 0, -10, 0, 0, 0, 0, 0, 0, 0, 0, 16, 0, 0, -12, 0, 0, 0, 0, 0, 0, 0, 0, 0, 0, 0, 22, 0, 0, -5]
[0, 0, 0, 0, 0, 0, 0, 0, 0, 0, 0, 0, 0, 0, 0, 0, 0, 0, 0, 0, 0, 0, 0, -1, 0, 0, 0, 0, -1, 1, 0, 0, 0, 1, 1, -1, 0, 0, -1, -1, -1, 2, 0, -2, 1, 1, 2, -3, 1, 2, -1, -2, -3, -1, -1, -2, 2, 3, -2, 0, 1, 4, -3, 0, 1, 2, -2, -6, -3, 1, 1, 0, 3, -2, 2, -3, 2, -2, 2, 0, 0, 2, -5, -8, -1, 4, 4, -1, -7, 8, -1, 0, -8, 7, 6, -5, -2, -4, -9, -8, -1, 9, 5, -14, 7, 7, 5, -14, 6, 14, 0, -9, -10, -2, -5, -8, 7, 12, -8, 0, 0, 14, -15, -4, 8, 5, -3, -22, -13, 6, -4, 0, 7, -2, 12, -8, 9, -4, 6, 0, -3, 5, -14, -26, -7, 6, 10, -4, -15, 21, 5, 0, -18, 24, 8, -15, -7, -4, -17, -19, -3, 28, 9, -36, 12, 14, 16, -35, 8, 26, -7, -24, -20, -9, -2, -20, 17, 29, -32, 0, 2, 38, -18, -4, 19, 14, -11, -42, -30, 6, -3, 0, 10, -14, 14, -16, 24, -11, 24, 0, -7, 12, -38, -54, -11, 18, 28, -3, -31, 48, -1]
[0, 0, 0, 0, 0, 0, 0, 0, 0, 0, 0, 0, 0, 0, 0, 0, 0, -1, 0, 0, 0, 0, -1, 0, 0, 0, 0, 1, 0, -1, 0, 0, -1, 0, -1, 0, 0, -2, 0, 1, 0, -2, 1, 0, -1, 0, -2, 0, 0, -2, 0, 2, -1, -3, 1, 0, -2, -1, -3, 0, 0, -4, -2, 3, -1, -5, 2, 0, -3, -1, -5, 0, 1, -6, -2, 5, -2, -4, 3, 0, -5, -2, -2, 0, 1, -10, -4, 4, -3, -8, 5, 0, -3, -3, -6, 0, 2, -6, -6, 8, -5, -9, 1, 0, -7, -5, -5, 0, 3, -14, -10, 9, -4, -13, 5, 0, -7, -2, -7, 0, 5, -14, -4, 13, -8, -15, 3, 0, -10, -6, -5, 0, 3, -20, -12, 15, -9, -19, 4, 0, -10, -5, -14, 0, 7, -20, -10, 17, -13, -21, 0, 0, -14, -7, -8, 0, 7, -30, -14, 19, -15, -28, 12, 0, -12, -5, -16, 0, 10, -26, -10, 24, -17, -29, 2, 0, -17, -12, -12, 0, 10, -38, -26, 23, -19, -35, 11, 0, -13, -6, -20, 0, 13, -32, -14, 25, -24, -43, 5, 0, -15, -12, -15, 0, 11, -40, -28, 39, -23, -48, 15]
[0, 0, 0, 0, 0, 0, 0, 0, 0, 0, 0, 0, 0, -1, 0, 0, 0, 1, 1, 0, -1, 0, 1, 1, 0, 0, 0, -1, -1, 0, 0, 0, -1, 0, 0, 0, 0, 1, -1, 0, 1, 0, 0, -2, 0, -1, 0, 1, 1, 0, -1, 0, 2, 2, 0, 1, 0, -1, -1, 0, 0, 0, -1, 1, 0, -1, 0, 0, 0, 0, 2, 0, 0, 2, 0, -1, 0, -4, -3, 0, 3, 0, -3, -2, 0, 1, 0, 3, 2, 0, -1, 0, 3, 1, 0, 0, 0, -4, 5, 0, -2, 0, 0, 4, 0, 3, 0, -4, -1, 0, 2, 0, -6, -5, 0, -2, 0, 3, -1, 0, -1, 0, 1, -3, 0, 4, 0, 2, 1, 0, -5, 0, 0, 0, 0, 2, 0, 3, 1, 0, 1, 0, 0, -2, 0, 0, 0, 1, 2, 0, 3, 0, 0, -1, 0, -2, 0, 3, -3, 0, -2, 0, -1, 6, 0, 0, 0, 1, -6, 0, 3, 0, -3, -4, 0, -2, 0, 0, 12, 0, 1, 0, 8, 1, 0, -3, 0, -6, -1, 0, -3, 0, -1, 2, 0, 3, 0, 2, 3, 0, -10, 0, 7, 2, 0, -8, 0, -8, -6, 0, -1]
[0, 0, 0, 0, 0, 0, 0, 0, 0, 0, 0, 0, 0, 0, -1, 0, 0, 0, 0, 0, 0, 0, 0, 0, 1, -1, -1, 0, 0, 0, 0, -2, 0, 0, -2, -1, 1, 0, 0, 0, 0, -2, 0, 0, -4, 1, -2, 0, 0, -2, -1, 2, 0, 0, 3, -3, -4, 0, 0, -2, 1, -6, 0, 0, -8, -4, 3, 0, 0, 2, -2, -8, 0, 0, -7, 3, -8, 0, 0, -8, -4, 6, 0, 0, 3, -4, -8, 0, 0, -10, 3, -8, 0, 0, -12, -7, 4, 0, 0, 8, -8, -14, 0, 0, -12, 3, -14, 0, 0, -14, -7, 6, 0, 0, 7, -8, -16, 0, 0, -22, 3, -18, 0, 0, -16, -10, 10, 0, 0, 12, -12, -22, 0, 0, -22, 5, -24, 0, 0, -24, -12, 12, 0, 0, 16, -13, -28, 0, 0, -34, 7, -32, 0, 0, -30, -13, 18, 0, 0, 16, -16, -34, 0, 0, -32, 9, -40, 0, 0, -42, -21, 24, 0, 0, 15, -16, -40, 0, 0, -46, 15, -36, 0, 0, -40, -16, 19, 0, 0, 28, -28, -42, 0, 0, -46, 8, -48, 0, 0, -54, -28, 18, 0, 0, 24, -28, -59, 0, 0, -54, 12]
[0, 0, 0, 0, 0, 0, 0, 0, -1, 0, 0, 0, 0, 1, 0, 0, 0, 0, 1, 0, 1, 0, 1, 1, 0, -1, 0, 1, -1, 0, 0, 0, -1, 0, 0, 0, -1, -1, -1, 0, -1, -1, 4, -6, 3, 0, 4, -1, 5, 3, -1, 2, -3, -3, -4, -1, -2, 4, -1, 2, 3, 7, -5, 15, 1, 5, 0, -6, 1, -10, -2, -4, 14, -2, 4, 7, 2, 0, 9, -2, -1, -11, -11, -12, -6, 4, 0, 25, -5, 14, 3, 4, -4, 8, 8, -4, -1, -2, -11, 4, -3, 10, 12, -6, 3, -8, 4, -22, 22, 7, 6, 6, -8, 2, -4, -12, 9, 9, -13, -2, 7, 10, -7, 37, 4, 5, -16, -18, -16, -24, 3, -2, 27, -6, 12, 38, 17, -12, 41, 4, 3, -32, 0, -30, -13, 4, 4, 65, -23, 19, 15, -2, -22, 28, 8, -18, -15, -3, -11, 10, -1, 31, 71, -24, 16, -12, 12, -33, 52, 34, -9, 12, -28, -3, -24, -24, 17, 30, -24, -2, 14, 36, -24, 95, 27, 7, -16, -54, -34, -69, -11, 6, 64, -20, 8, 61, 20, -3, 75, 0, -14, -66, -53, -50, -25, 33, 36, 126, -29, 42, 43]
[0, 0, 0, 0, 0, 0, 0, 0, 0, 0, 0, 0, 0, 0, 0, 0, 0, 1, 1, 0, 0, 0, 2, 1, 0, 1, 0, 1, 0, 0, 1, 0, 0, 1, 0, 0, 0, 0, 2, 0, 0, 0, 1, 2, 0, 0, 0, 5, 4, 0, 2, 0, 8, 4, 0, 5, 0, 6, 2, 0, 4, 0, 2, 5, 0, 1, 0, 0, 8, 0, 0, 0, 4, 10, 0, 1, 0, 10, 8, 0, 8, 0, 14, 6, 0, 10, 0, 15, 8, 0, 7, 0, 8, 10, 0, 4, 0, 2, 14, 0, 0, 0, 8, 20, 0, 5, 0, 16, 16, 0, 12, 0, 24, 11, 0, 14, 0, 24, 14, 0, 12, 0, 14, 15, 0, 6, 0, 10, 24, 0, 2, 0, 16, 28, 0, 10, 0, 31, 27, 0, 16, 0, 40, 26, 0, 21, 0, 35, 24, 0, 20, 0, 24, 27, 0, 10, 0, 20, 38, 0, 8, 0, 28, 42, 0, 14, 0, 45, 36, 0, 26, 0, 48, 34, 0, 26, 0, 47, 40, 0, 24, 0, 40, 41, 0, 21, 0, 30, 40, 0, 14, 0, 40, 52, 0, 21, 0, 54, 54, 0, 24, 0, 66, 46, 0, 30, 0, 56, 48, 0, 33]
[0, 0, 0, 0, 0, 0, 0, 0, 0, 0, 0, 0, 0, 0, 0, 0, 0, 0, 0, 0, 0, 1, 0, 0, 1, 0, -1, -1, -1, -1, 0, 0, 1, 1, 1, 0, 2, 0, 1, 0, -1, 0, -2, 1, 0, 4, -1, 0, -2, -4, -2, 0, 0, -1, 5, 1, 0, 3, 4, 0, 3, -2, -1, -6, -2, 0, 3, 3, -2, 10, -2, 0, 0, -2, -1, -5, -4, -2, 2, 0, 1, 18, 1, 3, 10, -2, -3, -12, -4, -8, -2, 0, 1, 7, -3, 3, 11, -4, 5, 0, 2, -9, -1, 4, -2, 19, -1, 9, -7, -4, -5, 0, 2, -2, 10, 1, -8, 12, 4, 0, 8, -10, -1, -24, -4, -11, 26, 2, -3, 40, -4, 0, -2, -2, -9, -13, -6, -4, -6, 0, 3, 44, -2, 12, 24, -12, -2, -28, 0, -11, 16, 0, 4, 24, -10, 3, 24, -4, 1, 0, 0, -18, -17, 9, -12, 38, -11, 6, -12, -22, -2, 0, 7, -9, 43, 10, -6, 29, 4, 0, 22, -22, 2, -46, -14, -16, 32, 24, 1, 97, -9, 0, -14, -14, -12, -30, -12, -11, 0, 0, -8, 94, 4, 12, 44, -24, -18, -78, 8, -24, 9]
[0, 0, 0, 0, 0, 0, 0, 0, 0, 0, 0, 0, 0, 0, 0, 0, 0, 0, 0, -1, -1, -1, 0, 0, -1, 0, -1, 1, 1, 0, 1, -1, -1, -1, -1, 0, 0, 0, -1, 1, -1, -1, 2, -1, -2, -4, -3, 0, 2, -1, 0, 1, 0, 1, -3, -2, -4, -3, -4, -6, -2, -3, 1, 6, -2, -1, -1, -3, 2, -5, -2, -6, 0, 2, -5, 6, -4, 2, -2, -9, -5, -13, -1, -3, -6, -3, -5, 12, 4, -6, 4, -10, -1, -7, -9, -9, -7, 4, -5, 8, -8, -6, 1, -4, -10, -14, -11, -9, 7, -7, -3, 9, -2, 2, -4, -10, -10, -12, -4, -18, -2, -6, 1, 24, -16, -3, -12, -2, 3, -34, -8, -24, 2, 2, -15, 21, -22, 4, 6, -23, -13, -33, 2, -12, -8, 1, -22, 28, 0, -11, -12, -31, -4, -24, -26, -21, -14, 4, -1, 14, -12, -17, 17, -9, -24, -32, -21, -6, 12, -18, -16, 21, -7, 9, -23, -32, -34, -29, -4, -36, -11, -24, -2, 46, -34, -5, -10, -24, -1, -68, -11, -48, 14, 14, -40, 43, -32, 11, 0, -45, -16, -64, -4, -12, -18, -11, -38, 78, -8, -30, 7]
[0, 0, 0, 0, 0, 0, 0, 0, 0, 0, 0, 0, 0, 0, 0, 0, 0, 0, 0, -1, -1, 0, 0, 0, 0, 0, -1, 0, 1, 0, 1, -1, -1, 1, -1, 0, 0, 0, -1, -2, -1, -1, 2, -1, -2, 1, -3, 0, 3, -1, 0, -1, 0, 1, 1, -2, -4, 3, -4, -6, -2, -3, 1, 1, -2, -1, -1, -3, 2, 2, -2, -6, 2, 2, -5, 1, -4, 2, 2, -9, -5, 1, -1, -3, -2, -3, -5, 4, 4, -6, 4, -10, -1, 9, -9, -9, -4, 4, -5, -4, -8, -6, 9, -4, -10, 6, -11, -9, 11, -7, -3, -6, -2, 2, -4, -10, -10, 16, -4, -18, 3, -6, 1, 7, -16, -3, 0, -2, 3, 0, -8, -24, 10, 2, -15, -4, -22, 4, 6, -23, -13, 4, 2, -12, -2, 1, -22, 3, 0, -11, 8, -31, -4, 24, -26, -21, -2, 4, -1, -11, -12, -17, 17, -9, -24, 18, -21, -6, 22, -18, -16, -15, -7, 9, -7, -32, -34, 29, -4, -36, 9, -24, -2, 9, -34, -5, -10, -24, -1, 9, -11, -48, 27, 14, -40, -2, -32, 11, 32, -45, -16, 6, -4, -12, -10, -11, -38, 25, -8, -30, 7]
[0, 0, 0, 0, 0, 0, 0, 0, 0, 0, 0, 0, 0, 0, 0, 0, 0, -1, 0, 0, 0, 0, -2, 0, -1, -1, -1, -1, 0, -2, 0, 0, 1, 1, 0, 1, 0, 0, 0, 0, 0, -2, 0, 1, -1, 2, -3, -2, -3, -6, -3, -4, -5, -4, -2, -2, -2, 0, 4, 0, 0, -6, 0, -2, -3, -3, -3, 9, -7, 2, -3, 0, 5, -10, -3, -6, -6, -10, 2, 0, -7, 2, -8, 5, -3, -16, -7, -10, -5, -16, -9, 0, 1, 6, -9, 4, -3, -2, 0, -12, 3, -18, 6, -2, -9, 7, -6, 7, -5, -18, -17, -12, -12, -11, -9, -5, -15, 4, -2, 0, -6, -24, 0, -10, -12, -22, -3, 14, -14, 0, -2, 0, 7, -28, -21, -10, -15, -31, 0, 0, -10, 2, -28, 12, -9, -39, -12, -18, -9, -32, -11, 0, -2, 21, -18, 8, -21, -20, -20, -32, -5, -46, 0, 3, -24, 12, -27, -4, -4, -48, -21, -36, -21, -34, -3, 4, -23, 11, -4, 0, -10, -60, -20, -18, -33, -51, -21, 36, -9, 14, -20, 0, 0, -52, -26, -30, -36, -54, 2, 0, -25, 12, -24, 20, -17, -72, -46, -50, -9, -72, -18]
[0, 0, 0, 0, 0, 0, 0, 0, 0, 0, 0, 0, 0, 0, 0, 0, 0, -1, 0, 0, 1, 0, -1, 0, 0, 0, 0, 0, -1, 0, -2, 0, 0, 0, 0, 1, -1, 2, -1, 0, 1, -1, 1, -4, 3, -2, 4, -4, 0, 3, -1, 2, -7, -1, -4, -5, -2, -5, -1, 2, -3, 7, -1, 6, 1, 4, 0, 0, -3, -10, 4, -4, 5, -6, 4, 5, 2, -4, -3, -2, -4, -11, -11, -8, -6, -3, 0, 4, -3, 14, -4, 4, 0, -9, 8, -3, -1, 6, -11, 4, 1, 10, 2, -16, 3, -14, 4, -20, -2, 7, -2, 6, -18, 3, -4, -16, 9, -22, -3, -2, -8, 10, -7, 16, 4, 17, -16, -8, -21, -24, 3, -2, 3, -4, 12, 19, 17, -7, 2, 4, -1, -32, -28, -28, -13, -9, 4, 16, -11, 19, -15, -2, -18, -23, 8, -11, -15, 6, -23, 10, 5, 31, 17, -36, 16, -31, 12, -44, -2, 34, -9, 12, -36, -7, -24, -28, 17, -36, -24, -2, -18, 36, -12, 34, 27, 10, -16, -36, -22, -69, 5, 6, 5, -16, 8, 28, 20, -21, -11, 0, -15, -66, -53, -44, -25, 29, 36, 42, -23, 42, -2]
[0, 0, 0, 0, 0, 0, 0, 0, 0, 0, 0, 0, 0, 0, 0, -1, 0, 0, -1, 0, 0, 0, 0, 0, -1, 0, -1, -2, -1, -1, -1, 0, 1, -1, 1, 0, 0, 0, 1, -1, -1, 0, -5, 1, 0, -1, -1, 0, -6, -4, -2, -6, 0, -1, -3, 1, 0, -3, 4, 0, -3, -2, -1, -15, -2, 0, -5, 3, -2, 3, -2, 0, -12, -2, -1, -16, -4, -2, -8, 0, 1, 4, 1, 3, -4, -2, -3, -28, -4, -8, -17, 0, 1, -9, -3, 3, -5, -4, 5, -20, 2, -9, -21, 4, -2, -1, -1, 9, -31, -4, -5, -21, 2, -2, -14, 1, -8, -16, 4, 0, -18, -10, -1, -49, -4, -11, -6, 2, -3, 6, -4, 0, -34, -2, -9, -49, -6, -4, -45, 0, 3, 7, -2, 12, -16, -12, -2, -69, 0, -11, -30, 0, 4, -24, -10, 3, -28, -4, 1, -51, 0, -18, -71, 9, -12, -12, -11, 6, -64, -22, -2, -60, 7, -9, -5, 10, -6, -29, 4, 0, -48, -22, 2, -111, -14, -16, -32, 24, 1, 20, -9, 0, -78, -14, -12, -97, -12, -11, -80, 0, -8, 24, 4, 12, -28, -24, -18, -159, 8, -24, -76]
[0, 0, 0, 0, 0, 0, 0, 0, 0, 0, 0, 0, 0, 0, 0, 0, 0, -1, 0, 0, 0, 0, -2, 0, -1, 0, 0, 0, 0, -1, 0, -2, 1, -1, 0, -1, -1, 0, 0, 1, 1, 3, 0, 1, -1, 1, -2, -2, -4, -1, -4, -6, -5, -4, -2, -4, 2, -6, 4, -4, 1, 1, 0, 3, -1, 0, -4, 9, -7, 3, 0, -4, 3, -10, -4, -3, -6, -10, -2, -6, -8, 1, -8, 5, -2, -7, 2, -2, -5, 0, -8, -12, 1, -10, -2, -4, -2, -2, 0, -12, 7, 7, -2, -2, -7, -1, -8, 7, -9, 7, -14, -15, -12, -11, -8, -13, -7, -24, -2, -20, -9, 6, 0, 7, -4, -6, -4, 14, -14, 6, 0, -20, -1, -28, -6, 3, -5, -31, 0, -28, -6, 7, -28, 12, -9, -17, -12, 7, -9, 16, -18, -30, -2, -27, -16, -6, -23, -20, -20, -39, -4, 9, 0, 3, -8, -11, -2, -4, -14, 18, -20, -36, -21, -34, 2, -12, -9, -47, -4, -44, -17, 10, -20, 19, -23, -16, -20, 36, -9, 17, -8, -48, -13, -52, -24, -13, -20, -54, -30, -54, -17, 24, -24, 20, -13, -29, -16, 3, -9, 24, -20]
[0, 0, 0, 0, 0, 0, 0, 0, 0, 0, 0, 0, 0, 0, 0, 1, -1, 0, 0, -1, -1, 0, 0, 0, 2, 0, 1, 1, 1, -1, 0, -1, -1, -1, -1, -1, 0, 0, -1, 1, 0, 0, 2, -1, -2, 1, -3, 0, 2, 0, -2, 7, 0, 1, 7, -1, -2, -3, -4, -8, 0, -4, 1, 6, -1, -4, 5, -3, 2, -1, -2, -2, 0, 2, -7, 15, -4, 2, -2, -7, -7, 0, -1, -3, 10, 0, -5, 12, 4, -4, 14, -14, -1, -7, -9, -10, 8, 4, -5, 28, -8, -1, 1, -4, -12, -5, -15, -9, 7, -10, -3, 27, -2, 2, 22, -10, -6, -12, -4, -16, 12, -10, 1, 24, -16, -1, 18, -2, 3, 6, -4, -22, 2, 2, -15, 35, -20, 4, 6, -27, -17, 3, 2, -12, 29, -4, -22, 28, 0, -17, 16, -29, -4, -24, -22, -22, 46, 4, -1, 68, -15, -18, 17, -9, -28, -8, -21, -6, 12, -10, -14, 81, -7, 9, 17, -32, -36, -29, -4, -34, 29, -18, -2, 46, -38, -4, 56, -24, -1, 10, -11, -54, 14, 14, -36, 69, -36, 11, 0, -45, -12, 0, -4, -12, 46, -10, -38, 78, -8, -24, 43]
[0, 0, 0, 0, 0, 0, 0, 0, -1, 0, 0, 0, 1, 1, 1, -1, 0, 1, -1, -1, -1, 1, 1, 1, 1, 0, 0, 0, 1, -1, 0, 1, -1, 0, 0, 0, 1, 1, 1, 0, 0, -1, 2, -6, 1, 4, -3, -1, 0, -1, -1, 5, 3, 4, 7, 2, -2, 5, -1, -4, -2, -1, 1, -8, 5, 6, 6, -6, 3, 6, -5, 2, -6, 12, 0, 5, 2, 12, 9, -1, 0, 7, -9, -12, 10, 4, -1, -19, 5, -4, 7, -2, 4, 15, -3, -4, 10, 20, -1, 16, 3, -1, -6, -6, -5, 12, -2, -22, -7, -7, 6, 18, 4, 23, 18, -13, -1, 19, 3, 4, 17, -2, 7, -16, -8, 6, 25, -18, 6, 16, 5, -2, -3, 22, -5, -2, -7, 23, -25, 1, 1, 24, 28, -30, 29, 25, -4, -32, -1, 2, 17, 1, 6, 35, -4, -24, 39, 43, 23, 43, 4, -11, -7, -24, -4, 34, 3, -33, 2, -2, -7, 45, -4, 62, 28, -30, -11, 42, 8, 10, 22, -26, 12, -68, -13, 18, 46, -54, 2, 52, 11, -6, 17, 68, -8, -17, -8, 84, 11, 9, 8, 46, -13, -50, 49, 23, -7, -53, 5, -24, 9]
[0, 0, 0, 0, -1, 0, 0, 0, 1, 0, 0, 1, 0, -1, 0, 0, 0, -1, -1, 0, 0, 0, 0, 0, -1, -1, -1, 0, 0, 1, -1, 0, -1, 1, 0, 1, 0, 1, -2, 0, -1, -16, -1, 2, 0, -11, 1, 2, 3, -4, 7, -1, -2, 1, -10, 4, -8, -4, -6, 1, -10, -2, 2, -4, -4, -1, -3, 0, 6, -17, 5, 14, -7, -4, -7, 7, 0, -2, -10, 10, 0, -16, 10, 4, -15, -23, -19, -2, 8, -10, -4, 10, 2, -12, -17, 0, -12, -4, -6, 7, -17, -45, -2, 2, -8, -29, -2, 0, -2, -40, -13, 6, -2, -5, -5, 14, -6, -13, 0, 16, -13, -40, 2, 4, -16, -5, -27, 16, 3, -66, -12, 21, -14, 6, 3, -8, -20, 9, -23, 22, -10, -67, -12, 4, -28, -39, 0, -16, 14, -69, -27, 22, -8, -31, 6, 26, -30, -9, -10, 16, -9, -62, -20, 12, -22, -53, -35, 22, -14, -100, 29, 12, 2, -17, -75, 26, -44, -31, 0, 49, -47, -94, 12, -16, -8, -55, -45, 0, 14, -138, -6, 40, -17, -4, -50, 7, -23, -29, -32, 60, -27, -150, 18, 28, -60, -26, -58, 8, 4, -150, -43]
[0, 0, 0, 0, 0, 0, 0, 0, 0, 0, 1, -1, 0, 0, 0, 0, -1, 0, 0, 0, 0, 0, 1, 2, -1, -1, -1, -1, 0, 0, 0, 0, 1, 0, -1, 0, 1, 0, 0, -1, -2, 0, -1, 4, -3, 1, -1, 6, 1, -4, -1, -5, 1, -2, -1, 1, 0, 0, 7, -5, 1, -4, 2, -1, -8, -2, -5, 12, 7, 6, 0, -6, 1, -4, -9, -9, -6, -4, -3, -6, 2, 12, 10, 16, 2, -2, -11, 2, 7, -10, -5, -18, 11, -2, -7, 7, -4, -8, 14, -23, 1, -14, -1, 28, -5, 9, -11, 28, -3, -4, 1, -27, 12, -4, -12, 10, -25, -4, 7, -12, -6, -14, 20, -1, -16, -16, 4, 44, 14, 24, -1, -17, -3, -4, -21, -18, -23, -8, 0, -30, -2, 24, 14, 52, -10, -19, -18, -1, 21, -24, 1, -18, 22, 0, -26, 13, -13, -8, 14, -55, 1, -24, -4, 72, -40, 11, -31, 70, -4, -38, -1, -60, 33, -18, 7, 16, -23, 0, 44, -45, -7, -20, 26, -1, -35, -18, -22, 84, 37, 54, -8, -52, -8, -28, -32, -34, -44, -22, -5, -60, -9, 54, 51, 108, -19, -34, -38, -19, 51, -30, -19]
[0, 0, 0, 0, 0, 0, 0, 0, 0, 0, 0, 0, 0, 0, 0, 1, 0, -1, 1, -1, 0, -1, -2, 0, -1, -1, -1, 2, 0, 1, 0, -1, 1, -1, 0, 1, 0, 0, 0, 0, 1, 1, 3, 1, -1, -3, -1, -2, -1, 1, -3, -1, -5, -4, -4, -3, -2, -6, 4, -6, 2, 1, 0, 17, -1, 0, -3, 9, -7, -4, -1, -6, 13, -10, -3, 8, -2, -10, 4, -9, -4, -11, -8, 5, -7, -9, -1, 22, -5, 2, -2, -10, 1, -10, -3, -2, -9, -2, 0, 0, 3, 3, 10, -2, -3, -12, -6, 7, 11, 7, -11, 0, -12, -11, -9, -14, -3, -24, -2, -18, 1, 8, 0, 49, -8, -4, -15, 14, -14, -28, -2, -24, 23, -28, -3, 44, -13, -31, 39, -23, -10, -28, -28, 12, -15, -14, -12, 73, -9, 10, -15, -31, -2, -27, -18, -10, -21, -20, -20, -5, 4, 11, 54, 3, -12, -32, -5, -4, 28, 8, -21, -3, -21, -34, -25, -18, -17, -47, -4, -36, -6, 14, -20, 121, -15, -12, -21, 36, -9, -62, -4, -48, 38, -52, -26, 60, -8, -54, 18, -45, -13, -52, -24, 20, -29, -23, -10, 137, -9, 18, 27]
[0, 0, 0, 0, 0, 0, 0, 0, 0, 0, -1, 0, 1, -1, 1, -1, 1, 2, 0, 0, -1, 1, 0, -1, -1, 0, -1, 0, 0, -1, 0, 2, 0, 1, 0, 1, 1, 1, 0, 0, 0, -3, 0, -1, 2, 1, -2, -3, -3, -3, 1, 0, 4, 4, 1, 1, -2, 5, 0, 4, -1, -1, 0, -11, 5, 3, 3, -3, -8, 6, -2, 4, -6, 8, 5, -7, 4, -2, 8, 6, 7, 5, -8, -5, 1, -4, 0, -25, -4, -8, -2, 12, -4, 21, 0, 6, 4, 2, 8, -4, 6, -9, 0, -10, 0, 18, 8, -5, -5, -11, -1, 0, -8, -2, 1, 1, -2, 35, 0, 20, 5, -6, -8, -31, 0, 0, 10, -20, 4, 4, -8, 20, 4, 0, -2, -25, 4, 6, -16, 28, 2, 16, 0, -14, 7, 9, 8, -47, -4, -2, 1, 30, 8, 50, 10, 2, 0, 15, 0, -6, 2, -21, -24, -27, 12, 37, 8, -29, -10, -18, -3, -12, -4, 16, 13, 6, 8, 59, 0, 44, 8, -46, 0, -83, 6, -19, 1, -18, -12, 36, 8, 48, 5, 26, 14, -55, 4, 34, 16, 54, 0, 34, 0, -42, 14, -23, 3, -98, -20, -48, -18]
[0, 0, 0, 0, 0, 0, 0, 1, -1, 0, 0, 0, -1, 1, 1, 1, 0, -1, 1, -1, -1, 1, 1, 0, 1, 0, 0, 0, 0, 0, 0, 1, 2, 2, 1, 0, 0, 1, 0, -1, 0, 0, 8, -9, 5, 4, 3, -2, 8, 4, 2, 5, -9, -2, 2, -3, -2, 5, -7, -2, 2, 10, -6, 20, 7, 9, 4, -5, 1, -3, 0, -2, 20, -4, 6, 13, 6, 0, 7, -3, -6, -2, -18, -7, 3, -1, 3, 27, 3, 18, 8, 2, -3, 17, 11, 3, 7, 12, -22, 12, 5, 18, 27, -9, 5, 7, 7, -41, 32, 14, 2, 15, -18, 9, 9, -16, 15, 19, -1, 2, 15, 22, 4, 33, 4, 18, 6, -13, -17, -2, 21, -4, 47, -6, 19, 45, 19, -11, 51, 5, 4, -3, -18, -54, 9, 8, 10, 61, -13, 42, 42, -1, -34, 53, 12, -29, 17, 11, -18, 34, 3, 48, 90, -47, 24, 26, 31, -34, 66, 58, -14, 33, -37, 8, 2, -57, 23, 52, -28, 8, 39, 48, -6, 121, 33, 21, 19, -54, -29, -11, 8, 0, 95, -8, 14, 100, 36, -2, 107, 9, 2, -8, -67, -40, 13, 48, 57, 137, -45, 66, 78]
[0, 0, 0, 0, 0, 0, 0, 0, 0, 1, -1, 0, 0, 0, 0, 0, -1, 1, 0, -1, 1, 0, 0, -1, -2, -1, 1, 0, 0, 0, 1, -1, 2, -2, 0, 0, 1, 0, 0, -1, 0, 1, -2, 3, 2, -3, 3, -1, -4, 5, -3, -7, 0, -1, -6, -1, -2, -3, 6, -6, 2, 7, 0, -1, 1, 2, -5, 3, -4, 8, 1, -6, -2, 0, -1, -11, 0, -4, -4, -9, 3, 3, 0, 5, -7, 9, -1, -3, -6, 18, -10, -10, -4, -7, 5, -3, -5, -6, 8, -20, 2, 18, -8, 0, -2, 2, -6, 13, -8, 11, 5, -21, 0, -3, -11, -6, 10, -16, 0, -18, -6, 14, -4, -9, -4, 13, -1, 0, 4, 3, 0, -24, -8, -6, 9, -17, 6, -9, 0, -23, -2, 12, 0, 14, -3, 6, -8, -5, 0, 23, -21, -31, 12, -21, -6, -13, -28, 0, 0, -56, 8, 41, -20, 3, 0, -8, 7, 5, -24, 50, -5, -63, 12, -7, 7, -10, -2, -28, 0, -36, -38, 56, 0, -5, 8, 14, -35, 30, -4, 17, 8, -48, -34, -18, -14, -40, 8, -1, -32, -45, 6, 45, 6, 10, -30, 33, 26, -28, 6, 66, -34]
[0, 0, 0, 1, 0, 1, 0, 1, -1, 0, -1, -1, -1, -1, 0, 0, -1, 1, 0, 0, 1, 1, 1, 0, 1, -1, -1, 1, -1, 1, 0, 0, 0, -1, 0, -1, -1, 1, -1, -1, 1, -2, 15, -12, 10, -3, 17, -4, 23, 10, 2, 7, -4, 1, -10, -11, -6, -4, -11, 3, -12, 28, -9, 31, -3, 13, 1, -8, -10, -26, 5, -22, 9, 0, 9, 24, 4, -10, -17, -14, 5, -16, -31, -14, -9, 9, -7, 67, -2, 54, 24, -2, -7, 4, 31, 0, 6, 4, -15, 5, 0, 35, 44, -15, 14, -19, 10, -50, 74, 38, 13, 9, -36, -11, -9, -30, 18, -1, -9, -20, -19, 40, -7, 100, 8, 52, -31, -31, -22, -32, 3, -25, 62, -26, 39, 54, 54, -21, 46, -14, 5, -62, -32, -70, -29, 15, 8, 105, -28, 73, 50, -26, -40, -1, 14, -52, -28, -1, -35, 17, -4, 128, 137, -68, 36, -39, 33, -62, 94, 124, -24, 24, -61, -9, -43, -87, 62, -17, -28, -53, 28, 162, -24, 230, 92, 39, -33, -78, -55, -139, 1, -28, 121, -12, 14, 207, 60, -9, 115, -60, -31, -128, -75, -80, -58, 106, 134, 376, -94, 186, 64]
[0, 1, 0, 1, 0, 0, 0, 0, 0, -1, 0, -1, -1, 0, -1, 0, 1, -1, -2, 0, -1, 0, 0, 0, -2, 1, -1, 0, -1, -1, 0, 0, -2, 1, 1, 0, -1, 0, -1, 0, 0, -7, 8, -5, 15, -1, -2, -2, 23, -2, 14, 7, -3, 0, 6, -8, -16, 0, -8, 1, -10, 3, -3, 14, -18, 10, -3, -9, 1, -23, -15, -18, 1, -2, -33, 18, 6, 2, -22, -12, -28, -14, -5, -13, -30, -1, 6, 52, -1, 10, 10, -6, -4, -2, 28, -8, 9, 2, -17, 9, 5, 15, 37, -14, 55, -33, -7, -27, 63, 5, 39, 12, -10, 1, 24, -17, -47, 0, -8, -18, 1, 19, -11, 76, -48, -6, -47, -22, -17, -54, -42, -23, 31, 4, -100, 24, 29, 5, 12, -18, -65, -83, -14, -40, -82, -11, 18, 49, -15, 8, 6, -24, -30, -3, 42, -34, -3, -4, -17, 26, 26, -35, 89, -39, 112, -25, -38, -40, 76, 7, 52, 36, -32, -2, 3, -56, -47, -1, -32, -51, 68, -24, -18, 132, -71, 42, -54, -72, -26, -111, -43, -34, 66, 4, -164, 159, -28, -10, 72, -60, -129, -120, -44, -64, -121, 43, 69, 278, -37, 48, -9]
[0, 0, 0, 0, 0, -1, 0, -1, 1, 0, 0, 1, 1, 0, 0, 0, 1, 0, -2, -1, 0, -1, 0, 0, 0, 1, 1, 1, -1, 1, 1, -1, -1, -2, -1, 2, -1, 0, -1, -1, 0, 1, -8, 8, -5, -5, -9, 2, -4, 1, -2, 0, 3, 0, 5, 7, 0, -6, 8, -5, -5, -11, 5, -14, 6, -7, 1, 2, 7, 6, 0, 8, -16, 0, -3, 2, 2, 4, -10, 1, 1, -7, 23, 4, -2, 1, 9, -15, -3, -16, 0, 0, 2, -28, -15, -9, -9, -12, 11, 11, -7, -3, -27, 5, -9, -16, -7, 32, -25, -13, -1, 9, 20, 4, 6, 11, 5, -40, 0, -2, 2, -2, -7, -9, -4, -13, 2, 11, 10, -16, -12, -3, -47, 24, -9, -18, -27, 20, -44, -1, -3, 0, 18, 42, 10, 6, -10, -33, 15, -14, -34, -9, 22, -72, -6, 19, 17, 0, 15, 24, 8, -37, -67, 38, -4, -41, -3, 28, -54, -26, 22, 21, 38, -4, -9, 43, -39, -70, 8, 13, -33, -54, 14, -75, -39, -3, 12, 30, 24, -4, 9, -8, -87, 0, -12, -45, -16, 0, -104, 15, 18, -10, 44, 28, 15, -21, -54, -59, 57, -60, -39]
[0, 0, 0, 0, -1, 0, -1, 0, 0, 0, 0, 1, 0, 0, 1, 2, 1, 0, 1, 1, 0, 0, 1, 1, 1, 1, 0, 2, 0, 0, 0, -1, -1, 0, 1, -2, 1, 2, 0, -1, 0, -10, 4, -3, 3, -11, 1, 1, 6, -2, 6, 10, 1, 4, -3, 4, 0, -2, -3, 3, -5, 8, 2, 17, 4, 12, 4, -3, 7, -16, 6, 16, 9, 6, -2, 31, 2, 8, 3, 13, 2, -26, 2, -5, -7, -8, -3, 31, 9, 4, 8, 8, 7, -6, -3, -4, -11, 12, -2, 39, 2, -16, 11, 0, -3, -29, 7, -13, 21, -12, -4, 33, 4, 16, 17, 4, 3, -10, 7, 14, 22, -4, 8, 55, 4, 16, -14, 0, 6, -84, 1, 25, 21, 26, 25, 62, 11, 28, 35, 17, 16, -80, 14, -14, 0, 9, 18, 79, 13, 4, 7, 23, 2, -20, 28, 14, 23, 30, 14, 104, 3, -2, 62, -3, 22, -61, 17, -5, 46, -16, 38, 111, 5, 36, -74, 18, 3, -18, 12, 41, 2, -36, 26, 121, 19, -2, 11, -30, 17, -168, 24, 40, 59, 50, -18, 115, 9, 44, 43, 51, -3, -156, 9, -10, -21, 44, -3, 176, 17, -48, 54]
[0, 0, -1, 1, -1, 0, -1, 1, -1, 0, 0, 0, 1, 1, 2, 1, 0, 1, -3, 0, 0, 0, 1, 1, 0, 2, -1, 0, -1, -1, 0, 0, 1, 0, 0, -1, 1, -1, -1, 1, 1, -13, 15, -22, 7, -15, 5, -17, 26, -1, 1, 16, -15, 4, -9, -19, -6, 7, -5, -2, -19, 17, -5, 26, 3, 18, 5, 10, -7, -31, 5, 4, 6, 14, -3, 59, 2, 20, -9, 2, -9, -43, -33, -26, -11, 8, -15, 24, -15, 18, 27, -4, 4, 1, 3, -7, -10, 0, -26, 52, -4, -11, 40, -61, -7, -46, 2, -100, 53, -9, -13, 51, -32, 23, 15, -76, -5, 13, 3, 2, 1, 0, -9, 111, -12, 20, -29, -9, -24, -126, -9, 2, 63, 52, 23, 94, 15, 51, 10, -4, 7, -133, -32, -128, -13, 31, 4, 48, 13, 20, 27, 2, -50, 7, 14, -51, 7, 29, -27, 137, 15, 25, 132, -152, 10, -92, 13, -179, 114, 12, -32, 156, -92, 54, -103, -139, 3, 36, -58, 2, 14, -10, 8, 173, 25, 12, 3, -120, -82, -277, 9, -6, 127, 74, -42, 237, -3, 84, 107, 0, -76, -258, -153, -142, -49, 111, 24, 326, -123, -18, 64]
