64 3 7 72 71
[1, 0, 0, 0, -4, 0, 0, 0, 5, 0, 1, 0, 2, 0, -3, 0, -4, 0, 1, 0, 2, 0, 1, 0, 0, 0, 4, 0, 0, 0, 0, 0, 0, 0, 5, 0, 7, 0, 1, 0, 2, 0, 4, 0, 4, 0, 4, 0, -4, 0, 1, 0, 2, 0, -1, 0, 0, 0, -1, 0, -5, 0, 4, 0, 2, 0, 4, 0, -1, 0, -1, 0, -2, 0, 1, 0, -4, 0, -4, 0, 3068, 0, 863, 0, -3891, 0, 1724, 0, -8805, 0, -5319, 0, 12822, 0, -7488, 0, 7069, 0, 13370, 0, -9009, 0, 14317, 0, 313, 0, -12012, 0, -8561, 0, -11020, 0, -10478, 0, -14413, 0, 14034, 0, -9591, 0, 35651, 0, 45365, 0, -20146, 0, 43953, 0, -34262, 0, -36427, 0, 27756, 0, -68479, 0, -17414, 0, -3756, 0, -3103, 0, 30112, 0, 34396, 0, 40983, 0, -8920, 0, 62820, 0, -22888, 0, -63923, 0, 13532, 0, -97330, 0, 34449, 0, 30996, 0, -53124, 0, 60651, 0, -6853, 0, 35808, 0, 26636, 0, -19924, 0, -17754, 0, -45719, 0, 35125, 0, -55677, 0, 9472, 0, 51566, 0, -23372, 0, 95907, 0, -33435, 0, -51929, 0, 7404, 0, -36506, 0, 40909, 0, -34277, 0, 12340, 0, 23152, 0, -31044, 0, 85712]
[0, 0, 0, 0, 0, 0, 0, 0, 0, 0, 0, 1, 0, 0, 0, -1, 0, -1, 0, 0, 0, 0, 0, 0, 0, 0, 0, 0, 0, 1, 0, -1, 0, 0, 0, 0, 0, 1, 0, 0, 0, 0, 0, 0, 0, 0, 0, 0, 0, -1, 0, 1, 0, 0, 0, -1, 0, 0, 0, 0, 0, 0, 0, -1, 0, 0, 0, -2, 0, -1, 0, -1, 0, 1, 0, 0, 0, 0, 0, -1, 0, -3, 0, -17, 0, -59, 0, 72, 0, 75, 0, -31, 0, 38, 0, -121, 0, -58, 0, 72, 0, 63, 0, 71, 0, -135, 0, 39, 0, -44, 0, 20, 0, 41, 0, -114, 0, 148, 0, -217, 0, 101, 0, -46, 0, -164, 0, 407, 0, 99, 0, 206, 0, -280, 0, -203, 0, -153, 0, -79, 0, 226, 0, -197, 0, 193, 0, -357, 0, 180, 0, 220, 0, 29, 0, 443, 0, -48, 0, 109, 0, -603, 0, 44, 0, -207, 0, -100, 0, 129, 0, -252, 0, 440, 0, -650, 0, 394, 0, 169, 0, 119, 0, 533, 0, -22, 0, -70, 0, -868, 0, 371, 0, -196, 0, 208, 0, 37, 0, -216, 0, 263, 0, -616, 0, 224, 0, -88, 0, 340, 0]
[0, 0, 0, 0, 0, 0, 0, 0, 0, 0, 0, 0, 0, 0, 0, 0, 0, 0, 0, 0, 0, 0, 0, 0, 0, 0, 0, 0, 1, 0, 1, 0, 0, 0, 0, 0, 0, 0, 0, 0, -1, 0, 0, 0, -1, 0, -1, 0, 1, 0, 0, 0, 1, 0, -1, 0, -1, 0, 1, 0, -1, 0, -1, 0, 1, 0, 2, 0, 1, 0, 0, 0, 0, 0, 0, 0, -1, 0, 0, 0, 607, 0, 193, 0, -850, 0, 363, 0, -1878, 0, -1238, 0, 2942, 0, -1721, 0, 1580, 0, 3133, 0, -2198, 0, 3418, 0, -46, 0, -2740, 0, -2092, 0, -2752, 0, -1975, 0, -3532, 0, 3473, 0, -2125, 0, 7955, 0, 10516, 0, -4706, 0, 10355, 0, -8213, 0, -8116, 0, 6192, 0, -16124, 0, -3883, 0, -1268, 0, 17, 0, 7095, 0, 7945, 0, 9622, 0, -2402, 0, 14115, 0, -5342, 0, -14337, 0, 2598, 0, -22050, 0, 8090, 0, 6586, 0, -11961, 0, 14312, 0, -1153, 0, 8414, 0, 5893, 0, -5371, 0, -4355, 0, -10991, 0, 8085, 0, -11848, 0, 2013, 0, 11952, 0, -4983, 0, 21506, 0, -7967, 0, -11232, 0, 2275, 0, -9016, 0, 9021, 0, -8350, 0, 2364, 0, 5903, 0, -7180, 0, 20781]
[0, 0, 0, 0, 0, 0, 0, 0, 0, 0, 0, 0, 0, -1, 0, 1, 0, 1, 0, 0, 0, 0, 0, -1, 0, -1, 0, -1, 0, 1, 0, 0, 0, 1, 0, 1, 0, -1, 0, 0, 0, 1, 0, 0, 0, 0, 0, -1, 0, 0, 0, 0, 0, -1, 0, 0, 0, 1, 0, -1, 0, 0, 0, -1, 0, 0, 0, -1, 0, 0, 0, -1, 0, -1, 0, 0, 0, 0, 0, 1, 0, -90, 0, 12, 0, 82, 0, 110, 0, 220, 0, -17, 0, -133, 0, -365, 0, -143, 0, -127, 0, -115, 0, 424, 0, -125, 0, 406, 0, 199, 0, 215, 0, 367, 0, -261, 0, 364, 0, -1231, 0, -486, 0, -594, 0, -381, 0, 1039, 0, 4, 0, 1491, 0, -591, 0, 403, 0, 362, 0, -815, 0, 850, 0, -962, 0, 663, 0, -1469, 0, -158, 0, 370, 0, -665, 0, 1659, 0, -478, 0, 309, 0, -1403, 0, 232, 0, 134, 0, -58, 0, 1486, 0, 84, 0, 1118, 0, -1004, 0, 448, 0, -918, 0, 129, 0, -375, 0, -707, 0, -231, 0, -2782, 0, 1738, 0, -675, 0, 1747, 0, 1035, 0, 986, 0, 1013, 0, -1956, 0, 1526, 0, -1799, 0, 1564, 0]
[0, 0, 0, 0, 0, 0, 0, 0, 0, 0, 0, 0, 0, 0, 0, 0, 0, 0, 0, 0, 0, 0, 0, 0, 0, 0, 0, 0, 0, -1, 0, 0, 0, 1, 0, -1, 0, 1, 0, 1, 0, -1, 0, 0, 0, 0, 0, 0, 0, 0, 0, 0, 0, -1, 0, -1, 0, -1, 0, 1, 0, 0, 0, 0, 0, -1, 0, 0, 0, 2, 0, -2, 0, 1, 0, 0, 0, 1, 0, 0, 0, 38, 0, 6, 0, -21, 0, -47, 0, -116, 0, 2, 0, 36, 0, 155, 0, 74, 0, 17, 0, 47, 0, -179, 0, 95, 0, -136, 0, -77, 0, -60, 0, -177, 0, 131, 0, -194, 0, 480, 0, 163, 0, 210, 0, 214, 0, -495, 0, -6, 0, -610, 0, 286, 0, -69, 0, -102, 0, 330, 0, -382, 0, 399, 0, -308, 0, 649, 0, -10, 0, -195, 0, 237, 0, -740, 0, 198, 0, -181, 0, 685, 0, -134, 0, 60, 0, 52, 0, -576, 0, 86, 0, -568, 0, 591, 0, -294, 0, 316, 0, -126, 0, -31, 0, 255, 0, 16, 0, 1270, 0, -766, 0, 340, 0, -681, 0, -350, 0, -294, 0, -423, 0, 900, 0, -638, 0, 736, 0, -722, 0]
[0, 0, 0, 0, 0, 0, 0, 0, 0, 0, 0, 0, -1, 0, 0, 0, 0, 0, 1, 0, 1, 0, 0, 0, 1, 0, 0, 0, 0, 0, -1, 0, -1, 0, -1, 0, -1, 0, -1, 0, 1, 0, -1, 0, 0, 0, 0, 0, -1, 0, 1, 0, 0, 0, 1, 0, 1, 0, -1, 0, 0, 0, 1, 0, -1, 0, 0, 0, 1, 0, 0, 0, 0, 0, 0, 0, 1, 0, -1, 0, -3, 0, -3, 0, -2, 0, -1, 0, -2, 0, -2, 0, -2, 0, 3, 0, -1, 0, 4, 0, 4, 0, 4, 0, -3, 0, 1, 0, -2, 0, -1, 0, 1, 0, -5, 0, 0, 0, -5, 0, -5, 0, 1, 0, -4, 0, -8, 0, 2, 0, -1, 0, -3, 0, -2, 0, 0, 0, -5, 0, 4, 0, 2, 0, 5, 0, -3, 0, -5, 0, 1, 0, -3, 0, 2, 0, 0, 0, -2, 0, 7, 0, -4, 0, -4, 0, -8, 0, 0, 0, 2, 0, 0, 0, -4, 0, -2, 0, 1, 0, -6, 0, -1, 0, 1, 0, -2, 0, 4, 0, 9, 0, -10, 0, -3, 0, -8, 0, -3, 0, -6, 0, 4, 0, -10, 0, -10, 0, 0, 0, 2]
[0, 0, 0, 0, 0, 0, 0, 0, 0, 0, 0, 0, -1, 0, 0, 0, 1, 0, 0, 0, 1, 0, 1, 0, 0, 0, 0, 0, -1, 0, 0, 0, -1, 0, -1, 0, 1, 0, -1, 0, 1, 0, 0, 0, 0, 0, 0, 0, 0, 0, 1, 0, 0, 0, 1, 0, 1, 0, 0, 0, -1, 0, 0, 0, 0, 0, 0, 0, 1, 0, 0, 0, 1, 0, 1, 0, 0, 0, 2, 0, -51, 0, -6, 0, 95, 0, -37, 0, 163, 0, 111, 0, -320, 0, 154, 0, -158, 0, -318, 0, 263, 0, -330, 0, 37, 0, 297, 0, 230, 0, 332, 0, 158, 0, 329, 0, -434, 0, 170, 0, -812, 0, -1068, 0, 538, 0, -1066, 0, 894, 0, 827, 0, -624, 0, 1658, 0, 387, 0, 202, 0, -49, 0, -774, 0, -850, 0, -983, 0, 259, 0, -1394, 0, 606, 0, 1365, 0, -244, 0, 2240, 0, -853, 0, -603, 0, 1216, 0, -1391, 0, 94, 0, -945, 0, -594, 0, 606, 0, 489, 0, 1118, 0, -765, 0, 1087, 0, -251, 0, -1090, 0, 425, 0, -2126, 0, 865, 0, 1079, 0, -266, 0, 776, 0, -907, 0, 975, 0, -176, 0, -650, 0, 777, 0, -2097]
[0, 0, 0, 0, 0, 0, 0, 0, 0, 0, 0, 0, 0, 0, 0, 0, 0, 0, 0, 0, 1, 0, 0, 0, 0, 0, 1, 0, 0, 0, 1, 0, 0, 0, 0, 0, 0, 0, 0, 0, 1, 0, 1, 0, 1, 0, 0, 0, 0, 0, 0, 0, -1, 0, 0, 0, 2, 0, 0, 0, 0, 0, 1, 0, 1, 0, 1, 0, -1, 0, -1, 0, 2, 0, 1, 0, 0, 0, 1, 0, 702, 0, 260, 0, -920, 0, 453, 0, -2213, 0, -1515, 0, 3328, 0, -2084, 0, 1840, 0, 3714, 0, -2526, 0, 4036, 0, 72, 0, -3145, 0, -2406, 0, -3124, 0, -2298, 0, -4245, 0, 3839, 0, -2631, 0, 9117, 0, 12317, 0, -5218, 0, 12246, 0, -9469, 0, -9543, 0, 7256, 0, -18832, 0, -4664, 0, -1251, 0, -22, 0, 8073, 0, 9220, 0, 11221, 0, -2767, 0, 16554, 0, -5938, 0, -16893, 0, 2850, 0, -25749, 0, 9284, 0, 7907, 0, -13991, 0, 16964, 0, -1141, 0, 9389, 0, 6899, 0, -6194, 0, -5040, 0, -12803, 0, 9591, 0, -13987, 0, 2062, 0, 14358, 0, -5892, 0, 25154, 0, -9242, 0, -13276, 0, 2855, 0, -10987, 0, 10291, 0, -9443, 0, 2946, 0, 6887, 0, -8206, 0, 24458]
[0, 0, 0, 0, 0, 0, 0, 0, 0, 0, 0, 0, 0, 0, 0, 0, 0, 0, 0, -1, 0, 1, 0, 1, 0, -1, 0, 0, 0, 0, 0, 1, 0, -1, 0, 0, 0, 0, 0, -1, 0, 0, 0, 0, 0, 1, 0, -2, 0, 0, 0, 2, 0, 0, 0, -1, 0, 1, 0, 1, 0, 0, 0, 0, 0, 1, 0, 0, 0, -1, 0, 0, 0, 0, 0, -1, 0, -1, 0, 0, 0, -39, 0, -9, 0, -43, 0, 90, 0, 191, 0, -42, 0, 21, 0, -251, 0, -143, 0, 73, 0, 0, 0, 231, 0, -217, 0, 161, 0, 41, 0, 78, 0, 235, 0, -292, 0, 346, 0, -607, 0, -92, 0, -172, 0, -437, 0, 785, 0, 126, 0, 744, 0, -472, 0, -115, 0, -36, 0, -377, 0, 590, 0, -570, 0, 398, 0, -876, 0, 132, 0, 376, 0, -166, 0, 985, 0, -192, 0, 393, 0, -1162, 0, 200, 0, -285, 0, -186, 0, 643, 0, -326, 0, 935, 0, -1170, 0, 644, 0, -171, 0, 229, 0, 581, 0, -260, 0, 10, 0, -1902, 0, 941, 0, -535, 0, 770, 0, 295, 0, 90, 0, 659, 0, -1316, 0, 748, 0, -716, 0, 1010, 0]
[0, 0, 0, 0, 0, 0, 0, 0, 0, 0, 0, 0, 0, 0, 0, 0, 0, 0, 0, 0, 0, 0, 0, 0, 1, 0, 0, 0, -1, 0, 0, 0, -1, 0, 1, 0, 1, 0, 0, 0, 1, 0, -1, 0, 0, 0, 0, 0, -1, 0, 0, 0, 1, 0, 1, 0, 1, 0, 0, 0, -1, 0, 0, 0, -1, 0, 2, 0, 1, 0, 0, 0, 2, 0, -1, 0, 0, 0, 0, 0, -1, 0, 1, 0, 2, 0, 1, 0, -2, 0, 0, 0, 3, 0, 1, 0, 3, 0, -3, 0, -2, 0, 1, 0, -1, 0, 5, 0, 0, 0, 1, 0, 3, 0, 3, 0, -1, 0, -3, 0, 1, 0, 0, 0, 4, 0, 2, 0, 2, 0, -5, 0, 1, 0, 3, 0, -2, 0, 5, 0, 0, 0, 3, 0, 3, 0, 1, 0, -2, 0, 1, 0, 1, 0, 2, 0, 5, 0, -1, 0, 3, 0, 6, 0, 2, 0, 2, 0, 0, 0, -3, 0, 2, 0, 2, 0, 4, 0, -2, 0, 1, 0, 5, 0, -3, 0, 6, 0, 2, 0, 1, 0, 10, 0, 5, 0, -2, 0, 1, 0, -2, 0, 3, 0, 8, 0, 1, 0, 8, 0, 1]
[0, 0, 0, 0, 0, 0, 0, 0, 0, 0, 0, 0, 1, 0, 0, 0, -1, 0, -1, 0, 0, 0, 1, 0, 0, 0, 0, 0, 1, 0, 0, 0, -1, 0, 1, 0, 0, 0, 1, 0, 0, 0, 0, 0, 1, 0, 0, 0, 1, 0, 1, 0, -1, 0, 0, 0, 2, 0, 1, 0, 0, 0, 0, 0, 0, 0, 0, 0, -1, 0, 0, 0, 2, 0, 0, 0, -1, 0, 0, 0, 5, 0, 5, 0, 0, 0, -1, 0, 2, 0, 3, 0, 0, 0, 1, 0, 4, 0, -2, 0, 0, 0, 0, 0, 6, 0, 3, 0, 1, 0, 1, 0, -2, 0, -1, 0, 2, 0, 5, 0, 0, 0, 1, 0, 6, 0, 2, 0, 4, 0, 5, 0, 5, 0, 8, 0, 0, 0, 8, 0, 1, 0, 5, 0, -4, 0, 1, 0, 7, 0, 1, 0, 2, 0, -3, 0, 2, 0, 5, 0, 6, 0, 6, 0, 8, 0, 0, 0, -8, 0, 4, 0, 0, 0, 10, 0, 9, 0, 7, 0, 16, 0, 1, 0, -2, 0, 2, 0, 3, 0, 13, 0, 6, 0, 5, 0, 14, 0, -1, 0, 4, 0, -2, 0, 9, 0, 11, 0, 13, 0, 0]
[0, 0, 0, 0, 0, 0, 0, 0, 0, 0, 0, 0, 0, 0, 0, 0, 0, 0, 0, 0, 0, 0, 0, 0, 0, 0, 0, 0, 0, 0, 0, 0, 0, 0, 0, 0, -1, 0, -1, 0, 1, 0, 1, 0, 1, 0, 1, 0, 0, 0, -1, 0, -1, 0, 0, 0, -1, 0, 1, 0, 0, 0, -1, 0, 0, 0, -2, 0, -1, 0, -1, 0, 0, 0, -1, 0, -1, 0, -2, 0, -27, 0, 0, 0, 86, 0, 25, 0, 60, 0, 13, 0, -218, 0, 30, 0, -74, 0, -97, 0, 134, 0, -198, 0, 122, 0, 150, 0, 152, 0, 229, 0, 14, 0, 165, 0, -368, 0, -23, 0, -481, 0, -509, 0, 456, 0, -408, 0, 564, 0, 192, 0, -232, 0, 894, 0, 15, 0, 327, 0, -237, 0, -546, 0, -391, 0, -543, 0, 261, 0, -556, 0, 502, 0, 569, 0, -168, 0, 925, 0, -597, 0, 20, 0, 459, 0, -690, 0, 159, 0, -809, 0, -184, 0, 523, 0, 271, 0, 740, 0, -346, 0, 250, 0, -257, 0, -446, 0, 148, 0, -860, 0, 433, 0, 164, 0, -67, 0, 438, 0, -571, 0, 703, 0, 133, 0, -430, 0, 473, 0, -1243]
[0, 0, 0, 0, 0, 0, 0, 0, 0, 0, 0, 0, -1, 0, 1, 0, 0, 0, 0, 0, 1, 0, 0, 0, 1, 0, -1, 0, 0, 0, 1, 0, 0, 0, 0, 0, 1, 0, 0, 0, 1, 0, -1, 0, -1, 0, 0, 0, -1, 0, -1, 0, 0, 0, -1, 0, -1, 0, 0, 0, 1, 0, 0, 0, -1, 0, -1, 0, -1, 0, -1, 0, 0, 0, 0, 0, -2, 0, 0, 0, 1075, 0, 417, 0, -1457, 0, 586, 0, -3315, 0, -2226, 0, 5106, 0, -3083, 0, 2744, 0, 5481, 0, -3792, 0, 6212, 0, -76, 0, -4738, 0, -3721, 0, -4805, 0, -3317, 0, -6536, 0, 6037, 0, -3806, 0, 13885, 0, 18579, 0, -8200, 0, 18256, 0, -14559, 0, -13847, 0, 10764, 0, -28682, 0, -6673, 0, -2331, 0, 496, 0, 12451, 0, 13761, 0, 17092, 0, -4506, 0, 24713, 0, -9301, 0, -25430, 0, 4278, 0, -38409, 0, 14392, 0, 11173, 0, -20772, 0, 25866, 0, -1945, 0, 14790, 0, 10110, 0, -9932, 0, -7645, 0, -19861, 0, 14506, 0, -20537, 0, 3217, 0, 21792, 0, -8848, 0, 37497, 0, -13941, 0, -19178, 0, 4234, 0, -17211, 0, 15735, 0, -14610, 0, 3957, 0, 10665, 0, -12528, 0, 37621]
[0, 0, 0, 0, 0, 0, 0, 0, 0, 0, 0, 1, 0, 0, 0, -1, 0, -1, 0, 1, 0, 0, 0, -1, 0, 0, 0, -1, 0, 1, 0, 0, 0, 1, 0, 1, 0, 0, 0, 0, 0, 1, 0, 0, 0, 1, 0, 0, 0, -1, 0, 1, 0, -1, 0, 0, 0, 0, 0, -2, 0, 0, 0, 0, 0, 1, 0, 0, 0, -1, 0, 1, 0, -1, 0, 1, 0, 1, 0, 0, 0, 1, 0, -16, 0, 2, 0, 30, 0, 2, 0, 10, 0, -18, 0, -29, 0, 10, 0, -15, 0, 18, 0, 20, 0, -12, 0, 15, 0, -12, 0, 9, 0, -18, 0, 43, 0, 6, 0, -91, 0, 31, 0, -81, 0, 55, 0, 117, 0, -19, 0, 70, 0, -94, 0, -17, 0, -11, 0, -31, 0, 20, 0, -30, 0, 95, 0, -121, 0, 58, 0, 42, 0, -37, 0, 203, 0, -46, 0, -99, 0, -126, 0, -28, 0, 17, 0, 32, 0, 62, 0, -8, 0, 72, 0, -74, 0, 56, 0, 24, 0, 9, 0, 1, 0, -21, 0, -102, 0, -216, 0, 196, 0, -8, 0, 117, 0, 87, 0, -10, 0, 35, 0, -199, 0, 113, 0, -93, 0, 56, 0]
[0, 0, 0, 0, 0, 0, 0, 0, 0, 0, 0, 0, 0, 0, 1, 0, -1, 0, 0, 0, 0, 0, -1, 0, 0, 0, -1, 0, 1, 0, 0, 0, 1, 0, 0, 0, 0, 0, 0, 0, 0, 0, 0, 0, 0, 0, 1, 0, -1, 0, 0, 0, -1, 0, -2, 0, 0, 0, 0, 0, 0, 0, 1, 0, 0, 0, -1, 0, -1, 0, -2, 0, 0, 0, 0, 0, 0, 0, -2, 0, 3, 0, 1, 0, -2, 0, 1, 0, 0, 0, 3, 0, -4, 0, 1, 0, -6, 0, 1, 0, -2, 0, -3, 0, 0, 0, -2, 0, -1, 0, -2, 0, 2, 0, -1, 0, 2, 0, 3, 0, 0, 0, -3, 0, 0, 0, -3, 0, -2, 0, 3, 0, 1, 0, 1, 0, -2, 0, -4, 0, -1, 0, -5, 0, -2, 0, -7, 0, 3, 0, 1, 0, -2, 0, -3, 0, -2, 0, -2, 0, 4, 0, -9, 0, 0, 0, 0, 0, -4, 0, 2, 0, 1, 0, -7, 0, -3, 0, -2, 0, -4, 0, 3, 0, -8, 0, 2, 0, -5, 0, -4, 0, -4, 0, -6, 0, -4, 0, 5, 0, 0, 0, 2, 0, -7, 0, 3, 0, -9, 0, 1]
[0, 0, 0, 0, 0, 0, 0, 0, 0, 0, 0, 0, 0, 0, 0, 0, 0, 0, 0, 0, 0, -1, 0, 0, 0, 1, 0, 0, 0, 0, 0, -1, 0, 0, 0, 0, 0, 0, 0, 0, 0, -1, 0, 0, 0, -1, 0, 1, 0, 0, 0, -1, 0, 2, 0, -1, 0, -2, 0, -1, 0, -1, 0, 0, 0, 0, 0, 0, 0, -1, 0, -1, 0, 0, 0, -1, 0, 0, 0, -2, 0, -2, 0, 0, 0, 1, 0, -1, 0, -4, 0, -1, 0, -1, 0, 4, 0, -2, 0, -3, 0, -2, 0, -2, 0, 2, 0, -2, 0, 2, 0, -9, 0, -2, 0, 1, 0, -10, 0, 3, 0, 2, 0, 1, 0, 1, 0, -4, 0, -6, 0, -5, 0, 0, 0, -1, 0, -3, 0, -2, 0, -6, 0, 3, 0, 2, 0, -7, 0, 2, 0, -5, 0, -5, 0, -4, 0, -5, 0, -12, 0, -2, 0, 3, 0, -3, 0, -2, 0, -7, 0, -6, 0, -5, 0, 10, 0, -6, 0, -3, 0, -3, 0, -16, 0, 3, 0, -7, 0, -10, 0, -3, 0, 6, 0, -2, 0, -7, 0, -6, 0, -14, 0, -1, 0, -4, 0, -11, 0, -8, 0]
[0, 0, 0, 0, 0, 0, 0, 0, 0, 0, 0, 0, -1, 0, 1, 0, 0, 0, 0, 0, 1, 0, 0, 0, 0, 0, -1, 0, 0, 0, 0, 0, 1, 0, 0, 0, 0, 0, -2, 0, 0, 0, -1, 0, 0, 0, 2, 0, 1, 0, 1, 0, 0, 0, 1, 0, -1, 0, -1, 0, 0, 0, -1, 0, -1, 0, -1, 0, 0, 0, 0, 0, -1, 0, 0, 0, -1, 0, -1, 0, -16, 0, 17, 0, 67, 0, -26, 0, 72, 0, 44, 0, -207, 0, 67, 0, -98, 0, -167, 0, 166, 0, -149, 0, 58, 0, 182, 0, 132, 0, 213, 0, 85, 0, 101, 0, -303, 0, 59, 0, -474, 0, -563, 0, 360, 0, -568, 0, 501, 0, 505, 0, -339, 0, 863, 0, 206, 0, 153, 0, 4, 0, -480, 0, -516, 0, -519, 0, 120, 0, -747, 0, 408, 0, 651, 0, -193, 0, 1270, 0, -469, 0, -356, 0, 680, 0, -601, 0, 77, 0, -598, 0, -345, 0, 304, 0, 290, 0, 547, 0, -340, 0, 551, 0, -243, 0, -392, 0, 181, 0, -1193, 0, 494, 0, 636, 0, -104, 0, 136, 0, -541, 0, 630, 0, -87, 0, -342, 0, 479, 0, -986]
[0, 0, 0, 0, 0, 0, 0, 0, 0, 0, 0, 0, 0, 0, 0, 0, 0, 0, 0, 0, 0, 0, 0, 0, 0, 0, 0, -1, 0, 0, 0, 1, 0, -1, 0, 1, 0, 0, 0, -1, 0, 2, 0, -1, 0, 0, 0, 0, 0, -2, 0, 1, 0, -1, 0, -1, 0, 1, 0, 0, 0, 1, 0, 0, 0, -1, 0, 0, 0, -1, 0, 0, 0, 0, 0, -2, 0, 0, 0, 1, 0, -1, 0, 1, 0, 0, 0, -2, 0, 2, 0, 2, 0, -2, 0, -4, 0, 1, 0, -3, 0, 0, 0, 2, 0, -8, 0, 2, 0, 0, 0, 1, 0, 5, 0, -3, 0, 2, 0, 2, 0, -2, 0, -5, 0, -4, 0, -1, 0, 0, 0, 2, 0, 0, 0, -5, 0, 1, 0, 4, 0, -2, 0, -4, 0, -2, 0, -4, 0, -2, 0, 4, 0, -9, 0, 1, 0, 5, 0, 0, 0, 4, 0, -4, 0, -5, 0, 0, 0, 5, 0, -3, 0, -4, 0, -7, 0, -4, 0, -3, 0, -1, 0, -4, 0, -6, 0, 8, 0, -4, 0, 3, 0, -1, 0, -11, 0, 5, 0, 8, 0, -7, 0, -3, 0, 0, 0, -7, 0, 6, 0]
[0, 0, 0, 0, 0, 0, 0, 0, 0, 0, 0, 0, 0, 1, 0, -1, 0, 0, 0, 0, 0, -1, 0, 0, 0, 0, 0, 1, 0, -1, 0, 1, 0, 1, 0, 1, 0, -1, 0, -1, 0, 0, 0, -1, 0, 0, 0, 1, 0, -1, 0, 0, 0, 2, 0, 0, 0, 1, 0, -1, 0, 0, 0, 1, 0, -1, 0, 1, 0, -1, 0, 0, 0, -1, 0, 0, 0, 1, 0, -1, 0, -24, 0, -22, 0, 44, 0, -2, 0, -9, 0, 67, 0, -44, 0, 6, 0, 79, 0, -75, 0, -48, 0, 2, 0, 10, 0, -50, 0, 16, 0, 1, 0, -32, 0, 155, 0, -34, 0, 7, 0, -14, 0, -97, 0, 165, 0, -46, 0, -95, 0, 39, 0, -10, 0, -17, 0, 52, 0, -31, 0, -127, 0, 122, 0, 26, 0, -45, 0, 59, 0, 26, 0, -40, 0, 132, 0, -45, 0, -252, 0, 141, 0, -92, 0, -6, 0, 112, 0, 9, 0, 39, 0, -72, 0, 214, 0, -152, 0, -18, 0, 26, 0, -263, 0, 13, 0, -28, 0, 133, 0, 109, 0, 97, 0, 45, 0, 85, 0, -32, 0, -171, 0, -37, 0, 6, 0, -113, 0, -98, 0]
[0, 0, 0, 0, 0, 0, 0, 0, 0, 0, 0, 0, 0, 0, 0, 0, 0, 0, 0, 0, 0, 0, 1, 0, 0, 0, -1, 0, 1, 0, 0, 0, 0, 0, 1, 0, -1, 0, -1, 0, 0, 0, 0, 0, 1, 0, 1, 0, 2, 0, 2, 0, -1, 0, 0, 0, 0, 0, 0, 0, 0, 0, 0, 0, 1, 0, 0, 0, -1, 0, -1, 0, 0, 0, -2, 0, 1, 0, -1, 0, -25, 0, 3, 0, 88, 0, 24, 0, 59, 0, 17, 0, -219, 0, 31, 0, -73, 0, -97, 0, 136, 0, -195, 0, 129, 0, 154, 0, 155, 0, 230, 0, 11, 0, 159, 0, -368, 0, -18, 0, -480, 0, -503, 0, 460, 0, -409, 0, 568, 0, 193, 0, -228, 0, 901, 0, 19, 0, 334, 0, -236, 0, -544, 0, -393, 0, -543, 0, 263, 0, -557, 0, 512, 0, 571, 0, -165, 0, 931, 0, -588, 0, 24, 0, 463, 0, -688, 0, 157, 0, -802, 0, -182, 0, 535, 0, 276, 0, 746, 0, -332, 0, 249, 0, -256, 0, -444, 0, 154, 0, -848, 0, 431, 0, 165, 0, -59, 0, 439, 0, -563, 0, 710, 0, 135, 0, -420, 0, 488, 0, -1241]
[0, 0, 0, 0, 0, 0, 0, 0, 0, 0, 0, 0, 0, 0, 0, 0, 0, 0, 0, 0, 0, 0, 0, 0, 1, 0, 0, 0, 0, 0, 1, 0, -2, 0, 0, 0, 0, 0, -1, 0, 2, 0, 1, 0, 1, 0, 0, 0, 0, 0, -1, 0, -1, 0, 1, 0, 0, 0, 1, 0, 1, 0, 1, 0, 0, 0, 1, 0, 1, 0, 0, 0, 2, 0, 0, 0, 0, 0, 1, 0, -2, 0, 1, 0, 2, 0, -1, 0, 1, 0, 2, 0, 1, 0, -1, 0, 6, 0, 0, 0, 0, 0, 6, 0, -4, 0, -1, 0, 1, 0, 3, 0, 0, 0, 6, 0, 4, 0, -3, 0, 6, 0, -1, 0, 0, 0, 0, 0, 0, 0, -1, 0, 1, 0, 2, 0, 0, 0, 7, 0, 3, 0, 4, 0, 10, 0, 0, 0, -1, 0, 11, 0, -7, 0, 0, 0, 5, 0, -2, 0, 6, 0, 9, 0, 6, 0, -4, 0, 6, 0, 0, 0, -4, 0, 2, 0, 4, 0, 2, 0, 10, 0, 9, 0, -4, 0, 8, 0, 3, 0, 7, 0, 14, 0, 4, 0, 0, 0, 11, 0, -2, 0, -4, 0, 11, 0, -6, 0, 4, 0, 10]
[0, 0, 0, 0, 0, 0, 0, 0, 0, 0, 0, 0, 0, 0, 0, 0, -1, 0, 0, 0, 1, 0, 1, 0, 1, 0, -1, 0, -1, 0, -1, 0, -1, 0, 0, 0, 0, 0, 0, 0, 1, 0, 0, 0, -1, 0, 0, 0, 1, 0, 0, 0, 0, 0, 1, 0, 1, 0, 0, 0, 0, 0, -1, 0, -1, 0, -1, 0, -2, 0, 1, 0, 0, 0, 0, 0, -2, 0, 1, 0, -352, 0, -92, 0, 510, 0, -203, 0, 1043, 0, 635, 0, -1650, 0, 907, 0, -882, 0, -1652, 0, 1172, 0, -1791, 0, 63, 0, 1514, 0, 1135, 0, 1457, 0, 1183, 0, 1782, 0, -1925, 0, 1121, 0, -4460, 0, -5655, 0, 2650, 0, -5472, 0, 4419, 0, 4457, 0, -3395, 0, 8613, 0, 2076, 0, 676, 0, 173, 0, -3896, 0, -4315, 0, -5158, 0, 1220, 0, -7722, 0, 3003, 0, 7779, 0, -1634, 0, 12050, 0, -4415, 0, -3642, 0, 6537, 0, -7524, 0, 837, 0, -4694, 0, -3252, 0, 2742, 0, 2306, 0, 5815, 0, -4319, 0, 6606, 0, -1269, 0, -6236, 0, 2771, 0, -11805, 0, 4284, 0, 6232, 0, -985, 0, 4482, 0, -5132, 0, 4524, 0, -1347, 0, -3054, 0, 3965, 0, -10875]
[0, 0, 0, 0, 0, 0, 0, 0, 0, 0, 0, 0, 0, 0, 0, 0, -1, 0, 0, 0, 2, 0, 0, 0, -1, 0, 0, 0, 0, 0, 1, 0, 0, 0, -1, 0, 0, 0, -1, 0, -1, 0, -1, 0, 0, 0, 1, 0, 1, 0, 1, 0, -1, 0, -1, 0, 1, 0, 0, 0, 0, 0, 1, 0, 1, 0, 1, 0, 0, 0, 0, 0, -1, 0, -1, 0, 2, 0, 0, 0, -35, 0, -6, 0, 0, 0, -72, 0, 144, 0, 110, 0, -112, 0, 166, 0, -94, 0, -260, 0, 119, 0, -169, 0, -108, 0, 171, 0, 66, 0, 81, 0, 188, 0, 190, 0, -15, 0, 263, 0, -399, 0, -636, 0, 74, 0, -773, 0, 341, 0, 738, 0, -449, 0, 873, 0, 420, 0, -197, 0, 246, 0, -228, 0, -514, 0, -496, 0, -12, 0, -999, 0, 107, 0, 966, 0, -130, 0, 1527, 0, -272, 0, -786, 0, 869, 0, -839, 0, -70, 0, -99, 0, -470, 0, 37, 0, 229, 0, 449, 0, -525, 0, 1044, 0, 15, 0, -830, 0, 404, 0, -1505, 0, 424, 0, 1121, 0, -201, 0, 441, 0, -402, 0, 215, 0, -396, 0, -184, 0, 333, 0, -1011]
[0, 0, 0, 0, 0, 0, 0, 0, 0, 0, 0, 0, 0, 0, 0, 0, -1, 0, 1, 0, 1, 0, -1, 0, 0, 0, 0, 0, 0, 0, -1, 0, 0, 0, 0, 0, 0, 0, 1, 0, 1, 0, -1, 0, -1, 0, 0, 0, -2, 0, 0, 0, 1, 0, 0, 0, 1, 0, 0, 0, -1, 0, 0, 0, -1, 0, -1, 0, 0, 0, 0, 0, 2, 0, -1, 0, -2, 0, 0, 0, 2, 0, -3, 0, -4, 0, 3, 0, 1, 0, -2, 0, -2, 0, 3, 0, -3, 0, 1, 0, 0, 0, -4, 0, -3, 0, 1, 0, 1, 0, -1, 0, 5, 0, 0, 0, -3, 0, -1, 0, -3, 0, -4, 0, 0, 0, -3, 0, 0, 0, 3, 0, 0, 0, -2, 0, -8, 0, -1, 0, 3, 0, -3, 0, -1, 0, -4, 0, 1, 0, -1, 0, -2, 0, 2, 0, 0, 0, -1, 0, 3, 0, -7, 0, -2, 0, -4, 0, -2, 0, 3, 0, 1, 0, -4, 0, -5, 0, -5, 0, -7, 0, -3, 0, -5, 0, 4, 0, 2, 0, 2, 0, -4, 0, -4, 0, -6, 0, -3, 0, 0, 0, 3, 0, -2, 0, -3, 0, -5, 0, 7]
[0, 0, 0, 0, 0, 0, 0, 0, 0, 0, 0, 0, 0, 0, 0, 0, 0, 0, -1, 0, 0, 0, 1, 0, 0, 0, 0, 0, 0, 0, 0, 0, -1, 0, -1, 0, 0, 0, 1, 0, -1, 0, 0, 0, 0, 0, -3, 0, 1, 0, 0, 0, -1, 0, 0, 0, -1, 0, 0, 0, 0, 0, 0, 0, 0, 0, 0, 0, 1, 0, 1, 0, -2, 0, 1, 0, -1, 0, -1, 0, 26, 0, 1, 0, -88, 0, -30, 0, -60, 0, -13, 0, 217, 0, -33, 0, 74, 0, 97, 0, -134, 0, 197, 0, -124, 0, -155, 0, -156, 0, -226, 0, -22, 0, -168, 0, 369, 0, 20, 0, 483, 0, 504, 0, -460, 0, 403, 0, -568, 0, -193, 0, 224, 0, -899, 0, -15, 0, -330, 0, 237, 0, 548, 0, 386, 0, 540, 0, -262, 0, 555, 0, -512, 0, -577, 0, 161, 0, -929, 0, 597, 0, -24, 0, -463, 0, 680, 0, -167, 0, 803, 0, 172, 0, -529, 0, -272, 0, -739, 0, 345, 0, -255, 0, 251, 0, 432, 0, -153, 0, 864, 0, -441, 0, -169, 0, 65, 0, -445, 0, 563, 0, -719, 0, -140, 0, 420, 0, -478, 0, 1231]
[0, 0, 0, 0, 0, 0, 0, 0, 0, 0, 0, 0, 0, 0, 0, 0, 0, 0, 1, 0, -1, 0, -1, 0, 1, 0, -1, 0, 0, 0, 0, 0, 0, 0, 1, 0, 0, 0, 0, 0, 1, 0, 0, 0, 0, 0, 0, 0, -2, 0, -1, 0, 0, 0, 1, 0, 0, 0, -1, 0, -1, 0, 0, 0, 0, 0, -1, 0, 2, 0, -1, 0, 1, 0, -1, 0, -1, 0, -2, 0, 11, 0, 17, 0, -11, 0, 24, 0, -72, 0, -66, 0, 91, 0, -88, 0, 62, 0, 133, 0, -92, 0, 153, 0, 12, 0, -101, 0, -79, 0, -90, 0, -45, 0, -172, 0, 98, 0, -127, 0, 264, 0, 423, 0, -122, 0, 460, 0, -325, 0, -320, 0, 234, 0, -665, 0, -179, 0, 4, 0, 38, 0, 222, 0, 299, 0, 370, 0, -111, 0, 552, 0, -143, 0, -579, 0, 21, 0, -836, 0, 293, 0, 265, 0, -459, 0, 657, 0, 41, 0, 203, 0, 202, 0, -234, 0, -176, 0, -451, 0, 357, 0, -442, 0, -30, 0, 600, 0, -197, 0, 778, 0, -306, 0, -411, 0, 185, 0, -527, 0, 254, 0, -259, 0, 114, 0, 230, 0, -236, 0, 917]
[0, 0, 0, 0, 0, 0, 0, 0, 0, 0, 0, 0, 0, 0, 0, 0, 0, 0, -1, 0, 0, 0, 1, 0, 1, 0, 0, 0, -1, 0, 0, 0, -2, 0, 1, 0, 0, 0, -2, 0, 1, 0, -1, 0, 0, 0, 0, 0, 1, 0, 1, 0, 0, 0, 1, 0, 0, 0, -1, 0, 0, 0, 0, 0, -2, 0, 1, 0, -1, 0, 1, 0, 1, 0, -1, 0, 0, 0, 0, 0, -319, 0, -114, 0, 436, 0, -177, 0, 960, 0, 630, 0, -1482, 0, 872, 0, -798, 0, -1558, 0, 1085, 0, -1758, 0, 29, 0, 1379, 0, 1057, 0, 1364, 0, 1001, 0, 1818, 0, -1741, 0, 1085, 0, -4043, 0, -5322, 0, 2386, 0, -5192, 0, 4163, 0, 4004, 0, -3116, 0, 8190, 0, 1918, 0, 641, 0, -53, 0, -3580, 0, -3961, 0, -4880, 0, 1243, 0, -7130, 0, 2699, 0, 7313, 0, -1318, 0, 11060, 0, -4126, 0, -3243, 0, 5997, 0, -7346, 0, 623, 0, -4265, 0, -2935, 0, 2758, 0, 2176, 0, 5628, 0, -4133, 0, 5995, 0, -988, 0, -6184, 0, 2563, 0, -10802, 0, 3987, 0, 5561, 0, -1135, 0, 4781, 0, -4597, 0, 4161, 0, -1181, 0, -2990, 0, 3620, 0, -10628]
[0, 0, 0, 0, 0, 0, 0, 0, 0, 0, 0, 0, 0, 0, 0, 0, 0, 0, 0, 0, 0, 0, -1, 0, 0, 0, 1, 0, -1, 0, 0, 0, 1, 0, 0, 0, 0, 0, 0, 0, -1, 0, -1, 0, 0, 0, 1, 0, -1, 0, -3, 0, 0, 0, 0, 0, 0, 0, 1, 0, 0, 0, -1, 0, -1, 0, -1, 0, -1, 0, -2, 0, -1, 0, 0, 0, -1, 0, 0, 0, 210, 0, 87, 0, -308, 0, 111, 0, -668, 0, -467, 0, 1084, 0, -628, 0, 566, 0, 1132, 0, -817, 0, 1317, 0, -56, 0, -985, 0, -807, 0, -1057, 0, -622, 0, -1391, 0, 1334, 0, -755, 0, 2881, 0, 3892, 0, -1768, 0, 3814, 0, -3115, 0, -2811, 0, 2211, 0, -6065, 0, -1343, 0, -599, 0, 230, 0, 2664, 0, 2874, 0, 3615, 0, -1016, 0, 5079, 0, -1996, 0, -5251, 0, 832, 0, -7939, 0, 3053, 0, 2178, 0, -4278, 0, 5462, 0, -380, 0, 3186, 0, 2064, 0, -2237, 0, -1640, 0, -4250, 0, 2994, 0, -4103, 0, 686, 0, 4550, 0, -1777, 0, 7688, 0, -2949, 0, -3814, 0, 934, 0, -3701, 0, 3250, 0, -3176, 0, 720, 0, 2336, 0, -2648, 0, 8013]
[0, 0, 0, 0, 0, 0, 0, 0, 0, 0, 0, 0, 0, 0, 0, 0, 0, 0, 0, 0, 0, 0, 0, 0, 0, 0, 0, -1, 0, -1, 0, 1, 0, 0, 0, 0, 0, 1, 0, -1, 0, 1, 0, 1, 0, 0, 0, 0, 0, -3, 0, 0, 0, -1, 0, -2, 0, 1, 0, -1, 0, 0, 0, 1, 0, 1, 0, -1, 0, 0, 0, 0, 0, -1, 0, 1, 0, -1, 0, 0, 0, -3, 0, 0, 0, 0, 0, -3, 0, 1, 0, 0, 0, 1, 0, -4, 0, 0, 0, -1, 0, -3, 0, 3, 0, -5, 0, -3, 0, -2, 0, 0, 0, 6, 0, 0, 0, 2, 0, 3, 0, -4, 0, -3, 0, -4, 0, -5, 0, -4, 0, 1, 0, -1, 0, -5, 0, 1, 0, -3, 0, 0, 0, -2, 0, 1, 0, -3, 0, -4, 0, 3, 0, -7, 0, 4, 0, 2, 0, 0, 0, -3, 0, -4, 0, -6, 0, -6, 0, 1, 0, -5, 0, -1, 0, -8, 0, -1, 0, -8, 0, -5, 0, 0, 0, -3, 0, 6, 0, 0, 0, 1, 0, -8, 0, -4, 0, -5, 0, 4, 0, -4, 0, -11, 0, -3, 0, -8, 0, 7, 0]
[0, 0, 0, 0, 0, 0, 0, 0, 0, 0, 0, -1, 0, 0, 0, 0, 0, 1, 0, 1, 0, 0, 0, 0, 0, 0, 0, 0, 0, -1, 0, 1, 0, -1, 0, -1, 0, -1, 0, -1, 0, -2, 0, 0, 0, 0, 0, 0, 0, 1, 0, -1, 0, 0, 0, 0, 0, 0, 0, 1, 0, -1, 0, -1, 0, 0, 0, 0, 0, 1, 0, 0, 0, -2, 0, -1, 0, 1, 0, -2, 0, -3, 0, -1, 0, -2, 0, -5, 0, -2, 0, -2, 0, 1, 0, -2, 0, 1, 0, 1, 0, 3, 0, -1, 0, 2, 0, -4, 0, -4, 0, -4, 0, -3, 0, 2, 0, -4, 0, -3, 0, -4, 0, -6, 0, 0, 0, -1, 0, -6, 0, -3, 0, -9, 0, -3, 0, -2, 0, 3, 0, -10, 0, 2, 0, -3, 0, -10, 0, 2, 0, 7, 0, -2, 0, -1, 0, -3, 0, -8, 0, -3, 0, -3, 0, -11, 0, 2, 0, 0, 0, -2, 0, 5, 0, 0, 0, -10, 0, -8, 0, -2, 0, -6, 0, -2, 0, -6, 0, -14, 0, -5, 0, -1, 0, -13, 0, 0, 0, -14, 0, -2, 0, -2, 0, -1, 0, -14, 0, -6, 0]
[0, 0, 0, 0, 0, 0, 0, 0, 0, 0, 0, 0, 0, 0, 0, -1, 0, 1, 0, 0, 0, -1, 0, 1, 0, 0, 0, 0, 0, 0, 0, 0, 0, -1, 0, 0, 0, -2, 0, 0, 0, 0, 0, 0, 0, 0, 0, -2, 0, 1, 0, -2, 0, 1, 0, 1, 0, -1, 0, -1, 0, 0, 0, 0, 0, 1, 0, 1, 0, -1, 0, -1, 0, 0, 0, -1, 0, -1, 0, 1, 0, -106, 0, 7, 0, 38, 0, 15, 0, 239, 0, 4, 0, -27, 0, -186, 0, -135, 0, -49, 0, -173, 0, 321, 0, -178, 0, 128, 0, 153, 0, 74, 0, 391, 0, -271, 0, 384, 0, -646, 0, -392, 0, -163, 0, -482, 0, 579, 0, 16, 0, 1016, 0, -291, 0, 7, 0, 196, 0, -527, 0, 555, 0, -626, 0, 383, 0, -930, 0, -43, 0, 361, 0, -328, 0, 919, 0, -215, 0, 550, 0, -938, 0, 141, 0, -324, 0, -122, 0, 880, 0, -284, 0, 860, 0, -861, 0, 366, 0, -510, 0, 287, 0, -21, 0, -351, 0, 415, 0, -1707, 0, 842, 0, -679, 0, 1010, 0, 392, 0, 288, 0, 582, 0, -1127, 0, 802, 0, -1162, 0, 1168, 0]
[0, 0, 0, 0, 0, 0, 0, 0, 0, 0, 0, 0, 0, -1, 0, 1, 0, 0, 0, -1, 0, 0, 0, 1, 0, 1, 0, -1, 0, 0, 0, -1, 0, 1, 0, -1, 0, -1, 0, -2, 0, -1, 0, 0, 0, -1, 0, 0, 0, -2, 0, 1, 0, 1, 0, -1, 0, -1, 0, 1, 0, 0, 0, 0, 0, 0, 0, -1, 0, 0, 0, -1, 0, 0, 0, -1, 0, -1, 0, 0, 0, 25, 0, -46, 0, -17, 0, -46, 0, -135, 0, 88, 0, 37, 0, 157, 0, 146, 0, 43, 0, 50, 0, -222, 0, 28, 0, -276, 0, -118, 0, -137, 0, -249, 0, 301, 0, -209, 0, 636, 0, 336, 0, 163, 0, 358, 0, -447, 0, -90, 0, -801, 0, 180, 0, -315, 0, -197, 0, 411, 0, -551, 0, 639, 0, -264, 0, 631, 0, 252, 0, -154, 0, 349, 0, -585, 0, 175, 0, -497, 0, 708, 0, -168, 0, -141, 0, 130, 0, -813, 0, -100, 0, -523, 0, 499, 0, -246, 0, 566, 0, -44, 0, 184, 0, 382, 0, -40, 0, 1349, 0, -601, 0, 442, 0, -937, 0, -502, 0, -630, 0, -670, 0, 781, 0, -752, 0, 877, 0, -896, 0]
[0, 0, 0, 0, 0, 0, 0, 0, 0, 0, 0, 0, 0, 0, 0, 0, 0, 0, 0, 0, 0, 0, 0, 0, 0, 1, 0, 0, 0, -1, 0, 0, 0, -1, 0, 0, 0, 1, 0, 1, 0, -1, 0, 0, 0, 2, 0, 0, 0, 1, 0, -1, 0, 0, 0, -1, 0, 0, 0, 1, 0, -2, 0, 1, 0, 0, 0, -1, 0, -1, 0, -2, 0, 0, 0, -2, 0, 0, 0, 0, 0, -19, 0, 53, 0, -2, 0, 22, 0, 122, 0, -104, 0, -1, 0, -115, 0, -166, 0, 14, 0, -47, 0, 174, 0, -37, 0, 226, 0, 105, 0, 100, 0, 245, 0, -358, 0, 198, 0, -466, 0, -290, 0, -28, 0, -428, 0, 316, 0, 124, 0, 617, 0, -95, 0, 257, 0, 143, 0, -324, 0, 510, 0, -568, 0, 153, 0, -455, 0, -252, 0, 96, 0, -246, 0, 324, 0, -104, 0, 591, 0, -596, 0, 212, 0, 65, 0, -200, 0, 622, 0, 28, 0, 449, 0, -492, 0, 259, 0, -491, 0, 36, 0, -6, 0, -309, 0, 146, 0, -1084, 0, 340, 0, -420, 0, 702, 0, 288, 0, 510, 0, 595, 0, -554, 0, 555, 0, -636, 0, 767, 0]
[0, 0, 0, 0, 0, 0, 0, 0, 0, 0, 0, 0, 0, 1, 0, 0, 0, -1, 0, 0, 0, -1, 0, -1, 0, 1, 0, 1, 0, 1, 0, 0, 0, -1, 0, 0, 0, 0, 0, 2, 0, 0, 0, 0, 0, 1, 0, 0, 0, 1, 0, 0, 0, -1, 0, -1, 0, 0, 0, 0, 0, 0, 0, 1, 0, -1, 0, 0, 0, 0, 0, 1, 0, 3, 0, 0, 0, 0, 0, -1, 0, 4, 0, 0, 0, -1, 0, 4, 0, -1, 0, -1, 0, -1, 0, 4, 0, 2, 0, 1, 0, 0, 0, -6, 0, 5, 0, 1, 0, 2, 0, -1, 0, -3, 0, 0, 0, 0, 0, 4, 0, 4, 0, 5, 0, 4, 0, 2, 0, 2, 0, 2, 0, 2, 0, 3, 0, -5, 0, 3, 0, -2, 0, 6, 0, 0, 0, 3, 0, 12, 0, -2, 0, -1, 0, -3, 0, -2, 0, -8, 0, 5, 0, 2, 0, 6, 0, 8, 0, -9, 0, 2, 0, -4, 0, 11, 0, 7, 0, 8, 0, 12, 0, 2, 0, -2, 0, -2, 0, 0, 0, -6, 0, 12, 0, 6, 0, 4, 0, -4, 0, 1, 0, 3, 0, -1, 0, 3, 0, -1, 0]
[0, 0, 0, 0, 0, 0, 0, 0, 0, 0, 0, 0, 0, 1, 0, 0, 0, -2, 0, 0, 0, 0, 0, 0, 0, 2, 0, 0, 0, 0, 0, 0, 0, -1, 0, 0, 0, 0, 0, 0, 0, 1, 0, 1, 0, -1, 0, -1, 0, 1, 0, 1, 0, -1, 0, 1, 0, 0, 0, 1, 0, 0, 0, 2, 0, -1, 0, 0, 0, 0, 0, 0, 0, 1, 0, -2, 0, 0, 0, 0, 0, 58, 0, -58, 0, 53, 0, -43, 0, -280, 0, 148, 0, -63, 0, 236, 0, 303, 0, -90, 0, 78, 0, -343, 0, 205, 0, -261, 0, -122, 0, -127, 0, -465, 0, 629, 0, -501, 0, 769, 0, 395, 0, -40, 0, 856, 0, -726, 0, -262, 0, -1067, 0, 335, 0, -76, 0, -81, 0, 540, 0, -904, 0, 974, 0, -356, 0, 930, 0, 173, 0, -385, 0, 272, 0, -759, 0, 150, 0, -1130, 0, 1354, 0, -309, 0, 298, 0, 378, 0, -983, 0, 345, 0, -1072, 0, 1353, 0, -718, 0, 535, 0, -254, 0, -514, 0, 399, 0, -484, 0, 2172, 0, -638, 0, 933, 0, -1128, 0, -271, 0, -368, 0, -1050, 0, 1238, 0, -883, 0, 987, 0, -1442, 0]
[0, 0, 0, 0, 0, 0, 0, 0, 0, 0, 0, 0, 0, 1, 0, 0, 0, -1, 0, -1, 0, 0, 0, 1, 0, -1, 0, 0, 0, 1, 0, 1, 0, 2, 0, 0, 0, -1, 0, 0, 0, -1, 0, -1, 0, 0, 0, 1, 0, 0, 0, 1, 0, 1, 0, 1, 0, -1, 0, 2, 0, 1, 0, 0, 0, 0, 0, 1, 0, 1, 0, -1, 0, 0, 0, 1, 0, 0, 0, 1, 0, 107, 0, 2, 0, -82, 0, -167, 0, -277, 0, 33, 0, 159, 0, 493, 0, 182, 0, 127, 0, 91, 0, -535, 0, 196, 0, -521, 0, -223, 0, -256, 0, -436, 0, 330, 0, -453, 0, 1586, 0, 519, 0, 793, 0, 477, 0, -1446, 0, -16, 0, -1875, 0, 853, 0, -415, 0, -381, 0, 998, 0, -1108, 0, 1211, 0, -910, 0, 1951, 0, 107, 0, -519, 0, 832, 0, -2231, 0, 623, 0, -321, 0, 1934, 0, -316, 0, -121, 0, 76, 0, -1845, 0, -27, 0, -1532, 0, 1453, 0, -685, 0, 1040, 0, -185, 0, 295, 0, 863, 0, 409, 0, 3770, 0, -2345, 0, 838, 0, -2204, 0, -1312, 0, -1136, 0, -1316, 0, 2645, 0, -1984, 0, 2242, 0, -2013, 0]
[0, 0, 0, 0, 0, 0, 0, 0, 0, 1, 0, 0, 0, -2, 0, -1, 0, 1, 0, 1, 0, 1, 0, 0, 0, -1, 0, 0, 0, 0, 0, -1, 0, 0, 0, 0, 0, -1, 0, 1, 0, 0, 0, 1, 0, -1, 0, 0, 0, 1, 0, 0, 0, 0, 0, 0, 0, -1, 0, 0, 0, 1, 0, -1, 0, 1, 0, 1, 0, 1, 0, 1, 0, 0, 0, 1, 0, 2, 0, -1, 0, -20, 0, -49, 0, -20, 0, 49, 0, 46, 0, 35, 0, 19, 0, -94, 0, -8, 0, 42, 0, 41, 0, 74, 0, -120, 0, -42, 0, -42, 0, -28, 0, 16, 0, 38, 0, 115, 0, -161, 0, 119, 0, -106, 0, -27, 0, 378, 0, -4, 0, 149, 0, -308, 0, -246, 0, -109, 0, -56, 0, 94, 0, -60, 0, 239, 0, -355, 0, 265, 0, 203, 0, 19, 0, 527, 0, -89, 0, -76, 0, -481, 0, -22, 0, -259, 0, 24, 0, 82, 0, -285, 0, 401, 0, -549, 0, 314, 0, 211, 0, 146, 0, 380, 0, 16, 0, -62, 0, -706, 0, 489, 0, -148, 0, 154, 0, 15, 0, -292, 0, 135, 0, -592, 0, 214, 0, -140, 0, 252, 0]
[0, 0, 0, 0, 0, 0, 0, 0, 0, 0, 0, 0, 0, 0, 1, 0, 0, 0, -1, 0, 0, 0, 0, 0, -1, 0, -1, 0, 1, 0, 1, 0, 1, 0, 1, 0, 0, 0, 1, 0, 0, 0, -1, 0, 1, 0, -1, 0, 1, 0, 1, 0, -1, 0, 0, 0, 1, 0, 2, 0, 0, 0, 0, 0, 1, 0, 0, 0, -2, 0, 0, 0, -1, 0, 1, 0, 1, 0, -1, 0, -49, 0, -2, 0, 80, 0, -39, 0, 162, 0, 95, 0, -242, 0, 133, 0, -144, 0, -246, 0, 176, 0, -241, 0, -3, 0, 233, 0, 151, 0, 208, 0, 220, 0, 215, 0, -261, 0, 180, 0, -664, 0, -815, 0, 382, 0, -799, 0, 616, 0, 737, 0, -530, 0, 1213, 0, 347, 0, 45, 0, 128, 0, -548, 0, -665, 0, -727, 0, 134, 0, -1176, 0, 437, 0, 1153, 0, -296, 0, 1849, 0, -600, 0, -636, 0, 1020, 0, -1007, 0, 140, 0, -639, 0, -517, 0, 287, 0, 332, 0, 771, 0, -605, 0, 1088, 0, -213, 0, -850, 0, 425, 0, -1802, 0, 614, 0, 1043, 0, -88, 0, 493, 0, -752, 0, 631, 0, -262, 0, -366, 0, 589, 0, -1416]
[0, 0, 0, 0, 0, 0, 0, 0, -1, 0, 0, 0, 2, 0, 0, 0, -1, 0, 1, 0, 0, 0, 0, 0, 0, 0, -1, 0, 1, 0, 1, 0, 0, 0, 1, 0, 0, 0, 0, 0, 1, 0, 0, 0, 1, 0, -1, 0, 0, 0, -1, 0, 0, 0, 1, 0, 1, 0, 0, 0, -1, 0, 0, 0, -1, 0, 0, 0, 0, 0, 0, 0, 1, 0, -2, 0, -2, 0, 1, 0, 346, 0, 161, 0, -391, 0, 224, 0, -1063, 0, -748, 0, 1455, 0, -1020, 0, 871, 0, 1734, 0, -1136, 0, 1910, 0, 139, 0, -1435, 0, -1072, 0, -1343, 0, -1125, 0, -2051, 0, 1588, 0, -1347, 0, 4161, 0, 5742, 0, -2212, 0, 5738, 0, -4306, 0, -4459, 0, 3418, 0, -8732, 0, -2264, 0, -338, 0, -92, 0, 3547, 0, 4191, 0, 5173, 0, -1234, 0, 7777, 0, -2532, 0, -8051, 0, 1251, 0, -11932, 0, 4211, 0, 3824, 0, -6527, 0, 8091, 0, -454, 0, 4012, 0, 3195, 0, -2721, 0, -2263, 0, -5917, 0, 4629, 0, -6742, 0, 701, 0, 7036, 0, -2864, 0, 11688, 0, -4218, 0, -6257, 0, 1425, 0, -5531, 0, 4655, 0, -4064, 0, 1542, 0, 3091, 0, -3659, 0, 11424]
[0, 0, 0, 0, 1, 0, 1, 0, -1, 0, -1, 0, 0, 0, 0, 0, -1, 0, -1, 0, 0, 0, -1, 0, 0, 0, -1, 0, 0, 0, 1, 0, -2, 0, 1, 0, 2, 0, 1, 0, 0, 0, 0, 0, 0, 0, 0, 0, 1, 0, -1, 0, -1, 0, 0, 0, 1, 0, 1, 0, 0, 0, 1, 0, 0, 0, 0, 0, 0, 0, 1, 0, 1, 0, 0, 0, -1, 0, 1, 0, 562, 0, 175, 0, -1004, 0, 263, 0, -1850, 0, -1271, 0, 3388, 0, -1756, 0, 1697, 0, 3380, 0, -2581, 0, 3885, 0, -412, 0, -2993, 0, -2508, 0, -3440, 0, -1629, 0, -3973, 0, 4484, 0, -1934, 0, 8689, 0, 11560, 0, -5730, 0, 11330, 0, -9599, 0, -8321, 0, 6478, 0, -18132, 0, -3797, 0, -2372, 0, 1077, 0, 8391, 0, 8785, 0, 10833, 0, -3205, 0, 14847, 0, -6476, 0, -15051, 0, 2540, 0, -23621, 0, 9388, 0, 6086, 0, -12634, 0, 15798, 0, -1157, 0, 10311, 0, 6071, 0, -7076, 0, -5137, 0, -12795, 0, 8636, 0, -11402, 0, 2489, 0, 12678, 0, -4864, 0, 22784, 0, -9075, 0, -11001, 0, 2831, 0, -10124, 0, 9853, 0, -10304, 0, 1665, 0, 7273, 0, -8179, 0, 23938]
[0, 0, 0, 0, 0, 0, -1, 0, 0, 0, 1, 0, 0, 0, 1, 0, 1, 0, -1, 0, 0, 0, -1, 0, 0, 0, 0, 0, 0, 0, 2, 0, 0, 0, 1, 0, 0, 0, 0, 0, 0, 0, 1, 0, 0, 0, 0, 0, -1, 0, -2, 0, -1, 0, 1, 0, -2, 0, 1, 0, -1, 0, 0, 0, 0, 0, 1, 0, 1, 0, 0, 0, 0, 0, -1, 0, -1, 0, 0, 0, 124, 0, 75, 0, -74, 0, 28, 0, -304, 0, -205, 0, 338, 0, -275, 0, 190, 0, 403, 0, -239, 0, 585, 0, 55, 0, -341, 0, -263, 0, -287, 0, -264, 0, -675, 0, 324, 0, -376, 0, 1057, 0, 1488, 0, -528, 0, 1421, 0, -1116, 0, -872, 0, 820, 0, -2364, 0, -481, 0, -85, 0, 140, 0, 853, 0, 933, 0, 1395, 0, -417, 0, 1946, 0, -610, 0, -2210, 0, 230, 0, -2811, 0, 1141, 0, 763, 0, -1527, 0, 2425, 0, -126, 0, 1002, 0, 709, 0, -862, 0, -532, 0, -1742, 0, 1332, 0, -1676, 0, 42, 0, 2224, 0, -840, 0, 2762, 0, -963, 0, -1267, 0, 401, 0, -2081, 0, 1149, 0, -909, 0, 303, 0, 829, 0, -864, 0, 3357]
[0, 0, 0, 0, 0, 0, 0, 0, 0, 0, 0, 0, 0, 0, 0, 0, 0, 0, 0, 0, 0, 1, 0, 0, 0, -1, 0, 0, 0, 0, 0, 1, 0, 1, 0, 1, 0, -1, 0, -1, 0, 0, 0, -1, 0, 1, 0, 0, 0, 1, 0, 1, 0, 1, 0, 2, 0, 0, 0, 0, 0, 0, 0, 1, 0, 0, 0, 2, 0, 0, 0, -2, 0, 1, 0, 0, 0, 0, 0, 2, 0, 4, 0, 1, 0, 0, 0, 3, 0, 3, 0, 1, 0, 1, 0, -2, 0, -1, 0, 0, 0, 3, 0, 3, 0, 1, 0, 5, 0, 0, 0, 4, 0, 1, 0, -1, 0, 3, 0, -3, 0, 2, 0, 4, 0, 3, 0, 3, 0, 6, 0, 0, 0, 2, 0, 9, 0, 1, 0, 3, 0, 6, 0, -2, 0, -5, 0, 5, 0, -1, 0, 1, 0, 7, 0, 4, 0, 4, 0, 8, 0, 3, 0, 2, 0, 10, 0, 6, 0, 9, 0, 5, 0, 1, 0, 0, 0, 3, 0, 7, 0, -1, 0, 8, 0, 4, 0, 2, 0, 8, 0, -1, 0, 1, 0, 3, 0, 10, 0, 8, 0, 9, 0, 10, 0, 8, 0, 14, 0, 3, 0]
[0, 0, 0, 0, 0, 0, 0, 0, 0, 0, 0, 0, 0, 0, 0, 0, 0, 0, 0, 0, 0, 0, 0, 1, 0, 0, 0, -1, 0, 1, 0, 0, 0, 0, 0, 1, 0, -1, 0, -1, 0, 1, 0, 0, 0, 0, 0, 1, 0, -1, 0, 1, 0, 1, 0, 1, 0, 1, 0, 0, 0, 2, 0, -1, 0, 1, 0, 1, 0, -2, 0, 0, 0, 1, 0, 0, 0, 1, 0, 2, 0, -1, 0, 3, 0, 2, 0, -1, 0, 3, 0, 3, 0, -1, 0, 0, 0, 2, 0, -2, 0, 3, 0, 4, 0, -3, 0, 3, 0, 2, 0, -1, 0, 6, 0, 1, 0, 0, 0, 3, 0, 0, 0, -1, 0, 0, 0, 5, 0, 0, 0, 3, 0, 7, 0, 1, 0, 3, 0, 5, 0, 0, 0, 1, 0, 7, 0, -3, 0, 2, 0, 1, 0, -3, 0, 7, 0, 4, 0, 4, 0, 3, 0, 6, 0, 4, 0, 6, 0, 11, 0, -2, 0, 5, 0, 6, 0, -3, 0, 1, 0, 3, 0, -4, 0, 7, 0, 14, 0, -4, 0, 10, 0, 6, 0, -3, 0, 13, 0, 12, 0, -2, 0, 5, 0, 11, 0, -3, 0, 9, 0]
[0, 0, 0, 0, 0, 0, 0, 0, 0, 0, 0, -1, 0, 0, 0, 2, 0, 0, 0, -1, 0, 1, 0, 0, 0, 0, 0, 1, 0, 0, 0, 0, 0, -1, 0, -1, 0, 0, 0, 0, 0, 1, 0, 2, 0, 0, 0, 0, 0, 0, 0, -1, 0, 0, 0, 2, 0, 0, 0, 2, 0, 0, 0, -1, 0, 1, 0, 0, 0, 1, 0, 1, 0, -1, 0, 0, 0, 0, 0, -1, 0, 56, 0, 9, 0, -1, 0, -2, 0, -119, 0, -11, 0, -13, 0, 53, 0, 53, 0, 7, 0, 84, 0, -133, 0, 120, 0, 24, 0, -45, 0, -1, 0, -176, 0, 110, 0, -194, 0, 174, 0, 122, 0, -23, 0, 230, 0, -193, 0, -13, 0, -371, 0, 112, 0, 157, 0, -20, 0, 167, 0, -180, 0, 209, 0, -143, 0, 348, 0, -66, 0, -210, 0, 59, 0, -317, 0, 36, 0, -283, 0, 389, 0, -3, 0, 309, 0, 60, 0, -257, 0, 266, 0, -373, 0, 432, 0, -193, 0, 70, 0, -187, 0, -130, 0, 67, 0, -342, 0, 602, 0, -214, 0, 327, 0, -313, 0, -29, 0, 138, 0, -168, 0, 391, 0, -189, 0, 367, 0, -439, 0]
[0, 0, 0, 0, 0, 0, 0, 0, 0, 0, 0, 0, 0, 0, 0, 0, 0, 0, 0, 0, 0, 0, 0, 0, 0, 0, -1, 0, 0, 0, 1, 0, -1, 0, 1, 0, 1, 0, -1, 0, 0, 0, -1, 0, 0, 0, 1, 0, -1, 0, -1, 0, 0, 0, -1, 0, 1, 0, 1, 0, -1, 0, 0, 0, -1, 0, 0, 0, -1, 0, 0, 0, 3, 0, 2, 0, 0, 0, -1, 0, 42, 0, 12, 0, -87, 0, -14, 0, -101, 0, -41, 0, 224, 0, -59, 0, 91, 0, 125, 0, -127, 0, 224, 0, -90, 0, -165, 0, -155, 0, -206, 0, -78, 0, -202, 0, 328, 0, -39, 0, 543, 0, 594, 0, -440, 0, 482, 0, -570, 0, -289, 0, 298, 0, -990, 0, -78, 0, -253, 0, 155, 0, 544, 0, 426, 0, 600, 0, -242, 0, 723, 0, -488, 0, -771, 0, 212, 0, -1139, 0, 612, 0, 118, 0, -574, 0, 833, 0, -198, 0, 774, 0, 254, 0, -487, 0, -261, 0, -791, 0, 437, 0, -485, 0, 231, 0, 626, 0, -266, 0, 1101, 0, -458, 0, -363, 0, 48, 0, -578, 0, 657, 0, -646, 0, -40, 0, 412, 0, -498, 0, 1335]
[0, 0, 0, 0, 0, 0, 0, 0, 0, 0, 0, 0, 0, 0, -1, 0, 1, 0, 0, 0, 0, 0, 1, 0, -1, 0, 0, 0, -1, 0, 0, 0, -1, 0, 0, 0, 1, 0, 0, 0, 0, 0, 0, 0, -1, 0, -1, 0, 1, 0, 1, 0, -2, 0, -1, 0, 0, 0, -1, 0, -1, 0, -2, 0, 1, 0, -1, 0, -1, 0, 0, 0, -2, 0, 0, 0, 0, 0, 1, 0, -16, 0, -3, 0, 47, 0, 26, 0, 9, 0, -19, 0, -98, 0, -19, 0, -17, 0, -4, 0, 48, 0, -75, 0, 84, 0, 45, 0, 68, 0, 104, 0, -31, 0, 60, 0, -195, 0, -66, 0, -194, 0, -151, 0, 232, 0, -72, 0, 241, 0, -59, 0, -46, 0, 321, 0, -78, 0, 218, 0, -178, 0, -252, 0, -111, 0, -210, 0, 137, 0, -116, 0, 253, 0, 143, 0, -72, 0, 201, 0, -284, 0, 177, 0, 70, 0, -242, 0, 108, 0, -436, 0, -12, 0, 287, 0, 94, 0, 328, 0, -94, 0, -67, 0, -144, 0, -126, 0, 19, 0, -177, 0, 131, 0, -138, 0, 10, 0, 179, 0, -244, 0, 330, 0, 149, 0, -212, 0, 189, 0, -510]
[0, 0, 0, 0, 0, 0, 0, 0, 0, 0, 1, 0, 0, 0, 0, 0, -1, 0, -1, 0, -1, 0, 0, 0, 1, 0, -1, 0, -1, 0, 0, 0, 2, 0, -1, 0, 1, 0, 0, 0, 0, 0, 1, 0, 1, 0, 0, 0, 0, 0, -1, 0, 0, 0, 0, 0, -1, 0, 1, 0, 1, 0, 1, 0, 1, 0, 1, 0, 2, 0, -1, 0, 1, 0, 1, 0, 0, 0, -1, 0, -690, 0, -218, 0, 859, 0, -431, 0, 2076, 0, 1357, 0, -2995, 0, 1898, 0, -1675, 0, -3363, 0, 2212, 0, -3548, 0, -146, 0, 2876, 0, 2098, 0, 2704, 0, 2319, 0, 3704, 0, -3300, 0, 2443, 0, -8349, 0, -11076, 0, 4656, 0, -10961, 0, 8350, 0, 8858, 0, -6667, 0, 16762, 0, 4336, 0, 883, 0, 482, 0, -7171, 0, -8325, 0, -10002, 0, 2263, 0, -15166, 0, 5309, 0, 15429, 0, -2859, 0, 23517, 0, -8235, 0, -7531, 0, 12830, 0, -15040, 0, 1236, 0, -8330, 0, -6403, 0, 5112, 0, 4429, 0, 11259, 0, -8637, 0, 13235, 0, -1953, 0, -12814, 0, 5548, 0, -23103, 0, 8246, 0, 12553, 0, -2266, 0, 9443, 0, -9501, 0, 8235, 0, -2928, 0, -5855, 0, 7401, 0, -21411]
[0, 0, 0, 0, 0, 0, 0, 0, 0, 0, 0, 0, 0, 0, 0, 0, 0, 0, 0, 0, 0, 0, 0, 0, 0, -1, 0, -1, 0, 0, 0, 0, 0, 1, 0, 1, 0, 0, 0, -1, 0, 0, 0, 0, 0, -1, 0, 1, 0, -1, 0, -1, 0, 0, 0, -1, 0, -2, 0, -2, 0, 0, 0, -1, 0, 2, 0, 1, 0, -1, 0, -1, 0, -1, 0, 0, 0, -2, 0, 0, 0, -2, 0, -1, 0, -1, 0, -2, 0, 1, 0, -1, 0, -1, 0, -2, 0, -3, 0, -4, 0, -2, 0, 1, 0, -3, 0, -1, 0, 0, 0, -5, 0, 1, 0, 1, 0, -3, 0, 0, 0, 0, 0, -1, 0, -3, 0, -1, 0, -8, 0, -5, 0, -1, 0, -4, 0, -1, 0, -5, 0, -2, 0, -3, 0, -1, 0, -5, 0, -3, 0, -2, 0, -5, 0, 3, 0, -4, 0, -4, 0, -5, 0, -4, 0, -5, 0, -4, 0, -1, 0, -8, 0, -3, 0, -6, 0, -9, 0, -7, 0, -5, 0, -6, 0, 2, 0, 2, 0, -8, 0, -4, 0, -9, 0, -11, 0, -6, 0, 0, 0, -11, 0, -5, 0, 2, 0, -13, 0, -3, 0]
[0, 0, 0, 0, 0, 0, 0, 0, 0, 0, 0, -1, 0, 0, 0, 1, 0, 0, 0, 1, 0, 1, 0, 0, 0, -1, 0, -1, 0, 1, 0, -1, 0, 0, 0, 0, 0, -1, 0, 1, 0, -1, 0, 1, 0, 0, 0, 2, 0, 0, 0, -1, 0, 0, 0, -1, 0, -1, 0, -1, 0, 2, 0, -1, 0, 1, 0, -1, 0, -1, 0, 0, 0, 1, 0, 1, 0, 0, 0, -1, 0, 30, 0, 54, 0, -52, 0, 5, 0, 39, 0, -122, 0, 44, 0, -40, 0, -141, 0, 77, 0, 42, 0, 47, 0, 19, 0, 148, 0, 15, 0, 48, 0, 102, 0, -302, 0, 88, 0, -168, 0, -116, 0, 117, 0, -314, 0, 108, 0, 154, 0, 149, 0, 20, 0, 179, 0, -1, 0, -77, 0, 309, 0, -336, 0, -8, 0, -43, 0, -203, 0, -35, 0, -50, 0, -112, 0, 11, 0, 498, 0, -288, 0, 158, 0, 98, 0, -178, 0, 221, 0, 37, 0, 159, 0, -293, 0, 192, 0, -196, 0, -48, 0, 195, 0, -138, 0, 80, 0, -403, 0, -113, 0, -229, 0, 194, 0, 21, 0, 278, 0, 418, 0, -61, 0, 163, 0, -62, 0, 308, 0]
[0, 0, 0, 0, 0, 0, 0, 0, 0, 0, 0, 0, 1, 0, 0, 0, -1, 0, -1, 0, 0, 0, 1, 0, 0, 0, -1, 0, 1, 0, 2, 0, -1, 0, 1, 0, 0, 0, -1, 0, 0, 0, 1, 0, 1, 0, 0, 0, 1, 0, 1, 0, -1, 0, -1, 0, -1, 0, 0, 0, 0, 0, 1, 0, 0, 0, -1, 0, 2, 0, -1, 0, 1, 0, -1, 0, -1, 0, -1, 0, 330, 0, 117, 0, -460, 0, 165, 0, -972, 0, -613, 0, 1515, 0, -864, 0, 827, 0, 1547, 0, -1097, 0, 1749, 0, -42, 0, -1391, 0, -1071, 0, -1376, 0, -1059, 0, -1789, 0, 1791, 0, -1057, 0, 4126, 0, 5335, 0, -2444, 0, 5165, 0, -4192, 0, -4052, 0, 3151, 0, -8185, 0, -1914, 0, -657, 0, 7, 0, 3647, 0, 3991, 0, 4899, 0, -1242, 0, 7192, 0, -2778, 0, -7353, 0, 1409, 0, -11179, 0, 4196, 0, 3284, 0, -6051, 0, 7278, 0, -727, 0, 4387, 0, 2959, 0, -2722, 0, -2164, 0, -5627, 0, 4161, 0, -6071, 0, 1055, 0, 6090, 0, -2590, 0, 10955, 0, -4015, 0, -5633, 0, 1059, 0, -4639, 0, 4715, 0, -4253, 0, 1194, 0, 2977, 0, -3659, 0, 10554]
[0, 0, 0, 0, 0, 0, 0, 0, 0, 0, 0, 0, 0, 0, 0, 0, 0, 0, 0, 0, 0, 0, 0, 0, 0, 0, 1, 0, 0, 0, -1, 0, 1, 0, 0, 0, 0, 0, 0, 0, -1, 0, 0, 0, 0, 0, 0, 0, 0, 0, 1, 0, 1, 0, 1, 0, -1, 0, 0, 0, 0, 0, 0, 0, 2, 0, -1, 0, 2, 0, 1, 0, -2, 0, -1, 0, 2, 0, -2, 0, 79, 0, 7, 0, -111, 0, 68, 0, -227, 0, -127, 0, 334, 0, -182, 0, 193, 0, 350, 0, -233, 0, 288, 0, 29, 0, -318, 0, -206, 0, -254, 0, -340, 0, -265, 0, 339, 0, -248, 0, 927, 0, 1118, 0, -484, 0, 1091, 0, -793, 0, -1089, 0, 751, 0, -1594, 0, -512, 0, -14, 0, -274, 0, 738, 0, 911, 0, 971, 0, -106, 0, 1653, 0, -552, 0, -1584, 0, 440, 0, -2602, 0, 798, 0, 974, 0, -1446, 0, 1314, 0, -218, 0, 845, 0, 774, 0, -304, 0, -418, 0, -942, 0, 812, 0, -1581, 0, 311, 0, 1078, 0, -590, 0, 2587, 0, -864, 0, -1564, 0, 96, 0, -517, 0, 1088, 0, -813, 0, 430, 0, 478, 0, -785, 0, 1769]
[0, 0, 0, 0, 0, 0, 0, 0, 0, 0, 0, 0, 0, -1, 0, 1, 0, 0, 0, 0, 0, 0, 0, 0, 0, 1, 0, -1, 0, 1, 0, -1, 0, 0, 0, -1, 0, 0, 0, -1, 0, 0, 0, 0, 0, -2, 0, 2, 0, -1, 0, 1, 0, 0, 0, -1, 0, 1, 0, 0, 0, 2, 0, -2, 0, -1, 0, -1, 0, 0, 0, -1, 0, -1, 0, 0, 0, 0, 0, 0, 0, -3, 0, 1, 0, 0, 0, -2, 0, -3, 0, 3, 0, -2, 0, 0, 0, -2, 0, 2, 0, 0, 0, 1, 0, -3, 0, -1, 0, 0, 0, -3, 0, 0, 0, -3, 0, 0, 0, 0, 0, -2, 0, -5, 0, -5, 0, 0, 0, 2, 0, -1, 0, -2, 0, -2, 0, 0, 0, -3, 0, 2, 0, -8, 0, 5, 0, -5, 0, -2, 0, 0, 0, -2, 0, -5, 0, -4, 0, 2, 0, 1, 0, -4, 0, -6, 0, 0, 0, 4, 0, -2, 0, 7, 0, -10, 0, -1, 0, -7, 0, -8, 0, 0, 0, -8, 0, 6, 0, -10, 0, 7, 0, -10, 0, -1, 0, -4, 0, 2, 0, -4, 0, -3, 0, -3, 0, -7, 0, -3, 0]
[0, 0, 0, 0, 0, 0, 0, 0, 0, 0, 0, -1, 0, 1, 0, 0, 0, 0, 0, 0, 0, -1, 0, 1, 0, 1, 0, -1, 0, -2, 0, 1, 0, -1, 0, 0, 0, 0, 0, 0, 0, -1, 0, 0, 0, 0, 0, -1, 0, -2, 0, -2, 0, -1, 0, 0, 0, -1, 0, 0, 0, -1, 0, 1, 0, 0, 0, 0, 0, -1, 0, 0, 0, -2, 0, -1, 0, 0, 0, -1, 0, 87, 0, 6, 0, -23, 0, -187, 0, -297, 0, 46, 0, 91, 0, 482, 0, 199, 0, 49, 0, 46, 0, -496, 0, 254, 0, -450, 0, -159, 0, -238, 0, -405, 0, 374, 0, -513, 0, 1445, 0, 377, 0, 632, 0, 541, 0, -1452, 0, -112, 0, -1698, 0, 866, 0, -206, 0, -213, 0, 887, 0, -1090, 0, 1151, 0, -855, 0, 1809, 0, -29, 0, -595, 0, 626, 0, -2097, 0, 523, 0, -426, 0, 1993, 0, -286, 0, 69, 0, 140, 0, -1621, 0, 156, 0, -1570, 0, 1653, 0, -857, 0, 732, 0, -264, 0, -170, 0, 723, 0, 295, 0, 3632, 0, -2119, 0, 861, 0, -1966, 0, -1079, 0, -778, 0, -1294, 0, 2558, 0, -1754, 0, 1864, 0, -1909, 0]
[0, 0, 0, 0, 0, 0, 0, -1, 0, 0, 0, 1, 0, 0, 0, 0, 0, 1, 0, -1, 0, 1, 0, 2, 0, -1, 0, -1, 0, 0, 0, 1, 0, -1, 0, 0, 0, 0, 0, -1, 0, -1, 0, 1, 0, 0, 0, 1, 0, -1, 0, 0, 0, -1, 0, 0, 0, -1, 0, -1, 0, -1, 0, 2, 0, 1, 0, 0, 0, 0, 0, -2, 0, 0, 0, 0, 0, -1, 0, -1, 0, 121, 0, 108, 0, -72, 0, -179, 0, -191, 0, -169, 0, 153, 0, 440, 0, -71, 0, 115, 0, 53, 0, -361, 0, 270, 0, -159, 0, -71, 0, -126, 0, -134, 0, -179, 0, -341, 0, 1078, 0, 64, 0, 833, 0, -60, 0, -1313, 0, 147, 0, -1247, 0, 969, 0, 181, 0, -101, 0, 673, 0, -497, 0, 446, 0, -858, 0, 1695, 0, -508, 0, -625, 0, 459, 0, -2288, 0, 558, 0, 580, 0, 1479, 0, -5, 0, 295, 0, -197, 0, -1081, 0, 293, 0, -1306, 0, 1188, 0, -535, 0, 235, 0, -345, 0, -49, 0, 448, 0, 554, 0, 2907, 0, -2253, 0, 345, 0, -1404, 0, -943, 0, -161, 0, -566, 0, 2433, 0, -1412, 0, 1512, 0, -1187, 0]
[0, 0, 0, 0, 0, 0, 0, 0, 0, 0, 0, 0, 0, 0, -1, 0, 1, 0, 0, 0, 0, 0, 1, 0, 0, 0, 0, 0, -2, 0, 0, 0, -1, 0, 1, 0, -1, 0, -1, 0, 1, 0, -1, 0, 1, 0, 1, 0, 2, 0, 0, 0, 0, 0, 1, 0, 1, 0, -1, 0, -1, 0, 1, 0, -2, 0, 1, 0, -1, 0, 0, 0, -1, 0, -1, 0, 1, 0, 0, 0, -667, 0, -194, 0, 956, 0, -371, 0, 1999, 0, 1263, 0, -3167, 0, 1779, 0, -1682, 0, -3261, 0, 2306, 0, -3567, 0, 107, 0, 2922, 0, 2221, 0, 2906, 0, 2166, 0, 3626, 0, -3750, 0, 2180, 0, -8554, 0, -11065, 0, 5116, 0, -10791, 0, 8682, 0, 8560, 0, -6555, 0, 16959, 0, 4035, 0, 1411, 0, 72, 0, -7595, 0, -8396, 0, -10140, 0, 2500, 0, -14936, 0, 5806, 0, 15135, 0, -2957, 0, 23342, 0, -8629, 0, -6923, 0, 12648, 0, -14917, 0, 1438, 0, -9127, 0, -6247, 0, 5607, 0, 4563, 0, 11563, 0, -8474, 0, 12588, 0, -2313, 0, -12396, 0, 5313, 0, -22812, 0, 8395, 0, 11897, 0, -2168, 0, 9183, 0, -9773, 0, 8903, 0, -2480, 0, -6159, 0, 7687, 0, -21705]
[0, 0, 0, 0, 0, 0, 0, 0, 0, 0, 0, 0, 0, 0, 0, 0, 0, 1, 0, -1, 0, 0, 0, 1, 0, -2, 0, 0, 0, 0, 0, 0, 0, 1, 0, 1, 0, 1, 0, 1, 0, -2, 0, 0, 0, 1, 0, -1, 0, 1, 0, -1, 0, 1, 0, 0, 0, 0, 0, -1, 0, -1, 0, 1, 0, 2, 0, 0, 0, -1, 0, -1, 0, 0, 0, 1, 0, -2, 0, 0, 0, -36, 0, 60, 0, -50, 0, 17, 0, 223, 0, -133, 0, 72, 0, -152, 0, -258, 0, 95, 0, -70, 0, 239, 0, -155, 0, 194, 0, 104, 0, 85, 0, 384, 0, -545, 0, 390, 0, -500, 0, -310, 0, 129, 0, -731, 0, 477, 0, 223, 0, 750, 0, -171, 0, 64, 0, 55, 0, -386, 0, 699, 0, -743, 0, 199, 0, -597, 0, -177, 0, 257, 0, -158, 0, 406, 0, -62, 0, 998, 0, -975, 0, 286, 0, -244, 0, -356, 0, 678, 0, -272, 0, 773, 0, -1022, 0, 558, 0, -418, 0, 195, 0, 473, 0, -271, 0, 469, 0, -1497, 0, 326, 0, -730, 0, 751, 0, 112, 0, 282, 0, 784, 0, -783, 0, 584, 0, -665, 0, 1098, 0]
[0, 0, 0, 0, 0, 0, 0, 0, 0, 0, 0, -1, 0, 0, 0, 1, 0, 1, 0, 0, 0, -1, 0, 0, 0, 1, 0, 0, 0, 0, 0, 0, 0, -1, 0, 1, 0, -1, 0, 0, 0, -2, 0, -1, 0, 0, 0, -1, 0, 1, 0, 0, 0, 2, 0, 1, 0, 1, 0, 0, 0, -1, 0, 2, 0, 0, 0, -1, 0, 0, 0, -1, 0, -1, 0, -2, 0, 0, 0, 1, 0, -39, 0, 11, 0, 20, 0, 19, 0, 111, 0, -13, 0, -19, 0, -124, 0, -87, 0, -4, 0, -67, 0, 158, 0, -78, 0, 121, 0, 89, 0, 49, 0, 195, 0, -174, 0, 188, 0, -389, 0, -194, 0, -125, 0, -266, 0, 373, 0, 24, 0, 540, 0, -196, 0, 93, 0, 114, 0, -299, 0, 356, 0, -372, 0, 213, 0, -537, 0, -44, 0, 151, 0, -199, 0, 544, 0, -149, 0, 276, 0, -561, 0, 161, 0, -68, 0, -92, 0, 513, 0, -73, 0, 487, 0, -502, 0, 238, 0, -346, 0, 108, 0, 28, 0, -234, 0, 79, 0, -1058, 0, 564, 0, -325, 0, 573, 0, 264, 0, 298, 0, 387, 0, -693, 0, 527, 0, -645, 0, 662, 0]
[0, 0, 0, 0, 0, -1, 0, 0, 0, 2, 0, 0, 0, 0, 0, -1, 0, -1, 0, 1, 0, -1, 0, 1, 0, 2, 0, 1, 0, 0, 0, -1, 0, 0, 0, 0, 0, 0, 0, 1, 0, -2, 0, -1, 0, 1, 0, 0, 0, 1, 0, 0, 0, 1, 0, 0, 0, 1, 0, -1, 0, 1, 0, 0, 0, -1, 0, 0, 0, -1, 0, -1, 0, -1, 0, 1, 0, 1, 0, 0, 0, 89, 0, 36, 0, -74, 0, 1, 0, -149, 0, -90, 0, 106, 0, 144, 0, -6, 0, 99, 0, 175, 0, -249, 0, 98, 0, -68, 0, -137, 0, -55, 0, -234, 0, -3, 0, -225, 0, 492, 0, 302, 0, 322, 0, 131, 0, -418, 0, 134, 0, -781, 0, 240, 0, -24, 0, -238, 0, 423, 0, -305, 0, 316, 0, -320, 0, 787, 0, -24, 0, -239, 0, 334, 0, -878, 0, 264, 0, -42, 0, 537, 0, -75, 0, 166, 0, -86, 0, -701, 0, 101, 0, -607, 0, 432, 0, -75, 0, 475, 0, -193, 0, 339, 0, 333, 0, -147, 0, 1179, 0, -883, 0, 382, 0, -808, 0, -452, 0, -336, 0, -283, 0, 898, 0, -694, 0, 1011, 0, -763, 0]
[0, 0, 0, 0, 0, 0, 0, 0, 0, 0, 0, 0, 0, 0, 0, 0, 1, 0, 0, 0, -1, 0, 0, 0, 0, 0, 0, 0, 0, 0, 0, 0, 1, 0, 2, 0, -1, 0, 0, 0, 1, 0, -1, 0, 2, 0, 1, 0, -1, 0, 1, 0, 1, 0, 1, 0, 1, 0, 0, 0, -1, 0, 0, 0, 0, 0, 1, 0, 0, 0, -1, 0, 0, 0, -1, 0, 3, 0, -1, 0, -26, 0, 3, 0, 90, 0, 30, 0, 58, 0, 13, 0, -213, 0, 31, 0, -74, 0, -100, 0, 136, 0, -200, 0, 126, 0, 160, 0, 151, 0, 234, 0, 22, 0, 164, 0, -369, 0, -22, 0, -483, 0, -501, 0, 466, 0, -405, 0, 572, 0, 191, 0, -229, 0, 906, 0, 21, 0, 331, 0, -240, 0, -542, 0, -397, 0, -538, 0, 267, 0, -565, 0, 520, 0, 578, 0, -169, 0, 937, 0, -591, 0, 25, 0, 469, 0, -674, 0, 159, 0, -805, 0, -174, 0, 523, 0, 280, 0, 748, 0, -345, 0, 261, 0, -247, 0, -442, 0, 153, 0, -856, 0, 435, 0, 172, 0, -55, 0, 429, 0, -555, 0, 721, 0, 136, 0, -410, 0, 496, 0, -1246]
[0, 0, 0, 0, 0, 0, 0, 0, 0, 0, 0, 0, -1, 0, 0, 0, 1, 0, 0, 0, 0, 0, 2, 0, 2, 0, -1, 0, 0, 0, 0, 0, -2, 0, 1, 0, 1, 0, -2, 0, 0, 0, 0, 0, 0, 0, 0, 0, 1, 0, 1, 0, -1, 0, 0, 0, 2, 0, -1, 0, -1, 0, 0, 0, -1, 0, 1, 0, -1, 0, 0, 0, 0, 0, -1, 0, 0, 0, 0, 0, 791, 0, 288, 0, -1022, 0, 493, 0, -2482, 0, -1669, 0, 3685, 0, -2312, 0, 2035, 0, 4109, 0, -2777, 0, 4469, 0, 95, 0, -3492, 0, -2643, 0, -3438, 0, -2605, 0, -4694, 0, 4211, 0, -2928, 0, 10133, 0, 13632, 0, -5790, 0, 13528, 0, -10445, 0, -10592, 0, 8044, 0, -20823, 0, -5163, 0, -1350, 0, -102, 0, 8924, 0, 10200, 0, 12408, 0, -3038, 0, 18360, 0, -6588, 0, -18765, 0, 3231, 0, -28552, 0, 10263, 0, 8808, 0, -15515, 0, 18751, 0, -1334, 0, 10389, 0, 7652, 0, -6776, 0, -5549, 0, -14164, 0, 10623, 0, -15611, 0, 2306, 0, 15902, 0, -6605, 0, 27920, 0, -10192, 0, -14791, 0, 3079, 0, -12128, 0, 11445, 0, -10389, 0, 3278, 0, 7542, 0, -9086, 0, 26978]
[0, 0, 0, 0, 0, 0, 0, 0, 0, 0, 0, 0, 1, 0, -1, 0, 0, 0, 0, 0, -1, 0, -1, 0, -1, 0, 1, 0, 0, 0, 1, 0, 0, 0, 0, 0, -1, 0, 1, 0, -1, 0, -1, 0, 0, 0, -2, 0, -1, 0, 1, 0, 0, 0, -2, 0, -1, 0, -1, 0, -1, 0, -1, 0, 1, 0, -1, 0, -2, 0, 0, 0, -1, 0, 0, 0, -1, 0, 1, 0, 16, 0, -21, 0, -69, 0, 24, 0, -72, 0, -46, 0, 206, 0, -69, 0, 92, 0, 167, 0, -166, 0, 144, 0, -60, 0, -184, 0, -137, 0, -215, 0, -87, 0, -109, 0, 296, 0, -59, 0, 473, 0, 561, 0, -362, 0, 565, 0, -505, 0, -505, 0, 339, 0, -870, 0, -212, 0, -159, 0, -5, 0, 470, 0, 506, 0, 517, 0, -127, 0, 747, 0, -411, 0, -657, 0, 178, 0, -1280, 0, 465, 0, 340, 0, -686, 0, 603, 0, -80, 0, 602, 0, 344, 0, -316, 0, -304, 0, -557, 0, 339, 0, -565, 0, 237, 0, 384, 0, -192, 0, 1190, 0, -510, 0, -646, 0, 86, 0, -146, 0, 542, 0, -646, 0, 70, 0, 332, 0, -485, 0, 984]
[0, 0, 0, 0, 0, 0, 0, 0, 0, 0, 0, 0, 0, 0, -1, 0, 0, 0, 0, 0, 0, 0, 1, 0, 0, 0, 0, 0, -1, 0, -1, 0, -1, 0, -1, 0, -1, 0, -1, 0, -1, 0, -1, 0, -1, 0, -1, 0, -1, 0, 0, 0, 1, 0, 0, 0, -2, 0, 0, 0, 0, 0, -1, 0, 1, 0, -1, 0, 1, 0, 0, 0, -2, 0, -2, 0, -2, 0, 0, 0, -535, 0, -208, 0, 649, 0, -345, 0, 1658, 0, 1132, 0, -2397, 0, 1568, 0, -1347, 0, -2753, 0, 1822, 0, -2989, 0, -120, 0, 2307, 0, 1733, 0, 2225, 0, 1725, 0, 3166, 0, -2695, 0, 2017, 0, -6676, 0, -9075, 0, 3716, 0, -9054, 0, 6894, 0, 7040, 0, -5369, 0, 13839, 0, 3484, 0, 767, 0, 83, 0, -5812, 0, -6741, 0, -8224, 0, 1992, 0, -12257, 0, 4236, 0, 12553, 0, -2071, 0, 18947, 0, -6761, 0, -5935, 0, 10321, 0, -12604, 0, 788, 0, -6690, 0, -5091, 0, 4443, 0, 3656, 0, 9387, 0, -7160, 0, 10462, 0, -1382, 0, -10792, 0, 4436, 0, -18538, 0, 6730, 0, 9865, 0, -2145, 0, 8288, 0, -7517, 0, 6716, 0, -2284, 0, -4980, 0, 5956, 0, -18039]
[0, 0, 0, 0, 0, 0, 0, 0, 0, 0, 0, 0, 0, 0, 0, 0, 0, 0, -1, 0, 0, 0, 1, 0, 1, 0, 0, 0, 0, 0, 1, 0, -3, 0, 0, 0, 0, 0, -2, 0, 1, 0, 0, 0, 1, 0, 0, 0, 1, 0, 0, 0, -2, 0, 0, 0, 1, 0, 0, 0, -1, 0, 1, 0, -1, 0, 1, 0, 0, 0, -2, 0, 0, 0, -1, 0, 0, 0, -1, 0, -3, 0, 3, 0, 2, 0, -5, 0, -2, 0, 1, 0, 0, 0, -3, 0, 7, 0, -3, 0, -2, 0, 7, 0, -1, 0, 1, 0, -3, 0, -1, 0, -7, 0, -2, 0, 2, 0, -3, 0, -1, 0, 0, 0, 2, 0, -6, 0, 0, 0, -7, 0, -2, 0, 5, 0, 2, 0, 4, 0, -3, 0, 4, 0, 3, 0, -2, 0, -8, 0, 3, 0, -7, 0, -7, 0, 0, 0, -6, 0, 3, 0, 9, 0, 2, 0, -8, 0, -8, 0, -9, 0, -7, 0, 2, 0, 4, 0, 1, 0, 10, 0, 1, 0, -9, 0, -6, 0, -2, 0, 7, 0, 4, 0, 2, 0, -2, 0, -3, 0, -14, 0, -11, 0, 2, 0, -10, 0, 6, 0, -9]
[0, 0, 0, 0, 0, 0, 0, 0, 0, 0, 0, 0, 0, -1, 0, 1, 0, 1, 0, 0, 0, -1, 0, -2, 0, 1, 0, 0, 0, -1, 0, 0, 0, 1, 0, 1, 0, 0, 0, -1, 0, 0, 0, -1, 0, 0, 0, -1, 0, -1, 0, 0, 0, -2, 0, -2, 0, 1, 0, 0, 0, 0, 0, 2, 0, -1, 0, -1, 0, 2, 0, 0, 0, 0, 0, 0, 0, 1, 0, 0, 0, -102, 0, -69, 0, 108, 0, 123, 0, 134, 0, 122, 0, -166, 0, -332, 0, 42, 0, -155, 0, -90, 0, 313, 0, -155, 0, 199, 0, 121, 0, 130, 0, 153, 0, 128, 0, 225, 0, -947, 0, -193, 0, -726, 0, 49, 0, 958, 0, -160, 0, 1118, 0, -689, 0, 91, 0, 237, 0, -620, 0, 434, 0, -457, 0, 668, 0, -1360, 0, 209, 0, 401, 0, -508, 0, 1785, 0, -490, 0, -418, 0, -1081, 0, 47, 0, -14, 0, 166, 0, 1044, 0, -21, 0, 939, 0, -746, 0, 295, 0, -486, 0, 170, 0, -344, 0, -470, 0, -478, 0, -2282, 0, 1846, 0, -306, 0, 1323, 0, 901, 0, 476, 0, 492, 0, -1890, 0, 1249, 0, -1464, 0, 1025, 0]
[0, 0, 0, 0, 0, 0, 0, 0, 0, 0, 0, 1, 0, -1, 0, 0, 0, 0, 0, 0, 0, 0, 0, 0, 0, 0, 0, -1, 0, 2, 0, -2, 0, 0, 0, 1, 0, 2, 0, 2, 0, 0, 0, -1, 0, -1, 0, 0, 0, 1, 0, 1, 0, 1, 0, 0, 0, 1, 0, -1, 0, 0, 0, -1, 0, 0, 0, 0, 0, 0, 0, 2, 0, 0, 0, 0, 0, 1, 0, -2, 0, -36, 0, 45, 0, -48, 0, 46, 0, 220, 0, -118, 0, 51, 0, -175, 0, -246, 0, 84, 0, -51, 0, 256, 0, -168, 0, 210, 0, 98, 0, 94, 0, 362, 0, -505, 0, 394, 0, -590, 0, -277, 0, 44, 0, -676, 0, 596, 0, 210, 0, 820, 0, -268, 0, 42, 0, 45, 0, -412, 0, 719, 0, -772, 0, 301, 0, -719, 0, -115, 0, 304, 0, -194, 0, 597, 0, -105, 0, 897, 0, -1090, 0, 256, 0, -235, 0, -318, 0, 737, 0, -273, 0, 853, 0, -1098, 0, 619, 0, -389, 0, 205, 0, 470, 0, -299, 0, 369, 0, -1717, 0, 536, 0, -732, 0, 869, 0, 198, 0, 276, 0, 813, 0, -976, 0, 696, 0, -758, 0, 1149, 0]
[0, 0, 0, 0, 0, 0, 0, 0, 0, 0, 0, 1, 0, -1, 0, 1, 0, -1, 0, -1, 0, 1, 0, -1, 0, 0, 0, -1, 0, 2, 0, 1, 0, 1, 0, 0, 0, -1, 0, -2, 0, 2, 0, 1, 0, 1, 0, 0, 0, 0, 0, 1, 0, 0, 0, 0, 0, 0, 0, 0, 0, 0, 0, 0, 0, 0, 0, 1, 0, -2, 0, 0, 0, 0, 0, -1, 0, 1, 0, 2, 0, -34, 0, -7, 0, 18, 0, 52, 0, 114, 0, 2, 0, -39, 0, -155, 0, -79, 0, -12, 0, -45, 0, 181, 0, -96, 0, 138, 0, 73, 0, 65, 0, 173, 0, -137, 0, 202, 0, -483, 0, -156, 0, -209, 0, -214, 0, 497, 0, 16, 0, 608, 0, -282, 0, 74, 0, 102, 0, -333, 0, 388, 0, -413, 0, 305, 0, -637, 0, 12, 0, 192, 0, -228, 0, 736, 0, -196, 0, 179, 0, -683, 0, 129, 0, -62, 0, -50, 0, 576, 0, -89, 0, 572, 0, -599, 0, 312, 0, -304, 0, 116, 0, 53, 0, -268, 0, -22, 0, -1256, 0, 767, 0, -353, 0, 686, 0, 342, 0, 304, 0, 426, 0, -895, 0, 633, 0, -715, 0, 722, 0]
[0, 1, 0, 0, 0, -2, 0, 0, 0, 0, 0, 0, 0, 1, 0, 0, 0, 1, 0, -1, 0, 0, 0, 2, 0, -1, 0, -2, 0, -1, 0, -1, 0, -1, 0, 0, 0, -1, 0, 0, 0, 0, 0, -1, 0, 1, 0, 0, 0, 0, 0, 1, 0, 0, 0, -1, 0, 1, 0, 0, 0, 2, 0, 0, 0, 1, 0, 0, 0, 0, 0, 0, 0, -1, 0, 0, 0, 1, 0, 2, 0, -243, 0, 131, 0, -124, 0, 123, 0, 971, 0, -398, 0, 145, 0, -823, 0, -923, 0, 278, 0, -353, 0, 1173, 0, -761, 0, 823, 0, 503, 0, 402, 0, 1584, 0, -1949, 0, 1693, 0, -2507, 0, -1344, 0, -18, 0, -2778, 0, 2499, 0, 695, 0, 3689, 0, -1137, 0, 110, 0, 374, 0, -1920, 0, 2944, 0, -3104, 0, 1269, 0, -3377, 0, -465, 0, 1243, 0, -962, 0, 2823, 0, -656, 0, 3455, 0, -4409, 0, 1149, 0, -1182, 0, -1078, 0, 3352, 0, -1155, 0, 3714, 0, -4472, 0, 2328, 0, -1814, 0, 970, 0, 1630, 0, -1438, 0, 1670, 0, -7422, 0, 2547, 0, -3017, 0, 3652, 0, 1075, 0, 1234, 0, 3264, 0, -4402, 0, 3083, 0, -3698, 0, 4888, 0]
[0, 0, 0, 0, 0, 0, 0, 0, 0, 0, 0, 1, 0, -1, 0, 0, 0, 1, 0, -1, 0, -2, 0, 0, 0, 1, 0, -1, 0, 0, 0, 0, 0, 1, 0, -1, 0, 1, 0, 1, 0, 1, 0, 1, 0, 0, 0, -1, 0, -2, 0, -1, 0, 0, 0, -3, 0, -1, 0, 0, 0, 1, 0, -1, 0, 0, 0, 0, 0, -1, 0, 0, 0, 0, 0, -1, 0, -1, 0, -1, 0, -86, 0, 28, 0, 40, 0, 19, 0, 201, 0, -29, 0, -29, 0, -165, 0, -150, 0, -53, 0, -149, 0, 293, 0, -131, 0, 177, 0, 150, 0, 100, 0, 362, 0, -299, 0, 332, 0, -642, 0, -393, 0, -140, 0, -465, 0, 501, 0, 49, 0, 956, 0, -239, 0, 127, 0, 219, 0, -510, 0, 560, 0, -659, 0, 336, 0, -819, 0, -134, 0, 287, 0, -347, 0, 775, 0, -187, 0, 577, 0, -859, 0, 148, 0, -171, 0, -148, 0, 868, 0, -161, 0, 728, 0, -727, 0, 329, 0, -562, 0, 196, 0, -101, 0, -363, 0, 331, 0, -1570, 0, 734, 0, -628, 0, 1019, 0, 392, 0, 432, 0, 615, 0, -1016, 0, 770, 0, -1090, 0, 1097, 0]
[0, 0, 0, 0, 0, 0, 0, 0, 0, 0, 0, 1, 0, 0, 0, 0, 0, -1, 0, -1, 0, 0, 0, -2, 0, 0, 0, 1, 0, 1, 0, 1, 0, 0, 0, 1, 0, 0, 0, 0, 0, 0, 0, -1, 0, 1, 0, -1, 0, 2, 0, -2, 0, 1, 0, 1, 0, -1, 0, -2, 0, 0, 0, 1, 0, 0, 0, 0, 0, 0, 0, -1, 0, 1, 0, -1, 0, -1, 0, 2, 0, -157, 0, 43, 0, -29, 0, 89, 0, 542, 0, -116, 0, 32, 0, -447, 0, -424, 0, 74, 0, -249, 0, 648, 0, -432, 0, 364, 0, 267, 0, 193, 0, 837, 0, -883, 0, 930, 0, -1403, 0, -701, 0, -147, 0, -1321, 0, 1418, 0, 275, 0, 2088, 0, -709, 0, -25, 0, 207, 0, -1079, 0, 1473, 0, -1567, 0, 788, 0, -1931, 0, -85, 0, 813, 0, -546, 0, 1840, 0, -389, 0, 1581, 0, -2383, 0, 464, 0, -729, 0, -508, 0, 1802, 0, -723, 0, 2053, 0, -2374, 0, 1201, 0, -937, 0, 616, 0, 716, 0, -729, 0, 870, 0, -4029, 0, 1625, 0, -1612, 0, 2109, 0, 635, 0, 540, 0, 1580, 0, -2533, 0, 1726, 0, -2129, 0, 2653, 0]
[0, 0, 0, 0, 0, 0, 0, 0, 0, 0, 0, 1, 0, -1, 0, 0, 0, 0, 0, 0, 0, 1, 0, -2, 0, -1, 0, 1, 0, 1, 0, 1, 0, 1, 0, -1, 0, 1, 0, 0, 0, 0, 0, -1, 0, 0, 0, 0, 0, 2, 0, 0, 0, 0, 0, 2, 0, 1, 0, -1, 0, 0, 0, 1, 0, 0, 0, 0, 0, 0, 0, 0, 0, 0, 0, 1, 0, -2, 0, 3, 0, -51, 0, 40, 0, -23, 0, -17, 0, 206, 0, -72, 0, 61, 0, -72, 0, -206, 0, 56, 0, -124, 0, 217, 0, -137, 0, 78, 0, 100, 0, 41, 0, 363, 0, -415, 0, 363, 0, -332, 0, -312, 0, 175, 0, -605, 0, 280, 0, 152, 0, 632, 0, -77, 0, -20, 0, 77, 0, -321, 0, 511, 0, -575, 0, 148, 0, -436, 0, -126, 0, 241, 0, -115, 0, 254, 0, -15, 0, 890, 0, -680, 0, 162, 0, -341, 0, -254, 0, 528, 0, -325, 0, 605, 0, -782, 0, 402, 0, -318, 0, 243, 0, 307, 0, -185, 0, 658, 0, -1013, 0, 133, 0, -688, 0, 591, 0, -11, 0, 112, 0, 542, 0, -501, 0, 381, 0, -581, 0, 904, 0]
[0, 0, 0, 1, 0, 0, 0, -2, 0, 0, 0, 1, 0, 1, 0, 0, 0, -1, 0, -1, 0, -1, 0, 1, 0, -1, 0, 0, 0, 0, 0, -1, 0, 1, 0, -1, 0, 0, 0, 2, 0, -1, 0, 0, 0, 1, 0, -1, 0, 1, 0, 0, 0, 1, 0, -1, 0, -2, 0, 1, 0, 1, 0, -2, 0, -1, 0, 0, 0, 0, 0, 0, 0, 0, 0, -1, 0, 1, 0, -2, 0, 160, 0, 44, 0, -162, 0, -293, 0, -447, 0, -39, 0, 279, 0, 851, 0, 228, 0, 192, 0, 143, 0, -838, 0, 376, 0, -794, 0, -334, 0, -359, 0, -636, 0, 352, 0, -701, 0, 2530, 0, 700, 0, 1430, 0, 590, 0, -2507, 0, 75, 0, -2957, 0, 1521, 0, -562, 0, -616, 0, 1618, 0, -1737, 0, 1768, 0, -1582, 0, 3295, 0, -70, 0, -875, 0, 1322, 0, -3926, 0, 1104, 0, -191, 0, 3174, 0, -544, 0, -103, 0, 6, 0, -2910, 0, 34, 0, -2555, 0, 2447, 0, -1135, 0, 1575, 0, -387, 0, 347, 0, 1382, 0, 846, 0, 6239, 0, -4223, 0, 1196, 0, -3447, 0, -2181, 0, -1758, 0, -2019, 0, 4550, 0, -3310, 0, 3675, 0, -3229, 0]
[0, 0, -1, 0, -1, 0, 2, 0, 2, 0, -1, 0, 0, 0, -2, 0, 1, 0, 1, 0, -2, 0, 0, 0, -1, 0, 1, 0, 0, 0, 1, 0, 1, 0, -1, 0, 0, 0, 0, 0, -1, 0, 0, 0, -1, 0, -1, 0, -1, 0, 0, 0, -2, 0, 1, 0, -2, 0, 1, 0, -1, 0, 0, 0, 0, 0, -2, 0, -1, 0, 0, 0, -1, 0, 0, 0, 0, 0, 1, 0, -1426, 0, -583, 0, 2042, 0, -764, 0, 4523, 0, 3151, 0, -7139, 0, 4252, 0, -3820, 0, -7665, 0, 5401, 0, -8836, 0, 187, 0, 6583, 0, 5319, 0, 6909, 0, 4259, 0, 9342, 0, -8733, 0, 5197, 0, -19218, 0, -26080, 0, 11562, 0, -25632, 0, 20670, 0, 19035, 0, -14872, 0, 40448, 0, 9174, 0, 3664, 0, -1339, 0, -17585, 0, -19183, 0, -24104, 0, 6653, 0, -34183, 0, 13133, 0, 35267, 0, -5565, 0, 53336, 0, -20361, 0, -15043, 0, 28767, 0, -36519, 0, 2430, 0, -20985, 0, -13966, 0, 14607, 0, 10844, 0, 28174, 0, -20315, 0, 27838, 0, -4430, 0, -30566, 0, 12001, 0, -51854, 0, 19792, 0, 25985, 0, -6376, 0, 24751, 0, -21669, 0, 20878, 0, -5015, 0, -15445, 0, 17561, 0, -53446]
