72 3 5 52 51
[1, 1, 1, 1, -1, -2, 0, -1, 0, 1, -1, -2, 0, 2, 0, -1, 3, -3, 2, -2, -1, -1, 1, 0, -2, -2, 0, 2, -2, 0, 2, 4, -2, 7, -1, 0, -6, 1, -3, -4, 2, -1, -3, 0, -3, 2, -2, -1, 0, -3, -5, 1, 5, -1, -2, 3, 1, -4, -1, -2, 17, 34, 68, 23, 9, 18, -20, 19, 4, -37, -59, -13, -5, 7, -6, -10, -48, -18, 18, -15, 17, 32, 55, 42, -28, -30, -41, -8, -2, -32, -28, -77, 137, 21, 18, -50, -39, -66, -85, -18, -63, 49, 39, 79, -150, -14, 62, 48, 59, -17, 4, -45, 283, -16, 47, -82, -138, -22, -123, 142, 6, 128, -23, 71, -57, -27, 100, 10, -51, -63, 41, -126, 175, 82, 239, -12, -39, 42, -214, 176, 23, 63, -124, 58, -107, -34, 283, 67, -42, -98, -240, -229, 311, 103, 93, -140, -179, -92, -308, 31, -221, 152, 207, 54, 228, -89, 162, -117, -47, -200, -555, -164, 83, 69, 368, 116, -409, -127, -46, 116, -63, 133, -35, 54, 290, -294, 152, -14, -302, 134, -76, 87, 553, 313, 192, -27, -95, 30, -327, 153, -201, 207, -16, 147, 209, -310, 782, 9, -115, 314, -385]
[0, 0, 0, 0, 0, 0, 0, 0, 0, 0, 0, 0, 0, 0, 0, -1, 0, 1, 0, 0, -1, 0, 1, 1, 0, 0, 0, 0, 0, 0, 1, -1, 0, -1, 0, 0, 0, 0, -1, 0, 0, 1, 0, 0, -1, 0, 0, 0, 1, 0, -1, 0, 0, 0, 1, 0, 0, 0, -1, 0, 0, 0, 0, -1, 1, 1, 0, 0, -1, 0, 1, 2, 1, -1, -1, 0, 0, 0, 1, -1, 0, -1, 0, 0, 0, 0, 0, 5, 1, -4, 0, 0, 3, 0, -4, -4, 1, -1, -2, 0, -1, 0, -4, 6, 0, 4, -1, 0, 0, 0, 5, -2, 1, -3, -1, 0, 3, 0, 2, 3, -3, -1, 3, 0, -1, 0, -3, -2, 1, -2, 4, 0, -1, 0, 0, 4, -3, -3, -1, 0, 2, 0, -3, -8, -2, 5, 2, 0, -1, 0, -2, 5, 1, 3, -2, 0, -1, 0, 1, -8, -2, 3, -2, 0, 1, 0, 3, 4, -1, 4, 6, 0, 3, 0, 4, -12, 1, -2, 3, 0, -2, 0, -4, 9, -1, -1, 3, 0, 0, 0, -6, -12, -1, 3, -1, 0, 2, 0, 0, 10, -3, 7, -4, 0, 2, 0, 2, -4, 0, 0, 2]
[0, 0, 0, 0, 0, 0, 0, 0, 0, 0, 0, 0, 0, 0, 0, 1, 1, -1, -1, 0, 0, 0, 0, 0, 0, -1, -1, 0, 0, 0, 0, 0, 1, 1, 0, 0, -1, 0, 1, 1, 1, 0, -1, 0, 0, 0, 1, 0, 0, -1, 0, 0, -1, 0, 0, -1, 1, 1, 0, 0, -1, 0, 1, 1, 1, 0, -2, 0, -1, 0, 1, -1, 0, -1, -1, 0, -1, 0, 1, -1, 1, 1, -1, 0, -2, 0, 2, -4, -3, 5, 3, 0, -1, 0, 2, 0, 1, 5, 4, 0, -1, 0, 1, -2, -3, -3, -1, 0, 2, 0, -3, -3, -2, -1, 2, 0, -2, 0, -2, -1, 1, 4, -2, 0, 3, 0, 2, 4, -2, -2, -2, 0, 1, 0, -1, -3, -1, -1, 6, 0, 2, 0, -1, 4, 2, 3, 2, 0, 2, 0, -3, 3, -1, -2, 2, 0, 4, 0, -6, 3, 0, -6, -1, 0, 1, 0, -4, -2, -2, -7, -5, 0, 1, 0, -1, 8, 1, -2, 1, 0, 3, 0, 2, -2, -3, 4, 2, 0, 4, 0, -2, 4, 0, -2, 4, 0, -1, 0, -5, -3, -2, -6, 4, 0, 5, 0, -6, 0, -5, 3, -1]
[0, 0, 0, 0, 0, 0, 0, 0, 0, 0, 0, 0, 0, 0, 0, 0, 1, -1, -1, 1, 0, 0, 1, -1, 0, 0, -1, 1, 0, 0, 0, 0, 0, 0, 0, 1, -1, 0, 0, 0, 1, 0, 0, -1, 0, 1, 0, 0, 1, 0, -1, 1, -1, -1, -1, -1, 0, -1, 0, 0, -3, 0, 8, -1, 2, 2, 0, 0, 5, 5, -8, 1, 3, -7, -5, 5, -10, 4, 4, -4, -3, -7, 7, 0, 0, 8, 1, -8, 5, -3, -2, 5, 3, 6, 5, -2, -4, -4, -1, 4, -1, 7, -2, -11, -5, 2, -6, 7, 5, -1, 12, -3, -2, -6, 12, 9, 0, -6, -12, -11, 3, 4, -12, -5, 5, 7, -5, 6, -10, -7, 26, 9, -5, 11, -6, 1, 8, -18, -4, 1, 8, 14, 2, -12, 7, -4, -2, 3, -10, 9, -1, -1, -12, -10, -12, 15, -2, 12, 12, -12, 12, -9, 4, 16, 17, -1, -11, -15, -5, -17, -11, 23, -7, 10, 8, -18, -8, -6, 16, 10, 11, 16, -13, -16, -7, -5, -5, 23, 14, 17, 2, -4, 0, -14, 14, 8, -1, 16, -25, -19, -1, -20, -4, 10, -9, 0, 16, -5, 9, -8, 24]
[0, 0, 0, 0, 0, 0, 0, 0, 0, 0, 0, 0, 0, 0, 0, 0, -1, 0, 0, 0, 0, 1, 1, 0, 1, 0, 0, -1, 0, 1, 0, 1, 1, 0, 0, 0, 0, -2, 0, 0, -1, 1, 0, 0, 0, 0, 0, -1, -1, 0, 0, 0, -1, 0, -1, 0, 1, -1, 1, -1, 1, 1, 7, 5, 9, 1, 3, 5, 0, 0, -11, 0, -5, 7, -11, -7, -9, -1, 12, -1, -7, 1, 28, 1, 17, -9, -13, -1, 8, -5, -32, 10, 13, 11, 5, 0, -4, -4, 17, 1, -30, 5, 7, 1, 7, -4, -3, 6, 8, -2, 12, 10, 19, 21, 4, -17, 5, -9, -40, 0, -29, 12, -7, 3, 7, -18, 41, 8, -6, 3, 15, 1, 20, 16, -14, -10, 31, -13, -26, 6, -24, 11, 25, 9, -2, -30, 12, 9, -12, 21, -34, 9, -1, 27, 15, -27, 22, -9, 30, -6, -29, 26, 31, 9, 31, -38, -29, 17, 14, 18, -53, 5, -23, -4, 30, -10, 26, 1, 37, 0, -31, 12, 20, 13, 17, -34, -22, 7, 14, 42, -17, 18, -2, 12, 50, -28, 45, 9, -26, -12, -59, -3, -27, 32, 9, -34, 44, 34, 27, 37, 28]
[0, 0, 0, 0, 0, 0, 0, 0, 0, 0, 0, 0, 0, 0, -1, 0, 0, 0, 0, 1, 0, -1, 0, 1, 1, 0, 0, -1, 0, 1, 0, 0, 0, -1, 0, -1, 0, -2, 0, 0, -1, 0, 0, 0, 0, 0, 0, 0, 0, 1, -2, -1, 0, 0, 1, 0, -1, 0, 0, -1, 2, -3, -2, -1, -2, 1, 0, 1, 0, -1, 1, 2, -1, 2, 0, -2, -2, 1, -2, -1, 1, 1, 0, -6, 0, -5, 2, 2, -2, -1, 2, -3, -2, 1, -1, -1, -5, 2, -4, -2, -4, -2, -1, 1, -1, 4, 2, -4, -2, -2, -3, 1, 0, 1, -4, 0, 2, -4, 1, 3, -1, 1, 4, -4, -4, -2, -7, -1, 2, 1, -2, -10, -10, -6, 3, 6, 2, -1, -2, -4, -2, -8, -6, -1, -1, 0, -6, -7, 0, -8, 3, 5, -6, 2, 2, -4, -2, -9, -7, -1, -2, 5, -14, -7, 4, -7, 3, 3, 3, 4, 6, -6, 4, -15, -7, -2, 1, 4, -12, -9, -2, -8, 1, 8, -3, 0, 6, -12, -12, -11, -12, 2, -7, 1, -10, -10, -4, -14, 5, 11, -7, 8, 6, -9, 2, -6, -12, 4, -7, 3, -14]
[0, 0, 0, 0, 0, 0, 0, 0, 0, 0, 0, 0, 0, 0, 0, 0, 0, 1, 0, 0, 0, -1, 0, 1, 0, -1, 0, -1, 0, 1, 0, -1, 0, 0, 0, 1, 0, 1, 0, 0, 0, -1, 1, 1, 0, 1, 1, 0, 1, 1, -1, 0, 1, 0, 1, 0, -1, -1, 1, 1, 1, -3, -2, -1, 1, 0, -1, -2, -2, 3, -2, -2, 0, 4, 1, 5, -1, -1, 3, 6, 0, 0, 2, -2, 4, 1, 2, -1, 3, 1, 1, -3, 0, -3, 4, 1, -1, -4, -2, 0, 1, 0, -6, 0, 0, 6, -6, -2, -4, 6, 1, 7, -5, 0, 6, 9, 5, 0, 1, 2, 7, 1, 7, -7, 6, 2, 0, -8, 5, -4, 5, 3, -10, -6, 6, 3, -4, 3, -10, 2, 7, 5, -6, 3, -4, 4, 0, 4, -7, 3, 9, 4, 8, 2, 5, 7, 12, 9, 0, -8, 14, -4, 2, -3, 3, -3, 4, -2, -14, -7, 5, 5, -6, -4, -5, 0, -1, 12, -6, -2, 11, 3, 1, 11, 1, 6, 7, 10, -8, 4, 7, -2, 13, 11, 4, 0, 15, 3, 3, 4, 2, -14, 7, -7, -7, -5, 4, -1, -6, 2, -5]
[0, 0, 0, 0, 0, 0, 0, 0, 0, 0, 0, 0, 0, 0, 0, 0, 0, 1, 0, -1, 0, -1, 1, 1, 0, 0, 0, 0, 0, 0, 0, 0, -1, 0, -1, 0, 0, 1, 0, 0, 1, 1, 1, 1, 0, 1, 0, 0, 2, -1, 0, 0, 0, 0, 0, -1, -1, 1, -1, 1, -14, -6, 8, -1, 13, -4, 13, -2, 26, 0, -17, 4, -1, 20, -39, 7, -26, 15, 2, 1, -50, -12, 52, -19, 37, -17, 39, 9, 44, -13, -25, 6, -3, 8, -41, 27, -1, 13, -10, -19, -33, -26, -3, -20, 37, 18, 14, -4, -26, 10, 28, 25, -24, 62, -1, 18, 46, -27, -31, -44, -12, -44, 15, 1, 17, -23, 49, 32, -44, -9, 0, 58, -18, 63, -59, -22, 68, -54, 7, -77, 47, 19, 48, -2, 6, 5, -77, 14, -61, 70, -34, 78, -114, 68, 40, -58, 66, -107, 154, -13, 65, 3, 34, 12, -18, -87, -132, 94, 37, 73, -26, -2, -73, -50, -74, -96, 142, -1, 74, -47, -62, 71, 22, 23, -82, 58, -24, 110, 68, 90, 44, -38, -93, -79, 77, -24, 138, -43, 54, -26, -113, -48, -108, 99, 10, -25, -110, 69, 72, -9, 56]
[0, 0, 0, 0, 0, 0, 0, 0, 0, 0, 0, 0, 0, 0, 0, 0, 0, 1, 0, 0, 0, -1, 0, 0, -1, 0, 0, 0, 0, 1, 1, -1, 1, -1, 0, 1, 0, 0, -1, 0, 1, 0, 1, 0, 0, 0, 0, 0, -1, 1, -1, 1, 0, 0, 2, 0, 0, 0, 0, -2, 0, 1, -2, 2, 1, 0, 2, -1, 0, -1, -1, -2, 0, 0, -1, 4, 2, 2, 2, 1, 0, -3, 0, -2, -2, 0, 0, 3, 0, 1, 2, -1, 2, 0, 0, 0, 3, 2, -2, 1, 2, 0, -1, 3, -1, 1, -1, -2, -4, 2, 2, 2, -2, 1, 1, 0, 4, -1, 0, 1, 1, -3, 2, -1, 2, 1, -2, -1, 4, -1, 0, 5, -4, 0, 5, 1, -1, 4, -1, 4, 6, 0, 3, 2, -5, 4, 2, -5, -4, 1, 1, -5, 7, 3, 0, 4, 4, 4, -2, -1, 6, -6, 2, 3, 0, 4, 0, -1, -6, -2, 4, 5, -2, -2, 3, 2, 1, 2, 3, -4, 10, 0, 2, 1, 3, 5, -1, 0, -6, 0, 0, -4, 2, 7, 3, 9, 2, 5, -1, 5, -2, 1, 1, 0, 8, -3, 5, -5, 2, 0, 0]
[0, 0, 0, 0, 0, 0, 0, 0, 0, 0, 0, 0, 0, 0, 1, -1, 0, 0, 0, 0, 0, 0, 0, 0, 0, 1, 0, 0, -1, -1, 0, -1, -1, 1, -1, 1, 0, 1, 1, 1, 1, 0, 0, 0, -1, 0, -1, 0, 1, 1, 1, -1, 0, -1, 0, 1, 0, -1, -1, 0, -1, 1, 1, -1, 1, -3, -1, -1, -2, 1, -1, 3, 2, 1, 1, 0, 1, -1, 1, -2, -1, 1, -2, 2, 1, 1, 0, 3, 2, -3, -2, -1, -2, 0, -1, 0, 1, -3, 1, -1, 5, 0, -1, 3, 1, -2, 1, 0, 1, -1, 0, -5, -1, -3, -1, -2, 0, 1, 2, 6, 0, -2, 1, 1, 2, -1, -1, -7, -2, 4, 0, 3, 4, 0, 1, 4, -1, 6, -1, 0, -1, 0, 1, -6, -5, 1, 1, -1, -1, -1, -3, 6, -1, -3, 0, 0, -1, 1, -3, -4, -2, 3, 3, -1, 0, 1, 0, 9, -2, 5, 2, 1, -2, 3, 0, -6, 0, 0, 1, -2, -2, -3, -2, 5, 0, 3, 1, 0, 1, 0, 0, -12, -6, 2, -3, 3, -2, 3, 1, 6, -2, 1, 2, 0, -2, -4, -2, -9, 3, 0, 7]
[0, 0, 0, 0, 0, 0, 0, 0, 0, 0, 0, 0, 0, 1, 0, -1, 0, -1, 1, 0, -1, 0, 0, 0, 0, 1, 1, 0, 0, 1, 0, 0, -1, 0, -1, 0, 1, 0, 0, 0, -1, -1, 0, 1, 0, 0, 0, 0, 1, -1, 1, -1, -1, 1, -1, 0, -1, 1, 1, 0, 4, 3, 5, -4, 1, -2, -2, 3, 2, -3, -9, 4, -3, 0, -4, 4, -3, 5, 9, -9, -1, 0, 7, 7, 2, 0, -3, -4, 8, -15, -12, 6, 3, 9, -4, -3, -3, -6, 9, 7, -6, 6, 0, -2, -1, -4, 5, 4, 7, 3, 1, -5, 15, 2, -2, -2, -1, 2, -9, -1, -10, -3, -9, 11, -5, -6, 11, -6, -2, -6, 13, 9, 8, 12, 0, -5, 8, -7, -12, 5, -7, 16, 5, -17, -7, -16, 11, 14, -3, 12, -10, 3, -4, -6, -3, -2, 6, 9, 15, -18, 8, 6, 12, 11, 0, 2, -14, 2, 11, 1, -22, 10, -7, 10, 13, -22, 4, -18, 19, 6, -13, 18, -7, 0, -8, -28, -11, 17, 14, 29, 11, -14, -18, -15, 8, 3, 7, 31, -5, -18, -3, -4, -7, 27, 4, -5, 15, -11, 13, -12, 9]
[0, 0, 0, 0, 0, 0, 0, 0, 0, 0, 0, 0, 0, 0, 0, 0, 0, 0, 0, 1, 1, -1, -1, -1, 0, 1, 1, 0, -1, 0, 0, 1, 0, 0, 0, 1, 1, 0, 0, -1, 0, -1, 0, -1, 1, 1, 0, 1, -1, 2, 0, 0, 0, -1, 1, 1, 0, 0, 0, 0, 2, 0, 0, 1, -1, -1, 2, 0, 0, 2, -2, -3, 1, 0, 2, 3, 1, 2, -1, 4, 0, -1, 1, -2, 1, 0, 2, -1, -1, 3, 1, -3, -3, 3, 4, 6, 1, -1, -3, -1, 6, 2, 1, -4, 2, 0, 2, 0, -4, 3, 1, 5, -1, 1, 4, 5, 0, -1, 0, -1, 5, -5, 2, 0, 3, 3, -3, -1, 1, 6, 3, 2, -4, 2, 1, 0, 5, 6, -5, 4, 5, -5, 10, 11, -2, 3, -2, -6, -1, 0, 7, -12, 3, 4, 2, 9, 3, 4, -5, 12, 8, -4, 2, 3, 5, 4, 3, -4, -3, -3, 7, 6, -3, -1, 1, 12, -1, 5, -2, -1, 12, -2, 0, -7, 11, 15, -5, 2, -5, 4, 6, 4, 3, 3, 7, 11, 0, 6, 7, 0, 5, -6, 1, 0, 3, 3, 9, 5, 4, 2, 9]
[0, 0, 0, 0, 0, 0, 0, 0, 0, 0, 0, 0, 1, -1, 1, 0, 0, -1, -1, 0, 0, 1, 0, 0, 1, 0, -1, 0, -1, -1, 0, 1, 1, 1, -1, 1, -1, 1, 0, 0, 1, 0, -1, 1, -1, 0, 0, 1, 0, 0, 1, 0, -1, 0, 0, 0, 0, 1, 1, 0, -1, 1, 2, -1, 2, 0, -3, 0, -1, 1, 2, 0, 3, -2, 2, -2, -2, -2, -2, 1, 0, 2, 1, 0, -1, 3, 0, -3, -1, 3, 1, 2, -2, -1, 3, 2, 2, 1, 5, -3, 2, 2, 0, -3, -3, 0, 2, -1, 6, -4, 5, -2, -3, -4, 1, -1, 0, 6, 4, 0, 4, 1, -3, -4, 4, 0, -1, 2, -1, 3, -2, 4, 7, -6, 0, 0, -6, -2, 3, 2, 0, 6, 0, 5, -1, 7, -5, 3, 3, 4, 4, 1, 0, 2, -2, 7, -2, 0, -5, 8, 2, -1, 2, -2, 3, 1, -4, -1, -7, -4, 1, 8, 1, 3, -1, 6, -2, -1, 6, 3, 1, 3, -6, -1, 4, 13, 1, -2, 7, -7, -6, 0, 3, -3, 9, 9, -3, -3, -2, 2, 5, -6, 2, -2, 1, 14, -8, 6, 2, 5, 14]
[0, 0, 0, 0, 0, 0, 0, 0, 0, 0, 0, 0, 0, 0, 0, 0, 0, 0, 1, -1, -1, 0, 0, 0, 0, 1, 0, 0, 1, 1, 0, 0, 0, -1, -1, 1, -1, 0, 0, 0, 0, -1, 0, -1, 0, 0, 0, 0, 0, 1, 0, 1, 1, 0, 2, -1, -2, -1, -1, 1, 0, 1, 0, 0, 2, 1, 1, -2, 0, -2, -2, 1, -2, 2, 1, 1, 2, -1, 0, -1, 0, -1, -2, 1, -1, 1, 0, 2, 2, -2, -2, 1, 2, -2, -2, 1, 0, -1, 0, 1, -1, -3, 2, -2, 0, 1, 1, -2, 1, 2, 2, 2, 4, 2, 2, 0, -1, -1, -4, 0, -2, 1, 1, 0, 0, -2, -4, -1, 4, 0, -1, -1, -2, 1, 0, 1, -2, -4, -1, 2, -1, 3, 2, -1, 2, -2, -1, 1, -2, 1, 4, -2, -2, 1, 2, -2, 0, 3, 2, -1, 0, 4, 2, 1, 0, 2, -2, 0, -4, 0, 2, 0, 0, -2, -2, -2, -2, 1, -1, -1, 1, 2, -2, 0, -4, 0, -3, 2, 1, -2, 4, 2, 0, -5, -1, -3, -1, 2, 0, 4, 4, 4, 4, -3, 1, -3, 4, 3, -4, 0, 1]
[0, 0, 0, 0, 0, 0, 0, 0, 0, 0, 0, 0, 0, 0, 1, -1, 0, -1, 0, 0, 0, 0, 0, 0, 1, 1, 0, 0, -1, 1, 0, 0, -1, 1, -2, 0, -1, 1, 0, 1, 0, -2, 0, 0, 0, -1, 0, 0, 0, 0, 1, -1, -1, 0, -1, 0, 0, 1, 0, 1, 1, 1, 3, -3, 2, -3, -1, 2, -3, -2, -3, 0, 1, 1, -3, 4, -1, 2, 3, -4, 2, 1, -2, 1, -2, 0, -1, -4, -1, -7, -5, 0, -3, 3, 3, 3, 1, -6, 6, 2, 7, 3, -4, -2, -2, -7, 2, -2, 3, 2, -2, -7, 0, -4, 4, 1, 0, 4, -5, 3, 0, -5, -4, 2, 1, -3, 0, -11, -3, 3, 1, 5, 3, 1, 0, -2, -3, 2, -10, 2, -5, 2, 7, -9, -8, -5, 4, 5, -2, 3, -4, -1, -3, -8, -5, 3, 0, 4, -4, -8, 4, -4, 8, 4, 1, 7, -10, 2, -1, -2, -7, 8, -9, 6, 0, -8, -4, -11, 6, 0, -9, 3, -9, -4, -6, 1, -7, 4, 5, 8, 9, -16, -14, -11, 6, 6, 3, 6, -7, -5, -5, -17, -8, 7, 0, 5, 1, -11, 0, -9, 15]
[0, 0, 0, 0, 0, 0, 0, 0, 0, 0, 0, 0, -1, 1, 0, 0, 1, 0, 0, 0, 0, 0, 0, 0, -1, 0, 1, 0, 0, 0, 0, 0, 1, 0, 1, -1, -1, 0, 0, 1, -1, 1, 2, 0, 2, 1, 1, 0, 1, 0, -1, -1, 0, 0, 0, -1, 0, -1, 0, 0, 19, 2, 2, 7, -4, 2, -16, -1, -29, -1, 5, -4, -15, -6, 26, 4, 23, -10, 20, 7, 53, 18, -23, 15, -20, 7, -47, -15, -29, 9, 3, -10, 10, -5, 33, -8, 8, -10, 23, 14, 2, 17, 12, 21, -29, -23, -22, 1, 26, 4, -26, 4, 31, -27, 15, -5, -35, 18, 0, 27, 2, 47, 4, -9, 14, 5, -20, -30, 25, 12, 14, -27, 23, -42, 56, 17, -43, 42, -46, 61, -42, -24, -8, 13, -32, -19, 71, -7, 39, -27, 16, -37, 125, -21, -13, 27, -19, 94, -123, 12, -30, 10, 14, -25, 18, 36, 85, -61, -32, -34, -2, -2, 13, 21, 90, 96, -90, 22, -26, 35, 58, -72, -13, 7, 66, -44, 10, -61, -46, -21, -47, 50, 95, 86, -20, 2, -42, 66, -54, -12, 41, 16, 70, -73, 10, 2, 163, -47, -63, 26, -58]
[0, 0, 0, 0, 0, 0, 0, 0, 0, 0, 0, 0, 0, 0, 0, 0, 0, -1, 1, 0, 0, 0, 0, -1, 1, 1, -1, 0, 0, 0, -1, 1, -1, 1, -1, 0, -1, 0, 1, 1, -1, 0, 0, 0, 1, -1, 0, -1, 1, -1, 1, -1, 0, 1, 0, 0, 0, -2, 0, 1, -1, 0, 0, -1, -1, 1, -1, 0, 1, -1, -1, 2, -2, 1, 0, -2, -1, 0, 0, -1, 2, 2, -1, 1, 1, 0, 0, -1, 0, -1, -3, 0, -1, 0, 0, 1, -5, -5, 3, 0, -1, -1, 3, -4, 3, -4, 4, -2, 4, -1, -4, -1, 4, 1, -1, -1, -5, 2, -2, -1, -3, 5, -4, 4, -1, -3, 0, 0, -2, 3, -2, -5, 3, -1, -3, -1, 3, -4, 1, -2, -7, 2, 3, -4, 5, -6, -1, 5, 2, -3, -1, 4, -9, -5, 2, -5, -5, -2, -2, 1, -4, 9, -2, -2, 0, -1, -4, 4, 4, 4, -3, -2, 1, 0, -3, -2, -3, 0, -6, 2, -8, 0, 0, -5, -7, -5, -1, 0, 6, -1, 4, 8, -4, -11, -1, -8, -2, -4, -3, -6, 2, 2, 3, 3, -5, -2, 1, 4, -4, -2, 0]
[0, 0, 0, 0, 0, 0, 0, 0, 0, 0, 0, 0, -1, 1, 0, 0, -1, 1, 1, 0, 0, -1, 0, -1, 0, 1, 0, -1, 0, 1, 1, -1, 0, 0, -1, -1, 0, 0, 1, 0, 0, -1, 2, 1, 0, -1, 0, -1, 0, -1, 0, 0, 0, 0, 0, 0, 1, -1, -1, -1, -1, 1, -2, 2, -1, 0, 1, 0, 2, -3, -1, 0, -1, 2, -3, 1, 0, 1, 2, 0, 0, -2, -2, 0, 2, -2, -2, 3, 4, -3, -2, -1, 1, 0, -2, 1, -3, -4, -2, 6, 0, -2, -1, 2, 2, -4, 1, 2, -3, 0, -8, 3, 2, 6, -6, -5, 2, -1, -4, -1, -4, 3, -3, 3, -1, 1, 4, -1, -1, -2, 1, -1, -2, -2, 3, -4, 5, 1, 1, -2, -5, 3, -1, -4, -5, -8, 7, 0, 2, -2, -3, -4, 3, -2, 4, -7, -3, -5, 2, -7, -2, 2, 0, -1, -2, 2, 2, 2, 1, 3, -2, -5, 0, -3, -3, -2, -4, 2, 3, -6, -2, 0, 8, -3, -10, -8, 3, -2, -4, -1, 8, 4, -1, 1, -1, -6, 2, 1, -7, -7, -7, 2, 0, 3, 2, -6, -1, -4, -6, -2, -9]
[0, 0, 0, 0, 0, 0, 0, 0, 0, 0, 0, 0, 0, 0, 0, 0, 0, 0, -1, 0, 0, 0, 0, 0, -1, -1, 0, 0, 0, -1, 0, -1, 0, 0, 0, -1, 0, 0, -1, 0, 0, 0, 0, 0, -1, -1, -1, 0, -1, -1, 0, -1, -1, -1, -2, -2, 0, 0, -1, -2, -2, -1, -1, 0, -1, -2, -2, -1, -2, -1, -1, -2, -1, -3, -3, -2, -2, -2, -1, -3, -3, -3, -2, -2, -3, -2, -2, -3, -3, -2, 0, -3, -2, -3, -4, -4, -1, 0, -3, -3, -4, -2, -5, -1, -6, -3, -5, -2, -4, -5, -3, -6, -6, -5, -6, -6, -3, -4, -2, -5, -4, -5, -7, -5, -4, -4, -2, -1, -7, -9, -5, -3, -4, -6, -5, -9, -7, -5, -3, -8, -5, -7, -9, -6, -8, -2, -4, -7, -6, -7, -11, -5, -5, -6, -10, -8, -7, -10, -10, -9, -8, -11, -9, -9, -11, -10, -6, -9, -7, -11, -12, -11, -10, -7, -7, -10, -6, -15, -9, -10, -13, -12, -8, -9, -10, -13, -9, -12, -12, -10, -16, -16, -11, -7, -13, -11, -13, -13, -13, -15, -17, -12, -16, -12, -10, -14, -18, -15, -13, -12, -18]
[0, 0, 0, 0, 0, 0, 0, 0, 0, 0, 0, 0, 0, 0, 0, 0, 0, 0, 0, 0, 0, 0, 1, -1, 0, 1, 0, 1, 0, 0, 0, 1, 1, 0, -1, 0, -1, -1, 0, -1, 0, 1, 1, 1, 0, 1, 1, 1, 1, -1, -1, -1, 0, 0, 0, -1, 2, 1, 1, -1, 0, 2, 2, 5, -1, 1, 0, 1, 1, -2, 0, -1, 0, -2, 0, 1, 0, 5, 3, 2, 2, 2, 2, 0, 1, 1, -3, -3, 2, -1, -2, 2, 4, 1, -1, 6, 3, 0, 4, 3, -3, 0, 4, -2, -2, -3, 4, 0, 2, 0, 3, 7, 4, 8, 1, -1, 3, 5, 3, -7, 0, 7, -5, 0, 4, -1, -1, 13, 2, -2, 1, 8, 5, 0, 2, -6, 2, -4, 7, 2, -2, 3, 4, 7, -3, 2, 5, 1, 6, 6, 4, -4, 4, 11, 3, -1, 2, 3, -2, 8, 4, 5, 4, 6, 2, 1, 3, 0, 6, 1, 3, 6, 6, 4, 1, 10, 1, 2, 6, 2, 0, 9, 8, -3, -2, 5, 9, 2, 10, 2, 1, 16, 6, 3, 5, 7, 4, 6, 0, -12, 4, 5, 4, 11, 14, 0, 6, 15, 6, 9, 3]
[0, 0, 0, 0, 0, 0, 0, 0, 0, 0, 0, 0, 0, 0, 0, -1, 1, 0, 0, 0, 0, 0, 0, 1, -1, 0, 1, 2, 0, 0, 0, -1, -1, 0, 1, 0, 1, 0, -1, 0, 0, 0, -1, -1, 0, 0, 0, 1, 0, 2, 0, 1, 1, 2, 0, 0, 0, 0, -1, 0, 1, 0, 2, -2, 1, -4, 3, 1, -1, 2, -2, 2, 1, 0, 0, 4, 3, 4, 3, -3, 0, 0, 1, 2, -2, 2, 1, 1, -1, -4, -1, 1, 1, 2, 0, -2, 2, 0, 0, 0, 5, 4, -1, 2, 2, 2, -2, 1, 0, 6, 7, -6, 2, -6, 8, 7, 0, 0, 0, 4, 4, -8, 5, 7, -1, 2, 1, -7, 2, 0, 5, 5, -1, 12, -5, 3, -1, 4, -7, 4, 4, -2, 8, -5, -1, 2, 7, 4, -2, 4, -6, 3, -1, -2, -6, 5, 12, 12, 7, -5, 4, -2, 11, 11, 3, 4, 0, 2, 9, 0, -3, 5, -5, 12, 11, -10, 8, -6, 4, 13, -5, 6, -6, 5, 6, -2, -7, 14, 4, 20, 8, -20, -7, 2, 3, 8, 11, 12, 5, 5, 1, -2, -4, 14, 5, 0, 19, -11, 14, -4, 12]
[0, 0, 0, 0, 0, 0, 0, 0, 0, 0, 0, 0, 0, 0, -1, 0, 1, 0, 0, 1, 0, -1, 0, 0, 0, 0, 0, 1, 0, -1, 0, 0, 0, 1, 1, -1, 0, -2, -1, 1, -1, 1, 0, 0, 0, 0, -1, 0, 1, 1, 1, -1, 1, 0, 1, -1, 1, 1, 0, 1, 9, 3, -2, -5, -8, -4, -10, -3, -9, -4, 8, 13, -14, -5, 11, 1, 11, 11, 10, 4, 26, 6, -12, -14, -2, -9, -19, -2, -5, 10, -1, -3, -23, -3, 7, -5, -3, 8, 27, 5, -2, -7, 11, 4, 9, -6, -12, -5, 14, 4, -29, 8, -12, -14, -2, 8, -8, 15, 15, 0, -3, 13, 20, -18, 17, -12, -16, -16, 10, 18, -7, 19, 0, -10, 5, 12, -21, 10, -4, -6, -16, -27, 26, -3, -14, -24, -15, -10, 16, 19, 19, 38, 29, -25, -17, -14, 6, 29, -28, 7, 28, 19, -17, -35, -38, -2, -14, -12, 8, 36, 43, 19, -25, -52, 27, 14, 11, 41, 26, 2, 21, -68, -27, 0, -23, -8, -21, 12, 28, -4, -49, 14, -25, 1, -4, -11, 34, 49, 24, -29, -2, -3, 20, -16, 1, 42, 17, -27, -16, -26, -30]
[0, 0, 0, 0, 0, 0, 0, 0, 0, 0, 0, 0, 0, 0, 0, 1, 0, 0, -1, 1, 1, -1, -1, 0, 0, -1, 0, -1, 0, 0, 0, -1, 1, 1, 0, 1, 0, 1, 1, 0, 1, -1, 1, 0, 0, 0, 1, 0, -1, 0, 0, 1, -1, -1, -1, 2, 0, 1, 0, -1, 2, 0, -1, 0, 1, -2, 0, -1, -1, 2, -1, -2, 0, 2, 1, 2, 0, 1, 2, 0, -1, -1, 2, -2, -1, -1, 2, -1, -2, 4, 2, -1, -3, 2, 4, 1, 3, 4, 1, 0, 3, 2, 0, 1, -3, -1, -1, 0, -4, 1, -4, -1, -5, 3, 0, 0, 2, 0, 0, 2, 4, -2, 0, -2, 3, 2, 3, -3, 2, 1, -1, 4, -3, 0, 6, 2, 1, 7, 1, 4, 7, -2, 3, 5, -3, -2, 0, -5, -1, 0, -2, -2, 7, -1, 0, 8, 6, 3, -5, -1, 8, -10, 3, -1, 0, 3, -1, 1, -6, -3, -2, 8, -3, -3, 2, 10, 2, 0, 3, -5, 15, -5, 6, 1, 6, 3, -1, 0, -6, 2, -2, -2, 2, 8, 7, 8, 3, 6, 0, -1, -2, -7, 5, -1, 0, 1, -3, -4, -1, 4, 0]
[0, 0, 0, 0, 0, 0, 0, 0, 0, 0, 0, 0, 0, 0, 0, 0, 0, 0, 0, 0, 0, 0, -1, 1, 1, 0, 0, 0, -1, 0, 1, 0, 0, -1, 1, -1, 1, 0, 0, -1, 0, 1, 0, 1, 0, 1, -1, 0, -2, 0, -1, 1, 2, -1, 1, 0, 0, -1, -1, 1, 0, 2, 1, 0, 0, 1, -1, 0, 1, -1, 4, 0, 2, -1, 1, -2, -2, -1, -2, 2, -1, 2, 0, -1, 0, 1, -2, 0, 2, 2, 4, 0, -1, -1, 2, -1, -2, 3, 1, 3, 2, 1, -3, -1, 2, 2, -3, 3, -1, -1, 2, 1, -1, -5, 1, 0, 1, 1, 2, 1, 3, 0, 3, -2, -1, 6, 1, -2, 0, 3, 4, -1, 1, -5, -1, 5, 0, -1, 1, 0, -2, 4, -8, 1, 0, 4, -1, 4, 5, 4, 5, -1, 6, -1, 0, 4, -2, -5, 7, 3, -2, -5, -7, 0, 6, 4, 5, -5, 0, -3, 2, -2, 5, -1, 1, 4, -3, 6, 7, 5, 0, 6, -4, 4, 5, 9, -1, -2, -1, -6, 4, 0, 10, 0, 3, -1, -6, -3, -3, 10, 4, 2, 0, -1, 1, 11, -2, -4, 1, 0, 9]
[0, 0, 0, 0, 0, 0, 0, 0, 0, 0, 0, 0, 0, 0, -1, 0, 1, 0, 0, 1, 0, -1, 0, 0, 0, 0, 0, 1, 0, 0, 1, 0, 0, -1, 0, 0, 0, 0, -1, 1, 0, 1, 0, -2, 1, -1, 0, 0, -1, 1, -1, 0, 1, 1, 2, -1, 1, -1, -1, 1, 0, 0, 0, 1, 0, 2, 2, 0, 0, 0, -1, -1, -2, -1, -1, 2, 1, 3, 2, 0, 2, -2, 0, -2, -2, 1, 4, 2, -3, 2, 4, -4, 1, 2, -1, -1, -2, 2, -2, -1, 1, 2, -1, 0, 2, 2, 1, -2, -3, 3, 3, 0, 1, -2, 5, 6, -1, 0, 0, 0, 1, -1, 1, 5, -1, 0, -3, 2, 0, 0, 4, -5, -4, 2, -3, 2, 4, -2, -1, 0, 4, -5, 5, 1, 5, 8, 2, 0, -1, -3, 1, 0, -2, 3, 0, 4, 3, 1, -7, 3, 4, -1, -6, 2, 5, 1, 4, 0, 2, -2, 6, 1, 3, 0, 4, 0, 1, -1, -5, 5, 5, -2, -2, 0, 5, 6, -3, 4, 2, 7, 0, -2, 2, -1, 7, -1, 1, -1, 3, 7, 0, 5, -2, 3, 6, 2, 9, 1, -4, 0, 0]
[0, 0, 0, 0, 0, 0, 0, 0, 0, 0, 0, 0, 0, 1, 0, 0, 0, 0, 0, -1, -1, 0, 0, 1, -1, -1, 0, -1, 0, 1, 1, 0, 0, -1, 1, -1, 1, -1, 0, 0, 0, 1, 0, 2, 0, 1, -1, 0, 1, 0, 0, -1, 0, -1, 0, -2, 0, 1, 0, -1, -1, 1, -1, 1, -1, 0, -1, 1, 0, -3, 2, 0, 1, -2, -2, 0, 0, -1, -1, -1, -1, 1, -2, 2, 0, -2, -2, -2, 1, 0, 2, 1, 3, -1, 0, -3, 1, 4, 1, 6, -3, -4, -4, 1, -2, 1, -4, 4, -1, -1, -1, -1, 2, -3, -4, -6, 0, -2, 0, -1, -4, 0, 0, 0, 1, 2, 2, 3, -1, -5, 0, 2, -2, -2, 4, -2, -1, -1, 4, -2, -2, 5, -8, -1, -2, 2, 5, -1, 2, 1, -4, 3, 3, -1, 0, -10, -2, -5, 6, -1, -4, -2, -5, 1, -1, 2, 0, -5, 3, -3, -8, -8, 3, -1, 0, -4, 4, 0, 4, -7, -8, 5, 0, 2, -10, -5, 4, -4, -4, -6, 2, 0, -1, 0, -8, -2, -4, 2, -6, 1, -3, 1, 0, 1, 7, -6, -9, -4, 1, -4, -7]
[0, 0, 0, 0, 0, 0, 0, 0, 0, 0, 0, 0, 0, 0, 1, -1, 0, 0, -1, 0, 0, 1, 0, 1, 0, 0, 1, 0, -1, -1, 0, 0, 0, 0, 1, -1, 0, 0, 0, 0, 0, 1, -1, 0, 0, 2, 0, 0, 1, 1, -1, 1, -1, -2, 0, 2, 0, 0, -1, 0, 1, -1, 2, -3, 1, -1, -1, 1, -2, 3, 2, 2, 3, -1, 2, 0, -1, -2, -2, 0, 0, 2, 1, 0, 2, 0, -2, 2, 1, -1, 1, 1, -2, 0, 1, -2, 3, -1, -3, -1, 3, 2, -2, 3, 0, 3, -4, 6, 3, 0, 5, -4, -1, -6, 1, 2, -1, -3, 4, 6, 1, -4, 7, -7, 4, 5, -3, -7, -1, 5, 6, 5, 2, 2, -2, 9, -5, 3, -3, 0, 4, -4, -4, -4, -2, 5, -3, -5, 1, 5, 4, 6, -1, 0, -2, 6, 0, 0, 3, -1, -2, 1, 2, 1, 5, -2, 4, 5, 1, 4, 7, -1, 0, 2, 3, -6, -1, 2, 8, 0, -1, 0, -8, 8, 7, 8, 1, 0, -1, 2, -6, -12, 1, 2, -3, 7, -3, 3, 6, 13, 3, 0, -2, -6, -4, 7, 0, -5, 8, 0, 14]
[0, 0, 0, 0, 0, 0, 0, 0, 0, 0, 0, -1, 0, 0, 0, 0, 0, 1, 0, 1, 0, 0, 0, 0, -1, 0, 1, -1, -1, -1, 1, 0, 0, -1, 0, 0, 0, 0, -1, -1, -1, 0, 1, -1, 1, 1, -1, 1, -1, 1, -1, 0, 1, -1, 0, -1, 2, 0, 1, 0, 2, 1, -20, 6, -19, 4, -6, -6, -5, -5, 33, -17, 14, -10, 27, 3, 19, -6, -26, 26, 25, 3, -64, 2, -34, 6, 19, -22, -22, 11, 58, -13, -26, -7, -4, 29, 13, -4, -37, -1, 68, -12, -8, -18, -19, 15, 16, -18, -14, -17, -36, 18, -44, -19, -10, 18, 2, 2, 78, -19, 53, -7, 21, 6, -16, 46, -91, -5, 15, -19, -31, -19, -36, -24, 41, 25, -54, 26, 53, 1, 40, -53, -47, 16, 6, 80, -32, -73, 10, -59, 95, -24, 22, -21, -33, 62, -51, 12, -77, 10, 44, -66, -84, -6, -74, 140, 82, -42, -43, -66, 146, -10, 84, -5, -77, 50, -40, 38, -92, -21, 95, -68, -27, -10, -41, 123, 80, -89, -63, -144, 35, 2, 15, 21, -106, 106, -86, -29, 48, 4, 134, -37, 58, -76, -31, 146, -106, -26, -63, -56, -40]
[0, 0, 0, 0, 0, 0, 0, 0, -1, 0, 0, 0, 1, -1, 0, 0, 0, 1, 1, 0, 1, 0, 0, 0, 0, 1, 0, 1, -1, 0, -1, -1, 1, 1, 0, 1, 0, 1, 0, -1, -1, 0, 0, 0, 1, 0, 0, 0, -1, -1, 1, -1, 2, 0, 0, 1, -1, -1, 1, 1, -7, -2, 1, -3, 6, -3, 15, 2, 12, -3, -9, 9, 2, 9, -26, 3, -3, 19, 2, -1, -32, -8, 36, -13, 19, -10, 14, 15, 18, -4, -21, 11, -2, 6, -16, -1, 9, 13, 21, -10, -21, -17, -19, -3, 31, 10, -13, -10, -23, 8, 34, 14, -18, 19, 6, 3, 38, 7, -12, -9, -14, -28, -3, 0, 16, -24, 44, 5, -11, 3, -10, 50, -11, 32, -59, -23, 40, -8, 11, -38, 4, 1, 64, 5, 17, -3, -54, 12, -25, 53, -28, 45, -80, 22, 17, -31, 64, -49, 102, -10, 23, 1, 27, 4, -20, -51, -93, 45, 38, 39, -9, 28, -53, -19, -23, -46, 107, 15, 65, -28, -66, 39, 24, 27, -36, 13, -46, 63, 79, 65, 23, -22, -87, -31, 59, -11, 93, -20, 42, -8, -49, -18, -64, 68, -7, -8, -61, 14, 64, -2, 91]
[0, 0, 0, 0, 0, 0, 0, 0, 0, 0, 0, 0, 0, 0, 0, 0, 1, 0, -1, 0, -1, 0, 1, 0, -1, -1, -1, 1, 0, -1, 0, -2, 1, 1, 0, 0, 0, -1, 0, 0, 0, 1, 0, 1, -1, -1, 0, 1, 0, 0, -1, -2, 0, 0, -1, -1, 0, 0, 0, -2, -4, -1, 0, 3, 1, -1, -4, -5, -1, 2, 0, -1, 3, -6, -1, -1, -4, 0, 4, 1, -1, -4, -3, 1, -3, 4, -1, -6, -1, 0, -2, 2, 0, -3, -1, -3, -3, 0, 1, 1, -2, -1, -4, -6, -4, 2, -6, -4, 4, -6, 0, -2, -8, -5, 4, 0, -1, -6, -4, -3, -2, 9, -4, -8, 2, -3, -7, 8, -6, -8, 4, -1, -7, -7, -4, -2, -3, -8, 4, -10, -1, 4, -10, -2, 2, 1, -2, -2, -10, -3, -1, 2, -1, -8, -8, -6, 1, 6, -8, -12, -2, -7, -12, 0, -5, -7, 5, -8, -15, -14, -7, 0, 2, -4, -4, -10, -3, 0, -8, -2, 2, -9, -3, -4, -18, -2, 7, -2, -4, -16, -18, -8, -4, 5, -4, -15, -2, -8, -21, -5, -7, -7, 4, -4, -10, -15, -8, 0, -3, 3, -10]
[0, 0, 0, 0, 0, 0, 0, -1, 0, 0, 0, 1, 0, 0, 1, 0, 0, 1, 0, -1, -1, 0, 0, -1, -1, 0, 0, -1, 0, 0, 1, 0, 0, 0, 0, 0, -1, 0, 1, 1, 0, 0, -1, 1, 0, 1, 0, -1, 0, 0, -2, -1, 0, -1, 2, -1, -1, -1, -1, 1, -9, -4, -14, 1, -1, 8, 2, 0, -4, 5, 18, -5, 17, -9, 3, -5, 14, -12, -26, -2, 0, -13, -24, 10, -13, 14, 16, 14, -24, 7, 35, -6, 12, -4, 2, -16, 14, 2, -23, 0, 14, -7, -12, 12, -10, -2, -8, -1, -15, 1, 13, -17, -4, -38, -5, -4, -2, 8, 12, 16, 7, -8, 3, 8, -4, 31, -34, -4, -1, -5, -24, -24, -20, -19, 11, -8, -6, 16, 41, 14, 1, -18, -23, 10, 28, 34, -4, -12, 27, -37, 13, -43, -8, -4, 12, 26, -32, -4, -59, 12, -59, -13, -33, 10, 13, 37, 63, -32, -18, -43, 36, -17, 34, 44, -28, 16, -14, -4, -74, 4, 6, -4, 40, -16, 17, 19, 32, -50, -34, -53, -18, -11, 25, 20, -51, 31, -72, -48, 12, 43, 45, 16, 40, -38, 1, 10, -35, -24, -34, 8, -5]
[0, 0, 0, 0, 0, 0, 0, 0, 0, 0, 0, 0, 0, 0, 0, 0, 0, 0, 0, 0, -1, 1, 1, 0, 0, 0, 0, 0, 1, -1, 0, -1, 1, 1, -1, 0, 0, 1, 0, 1, 0, 0, 0, 0, -2, -2, 1, 1, 1, -1, 2, 1, 1, 1, 0, 0, 0, 1, -1, -1, -2, 1, 2, -2, 1, 2, -2, 0, 3, 2, 0, 6, 2, 0, -1, -2, 0, -2, 1, -4, -2, -2, 2, 5, 0, 2, 3, 5, 4, -3, 2, 4, 2, 0, -5, -6, -1, 2, 2, -2, -4, 3, 0, 5, 2, 5, 1, 4, 7, -3, 1, -2, 4, 1, -4, -3, 0, 1, 3, 4, -2, 6, -1, 6, 0, 0, 7, 5, -2, -4, 3, -3, 5, 3, -2, -1, 0, -4, 8, -2, 1, 7, -2, -5, 7, 3, 3, 9, 6, -1, -6, 13, -2, 3, 1, -1, 0, 0, 6, -6, -4, 12, 6, -2, -2, -1, 7, 9, 6, 5, -1, -2, 6, 9, 3, -8, 7, -4, 5, 8, -3, 3, 4, 13, -2, -11, 8, 8, 11, 4, -3, -2, 2, 4, 6, -6, 7, 2, 4, 5, 0, 16, 3, 7, 1, 2, -2, 4, 2, 10, -1]
[0, 0, 0, 0, 0, 0, 0, 0, 0, 0, 0, 0, 1, 0, 0, 0, 0, -1, 0, 0, 0, -1, -1, 1, 0, 0, 0, 0, 1, 1, 0, 1, 0, 0, 0, 0, -1, 0, -1, 0, -1, 0, 1, 1, 2, 0, -1, 0, -1, 1, 1, 1, -1, 2, 2, 0, 0, -1, 1, 0, 6, 1, -4, -1, 3, -1, -1, -1, -5, -3, -2, 0, -7, 4, 6, 3, 0, 2, 6, 0, 7, 5, 2, -4, 2, -2, -4, -3, -3, 0, -6, -1, -2, 0, 3, 5, -3, -1, 7, 5, 1, 2, 7, -4, -1, 0, 4, -4, 7, 6, 0, -1, 6, 1, -3, 1, -6, 3, 1, 0, -5, 0, 5, -3, 2, -5, 0, -2, 13, 6, -1, 8, 1, -6, 3, 7, -2, -1, -7, 6, -4, 2, 6, 1, -6, -3, 2, -3, 0, 11, 12, 4, 4, 0, -3, 3, 11, 10, -9, 4, 14, 4, -7, 3, -1, 2, -5, 4, -1, 6, 3, 8, -3, -12, 12, 4, 8, 1, 2, -4, 3, -6, -4, 1, -1, 5, -9, -4, -5, 4, -3, 4, -5, -4, 3, 9, 1, 13, 7, 4, 13, 0, 12, 1, 10, 11, 3, 11, 7, 2, 0]
[0, 0, 0, 0, 0, 0, 0, 0, 0, 0, 0, 0, 0, 0, 1, -1, -1, 0, 0, -1, 0, 2, 0, 0, -1, 1, 2, 0, 0, -1, -1, 1, 0, -1, 0, -1, 0, 0, 0, -1, 0, 0, -1, 0, -1, 0, -1, 0, -1, 2, 1, 0, -1, 0, 0, 0, 1, 1, 0, 1, 6, -1, -3, 3, -2, -6, -2, -3, -8, 0, 0, -4, -5, 1, 10, 1, 6, -2, 6, 3, 10, 7, -6, 4, 4, -4, -17, -9, -2, -5, -15, 5, -11, -3, 4, 9, 2, -6, 11, 0, 5, 1, 7, -5, 4, -12, -5, -4, 6, 6, -13, 7, -3, 4, -2, 0, -7, 4, 8, 0, -9, -1, 12, -11, 5, -15, -1, -6, 10, 7, -12, 10, 12, -7, -5, -1, -8, 13, -18, 1, -18, -9, 6, -1, -15, -15, 2, -5, -3, 14, 12, -8, 12, -7, 4, -4, 7, 20, -4, 3, -2, -3, 1, -4, -21, -3, -8, -5, -6, 6, 6, 0, -1, -9, 2, 6, 5, 13, 5, -9, 1, -22, -9, -11, -9, 0, -7, -7, -6, -3, -6, 12, -16, -5, -8, 0, 3, 15, 16, -12, 15, -14, -4, -6, -10, 14, -8, -6, 8, -10, -5]
[0, 0, 0, 0, 0, 0, 0, 0, 0, 0, 0, 0, 0, 0, -1, 0, 1, -1, 0, 1, 1, -1, 0, 0, 1, 1, 2, 2, 0, 0, -1, 1, 0, 0, -1, 1, -1, 1, -1, -1, -1, 0, 1, -1, 1, 0, 0, 1, -1, 1, 0, 0, 0, 1, 0, -1, -1, 0, 0, 0, 14, 0, 23, -4, 16, -9, -5, 4, -7, 7, -36, 15, -32, 11, -15, 11, -11, 12, 47, -15, 2, 5, 63, -12, 38, -12, -39, 5, 23, -8, -68, 5, 3, 5, 8, -9, -14, 2, 60, -3, -68, 19, 23, 7, 23, -26, -23, 16, 25, 23, 12, 6, 35, 25, 16, 9, -5, 0, -72, -2, -50, 17, -2, -22, 37, -53, 81, -8, -2, 33, 48, 38, 32, 16, -36, -14, 37, -32, -84, -2, -50, 37, 76, -6, -37, -104, 15, 66, -13, 84, -60, 35, 15, 23, 11, -49, 75, 36, 48, -5, 18, 66, 76, -31, 42, -137, -86, 23, 28, 87, -93, 34, -127, -39, 85, -14, 41, -11, 113, 31, -48, 13, -2, -3, 44, -104, -94, 124, 88, 168, -63, 12, -24, -21, 113, -105, 125, 98, -18, -67, -138, -1, -48, 52, 30, -96, 142, 29, 34, 37, 29]
[0, 0, 0, 0, 0, 0, 0, 0, 0, 0, 0, 0, 0, 0, 1, -1, 0, 0, 0, -1, -1, 1, 0, 0, -1, 1, 1, 1, 0, -1, 1, -1, 1, 0, -2, -1, -1, 1, -1, 2, -1, 0, 0, 0, 0, -2, 0, -1, 0, 1, 0, 0, 0, 1, 0, -1, 0, -1, 0, 0, -3, 1, 0, 1, 4, -1, 0, -1, -2, -2, -1, 1, -1, 0, -2, -2, 3, -2, 2, -3, -2, -2, -5, 3, -3, 2, 0, 5, 3, -5, -1, 1, 4, -4, -7, -4, 2, -2, -1, 0, -2, -1, -3, 3, -3, 0, 2, 0, 4, -3, 3, -7, 3, -1, 0, -5, -2, 1, 0, 7, -4, -3, -4, 2, 0, -4, -1, -5, -1, -6, -3, -1, 4, -1, -3, -4, -8, 0, -1, -6, -5, 3, -3, -1, -1, 4, 4, 6, -3, -1, -3, 2, -4, 1, 0, -9, 0, -4, -7, -9, -8, 9, 2, -3, -7, -5, 6, 11, -3, -2, -7, -8, 4, 5, -2, -16, -4, -11, 0, 3, -18, -1, -2, 7, -2, -5, -1, 0, 2, 0, -10, -22, -1, 1, -1, -12, -2, -6, 1, 12, -9, 11, -7, 0, -3, -6, -1, -4, -8, -5, -1]
[0, 0, 0, 0, 0, 0, 0, 0, 0, 0, 0, 0, 0, 0, 0, 0, 1, -1, 0, 0, -1, 0, 0, -1, 0, 1, 0, 0, 0, -1, -1, 0, -1, 0, -1, 2, -1, -1, -1, -1, 1, 0, 0, -1, -1, 0, 0, 1, 1, 1, 2, -1, 0, -1, 2, 1, -1, 0, -1, 0, 10, 1, -7, -7, -15, -5, -18, -10, -12, 3, 14, 3, -10, -12, 26, 14, 14, -1, 2, 7, 39, 5, -38, -7, -12, 5, -18, -18, -11, 9, 13, -8, -46, -12, 8, 14, -4, -2, 15, -2, 33, -6, 14, -17, 5, -12, -11, -6, 16, 5, -46, 5, -39, -23, -7, 34, -20, 9, 36, -20, 19, 8, 31, -29, 18, 7, -60, -20, 16, 21, -9, 13, -16, -32, 13, 33, -51, 0, 1, -12, 1, -22, 2, -21, -16, -11, -29, -24, 10, 3, 72, 11, 31, -51, -47, 26, -21, 57, -52, 3, 67, -25, -43, -41, -67, 43, 10, -39, -42, 11, 107, 17, -14, -51, -25, 30, -26, 33, -13, -2, 80, -87, -65, -44, -49, 43, 4, 13, 10, -64, -15, 4, -32, -32, -55, 31, -22, 55, 28, -53, 72, -38, 44, -67, -26, 100, -39, -40, -51, -63, -32]
[0, 0, 0, 0, 0, 0, 0, 0, 0, 0, 0, 0, 0, 1, 0, -1, 0, 0, 0, 1, -1, -1, 0, 0, 0, 1, 1, -1, 0, -1, 1, 0, 0, 1, -1, 1, 0, 1, 1, 0, -1, -2, 1, -1, 0, 0, -1, 1, 1, 1, 0, -2, 0, 0, 0, 0, 0, -1, -2, -1, 13, 3, 2, 3, -1, 6, -8, 2, -27, -1, 0, 3, -1, -8, 23, -8, 18, -17, 6, -6, 31, 10, -21, 22, -21, 14, -31, 3, -33, 3, 5, -14, 31, -2, 31, -28, 7, -13, 7, 16, 0, 20, -3, 37, -43, -7, -9, 5, 15, -10, 2, -19, 56, -41, 6, -29, -29, 17, -8, 47, -5, 41, -28, 11, -11, 15, -14, -29, 23, 1, 22, -59, 19, -44, 57, 9, -36, 43, -25, 82, -50, -16, -27, 18, -16, -6, 85, -11, 56, -67, -11, -60, 106, -11, -17, 31, -36, 79, -139, 6, -78, 29, 6, -14, 49, 42, 119, -61, -27, -59, -22, -13, 37, 56, 91, 82, -112, -15, -59, 40, 26, -53, 9, 25, 101, -79, 9, -104, -60, -34, -55, 26, 101, 116, -39, 0, -90, 36, -69, 26, 49, 52, 87, -81, 15, -45, 160, -38, -69, 59, -42]
[0, 0, 0, 0, 0, 0, 0, 0, 0, 0, -1, -1, 0, 1, 0, 0, 0, 0, 1, 2, 0, -1, 1, 1, 0, 0, 0, -1, -1, 1, 0, -1, 1, 0, 0, 1, 0, -1, 1, 0, 0, -1, 0, -1, -1, -1, 0, -1, 0, 0, -1, 0, 0, 1, 3, 1, 0, 0, 0, 1, -1, 5, -8, 4, -3, -4, 1, -6, 17, -8, -1, -18, 10, 12, 1, 8, -18, 15, -2, 26, -6, 0, -4, 0, -1, -16, 39, -28, 20, -16, 3, 6, -21, 22, -25, 43, -14, -12, -35, 2, 32, -7, 7, -49, 8, 15, 46, -16, -4, -3, -36, 35, -19, 45, -6, 12, 7, -23, 24, -32, 10, -20, 34, 23, -11, -6, -17, 12, -26, -32, -33, 25, -8, 51, 20, 0, 22, -22, 9, -23, 74, -6, -14, -1, -7, 36, -40, -46, -70, 12, 35, 21, -26, 12, 31, -4, 3, -47, 42, -19, 61, -40, -26, 58, -39, 59, -32, 39, 0, -19, 13, 5, 59, -26, -56, -58, 50, 29, -2, -50, 48, 23, -30, 4, -98, 106, 66, -2, -59, -23, 62, -18, -8, -60, 29, 80, 43, -18, 21, 8, 4, -60, -30, 88, -20, 75, -88, 25, 46, -54, -44]
[0, -1, 0, 0, 0, 1, 0, 0, 0, 1, 0, 0, 0, -1, 0, 0, 0, 0, 0, -1, 0, 0, 1, 2, 0, 0, 0, 0, 0, 0, 0, -1, 2, 0, 0, 1, 0, 1, 0, -1, 0, 1, 0, 1, -1, -1, 1, 0, 1, -2, 1, 1, 2, -1, 0, 0, 0, 1, 0, -1, 21, 16, -30, 3, -5, -3, -25, -5, -60, -3, 54, 14, -24, -22, 65, 3, 62, -9, -4, -22, 77, 34, -86, 11, -44, -10, -24, 1, -80, 30, 63, 5, -3, -13, -2, -22, 45, 6, 20, 0, 42, 6, 55, 87, 6, -44, 14, -30, 47, 31, -86, -68, -14, -75, -94, 10, -46, 32, 91, 17, 12, 57, 36, 40, -11, 18, -113, -66, 46, 45, -57, 11, -10, -63, 59, 66, -86, 51, 76, -3, -67, -58, -14, 10, -56, -40, 64, -43, 108, 8, 124, -59, 110, -43, -39, 74, -43, 17, -175, 21, -25, 24, -56, 15, -14, 161, 155, -99, 18, 1, 185, -35, 61, 10, -22, 214, 0, -43, -134, -39, 148, -43, 7, 9, 52, -79, 41, -106, -62, -135, -101, 30, -29, 166, -250, 117, -162, -44, 22, -102, 94, 49, 156, -1, 7, 205, -29, -57, -83, 13, -43]
[0, 0, 0, 0, 0, 0, 0, 0, 0, 0, 0, 0, 0, 0, 0, 1, -1, 0, 0, -1, 0, 1, 0, 0, 0, -1, 0, -1, 1, 1, 0, 0, 1, 0, -1, 0, -1, 0, 1, 0, 1, -2, 0, 0, -1, -1, 1, -1, 0, 0, 0, 1, -1, 1, -2, 1, -1, 2, 2, 0, 0, -1, -1, -1, 1, -1, 1, 0, 1, -2, -1, -1, -2, 3, 0, 0, 1, -2, -1, -2, -1, -1, 0, 1, 0, 0, -2, -2, 1, 0, -4, 4, 0, -2, 2, 0, 1, 1, 1, 1, -3, -3, 3, 0, -3, -1, 0, 0, 0, -1, -5, 1, -2, 8, -2, -3, 2, 1, -4, 0, 1, 0, -2, -3, -2, -4, 4, -2, 2, -4, -8, 0, 1, -1, 5, -1, -3, 2, 0, 0, -2, 6, -3, 1, 0, -12, -1, 1, -2, 2, 1, -1, 1, -2, 2, -5, 1, 0, 6, -6, 2, -1, 9, -2, -5, -3, -8, 0, -4, 0, -8, 1, -2, -2, -9, 0, -3, 0, 4, -5, 3, 2, 4, -2, -7, -12, 2, 0, 1, -3, 2, 6, -4, 0, 0, -3, 7, -1, -1, -7, 0, -7, 4, -4, -5, 3, -12, 1, -3, -2, -11]
[0, 0, 0, 0, 0, 0, 0, 0, 0, 0, 0, 0, 0, 0, 1, -1, -1, 0, 1, 0, 1, 0, -1, 0, 0, 1, 1, 0, 0, 0, -2, -1, -2, 2, 0, 0, 1, 0, 1, 1, -1, 0, 1, 1, 0, 0, 1, 0, 1, 0, -1, -1, 0, 0, -2, 1, 0, -1, 1, 0, -5, 2, 1, 1, 2, -8, 8, 5, 12, -3, -9, 0, 5, 12, -7, -8, -7, 9, -4, -3, -25, 2, 13, 2, 10, -13, 20, 10, 17, -13, -10, 7, 7, 9, -18, 1, 0, -3, -13, -2, -7, -1, 2, 0, 5, -2, 28, 1, -8, 0, -1, -5, 16, 24, -10, -19, 8, -2, 3, 9, -9, -18, -5, 21, -15, -17, 27, 5, -6, -7, -26, 7, 16, 36, 3, -23, 20, 1, 6, -4, 14, 11, -5, 2, -3, -4, 4, 14, -18, 2, -37, 7, -28, 21, 34, -33, 4, -43, 40, -1, -22, 21, 22, 27, 9, -24, -17, 50, 41, 21, -57, -11, 15, 14, -9, -40, 26, -24, 6, -11, -58, 54, 31, 16, 5, -18, 11, 12, -14, 38, 12, -26, -2, -18, 14, -10, 20, -20, 22, 23, -55, 24, -27, 72, 11, -59, -15, 17, 43, 9, -14]
[0, 0, 0, 0, 0, 0, 0, 0, 0, 0, 0, 0, 0, 0, 0, 0, 0, 0, 0, 0, 0, -1, 0, 0, 0, 0, -1, 0, 0, 0, -1, -1, 0, 0, 1, 1, 0, 0, 0, -1, 0, 0, 0, -1, -2, 0, -2, 0, -3, 1, 0, 1, 0, 2, -1, 0, -1, 0, 2, 1, 2, -14, 16, -1, 15, -10, -3, -12, 11, 2, -47, -1, -26, 23, -27, 11, -37, 16, 57, 23, -22, -13, 71, -28, 54, -2, -35, -36, 55, -30, -94, 15, -27, 1, 19, 41, -27, -5, 63, 13, -53, -8, -12, -86, 44, 7, -62, -3, 7, -2, 15, 78, -37, 71, 59, 13, 31, -10, -75, -46, -45, -32, 0, -82, 51, -60, 66, 48, -24, 6, 57, 60, -12, 15, -87, -37, 73, -32, -100, -13, -31, 16, 83, -56, -26, -37, -59, 23, -93, 84, -24, 104, -65, -12, 20, -57, 124, 88, 177, -26, 85, -56, 44, -86, -27, -156, -236, 76, -9, 57, -83, 94, -145, -112, 40, -184, 133, 128, 162, 9, -34, -102, -53, -4, -135, 79, -153, 109, 108, 144, 6, 60, -125, -173, 180, -141, 221, 149, -8, 1, -114, -144, -114, -51, -84, -91, -30, 17, 106, -39, 83]
[0, 0, 0, 0, 0, 0, 0, 0, 0, 1, 0, -1, 0, -1, 1, 0, -1, 0, 0, 0, -1, 1, 1, -1, 0, 2, -1, 0, -1, -1, 1, -2, 0, 0, 0, 0, -1, 0, 2, 0, 0, 0, -2, 0, -1, 0, 0, -1, 0, -1, -1, 0, 0, -1, 0, 1, 0, -1, 1, 0, -18, -3, -6, 4, 6, 4, 4, -2, 27, 2, 4, -6, 20, 1, -6, -10, -22, -5, -31, 5, -33, -12, -11, -5, -3, 0, 52, 13, 18, -6, 28, 2, 4, -6, -38, 23, -9, 3, -66, -12, 21, -7, 3, -16, -2, 21, 47, -2, -1, -21, 2, -15, -19, 23, -20, 2, 1, -31, 23, -7, 26, -24, 1, 8, -30, 12, -31, 45, -22, -14, -21, -17, -14, 15, 5, 3, 15, -34, 51, -44, 62, 27, -53, -9, 21, 58, -34, -9, -42, -23, 25, -16, -69, 15, 28, -4, -45, -79, 32, 10, 9, -11, -43, 31, 12, 5, 12, 44, -5, -1, 1, -30, 74, 1, -69, -66, -3, -31, -47, -28, 2, 72, 4, -15, -32, 88, 80, -3, -59, -48, 30, -40, 12, -54, -17, 2, -61, -99, 18, 77, -20, 44, -14, 27, -7, -10, -110, 54, 17, -5, -24]
[0, 0, 0, 0, 0, 0, -1, 0, 0, 0, 1, 0, 0, 1, 0, -1, 0, 0, 1, 0, -1, 0, 0, -1, 0, 0, 0, 1, -1, 0, 1, 0, -1, -1, -1, 2, 0, -1, 0, 1, 0, 1, -2, -2, 0, 0, 0, 0, 1, 1, 0, -2, 0, 0, 1, -1, 0, 1, -1, -1, -7, -14, 20, -14, 19, -17, 1, 1, 19, 16, -53, 11, -34, 22, -33, 14, -29, 24, 50, -10, -42, -21, 93, -29, 81, -5, -34, 18, 54, -20, -106, 20, -23, -15, 6, 3, -29, 8, 67, 4, -86, 2, 0, -53, 80, -23, -61, 37, 17, 18, 22, 14, -20, 54, 38, 17, -1, 5, -83, -18, -74, -56, 7, -81, 59, -85, 110, 57, -9, 61, 44, 60, 3, 10, -118, -61, 89, -57, -89, -32, -59, 78, 105, -87, -17, -97, -41, 114, -74, 119, -83, 90, -93, -21, 45, -109, 116, 86, 196, 14, 47, 7, 74, -107, 37, -277, -239, 119, 39, 166, -139, 80, -183, -89, 55, -230, 139, 38, 185, 45, -124, -3, -14, -66, -56, -22, -179, 243, 171, 253, -46, 16, -140, -255, 214, -255, 244, 170, 33, 48, -244, -50, -143, 11, -18, -215, -11, 40, 124, -17, 64]
[0, 0, -1, 1, 0, 0, 0, -1, 0, 1, 1, -1, 0, 0, 1, 0, -1, -1, 0, 1, 0, 1, -1, 0, 1, 1, 0, 0, -2, 0, -1, 2, -1, -1, 1, -1, 1, 0, 0, 1, 0, 0, 0, 1, 1, -1, -1, 1, 0, -1, 1, 0, 0, 1, 0, 0, 1, 0, 0, 1, -1, -32, 37, -30, 41, -21, -15, -3, 10, 36, -53, 27, -44, 48, -25, 6, -41, 21, 41, -27, -44, -17, 126, -31, 84, -21, -47, 41, 35, -23, -115, 37, -5, -6, 0, -11, -10, 31, 36, 7, -131, 22, 51, -6, 86, -56, -78, 24, 32, 31, -10, 18, 16, 57, 46, 9, 2, -30, -117, 12, -94, -99, 82, -101, 103, -98, 130, 10, -43, 107, 26, 73, 19, 48, -59, -88, 123, -42, -145, -25, -75, 55, 160, -86, -79, -141, -71, 116, -74, 151, -138, 89, -73, 67, 137, -139, 139, 107, 135, 71, -49, 23, 148, -90, 93, -333, -264, 128, 67, 213, -249, 110, -233, -114, 115, -212, 220, 22, 160, 47, -96, -62, 68, -17, 34, -77, -174, 256, 66, 341, -198, 9, -71, -253, 286, -328, 321, 139, 50, 43, -430, -85, -106, 63, 43, -298, 103, -47, 166, 60, -32]
[0, 0, 0, 0, 0, 0, 0, 0, 0, 0, 0, 1, -1, 0, 0, -1, 0, 1, 0, 0, 0, -1, 0, -1, 0, 2, 1, 1, 1, 0, 0, -1, -1, 0, -1, 0, 1, -1, -1, 0, 1, -1, 1, -2, -1, -1, 1, 1, 0, 1, 0, 0, 1, 0, 2, -1, 0, -1, -1, 1, -1, 0, 1, 2, 0, -1, 3, -1, -1, 1, -3, 1, -1, 1, -2, 1, 1, 1, 1, 0, -1, -3, -3, -2, 2, 3, 2, 5, 3, -5, -1, -4, -1, 4, -4, 3, -2, -5, -4, -1, 1, -1, 1, 2, 3, -1, 2, 0, -3, 8, 3, 2, 0, 2, 0, 3, 2, 0, -6, 0, -1, -1, 3, 1, -1, -1, -6, 0, -1, 0, 1, -2, -1, 5, -3, -4, 4, 1, -7, -2, 1, -8, 5, -2, -1, 2, 9, 0, 2, -3, 3, -5, 0, 4, 4, -1, 0, -5, -4, -2, -2, 5, 5, 6, 3, -8, 6, 4, 1, 3, 7, -3, -6, -1, 1, -4, -1, -2, -4, 2, -5, -9, 4, -1, -1, 2, -5, 4, 1, 3, 2, -6, -3, 3, -5, 2, 1, 0, 5, -1, 1, 5, -4, -1, 5, -7, 6, 0, -1, 2, 0]
[0, 0, 0, 0, 0, 0, 0, 0, 0, 0, 0, 0, 0, 0, 0, 0, 0, 0, -2, 0, 0, 1, 1, 1, 0, -1, 1, 1, 1, -1, 1, -1, 0, 0, 1, 0, -1, 0, 0, 0, 1, 0, -3, -2, 0, 0, -1, 0, 0, 1, 0, 0, -1, 0, -1, 0, -1, 0, -2, 1, -7, -3, 12, -3, 17, -2, 11, 9, 5, 13, -19, 6, 2, 3, -20, -5, -21, -8, 4, -18, -28, -9, 38, -5, 28, 2, 8, 29, 15, 0, -28, -2, 21, -2, -6, -21, -15, 6, -4, -5, -39, 14, 0, 12, 9, 1, 5, 34, 7, 0, 38, -35, 29, 9, -1, -1, -2, -21, -56, 12, -33, -1, -20, -3, 3, -9, 59, 18, -13, 9, 31, -15, 13, 18, -31, -11, 29, -43, -14, -8, -7, 52, 5, -1, 17, -36, 19, 47, -16, 17, -56, -2, -33, 20, 5, -39, 16, -24, 45, -2, -37, 55, 29, 7, 73, -100, -11, 40, 24, 49, -76, -15, -37, 12, 31, -46, 0, -65, 41, 32, -67, 66, 9, -13, 63, -65, -25, 73, 35, 88, -31, -42, 14, -23, 55, -78, 19, -3, -30, 34, -104, 64, -38, 34, 22, -101, 60, 63, 22, 40, 27]
[0, 0, 0, -1, 0, 0, 0, 1, 0, 0, 0, 0, 0, -1, 1, -1, 0, 1, 0, 0, 0, 0, 0, 0, 1, 2, 1, 0, -1, 0, 0, -1, -1, -1, 0, 1, 0, 0, 0, -1, -1, 0, 1, 0, -1, 1, 1, 1, -1, -1, -2, 0, 0, -2, 1, 2, 0, 0, 1, 0, 1, 10, -31, 8, -33, 13, 2, -12, 4, -17, 40, -19, 33, -22, 22, 6, 23, -11, -26, 43, 32, 14, -99, -2, -53, 30, 33, -40, 1, 8, 83, -16, -46, -10, 11, 54, 10, -18, -13, 5, 123, -29, -55, -37, -37, 52, 28, -28, -29, -48, -3, 35, -99, -21, -8, 32, 26, 11, 121, -36, 96, 11, -37, -6, -52, 78, -138, 3, 40, -54, -3, -21, -54, -62, 3, 66, -101, 43, 103, -20, 73, -48, -101, 9, 46, 168, -36, -106, 37, -94, 180, -1, 1, -67, -114, 128, -57, 15, -12, -30, 152, -107, -144, -5, -138, 243, 103, -49, -78, -120, 295, 5, 138, 6, -145, 78, -105, 75, -72, -32, 120, -72, -99, 16, -118, 228, 87, -148, 5, -288, 178, 11, -39, 38, -199, 196, -180, -27, 53, -2, 353, -35, 58, -169, -112, 279, -235, -9, -76, -119, 99]
[0, 1, 0, 1, 1, -1, 0, -1, -1, 0, 0, 0, -1, 1, 0, -1, 1, 0, 0, 0, -1, -1, 1, 0, 0, 1, -1, 0, -1, 0, 1, 0, -1, 1, 0, 2, 1, 0, 0, 1, 0, 0, -1, 0, 0, 0, 0, 0, 1, -1, 0, -1, -1, -1, 0, -2, 0, -1, -2, 0, -9, -6, 63, 1, 53, 4, 16, 22, 22, 27, -76, 21, -4, 22, -66, -31, -59, -5, 9, -66, -83, -14, 158, 19, 63, -42, -20, 91, 25, -16, -106, 6, 122, 20, -30, -102, -37, 9, -25, -31, -175, 48, 51, 120, -18, -57, 7, 56, 17, 53, 93, -67, 218, 13, 31, -85, -44, -60, -223, 120, -115, 52, 8, 59, 20, -102, 263, -29, -61, 47, 41, -39, 138, 108, 37, -78, 141, -65, -184, 20, -33, 143, 64, 66, -29, -205, 110, 168, -55, 73, -356, -86, 47, 173, 171, -201, -3, -173, -29, 10, -290, 255, 224, 132, 279, -365, -5, 28, 52, 107, -570, -95, -111, 83, 248, 20, -64, -225, 93, 18, -263, 318, 181, 33, 323, -412, 11, 179, -87, 362, -175, -97, 269, 152, 325, -251, 122, -138, -196, 38, -465, 217, -114, 339, 255, -535, 522, 77, 55, 295, -112]
[0, 0, 0, 0, 0, 0, 0, 0, 0, 0, 0, 1, -1, 1, 0, -1, 0, 1, 0, -1, -1, -1, 1, 0, 0, 1, 0, 0, 1, 0, 1, 0, 0, 1, 0, -1, -1, -1, 0, 1, 2, 0, 1, 0, -1, 0, 0, -2, 1, -1, 0, 1, -2, 0, 0, 0, 2, 0, 1, -2, 15, 2, 14, -1, 5, 3, -8, -3, -19, -7, -20, 21, -24, 0, -5, 2, 2, -1, 43, -7, 23, 10, 22, -2, 15, 2, -58, -3, 8, -6, -47, 1, 9, 3, 27, -18, -5, -9, 65, 15, -41, 5, 1, 29, -6, -10, -44, 3, 20, 6, 13, 17, 32, -7, 15, -17, 3, 9, -53, 14, -38, 48, -25, -27, 19, -26, 40, -27, 13, 9, 64, 13, 28, -19, -13, 11, -3, 18, -63, 27, -69, -5, 39, -7, -30, -59, 48, 6, 28, 27, -25, 38, 55, -5, -28, -15, 46, 59, -1, -31, 0, 50, 47, -41, 6, -51, -42, -25, -5, 22, -30, 23, -80, -33, 96, 34, -16, 46, 88, 12, -6, -73, -20, 41, 16, -88, -88, -6, 77, 47, -38, 52, -19, 74, 31, -47, 49, 93, -54, -64, 2, -7, 8, -53, -5, -39, 136, -25, -15, 32, 51]
[0, 0, 0, 0, 0, -1, 0, 0, 0, 1, 0, 0, 0, 0, 1, 0, 1, -1, 0, 0, 0, 0, -1, 1, 1, -1, -1, -2, -1, 0, -1, 1, 0, 2, 0, -1, 0, 0, 1, 3, 0, 0, -1, 1, 0, 0, 0, -1, 2, 0, 1, 0, 0, 0, -1, 1, 0, 0, 1, 0, 16, 2, -17, 5, -27, 8, -28, -8, -37, -10, 46, -14, -2, -12, 65, -3, 44, -26, -17, 33, 89, 34, -92, 23, -68, 14, -30, -36, -66, 24, 82, -35, -3, -15, 47, 15, 27, -15, -29, 3, 81, 3, 9, 27, -68, -8, -8, -27, 29, -10, -76, 5, 3, -62, 0, -16, -71, 32, 80, 48, 79, 44, 41, -8, -15, 45, -132, -51, 27, 4, -51, -75, 4, -90, 150, 57, -120, 101, -15, 89, -4, -86, -76, 23, -45, 77, 78, -78, 69, -121, 99, -71, 200, -45, -15, 86, -112, 96, -264, 49, -26, -44, -36, -16, -11, 172, 193, -111, -82, -115, 68, -24, 127, 38, 61, 160, -185, 62, -162, 9, 162, -144, -53, 28, 45, 71, 120, -197, -193, -208, -25, 66, 187, 142, -132, 121, -159, -7, -53, 51, 174, 3, 156, -174, -7, 103, 114, -111, -133, 1, -174]
