70 3 31 56 55
[1, -1, 0, -1, 0, -1, 1, 2, 1, 0, 1, 2, -4, -2, -2, -2, -2, 4, 1, 2, 1, -2, 1, -1, 6, -2, -1, -5, 3, 0, 0, 7, 0, 1, 1, -1, 4, 1, -6, -2, 1, -3, -1, -3, -4, 0, -1, 2, -1, -2, -1, -2, 3, 0, -7, -6, -1, 3, 5, -2, 0, -5, 0, 3, 15, -105, 26, 9, -1, -38, 471, 7, -60, -13, -30, 55, -29, -21, 25, 73, -937, 4, 140, 25, -19, -82, -13, 13, -67, 4, 1009, 0, -67, 28, 106, 95, -105, 10, 33, -72, -927, 22, -35, 47, -42, 4, 261, 7, -52, 153, 1369, -94, -10, -31, -146, -392, -84, -70, 40, -42, -2140, 35, 165, -93, 37, -20, -90, -49, 16, -176, 3452, 85, -279, 76, 200, -82, 75, 96, -75, 124, -1313, -143, 101, -48, -297, 27, 19, -19, 83, 117, -1715, 67, 96, -4, 179, -143, -259, 54, 157, -109, 919, 95, 37, 57, 240, 568, 49, 167, -210, -24, 1787, -147, -221, -9, -328, -443, 379, -101, 259, 79, -2102, 120, 204, -168, -86, -752, -201, -79, -258, -285, -183, 88, -157, 176, 360, 261, -59, 43, -263, 24, 3606, -203, -163, 162, -167, -657, 322, -42, 140, 240, 1658]
[0, 0, 0, 0, 0, 0, 0, 0, 0, 0, 0, 0, 0, 0, 0, 0, 0, 0, 0, 0, 0, 0, 0, 0, 0, -1, 0, 0, 0, 0, 0, 0, 0, 0, 0, 1, 0, 0, 0, 0, -2, 0, 0, 0, 0, 0, 0, 0, 0, 0, 0, 0, 0, 0, 0, 0, 0, 0, 0, 0, 0, 0, 0, 0, 0, 6, 0, 0, 0, 0, -32, 0, 0, 0, 0, 1, 0, 0, 0, 0, 57, 0, 0, 0, 0, -23, 0, 0, 0, 0, -50, 0, 0, 0, 0, 5, 0, 0, 0, 0, 40, 0, 0, 0, 0, 15, 0, 0, 0, 0, -98, 0, 0, 0, 0, -19, 0, 0, 0, 0, 177, 0, 0, 0, 0, 10, 0, 0, 0, 0, -252, 0, 0, 0, 0, 53, 0, 0, 0, 0, 62, 0, 0, 0, 0, -38, 0, 0, 0, 0, 154, 0, 0, 0, 0, -86, 0, 0, 0, 0, -106, 0, 0, 0, 0, 103, 0, 0, 0, 0, -156, 0, 0, 0, 0, -43, 0, 0, 0, 0, 196, 0, 0, 0, 0, -81, 0, 0, 0, 0, 36, 0, 0, 0, 0, 162, 0, 0, 0, 0, -367, 0, 0, 0, 0, 6, 0, 0, 0, 0, -6]
[0, 0, 0, 0, 0, 0, 0, 0, 0, 0, 0, 0, 0, 0, 0, 0, 0, 0, 0, 0, 0, 0, 0, 0, 0, 1, 0, 0, 0, 0, -1, 0, 0, 0, 0, 1, 0, 0, 0, 0, 1, 0, 0, 0, 0, -1, 0, 0, 0, 0, 1, 0, 0, 0, 0, -1, 0, 0, 0, 0, 0, 0, 0, 0, 0, -12, 0, 0, 0, 0, 43, 0, 0, 0, 0, 18, 0, 0, 0, 0, -97, 0, 0, 0, 0, 3, 0, 0, 0, 0, 94, 0, 0, 0, 0, 21, 0, 0, 0, 0, -96, 0, 0, 0, 0, 4, 0, 0, 0, 0, 139, 0, 0, 0, 0, -32, 0, 0, 0, 0, -227, 0, 0, 0, 0, 0, 0, 0, 0, 0, 352, 0, 0, 0, 0, -36, 0, 0, 0, 0, -138, 0, 0, 0, 0, 54, 0, 0, 0, 0, -181, 0, 0, 0, 0, 17, 0, 0, 0, 0, 91, 0, 0, 0, 0, 76, 0, 0, 0, 0, 171, 0, 0, 0, 0, -3, 0, 0, 0, 0, -228, 0, 0, 0, 0, -76, 0, 0, 0, 0, -32, 0, 0, 0, 0, -3, 0, 0, 0, 0, 396, 0, 0, 0, 0, -92, 0, 0, 0, 0, 135]
[0, 0, 0, 0, 0, -1, 0, 0, 0, 0, 1, 0, 0, 0, 0, 1, 0, 0, 0, 0, 0, 0, 0, 0, 0, 0, 0, 0, 0, 0, 1, 0, 0, 0, 0, 0, 0, 0, 0, 0, 1, 0, 0, 0, 0, 0, 0, 0, 0, 0, 0, 0, 0, 0, 0, 1, 0, 0, 0, 0, -1, 0, 0, 0, 0, -2, 0, 0, 0, 0, -41, 0, 0, 0, 0, 10, 0, 0, 0, 0, 137, 0, 0, 0, 0, -23, 0, 0, 0, 0, -120, 0, 0, 0, 0, 15, 0, 0, 0, 0, 115, 0, 0, 0, 0, -1, 0, 0, 0, 0, -157, 0, 0, 0, 0, -55, 0, 0, 0, 0, 367, 0, 0, 0, 0, 34, 0, 0, 0, 0, -474, 0, 0, 0, 0, 48, 0, 0, 0, 0, 176, 0, 0, 0, 0, -48, 0, 0, 0, 0, 329, 0, 0, 0, 0, -91, 0, 0, 0, 0, -178, 0, 0, 0, 0, 154, 0, 0, 0, 0, -283, 0, 0, 0, 0, -49, 0, 0, 0, 0, 422, 0, 0, 0, 0, -110, 0, 0, 0, 0, 202, 0, 0, 0, 0, 186, 0, 0, 0, 0, -588, 0, 0, 0, 0, 10, 0, 0, 0, 0, -39]
[0, 0, 0, 0, 0, 0, 0, 0, 0, 0, -1, 0, 0, 0, 0, 1, 0, 0, 0, 0, 2, 0, 0, 0, 0, 1, 0, 0, 0, 0, -1, 0, 0, 0, 0, 0, 0, 0, 0, 0, 1, 0, 0, 0, 0, 1, 0, 0, 0, 0, 0, 0, 0, 0, 0, 0, 0, 0, 0, 0, 0, 0, 0, 0, 0, 40, 0, 0, 0, 0, -62, 0, 0, 0, 0, -23, 0, 0, 0, 0, 133, 0, 0, 0, 0, 29, 0, 0, 0, 0, -130, 0, 0, 0, 0, -31, 0, 0, 0, 0, 142, 0, 0, 0, 0, -8, 0, 0, 0, 0, -197, 0, 0, 0, 0, 130, 0, 0, 0, 0, 285, 0, 0, 0, 0, 12, 0, 0, 0, 0, -472, 0, 0, 0, 0, 49, 0, 0, 0, 0, 226, 0, 0, 0, 0, -34, 0, 0, 0, 0, 194, 0, 0, 0, 0, 70, 0, 0, 0, 0, -75, 0, 0, 0, 0, -180, 0, 0, 0, 0, -215, 0, 0, 0, 0, 139, 0, 0, 0, 0, 288, 0, 0, 0, 0, 290, 0, 0, 0, 0, -11, 0, 0, 0, 0, -75, 0, 0, 0, 0, -424, 0, 0, 0, 0, 240, 0, 0, 0, 0, -297]
[0, 0, 0, 0, 0, -1, 0, 0, 0, 0, 0, 0, 0, 0, 0, 2, 0, 0, 0, 0, 1, 0, 0, 0, 0, 0, 0, 0, 0, 0, 0, 0, 0, 0, 0, -1, 0, 0, 0, 0, 0, 0, 0, 0, 0, -1, 0, 0, 0, 0, 0, 0, 0, 0, 0, -1, 0, 0, 0, 0, -1, 0, 0, 0, 0, 32, 0, 0, 0, 0, -133, 0, 0, 0, 0, -8, 0, 0, 0, 0, 314, 0, 0, 0, 0, -23, 0, 0, 0, 0, -300, 0, 0, 0, 0, -11, 0, 0, 0, 0, 270, 0, 0, 0, 0, 6, 0, 0, 0, 0, -432, 0, 0, 0, 0, 24, 0, 0, 0, 0, 820, 0, 0, 0, 0, 32, 0, 0, 0, 0, -1174, 0, 0, 0, 0, 124, 0, 0, 0, 0, 435, 0, 0, 0, 0, -116, 0, 0, 0, 0, 663, 0, 0, 0, 0, -125, 0, 0, 0, 0, -390, 0, 0, 0, 0, 93, 0, 0, 0, 0, -678, 0, 0, 0, 0, -1, 0, 0, 0, 0, 908, 0, 0, 0, 0, 29, 0, 0, 0, 0, 245, 0, 0, 0, 0, 255, 0, 0, 0, 0, -1382, 0, 0, 0, 0, 160, 0, 0, 0, 0, -318]
[0, 0, 0, 0, 0, 0, 0, 0, 0, 0, 0, 0, 0, 0, 0, 0, 0, 0, 0, 0, 0, 0, 0, 0, 0, -1, 0, 0, 0, 0, -1, 0, 0, 0, 0, 0, 0, 0, 0, 0, 1, 0, 0, 0, 0, -1, 0, 0, 0, 0, -1, 0, 0, 0, 0, -1, 0, 0, 0, 0, 2, 0, 0, 0, 0, 6, 0, 0, 0, 0, -43, 0, 0, 0, 0, -11, 0, 0, 0, 0, 89, 0, 0, 0, 0, -3, 0, 0, 0, 0, -98, 0, 0, 0, 0, -12, 0, 0, 0, 0, 84, 0, 0, 0, 0, -10, 0, 0, 0, 0, -127, 0, 0, 0, 0, 15, 0, 0, 0, 0, 227, 0, 0, 0, 0, 0, 0, 0, 0, 0, -334, 0, 0, 0, 0, 7, 0, 0, 0, 0, 134, 0, 0, 0, 0, -32, 0, 0, 0, 0, 149, 0, 0, 0, 0, -17, 0, 0, 0, 0, -99, 0, 0, 0, 0, -48, 0, 0, 0, 0, -213, 0, 0, 0, 0, 0, 0, 0, 0, 0, 264, 0, 0, 0, 0, 30, 0, 0, 0, 0, 32, 0, 0, 0, 0, -21, 0, 0, 0, 0, -354, 0, 0, 0, 0, 38, 0, 0, 0, 0, -149]
[0, 0, 0, 0, 0, 1, 0, 0, 0, 0, -1, 0, 0, 0, 0, -1, 0, 0, 0, 0, 0, 0, 0, 0, 0, -1, 0, 0, 0, 0, 0, 0, 0, 0, 0, -1, 0, 0, 0, 0, 0, 0, 0, 0, 0, -2, 0, 0, 0, 0, -1, 0, 0, 0, 0, 1, 0, 0, 0, 0, 0, 0, 0, 0, 0, 4, 0, 0, 0, 0, 35, 0, 0, 0, 0, -29, 0, 0, 0, 0, -108, 0, 0, 0, 0, 32, 0, 0, 0, 0, 88, 0, 0, 0, 0, -34, 0, 0, 0, 0, -66, 0, 0, 0, 0, -24, 0, 0, 0, 0, 126, 0, 0, 0, 0, 82, 0, 0, 0, 0, -346, 0, 0, 0, 0, -32, 0, 0, 0, 0, 414, 0, 0, 0, 0, -73, 0, 0, 0, 0, -118, 0, 0, 0, 0, 22, 0, 0, 0, 0, -317, 0, 0, 0, 0, 117, 0, 0, 0, 0, 206, 0, 0, 0, 0, -297, 0, 0, 0, 0, 288, 0, 0, 0, 0, 70, 0, 0, 0, 0, -420, 0, 0, 0, 0, 207, 0, 0, 0, 0, -213, 0, 0, 0, 0, -318, 0, 0, 0, 0, 590, 0, 0, 0, 0, 52, 0, 0, 0, 0, -70]
[0, 0, 0, 0, 0, -1, 0, 0, 0, 0, 2, 0, 0, 0, 0, -1, 0, 0, 0, 0, 0, 0, 0, 0, 0, -1, 0, 0, 0, 0, -1, 0, 0, 0, 0, 0, 0, 0, 0, 0, -1, 0, 0, 0, 0, 0, 0, 0, 0, 0, 1, 0, 0, 0, 0, 1, 0, 0, 0, 0, 1, 0, 0, 0, 0, 12, 0, 0, 0, 0, -146, 0, 0, 0, 0, -14, 0, 0, 0, 0, 362, 0, 0, 0, 0, -66, 0, 0, 0, 0, -348, 0, 0, 0, 0, 3, 0, 0, 0, 0, 319, 0, 0, 0, 0, -8, 0, 0, 0, 0, -469, 0, 0, 0, 0, -73, 0, 0, 0, 0, 964, 0, 0, 0, 0, 56, 0, 0, 0, 0, -1336, 0, 0, 0, 0, 108, 0, 0, 0, 0, 478, 0, 0, 0, 0, -150, 0, 0, 0, 0, 784, 0, 0, 0, 0, -221, 0, 0, 0, 0, -464, 0, 0, 0, 0, 181, 0, 0, 0, 0, -803, 0, 0, 0, 0, -99, 0, 0, 0, 0, 1066, 0, 0, 0, 0, -207, 0, 0, 0, 0, 355, 0, 0, 0, 0, 336, 0, 0, 0, 0, -1611, 0, 0, 0, 0, 80, 0, 0, 0, 0, -269]
[0, 0, 0, 0, 0, 1, 0, 0, 0, 0, -1, 0, 0, 0, 0, 0, 0, 0, 0, 0, -1, 0, 0, 0, 0, -1, 0, 0, 0, 0, 1, 0, 0, 0, 0, 1, 0, 0, 0, 0, 0, 0, 0, 0, 0, 1, 0, 0, 0, 0, 2, 0, 0, 0, 0, -1, 0, 0, 0, 0, 1, 0, 0, 0, 0, -16, 0, 0, 0, 0, 90, 0, 0, 0, 0, 12, 0, 0, 0, 0, -235, 0, 0, 0, 0, 26, 0, 0, 0, 0, 226, 0, 0, 0, 0, 3, 0, 0, 0, 0, -220, 0, 0, 0, 0, 19, 0, 0, 0, 0, 305, 0, 0, 0, 0, 14, 0, 0, 0, 0, -589, 0, 0, 0, 0, -46, 0, 0, 0, 0, 848, 0, 0, 0, 0, -58, 0, 0, 0, 0, -329, 0, 0, 0, 0, 92, 0, 0, 0, 0, -470, 0, 0, 0, 0, 95, 0, 0, 0, 0, 258, 0, 0, 0, 0, -50, 0, 0, 0, 0, 487, 0, 0, 0, 0, 1, 0, 0, 0, 0, -640, 0, 0, 0, 0, 34, 0, 0, 0, 0, -197, 0, 0, 0, 0, -147, 0, 0, 0, 0, 951, 0, 0, 0, 0, -116, 0, 0, 0, 0, 253]
[0, 0, 0, 0, 0, 0, 0, 0, 0, 0, 0, 0, 0, 0, 0, 1, 0, 0, 0, 0, -2, 0, 0, 0, 0, -1, 0, 0, 0, 0, -1, 0, 0, 0, 0, 0, 0, 0, 0, 0, 2, 0, 0, 0, 0, -1, 0, 0, 0, 0, 1, 0, 0, 0, 0, 0, 0, 0, 0, 0, -1, 0, 0, 0, 0, -10, 0, 0, 0, 0, -35, 0, 0, 0, 0, 11, 0, 0, 0, 0, 64, 0, 0, 0, 0, 1, 0, 0, 0, 0, -96, 0, 0, 0, 0, 7, 0, 0, 0, 0, 31, 0, 0, 0, 0, 10, 0, 0, 0, 0, -83, 0, 0, 0, 0, -22, 0, 0, 0, 0, 206, 0, 0, 0, 0, -12, 0, 0, 0, 0, -272, 0, 0, 0, 0, -5, 0, 0, 0, 0, 74, 0, 0, 0, 0, 16, 0, 0, 0, 0, 131, 0, 0, 0, 0, -10, 0, 0, 0, 0, -159, 0, 0, 0, 0, 52, 0, 0, 0, 0, -245, 0, 0, 0, 0, -37, 0, 0, 0, 0, 258, 0, 0, 0, 0, -38, 0, 0, 0, 0, 90, 0, 0, 0, 0, 21, 0, 0, 0, 0, -350, 0, 0, 0, 0, -66, 0, 0, 0, 0, -95]
[0, 0, 0, 0, 0, -1, 0, 0, 0, 0, 0, 0, 0, 0, 0, 2, 0, 0, 0, 0, 1, 0, 0, 0, 0, 1, 0, 0, 0, 0, 0, 0, 0, 0, 0, 0, 0, 0, 0, 0, -1, 0, 0, 0, 0, -1, 0, 0, 0, 0, 1, 0, 0, 0, 0, 0, 0, 0, 0, 0, 2, 0, 0, 0, 0, 27, 0, 0, 0, 0, -121, 0, 0, 0, 0, 13, 0, 0, 0, 0, 276, 0, 0, 0, 0, -41, 0, 0, 0, 0, -252, 0, 0, 0, 0, 17, 0, 0, 0, 0, 215, 0, 0, 0, 0, 34, 0, 0, 0, 0, -386, 0, 0, 0, 0, -24, 0, 0, 0, 0, 778, 0, 0, 0, 0, 42, 0, 0, 0, 0, -1072, 0, 0, 0, 0, 151, 0, 0, 0, 0, 365, 0, 0, 0, 0, -93, 0, 0, 0, 0, 647, 0, 0, 0, 0, -184, 0, 0, 0, 0, -397, 0, 0, 0, 0, 280, 0, 0, 0, 0, -653, 0, 0, 0, 0, -40, 0, 0, 0, 0, 892, 0, 0, 0, 0, -116, 0, 0, 0, 0, 259, 0, 0, 0, 0, 438, 0, 0, 0, 0, -1345, 0, 0, 0, 0, 83, 0, 0, 0, 0, -163]
[0, 0, 0, 0, 0, 0, 0, 0, 0, 0, 0, 0, 0, 0, 1, 0, -1, 0, -1, 0, 0, 0, 0, 0, -1, -1, 1, 0, 0, 0, -1, 0, -1, 0, -1, 0, 0, 0, 1, 0, 0, 0, 0, 0, -1, -1, -1, 0, -1, 0, -1, 0, -1, 0, 0, -1, 0, 0, 0, 0, -1, 0, 0, 0, -1, 6, -2, 0, -2, 0, -43, 0, -3, 0, -3, -11, -3, 0, -1, 0, 87, 0, -1, 0, -7, -3, 3, 0, -1, 0, -101, 0, -2, 0, 3, -12, -9, 0, -1, 0, 79, 0, -1, 0, 0, -10, -3, 0, -11, 0, -125, 0, -5, 0, -1, 15, -4, 0, -2, 0, 220, 0, -2, 0, -8, 0, -5, 0, -10, 0, -332, 0, -13, 0, -2, 7, -3, 0, -1, 0, 124, 0, 2, 0, -5, -32, 1, 0, -10, 0, 144, 0, -12, 0, 1, -17, -18, 0, 1, 0, -108, 0, -9, 0, -19, -48, 5, 0, -18, 0, -214, 0, -11, 0, -9, 0, -15, 0, 4, 0, 239, 0, -2, 0, -17, 30, -6, 0, -13, 0, 29, 0, -18, 0, -2, -21, -21, 0, -1, 0, -369, 0, 8, 0, -29, 38, -4, 0, -21, 0, -158]
[0, 0, 0, 0, 0, 0, 0, 0, 0, 0, 0, 0, 0, 0, 0, 0, 0, 0, 0, 0, 1, 0, 0, 0, 1, 0, 0, 0, 1, 0, 0, 0, 0, 0, 0, 1, 0, 0, 1, 0, 0, 0, 1, 0, 0, 0, 0, 0, 1, 0, 0, 0, 2, 0, 1, 1, 2, 0, 1, 0, 0, 0, 1, 0, 1, 11, 3, 0, 2, 0, -3, 0, 1, 0, 1, -7, 2, 0, 2, 0, 12, 0, 3, 0, 5, 3, 2, 0, 3, 0, -1, 0, 3, 0, 1, -4, 5, 0, 1, 0, 26, 0, 4, 0, 6, -5, 5, 0, 5, 0, -22, 0, 5, 0, 7, 28, 7, 0, 3, 0, 7, 0, 3, 0, 6, 16, 3, 0, 5, 0, -27, 0, 8, 0, 7, 15, 4, 0, 6, 0, 30, 0, 11, 0, 12, -13, 8, 0, 9, 0, 12, 0, 8, 0, 2, 5, 13, 0, 8, 0, 30, 0, 12, 0, 11, -32, 7, 0, 14, 0, 21, 0, 15, 0, 8, 37, 14, 0, 5, 0, -3, 0, 6, 0, 12, 58, 13, 0, 19, 0, -22, 0, 13, 0, 12, -1, 17, 0, 20, 0, 2, 0, 13, 0, 21, 75, 10, 0, 17, 0, -34]
[0, 0, 0, 0, 0, 0, 0, 0, 0, 0, 0, 0, 0, 0, 1, 0, -1, 0, 0, 0, 0, 0, 0, 0, -1, 0, 1, 0, 0, 0, 1, 0, 0, 0, 0, -1, 0, 0, 2, 0, -1, 0, 0, 0, 0, 0, 1, 0, 0, 0, 0, 0, 0, 0, 1, 0, 0, 0, 2, 0, -1, 0, 2, 0, 0, -2, 0, 0, 0, 0, 1, 0, 0, 0, 2, -1, 0, 0, 2, 0, -1, 0, 2, 0, -5, -2, 8, 0, 0, 0, 0, 0, 2, 0, 9, -3, -4, 0, 4, 0, -6, 0, 4, 0, 2, 2, 4, 0, -8, 0, 5, 0, 2, 0, 5, -5, -1, 0, 6, 0, -2, 0, 6, 0, -1, -8, 7, 0, -4, 0, 5, 0, -6, 0, 10, 1, 5, 0, 8, 0, -9, 0, 10, 0, -3, -6, 12, 0, -2, 0, 5, 0, 0, 0, 18, -6, -11, 0, 16, 0, -6, 0, 6, 0, -11, -4, 19, 0, -6, 0, 8, 0, -4, 0, 12, -15, -2, 0, 24, 0, -13, 0, 18, 0, -4, -8, 13, 0, -4, 0, 6, 0, -4, 0, 20, 2, -6, 0, 18, 0, -18, 0, 30, 0, -16, -14, 20, 0, -2, 0, 17]
[0, 0, 0, 0, 0, 0, 0, 0, 0, 0, 0, 0, -1, 0, -1, 0, 1, 0, 1, 0, 0, 0, 2, 0, 1, 0, -1, 0, 0, 0, 0, 0, 0, 0, 0, 0, -2, 0, -1, 0, 0, 0, -1, 0, 0, 0, -1, 0, 0, 0, 0, 0, -1, 0, 1, 0, 2, 0, -1, 0, 0, 0, 0, 0, 0, 0, 2, 0, 2, 0, 1, 0, -1, 0, 0, 0, 0, 0, 0, 0, 0, 0, 6, 0, 5, 0, -4, 0, -5, 0, 0, 0, -8, 0, -7, 0, 4, 0, 0, 0, 0, 0, 0, 0, 0, 0, 6, 0, 5, 0, 0, 0, 3, 0, -1, 0, 3, 0, 0, 0, -2, 0, 5, 0, -5, 0, -7, 0, 4, 0, 0, 0, 0, 0, 2, 0, -9, 0, -9, 0, -4, 0, 4, 0, 1, 0, 0, 0, 2, 0, 0, 0, -9, 0, -6, 0, 3, 0, 6, 0, 0, 0, 4, 0, 15, 0, -1, 0, -1, 0, 1, 0, 1, 0, 0, 0, 4, 0, -5, 0, 0, 0, 1, 0, 4, 0, 3, 0, 0, 0, 8, 0, -7, 0, 4, 0, 0, 0, -1, 0, 0, 0, 0, 0, -6, 0, 8, 0, 5, 0, 2]
[0, 0, 0, 0, 0, 0, 0, 0, 0, 0, 0, 0, 0, 0, 1, 0, -2, 0, 1, 0, 1, 0, -1, 0, -1, 0, 0, 0, 1, 0, 0, 0, 0, 0, -1, 0, 1, 0, 1, 0, 0, 0, -1, 0, 0, 0, -1, 0, 1, 0, 0, 0, 1, 0, 0, 0, -1, 0, 2, 0, 0, 0, -2, 0, 0, 0, -2, 0, 0, 0, 0, 0, 2, 0, 0, 0, 1, 0, 0, 0, 0, 0, 0, 0, -6, 0, 8, 0, -5, 0, -4, 0, 4, 0, 7, 0, 0, 0, -5, 0, 0, 0, 0, 0, 3, 0, -3, 0, -5, 0, 0, 0, 5, 0, 2, 0, 3, 0, -4, 0, 1, 0, -5, 0, 0, 0, 4, 0, -8, 0, 0, 0, 6, 0, -1, 0, 9, 0, 0, 0, 0, 0, -8, 0, 1, 0, -1, 0, -1, 0, 0, 0, 0, 0, 10, 0, -6, 0, 6, 0, 2, 0, -2, 0, -15, 0, 0, 0, 6, 0, -2, 0, 1, 0, 3, 0, -2, 0, 5, 0, 0, 0, -4, 0, -8, 0, 3, 0, 1, 0, -4, 0, 7, 0, 0, 0, -1, 0, 2, 0, 0, 0, 3, 0, 3, 0, -8, 0, 0, 0, 0]
[0, 0, 0, 0, 0, 0, 0, 0, 0, 0, 0, 0, 0, 0, 0, 0, 0, 0, -1, 1, 0, 0, 1, 1, 0, 0, 1, -1, 0, -1, 0, -1, 0, 0, 0, 0, 1, 1, 0, 0, -1, 2, 1, 0, 1, 1, 0, 0, 0, 0, 0, -2, -1, 1, 0, 1, 1, 0, 0, 1, 0, 1, 1, 0, 2, -1, -1, 1, 1, -1, 0, 3, 1, 2, 1, 0, 1, 1, 1, 2, 1, 1, 2, 1, 1, -2, 1, 1, 5, -3, 0, 0, -1, -2, -1, 2, -3, 4, 3, 6, 0, 7, 1, 0, 3, 0, -1, 0, -1, 2, 5, -4, -2, 4, -1, -1, 2, 3, 3, 6, 0, 11, 7, -2, 4, -3, 0, 1, 6, -2, 1, 0, 0, 5, 0, 4, 6, 2, 2, 10, 0, -6, 3, -3, 0, 0, 2, 2, 7, -3, -3, 3, 1, 4, 3, 8, 4, 5, 1, 6, 1, 12, 1, 1, 14, -5, 9, 7, -2, 0, 2, -3, 7, 15, 0, 3, 5, -2, 15, 8, -4, 5, 11, -3, 6, -4, 3, 3, 6, -11, 1, 3, 1, 14, 6, 2, 3, 16, -4, 17, 0, 9, 10, 2, -2, 1, 10, 0, 5, -2, 4]
[0, 0, 0, 0, 0, 0, 0, 0, 0, 0, 0, 0, 0, 0, 0, 0, 1, 0, 0, -1, -1, 0, 0, -1, 0, 0, 0, 1, -1, 1, 0, 0, 0, 0, 0, 1, -1, -1, 0, 0, -1, 0, 0, 1, 0, -1, 1, 0, -2, 0, 0, 0, 0, -2, 1, 0, 0, 0, 1, -2, 0, -1, -1, 0, -2, -9, 2, -1, -1, 3, 12, -1, 1, -2, 0, 18, -4, -1, -1, -4, -40, -2, 0, 2, 0, -19, 0, -3, 0, 3, 44, -1, -3, -2, 1, 23, -1, 0, 5, -3, -57, -4, 1, 0, -7, 22, 1, -4, 1, -4, 41, 3, -1, -5, 5, -57, -3, -3, 1, -7, -52, -11, 1, 5, -6, 9, 1, 4, 1, 5, 102, 0, -7, -6, 2, 16, -8, -5, 3, -8, -82, 4, 4, -2, -1, 14, 2, -4, -7, -1, -23, -2, -5, -2, 1, -74, -3, 1, 3, -6, -20, -9, 1, 1, -5, 177, 3, -6, -9, -3, 19, -2, -6, -15, 6, -61, -7, -2, -1, -4, -38, -7, 2, 6, -7, -155, 1, -3, -8, 13, 9, 3, -5, -19, 4, 158, -8, -21, 5, -26, 19, -9, 5, -3, -7, -91, 10, 5, -9, 0, 136]
[0, 0, 0, 0, 0, 0, 0, 0, 0, 0, 0, 0, 0, 0, 0, 0, 0, -1, 1, 0, 0, 0, 2, -1, 0, 0, 1, 0, 1, 0, 2, -1, 0, 0, 0, 0, 0, 0, 0, 1, 0, 1, -1, 0, 1, -1, -1, 1, 0, -1, 0, 1, 0, 1, 1, 0, 0, -1, 1, 0, 0, 1, 1, 1, 2, -7, 3, -2, 1, 3, 50, 0, 15, 4, 16, 8, 1, 4, 6, -30, -116, -10, -24, -17, 0, -3, 5, 6, 17, 21, 140, 0, 31, -8, -23, 2, 55, -15, -4, 32, -91, -4, 2, -9, 22, 14, -71, -28, 12, -65, 149, 8, 17, 16, 49, -9, 47, 20, -1, 26, -330, -34, -56, 24, -32, -14, 24, 39, -2, 36, 448, -19, 85, -22, -27, -18, -13, -36, 27, -72, -198, 81, 6, 22, 101, 33, -14, -6, -6, -42, -144, -33, -23, -35, -42, -28, 69, 22, -32, 58, 151, -37, 16, -58, -12, 53, 42, -96, 98, 32, 346, 50, 96, 44, 102, -6, -109, -39, -63, -40, -398, -66, -53, 82, -19, -99, 65, 72, 84, 81, -92, -49, 12, -79, -70, 35, 30, 36, 75, -37, 435, 84, 84, -57, 82, -75, -34, -34, -19, -134, 243]
[0, 0, 0, 0, 0, 0, 0, 0, -1, 0, 0, 0, 0, 1, 1, 1, -1, 0, 0, 0, 0, 0, 0, -1, 1, -1, 1, -1, 0, 0, 0, 0, 0, 1, -1, 1, 0, 1, 0, 0, 0, -1, 0, 1, 0, 1, 1, 0, 1, 0, 0, 0, 0, 1, -1, 0, 0, -1, -2, 0, -1, -1, 1, 1, -18, 19, -2, 0, 3, 11, -61, 10, 17, 12, 30, -9, -9, -4, -2, -42, 124, 1, -27, -14, -8, 0, 1, 15, 3, 34, -113, 6, 7, -3, -40, -28, 46, -3, 4, 64, 133, 0, 13, -17, 20, 12, -99, -33, -13, -100, -190, 16, 5, 24, 68, 51, 44, 22, 3, 41, 286, -32, -90, 41, -59, 3, 47, 74, -19, 78, -446, -33, 79, -50, -63, 49, -67, -44, 47, -100, 137, 120, 7, 23, 155, -27, -15, -3, -50, -47, 307, -29, -35, -13, -91, -54, 53, 57, -41, 96, -134, -49, -30, -45, -76, -7, 38, -118, 102, 39, -199, 87, 111, 46, 163, 58, -145, -11, -122, -84, 261, -104, -88, 145, -82, 7, 103, 111, 76, 152, 47, -41, -47, -102, -80, 90, -14, 27, 84, -52, -570, 140, 150, -67, 7, 95, -103, -47, -81, -138, -109]
[0, 0, 0, 0, 0, 0, 0, 0, 0, 0, 0, 0, 0, 0, 0, 0, 0, 1, 0, 0, 0, 0, -1, 0, 1, -1, 0, 0, 0, -1, 0, 1, 0, 0, 0, 1, 1, 0, 1, 0, 0, 0, 2, -1, 0, -1, 1, 0, 0, 2, 0, -1, 0, 0, 0, 1, -1, -1, 0, 1, 0, 1, 1, 2, 0, -5, 1, 0, 0, 1, 6, 1, 2, 3, 1, 1, 1, 1, 0, 1, -10, 1, 0, 1, 0, -11, 0, 2, 2, 1, 14, 2, 4, 0, 0, 8, 2, 0, 1, 4, -5, -1, 3, 2, 1, -3, -2, 0, 0, 2, 12, 3, -4, 5, 2, -26, -1, 4, 3, -2, -26, 7, 2, 3, 4, 15, 8, 5, 4, 2, 41, -1, 2, -1, 3, 0, 3, 4, 6, 2, -17, 0, -2, -5, 3, -8, 2, 4, 6, 1, -11, 3, 6, 4, 7, -37, 8, -7, 1, 3, 14, 2, 6, 10, -1, 42, 2, 9, 6, 6, 22, 7, 0, 2, 8, -23, 6, 12, 2, 4, -24, 1, 4, 7, 8, -59, 8, 0, 4, 1, -3, 0, 10, 6, 4, 34, 1, 11, 4, 3, 35, 13, 2, 1, 11, -20, 0, 9, 2, 4, 30]
[0, 0, 0, 0, 0, 0, 0, 0, 0, 0, 0, 0, 0, 0, -1, 0, 1, 0, -1, 0, 0, 0, 0, 1, 1, -1, 0, 0, 0, 1, 0, 0, 1, -1, 0, 0, -1, -1, -1, -1, 0, -1, 0, 0, -1, 0, -1, -1, -1, -1, 0, 1, 0, -1, 2, 1, 2, 1, 0, 0, 0, -1, 0, 1, -1, 14, 1, 3, 0, 1, -43, -1, -4, -2, -4, -18, -1, 0, -2, -2, 98, -1, -6, -1, 3, 1, -5, -1, 1, 6, -93, 1, 0, -2, -5, -18, -1, 2, 0, -7, 100, -2, -3, 6, -1, -7, 0, 0, 4, 0, -143, 1, 0, -2, -1, 37, 1, -6, -4, -2, 227, -3, -3, 0, -1, 9, -11, -1, 1, 1, -350, 4, 0, -5, -5, 30, -7, -3, -4, -8, 146, 0, 2, 5, 1, -48, -6, -1, 0, 9, 179, -1, 2, -4, -11, -18, 3, 0, -7, -10, -85, -7, -7, 2, 2, -72, -7, -4, -3, 8, -170, 2, 4, -11, -13, 15, 2, -1, -18, -5, 235, 2, -14, 2, 5, 90, -11, 7, 8, 9, 33, -2, -4, -4, -18, -7, 4, -7, -12, -9, -380, -11, -18, 4, 5, 110, -11, -8, 0, 10, -151]
[0, 0, 0, 0, 0, 0, 0, 0, 0, 0, 0, 0, 0, 0, -1, 0, 1, 0, 0, 0, 0, 0, 0, 0, 1, 0, 0, 1, 0, 0, 1, 0, 0, -1, 0, 2, 0, 0, 0, 0, 0, -2, -1, -2, -1, 0, 2, 0, 0, 1, 1, 0, 0, -1, 0, 0, 1, 0, -1, 0, 0, -2, 0, 0, 1, -11, 4, 0, 1, 0, 79, -6, -4, -2, 1, 21, 2, 2, 3, 0, -178, -4, -1, -1, 4, 5, -3, 1, 3, -2, 194, -2, 2, 0, -4, 24, 6, -4, -3, -8, -163, -6, 1, 0, 2, 16, 9, 1, 5, -4, 234, 0, 0, -2, 1, -26, 1, -3, 2, -4, -442, -5, 1, -2, 3, 4, -3, -13, 1, -5, 652, -6, 2, 0, 7, -20, -5, -7, 2, -6, -254, -2, 12, 3, 4, 62, 2, -5, 5, -2, -316, -4, 9, -8, -8, 18, 6, -12, -1, -8, 203, -3, 11, -7, 8, 99, -5, -9, 10, 0, 390, 2, 7, -8, 0, -5, 6, -8, -9, -8, -476, -6, 1, -13, 10, -63, 1, -12, 8, -3, -108, -8, 3, -15, 6, 31, 10, -2, 16, -2, 710, -4, 4, -13, 9, -77, -4, -9, 8, -14, 263]
[0, 0, 0, 0, 0, 0, 0, 0, 0, 0, 0, 0, 0, 0, 0, 0, 0, -1, 0, 1, 0, 0, 1, 0, -1, -1, 0, 1, 0, -1, 0, -1, 0, 1, 0, -1, 1, 1, -1, 1, -1, 0, -2, -1, 0, 1, 1, -1, 0, -1, 1, 1, 0, 1, 0, -1, -1, 0, 0, 1, -1, 0, -1, -1, 2, 17, -1, 1, 0, -1, -52, -3, -2, -1, 1, -21, 1, 3, 4, 3, 105, 0, 0, 0, -2, 3, 0, 2, 2, -6, -110, -1, 0, 5, 0, -29, 2, -2, -5, 2, 100, 3, 1, -8, 1, -5, 4, 2, 0, -5, -152, -1, 0, 0, -2, 61, -1, 4, 1, 8, 249, -1, -2, -5, 0, -17, -2, -9, -4, -5, -395, -5, 2, 11, 3, 32, 1, -3, 2, 8, 153, 2, 2, 6, -1, -50, -2, -2, -2, -6, 185, -3, 2, 2, -5, 12, -4, 5, -5, 9, -111, 13, 2, -15, 5, -128, -2, -4, 6, -10, -199, 0, 0, 19, -4, 27, -4, -7, 6, 7, 240, 3, 4, -11, -4, 118, 0, -3, -4, -4, 27, 1, -2, 3, 4, -41, 3, 10, 4, 18, -435, 10, 2, -11, -7, 102, 2, -3, -2, -20, -179]
[0, 0, 0, 0, 0, 0, 0, 0, 0, 0, 0, 0, 0, 0, 0, 0, 0, 0, 0, -1, 0, 0, 0, 0, 1, 0, 0, -1, 0, 1, 0, 0, 1, 0, 0, 0, -1, 0, 0, -2, 0, 0, -1, 0, -1, -1, -1, -1, 1, 2, 0, 0, 2, -2, 0, -1, 1, 0, -1, -1, 1, 0, 0, 0, 0, 1, 1, -1, 4, -1, -1, -1, 2, -3, -2, -3, 0, -4, -2, -5, 1, -3, -3, -1, 7, 1, -2, -2, 0, 5, 0, 1, 4, -5, -2, -2, 3, 1, 1, -10, 3, -3, -1, 5, 1, -4, 1, -1, 3, 0, -5, -3, 3, -7, 1, -2, 5, -10, -4, -5, 4, -5, -3, 1, 7, 0, -5, 0, 4, -1, -1, 1, 5, -8, -3, -9, -1, -2, -6, -10, 6, -5, 1, 2, 7, -2, 0, -5, 7, 5, -2, 1, 5, -9, -9, -10, 10, -4, 1, -15, 6, -15, -3, 3, 4, -5, -8, -6, 6, 5, -5, -3, 8, -25, -2, -7, 12, -8, -9, -7, 19, -7, -7, 0, 10, 0, -5, 2, 15, -9, -6, -5, 7, -12, -10, -16, 17, -17, -1, -19, 7, -26, -8, 3, 17, -6, -5, -7, 8, 14, -7]
[0, 0, 0, 0, 0, 0, 0, 0, 0, 0, 0, 1, -1, -1, 0, 0, 0, 1, 1, 0, 0, 0, 0, -1, 0, 0, 0, 2, 0, 0, 1, 1, 1, -2, 0, 0, 0, 0, 0, 0, 1, 0, -1, -1, 0, 0, 0, 1, 0, 2, -1, 0, -1, 0, 0, 0, 1, 0, 1, 1, 0, 0, -2, 0, 0, -34, 1, -1, 2, 0, 123, 0, 1, 1, 0, 29, 2, 1, -1, 0, -255, -4, 4, 5, -3, 16, 2, 0, -6, 2, 254, 0, -1, 3, 1, 33, 2, -6, -1, -2, -232, -4, -2, 10, 0, 4, 1, 1, 1, 4, 369, -3, 4, 4, 0, -65, 2, 0, 2, -5, -653, -2, 2, 2, 0, -5, -1, 1, -2, 0, 971, -2, 6, 4, 1, -88, 1, 6, -7, 2, -367, -4, -6, 1, 2, 104, 0, 2, 7, 4, -496, 1, -3, -4, 12, 71, -2, -5, 14, -8, 299, -2, 3, 7, -1, 71, 0, 4, 4, 12, 546, 4, -2, -10, 4, -25, 5, 3, 0, -9, -695, 10, 0, 2, 4, -95, 6, -6, -2, 2, -121, 8, 6, 0, 4, -98, 1, 7, -1, -3, 1110, 8, 4, -5, 1, -172, -2, 2, 5, 4, 337]
[0, 0, 0, 0, 0, 0, 0, 0, 0, 0, 1, -1, 0, 0, 0, -1, 1, 0, 0, 1, -1, 0, 1, -1, 1, 0, 0, -1, 2, -1, 0, 0, -1, 0, 0, 1, 0, 0, 2, -1, 0, 0, 0, 1, 1, 0, -1, 1, 1, 0, 0, 0, 1, 0, 0, 0, 0, 1, -2, 1, 0, 0, 0, 0, 0, -20, 6, -8, 0, -1, 24, 0, 28, 15, 10, 17, 10, 9, 2, -21, -62, -12, -46, -23, 11, -27, 0, 10, 18, 6, 72, -7, 45, -5, -25, 21, 60, -26, -6, 46, -51, 2, 0, -23, 22, 5, -82, -23, 27, -65, 90, 12, 13, 24, 46, -68, 31, 18, -6, 24, -167, -11, -54, 9, -21, 9, 25, 44, 10, 42, 232, -32, 96, -31, -31, -26, 12, -44, 18, -72, -142, 65, -11, 22, 90, 34, -26, -1, 19, -44, -37, -48, -13, -40, -46, -71, 118, 16, -80, 49, 35, -34, 27, -39, 17, 146, 9, -91, 111, 31, 152, 72, 73, 43, 96, -43, -111, -12, -53, -67, -205, -75, -57, 79, 23, -242, 48, 31, 89, 62, -18, -44, 72, -85, -132, 102, 43, 60, 97, 8, 184, 81, 28, -60, 138, -142, -45, -68, -22, -167, 194]
[0, 0, 0, 0, 0, 0, 0, 0, 0, 0, 0, 0, 0, -1, 1, 0, 1, 1, 0, 0, -1, 0, -1, -2, -1, 1, 0, 1, -1, 0, 0, 1, 0, 1, 1, 0, 1, 0, -1, -1, 0, 1, 1, 1, 1, -1, 1, 0, -1, 0, 0, -1, 0, 0, -1, -1, -1, -1, 1, 1, -1, 0, 0, 0, -2, -37, -1, -1, -1, -1, 97, 3, 5, 1, 1, 36, 1, 0, -3, -1, -205, 0, -1, 4, -4, -8, -2, -4, 0, 1, 208, -2, 1, 4, 4, 43, -1, -6, 7, 5, -207, -3, 1, -3, -5, 13, -8, -4, 2, 5, 300, -5, -1, 1, -1, -107, -5, 1, 6, -4, -484, -2, -2, -1, 3, -4, 9, 13, 4, -1, 753, 2, 2, -5, -2, -60, 3, 5, 2, 4, -316, -1, -17, -5, -5, 85, -3, -6, 0, -4, -354, 1, 1, -2, 12, -8, 3, 4, -1, -1, 178, -3, -7, 5, -1, 193, 1, 9, -4, -5, 385, -6, -8, 0, 7, -74, -3, 4, 8, -5, -505, 4, 5, 6, 4, -231, 4, 1, -9, -1, -45, 9, 12, 9, -2, 44, -5, -10, -16, -16, 786, -1, -7, -1, 4, -233, 6, -2, 1, -3, 356]
[0, 0, 0, 0, 0, 1, 0, 0, 0, 0, -1, 0, 0, 0, 1, 0, 0, 0, -1, 0, -1, -1, 0, 0, -1, 0, 1, 0, 0, 0, 1, -1, -1, 1, 0, 0, 2, 0, -1, 0, 1, 0, 2, 2, 1, 0, -1, 0, 0, -1, 0, -1, -1, 1, 0, 0, 1, 0, 1, -1, 0, 0, 0, -1, 0, -28, -2, 0, -1, 0, 129, 4, 3, 0, -3, 11, 0, -2, -2, -1, -301, 1, 1, 0, -2, 38, 2, -2, 2, 1, 288, 0, -2, -2, 3, 4, -5, 0, 5, 6, -265, 3, 1, -3, 0, -3, -10, -2, 1, 2, 417, 0, -3, -2, 0, 3, 1, 1, 0, -1, -795, 0, 2, -3, 0, -44, 3, 10, 2, 3, 1138, 2, 0, -4, -8, -117, 6, 3, 4, 0, -410, -4, -7, -5, 7, 120, 0, -1, 0, -2, -642, -1, -7, 0, 6, 150, 0, 6, -1, -1, 377, 1, -6, 1, 2, -118, 6, 0, -5, -6, 662, -5, 2, 0, 0, 21, -6, -2, 10, -4, -874, 0, 4, 6, -2, 53, 0, 1, 0, -2, -242, 3, 8, 5, -2, -282, -5, -10, -8, -9, 1351, -1, 0, 5, 4, -142, 6, -5, -5, 0, 283]
[0, 0, 0, 0, 0, 1, 0, 0, 0, 0, -1, 0, 0, 0, 0, 0, -1, 0, 0, 1, 0, 0, -1, 1, 0, 1, 0, 0, 1, 0, 0, -1, 0, 0, -1, 1, 0, 1, 1, 0, 1, 1, -1, 1, 0, 1, 0, 1, 0, 1, 0, -1, 0, 1, -2, 0, 0, 2, 0, 1, 0, 1, -2, 1, -1, -25, -1, 2, 0, 1, 157, 3, -1, 2, 0, 22, 1, 3, -2, 3, -382, 1, -3, 3, -2, 53, 3, 3, -1, 0, 361, 1, 1, 0, -1, 15, 0, 4, -7, 5, -341, 7, -3, 4, 2, 8, -2, 4, -6, 6, 511, 1, 1, 4, -3, 25, -1, 5, -4, 6, -994, 10, -4, 3, 4, -47, -3, 2, -4, 4, 1407, 4, 1, 7, -3, -125, 4, 6, -7, 10, -516, -1, -4, 5, -6, 169, -7, 6, 0, 5, -813, 9, 4, 6, -3, 207, -4, 9, -5, 7, 464, 16, -4, 8, -4, -110, -9, 11, 3, 9, 808, 7, -1, 15, -9, 69, 0, 4, -4, 10, -1087, 12, -9, 6, -5, 95, -8, 8, 0, 2, -325, 12, -4, 18, -10, -301, -1, 18, -9, 21, 1674, 16, -5, 13, -2, -143, -20, 9, 3, 9, 332]
[0, 0, 0, 0, 0, 0, 0, 0, 0, 0, 0, 1, 0, -1, 0, 1, -1, 0, 1, 0, -2, 0, -1, 1, 0, 0, 0, 1, -2, 0, 0, 0, 1, -1, 0, 0, 1, 0, 0, 1, 1, 0, 0, 0, 0, -1, 0, 0, 0, 0, 0, -1, -1, 1, 1, 0, 2, 1, 2, 0, 0, 0, 1, 1, -3, -46, -17, 7, 3, 1, 86, 16, -15, -2, -9, 32, 12, -13, -12, 2, -179, -11, 46, 5, 4, 30, 11, -4, 7, 6, 132, 12, -54, -17, 11, 45, -57, 14, 1, -24, -183, 3, 7, 35, -9, -2, 59, 8, -22, 45, 261, -26, -3, 7, -20, -90, -3, -1, 7, -21, -404, -10, 38, -17, 30, -12, -18, -11, 3, -14, 648, 41, -55, 26, -16, -129, -29, 4, -26, 16, -236, -15, 32, -1, -25, 125, 66, 9, -29, 34, -405, 9, 23, -22, 25, 110, -77, 11, 103, -26, 164, 32, -88, 21, -25, 64, -51, 25, -80, 21, 248, -41, 22, -9, -21, -58, 111, -18, 14, 22, -392, 19, 31, -2, -6, -70, -26, 14, -1, -49, -21, 15, -82, 16, 96, -186, -24, 17, -43, 15, 768, -45, 49, 51, -135, -218, 0, 12, 25, 72, 139]
[0, 0, 0, 0, 0, 0, 0, 1, 0, -1, 0, 1, -1, -1, 1, 1, 1, -1, 0, 0, 0, -2, -1, -2, 0, 0, -1, 0, 1, 0, -1, -1, 0, 0, 1, 1, -1, 0, 0, 1, 0, 1, 0, 1, 1, 0, -1, 0, 0, 0, -1, -1, 0, 0, 0, 0, 0, 0, 0, -1, -1, -1, -1, -1, -25, -4, -18, 7, 4, 7, 17, 8, 12, 1, 17, 11, 33, -7, -29, -61, -53, -25, 0, -12, 12, 17, 9, -15, 31, 48, 61, 4, -35, -31, -50, 14, 4, -18, 2, 40, -16, 0, 19, 10, 23, -2, -77, -45, -27, -63, 30, -8, 29, 28, 64, 7, 70, 8, 17, 24, -176, -63, -87, 23, -36, 20, -2, 92, 9, 22, 192, 13, 58, -32, -106, -54, -95, -40, -8, -118, -99, 68, 52, 15, 188, 87, 95, -20, -85, -38, -96, -27, -14, -86, -94, 16, 52, 47, 45, 39, 126, -65, -175, -74, -77, 66, -68, -129, 34, 51, 160, 13, 224, 48, 161, 55, -112, -109, -153, -66, -256, -64, -75, 112, -41, -53, 65, 124, 196, 85, -77, -60, -148, -108, -70, -44, -34, 43, 72, -94, 216, 90, 198, -53, -123, -31, -133, -88, -54, -112, 16]
[0, 0, 0, 0, 0, 0, 0, 0, 0, 0, 0, 0, 0, 0, 1, 0, -1, 1, 0, 0, 0, 0, -1, 0, -1, 0, 1, 0, 0, 0, 0, 1, 0, 0, -1, 0, 1, 1, 1, 1, 1, 1, -1, -1, 0, 0, 0, 1, 0, 1, 2, -1, 0, 2, 0, 0, 0, 0, 1, 3, 0, 0, -1, 1, -1, -9, -1, 3, -1, 1, 6, 1, 0, 3, 0, 9, 1, 3, -1, 3, -8, 2, -1, 3, -7, 1, 5, 1, -1, 3, 1, 2, 4, 3, 5, 9, -5, 4, 0, 3, -20, 1, -2, 4, 3, 6, -3, 3, -7, 3, 28, 1, 2, 10, -1, -20, 1, 3, -1, 4, -3, 9, -3, 1, -3, -7, 1, 8, -5, 0, 38, 8, -2, 7, 3, -9, 5, 4, 2, 10, -20, 5, -4, 5, -4, 24, -1, 5, 1, 4, -7, 7, -1, 6, 10, 5, -8, 7, 2, 9, -16, 10, -9, 10, -10, 41, 7, 11, -6, 11, -8, 6, 1, 13, -3, -16, -3, 7, 9, 11, 10, 12, 1, 6, -4, -41, -6, 15, -2, 10, 37, 15, 1, 14, 6, 9, -7, 18, -4, 14, 22, 13, 10, 12, -11, -54, -6, 6, -4, 9, 40]
[0, 0, 0, 0, 0, 0, 0, 0, 0, 0, -1, 0, 0, 0, -1, 1, 0, 1, 0, 1, 1, 1, -1, 1, -1, 0, 0, 0, -1, 1, 0, 0, 0, -1, 1, 0, 0, 0, 0, 0, 0, -1, 1, 0, -2, -1, 1, -1, 0, 1, 1, 1, 0, -1, -2, 0, -2, -1, -1, 1, 0, -1, 1, 0, 16, 21, 9, 22, 0, -22, -45, -9, -36, -4, -19, 8, -2, -8, 5, 58, 87, 9, 36, 4, -26, -16, -3, -12, -11, -5, -78, 16, -15, 15, 49, 20, -67, 34, -10, -83, 38, -14, -40, 30, 4, 26, 114, 11, -13, 88, -173, -26, 38, -4, -106, 22, -31, -23, 19, 15, 347, 37, 73, -62, 54, 0, -69, -40, -1, -112, -440, 59, -172, 56, 108, 116, 49, 75, -45, 90, 171, -102, 91, 12, -180, -48, 17, -74, 19, 106, 188, 39, 15, 2, 47, -104, -147, 11, 78, -138, -184, 93, -8, 51, 117, 197, 30, 164, -146, -8, -306, -127, -98, -10, -195, -88, 185, -124, 123, 127, 462, 113, 152, -154, -47, 22, -161, 57, -72, -100, 79, 92, -113, 139, 224, 301, -16, -26, -179, 33, -640, -170, -101, 159, -123, 25, 146, -10, 100, 140, -17]
[0, 0, 0, 0, 0, 0, 1, 1, 0, 0, 0, -1, -1, -1, -1, 0, 1, -1, 0, 0, 0, 0, 0, 0, 0, 0, 0, 0, -2, 1, -1, -2, 0, -1, -1, 0, 1, 1, -2, 1, -1, 0, -1, -1, 0, 0, 0, 0, 0, 0, 0, 1, -1, -1, 1, 1, 0, 0, 0, 1, -1, -1, -1, 1, -2, -2, -8, 20, 5, -12, 4, -20, -20, 0, -13, 7, 35, -6, -20, 5, -20, -20, 9, -19, -9, 7, 6, -21, 27, 12, 16, 13, -35, -13, -4, 19, -40, 23, -17, -37, -4, -13, -15, 14, 37, -4, 29, -36, -15, 13, -40, -36, 64, 23, -31, 33, 30, -18, 31, 38, -24, -14, -21, -35, 16, 2, -78, 34, 15, -88, 3, 62, -64, 13, -6, -10, -26, -4, -59, -22, -4, -41, 128, 32, 11, 56, 75, -97, -41, 57, -55, 0, -7, -75, -66, -11, -45, 36, 85, -91, 23, 40, -151, -25, 59, 74, -65, 38, -71, 24, 30, -86, 106, 32, -17, -21, 36, -201, -36, 43, -55, 10, 58, -71, -63, 20, -78, 105, 123, -30, -45, 23, -191, -9, 100, 26, -12, 41, -84, -36, -54, -62, 54, 87, -183, -28, 3, -94, 36, -27, -17]
[0, 0, 0, 0, 0, 0, 0, 0, 0, 0, 0, -1, 0, 0, 0, 0, 1, 0, 1, 0, 1, 0, 0, 0, 0, -1, 0, 0, 1, 0, 0, -1, 0, 0, 1, 0, 0, 0, -1, 0, 2, -1, -1, 0, 0, 1, 1, 0, 3, -1, 1, 1, -2, -1, -1, 1, 0, 0, 2, 1, 0, 0, 0, 0, -1, 19, 1, -4, -1, 5, -71, -10, 30, 10, 12, -16, 13, 12, -3, -23, 156, -5, -54, -17, 5, -9, 3, 2, 14, 6, -140, -4, 45, -3, -26, -24, 64, -17, -9, 37, 166, -6, 2, -22, 28, -5, -103, -23, 26, -60, -213, 16, 17, 16, 47, 58, 44, 8, 0, 21, 325, -11, -71, 17, -30, 16, 29, 43, 7, 31, -532, -27, 123, -40, -48, 47, 6, -38, 14, -64, 192, 47, -28, 19, 100, -45, -29, -5, 6, -33, 342, -32, -23, -23, -41, -55, 119, 3, -74, 41, -139, -39, 9, -36, -11, -53, 3, -70, 113, 17, -213, 63, 89, 28, 119, 53, -151, -7, -74, -55, 307, -56, -69, 58, 31, 48, 66, 18, 115, 73, 42, -38, 63, -73, -152, 50, 44, 30, 78, -29, -600, 82, 39, -57, 121, 126, -72, -49, -30, -132, -165]
[0, 0, 0, 0, 0, -1, 0, 0, 0, 0, 1, 0, 1, 0, -1, 1, 0, -2, 1, 1, 0, 0, 0, 0, 0, 0, -2, -1, 1, 0, 0, 0, 2, 0, 1, -1, 0, 0, 0, 0, -1, 1, -1, 0, -1, 0, -1, -1, 0, 0, 0, 1, 1, 0, 2, 0, 0, 0, 2, -1, 0, 1, 0, 0, -1, 24, -14, 7, 4, -4, -129, 5, -5, 1, 9, -11, 23, 2, -8, -21, 283, -20, 4, -14, 8, -20, 10, -1, 29, 24, -273, 5, -7, -23, -18, -7, 3, -10, -13, -4, 249, 1, 9, 14, 18, 9, -17, -13, -8, -23, -413, -7, 21, 17, 18, 13, 47, 6, 6, 18, 742, -33, -39, -7, 9, 20, -20, 17, 4, 5, -1084, 12, 35, 8, -43, 87, -37, -25, -8, -52, 379, 47, 36, 34, 70, -85, 67, -8, -31, -9, 618, -21, 30, -68, -31, -115, 7, 19, 37, 15, -349, -13, -89, -38, -34, 95, -39, -77, 22, 48, -601, 1, 135, 49, 46, -33, -9, -73, -73, 1, 784, -27, -23, 38, 5, -26, 15, 86, 117, 8, 217, -32, -75, -47, -22, 220, 27, 56, 15, 3, -1313, 2, 76, -9, -47, 105, -56, -55, 21, -65, -284]
[0, 0, 0, 0, 0, 0, 0, 0, 0, 0, 0, -1, -1, 0, 1, 0, 0, 1, 1, 0, 1, 0, 1, 0, 0, 1, -1, -1, 1, -1, 1, 1, -1, 1, 0, 0, 0, 0, 0, -1, 1, 0, 0, 0, -1, 1, -2, 0, 3, 1, 0, 0, -1, 0, 2, -1, 1, -1, 0, 1, 0, 0, 0, 0, -1, -25, -1, -4, 2, -1, 84, -3, 16, 7, -4, 18, 12, 5, -5, 6, -159, 3, -11, -3, 7, 8, 1, -1, -5, -12, 168, -4, 6, 4, 0, 17, 6, -6, 1, 9, -138, 0, 7, -14, 8, -16, -15, 3, 10, 5, 253, 10, 3, 2, 1, -44, 0, -1, 0, -2, -429, 21, -1, -4, 2, -1, 2, 5, 7, -2, 651, -10, 24, -12, -11, -69, 18, 2, -9, 6, -228, -18, -23, -7, 9, 64, 4, 5, 18, 2, -319, -3, -7, 8, 10, 56, 41, -15, -13, -4, 216, -4, 1, 19, 11, 16, -18, 19, 10, -13, 384, 11, -3, -4, 20, -3, -18, 30, 13, -8, -460, 7, 6, -11, 40, -63, 17, -34, 23, -12, -65, 4, 47, 10, -42, -106, 8, 2, 21, 14, 792, -2, -23, 1, 29, -119, -5, -5, -4, -6, 228]
[0, 0, 0, 0, 0, 0, 0, 0, 0, 0, 0, 0, 0, 0, 0, 0, 0, 0, -2, 1, 0, 0, 1, 1, 0, 1, 1, -1, 0, 0, 2, 0, 0, 0, -1, -1, 0, -1, 0, -1, 0, 0, 1, 1, 0, 0, 1, 2, -1, 0, 0, -2, -1, -2, 1, -1, 0, 0, 0, 1, 0, -1, 0, 2, 0, -25, 2, 2, 1, -3, 115, 7, -8, -3, 0, 15, -5, 2, 1, 0, -234, 0, 6, 3, -3, 23, -2, 4, 0, 2, 247, -3, -8, -2, 1, 9, -12, -4, 6, 2, -205, 7, 4, 5, -4, -7, 14, -3, -14, 5, 344, -4, -7, 1, -4, -30, -7, 9, 6, 1, -609, 1, 13, -2, 3, -29, -9, -5, -3, 3, 909, -3, -29, 4, 5, -88, -3, 5, 4, -4, -316, 11, 12, -4, -11, 79, 5, 0, -3, -2, -464, 3, 3, -4, 3, 103, -22, 7, 6, 8, 310, 2, 0, -1, -1, -38, 11, -10, -20, 7, 552, 0, -11, 13, -16, -1, 10, -6, 12, 2, -664, -1, 17, 8, -17, -19, -1, 16, -20, -2, -119, -8, -24, 8, 20, -171, -19, 10, -6, 8, 1069, 2, 11, 3, -30, -134, 13, 2, -4, -5, 303]
[0, 0, 0, 0, 0, 0, 0, 0, 0, 0, 0, 0, -1, 1, -1, 0, 0, 1, -1, 0, -1, 0, 1, 2, 1, 0, 1, 0, 0, -1, 0, -1, 0, 0, 0, 0, 0, -1, -2, -1, 0, -1, 1, -1, 0, 0, 0, -1, -1, 1, 1, -1, -2, 0, 1, -1, 0, 1, 0, 0, 2, 1, -1, -1, 4, -26, 11, -5, -4, 2, 47, -5, 4, 0, -8, 24, -25, -1, 10, 26, -93, 20, -9, 11, -9, -24, -10, 5, -29, -26, 91, -3, 9, 18, 15, 21, 0, 16, 8, 2, -118, 6, -10, -12, -18, 11, 19, 17, 10, 19, 163, 11, -26, -17, -25, -92, -44, -7, -9, -12, -177, 41, 41, 3, -5, -17, 9, -30, -2, -7, 334, -16, -23, 1, 38, -9, 39, 25, 5, 56, -147, -54, -42, -33, -77, 12, -66, 12, 35, 9, -138, 23, -21, 68, 34, -41, -11, -22, -44, -14, 16, 25, 88, 36, 37, 133, 30, 74, -21, -43, 115, -2, -133, -42, -60, -84, 16, 69, 72, 12, -127, 23, 26, -47, 10, -179, -21, -83, -109, -22, 33, 22, 71, 54, 4, 83, -7, -36, -40, 27, 323, -1, -110, 9, 48, -166, 55, 52, -12, 68, 235]
[0, 0, 0, 0, 0, 0, 0, 0, 0, -1, 0, -1, 1, 0, 1, 0, 2, 0, -1, 1, -1, 1, 0, 0, -1, -1, 0, -1, 0, 0, 0, 0, -1, 1, 1, -1, 1, 1, -1, 1, 1, 0, -1, 0, 2, -1, -1, 0, 1, 0, 0, -1, 2, 1, -1, 1, 1, 0, 0, 0, 1, -1, 0, 0, -3, -2, -9, 7, 0, 5, -71, 5, 20, 4, -3, -9, 27, 1, -10, -18, 158, -5, -17, -4, 15, -5, 5, -12, 21, 14, -166, 2, 1, -15, -5, -4, -8, -4, 3, 3, 151, -7, -2, 4, 13, -19, -34, -5, 19, 1, -213, 5, 14, 12, 15, -9, 22, 4, 2, 7, 386, -10, -16, 6, 2, 9, 1, 22, 31, -9, -564, 17, 38, -9, -45, -13, 3, -4, -15, -28, 214, 12, 5, 7, 45, -19, 21, -2, -10, 4, 291, 3, 6, -30, -20, -37, 67, 9, -24, 14, -164, -12, -71, -11, 14, -9, -50, -9, 11, 11, -335, -13, 83, 39, 44, -17, -16, -40, -15, 10, 412, 11, -17, 21, 63, -24, -20, 53, 106, 18, 96, -12, 20, 1, -76, -18, 24, 11, 31, -21, -620, 9, 28, 9, 6, 6, -19, -20, -16, -9, -216]
[0, 0, 0, 0, 0, 1, 0, 0, 0, 0, -1, 0, 0, 0, 1, -1, 0, 0, 0, -1, 1, -1, 0, -1, -1, 0, 0, -1, -1, 0, -1, 0, -1, 1, 1, 0, 1, 1, 0, 0, 1, -1, 0, 2, -1, 1, -1, -1, -1, -1, 0, 0, 1, -1, 0, 1, -2, 0, 0, -1, -1, -1, -2, -1, -1, 26, 0, -5, -3, -2, -6, 4, 7, 1, -3, -44, -5, -8, 0, -6, 2, -3, -1, -6, -2, 42, 1, 1, -6, 1, -12, 0, 2, -2, 8, -49, -6, -6, 8, 7, 54, 3, -7, -7, -13, -38, -4, -4, 2, -9, -10, -7, -5, -1, 1, 140, -12, -4, -6, -4, -106, -8, 6, -11, -7, -4, 9, 17, -1, 11, 55, -2, -12, -10, 4, -43, 7, -12, 3, -18, 54, 6, -10, 1, -15, -4, -9, -3, 0, -5, -138, -20, -11, -12, 8, 148, -6, 11, -15, -8, 140, -14, 3, -5, 3, -377, 3, -23, -14, -2, 120, 8, -27, -15, -6, 151, 1, -4, 27, -29, -181, -25, 5, 20, -9, 335, -22, -7, -34, -5, -157, -3, 19, -33, -4, -343, -17, -10, -3, -9, 255, -17, -24, -5, 8, 206, 32, -30, -19, -24, -235]
[0, 0, 0, 0, 0, 0, 0, 0, 0, 0, 0, -1, 1, 0, 1, 0, 0, 0, 0, 0, -1, 1, -1, -2, -1, -1, 0, 0, 1, 1, -1, 1, -2, 1, -1, -1, 0, 0, 1, 0, -1, 1, 1, 0, 0, -1, 0, 0, 1, 0, 1, 0, 1, 0, 0, 0, 1, 2, -1, -2, 0, -1, -1, -1, 0, 23, 1, 1, -1, 0, -149, -8, 1, 1, 2, -7, 7, 5, 2, 1, 288, 3, -4, 0, 3, -39, 1, -7, 6, -3, -303, -7, 8, 2, 0, -9, 7, -3, -4, -3, 222, -9, 6, -7, 8, 29, -9, -1, 7, 3, -424, 7, 10, -1, 3, 5, 10, -3, -1, 1, 809, -2, -16, 4, 2, 5, -1, -1, -2, -10, -1164, 6, 9, -5, 1, 124, 2, -1, 9, 4, 370, -6, -2, 0, 16, -96, 11, -2, -3, -9, 624, 7, 8, 1, -5, -162, 15, -13, -2, 5, -454, -6, 3, -2, -7, 129, 1, 5, 11, -10, -745, -8, 27, 8, 5, -65, -15, -5, -17, 10, 898, 7, -1, -13, 3, -69, 12, -2, 25, 7, 193, 3, 7, 8, -2, 302, 2, -11, 15, -10, -1458, 0, 2, -1, 23, 58, -18, 9, 17, -7, -297]
[0, 0, 0, 0, 0, 0, 1, 0, -1, 0, 0, -1, -1, 2, 0, 0, -1, 0, 1, -1, 1, 1, 1, 0, 0, 0, -1, 0, -1, 0, 1, 0, 0, -1, 0, 0, 0, 0, 0, 1, 0, 0, 1, -1, -1, 0, -2, 1, 0, 2, 0, 0, 0, -1, 1, 1, 2, 1, 1, 0, -1, -1, -1, 1, 1, 15, 8, -3, 4, -15, 9, -17, -10, -6, -12, -21, -2, -12, 3, 65, 13, 13, 16, 3, -21, 36, 10, 9, -18, -47, -18, -8, -36, 38, 41, -38, -51, 37, -11, -38, 35, 12, -7, -28, 14, -41, 83, 8, 0, 28, -13, -6, 30, -19, -65, 118, -43, -15, 29, 17, 0, 51, 35, -37, 28, -30, -47, -51, -2, -70, 2, 4, -96, 50, 63, -12, 18, 32, -35, 88, 99, -86, 100, -17, -101, -19, 32, -68, 1, 65, -103, 8, -33, 59, 6, 142, -80, 33, 51, -99, 64, 84, 0, 46, 71, -286, -17, 141, -104, -60, 61, -62, -113, -45, -68, 75, 98, -61, 118, 66, -10, 37, 137, -141, -36, 335, -51, -47, -66, -52, -46, 96, -55, 53, 140, -237, 0, -32, -70, 61, 149, -120, -75, 95, -141, 122, 99, 12, 24, 51, -148]
[0, 0, 0, 0, 0, 0, 0, 0, 0, 0, 0, 1, 0, 0, 0, 0, 1, 0, -2, -1, 0, 0, 0, -1, 0, 1, 0, 1, -1, 1, 1, -1, 0, 0, 0, 1, 1, 0, 0, 3, 1, 0, 1, -1, -1, -1, -1, 2, 0, -1, 1, 1, 0, 0, -1, 1, 0, -1, 0, -1, 1, 0, -1, -1, 1, -9, 12, 1, -3, -1, 74, -11, -9, -10, -6, 24, -12, 3, 8, 5, -156, 15, 1, 8, -4, 8, -7, -4, -12, 1, 182, -1, -1, 13, 8, 21, -9, -2, 2, -13, -144, -14, -8, 5, -7, 17, 20, 0, 6, 10, 219, 5, -7, -14, -1, -20, -19, 4, -1, -2, -381, -6, 16, 12, -15, -3, -5, -19, -5, -18, 587, -2, -25, 6, 29, -15, 3, 29, 3, 24, -213, -8, 12, -12, -25, 62, -20, 1, 2, -11, -274, 20, -15, 32, -3, 26, -6, -27, -28, 5, 194, -6, 40, -20, 17, 94, 8, 18, -13, -21, 356, -16, -56, -8, -44, 7, -3, -3, 30, 32, -391, 29, 7, -27, -6, -51, -27, -6, -44, 10, -79, -6, 20, 37, 10, 35, -16, -44, 17, -38, 661, 13, -39, -8, -6, -80, 43, 57, -31, 26, 263]
[0, 0, 0, 0, 0, 0, 0, 0, 0, 0, 0, 0, 0, -1, 0, 0, -1, 0, 2, 2, 1, 1, 0, -1, -1, 1, -1, -1, 0, 0, 0, 0, 1, 2, 0, 0, 1, 1, 0, -2, 1, 1, 0, 0, 1, 0, 1, 0, 1, 1, -2, -1, -1, 0, -1, 1, 0, 1, -1, 1, -1, 0, 0, 0, 3, -27, -4, 7, 6, -7, 117, 5, -11, -1, 10, 23, 4, 1, 8, -4, -251, 3, 19, 1, -6, 20, 0, -2, -8, 11, 251, 1, -4, -1, 2, 28, 4, -8, -7, -4, -227, -7, 5, 12, 1, 1, 15, -4, -2, 14, 351, -12, 15, 4, -10, -45, 11, 9, 4, 9, -643, -7, -2, -2, 16, -10, 6, -2, -9, -12, 943, 10, -9, 2, 15, -78, -7, 16, 8, 0, -353, 12, -8, 6, -4, 98, 6, -3, -1, -9, -498, 15, 25, -14, 13, 82, -32, -2, 33, 18, 306, 2, 6, -17, -7, 45, 18, -6, 10, 11, 536, -15, 21, 32, -8, -8, 37, -28, -1, 15, -689, 10, 15, 9, -22, -71, 16, 51, -11, -11, -140, -16, -25, 39, 54, -95, -3, 7, -41, -3, 1079, 12, 8, 5, -5, -147, 6, 5, 51, -3, 309]
[0, 0, 0, 0, 0, 0, 0, 0, 0, 0, 0, 0, 1, 0, 0, 0, 0, 0, -1, 0, -1, 1, -1, 0, 0, -1, 1, 1, 0, 1, 2, 1, 0, -1, 0, 0, 1, 0, 1, 0, -1, -1, 0, -1, -1, 0, 2, 1, 0, 2, 0, 2, 1, -1, 0, 0, 0, 2, 0, 1, -1, 0, 1, 2, 2, -9, 2, 1, 0, 2, 38, -4, -3, 0, 1, 10, 1, 4, 4, 2, -94, -1, -5, 2, 0, 0, 1, 4, 7, 2, 100, 1, 8, 4, 4, 7, 1, 0, -1, -7, -94, -3, 2, 7, 3, 16, 6, 6, 1, 2, 116, 5, -1, 2, 3, -21, 0, 1, 3, 1, -222, -1, -1, 8, 6, -12, 1, -9, -2, 3, 328, 2, 0, 6, 5, -3, 3, 1, 9, 0, -143, 9, 12, 13, 4, 20, 6, 5, 2, 10, -147, 7, 15, 2, -1, -8, 2, -2, 0, 2, 82, 3, 8, 6, -7, 53, 1, 4, 7, 15, 197, 15, 7, 0, 2, -40, 4, 8, -3, 6, -247, 7, 3, 3, 8, -42, 3, 4, 10, 15, -60, 6, 7, -1, 4, 30, 10, 12, 21, 13, 312, 8, 10, 6, 11, -63, -4, 14, 5, 11, 153]
[0, 0, 0, 0, 0, 0, 0, 0, 0, 0, 0, -1, 0, 0, 1, -1, 1, 0, 0, 0, 1, 0, 2, -1, -1, 1, 1, -1, -1, 0, -1, 0, -2, 2, 0, -1, 0, 1, 1, 0, 0, 1, 1, 0, 0, 0, 1, -1, -1, -1, 0, -1, -1, 0, 1, 0, 1, 1, 1, 1, -1, -1, 1, -2, 3, 17, 3, -1, 0, -3, -46, -5, 2, 3, 3, -21, 4, 4, 7, 0, 106, 0, 4, -5, 1, -3, 4, -4, 2, -7, -101, -6, 4, 1, 7, -21, 1, -6, 8, 7, 109, 0, 5, -14, 0, -21, 2, -4, 8, -7, -135, -2, 7, 5, 6, 49, -1, -3, 5, 4, 229, 3, 9, -11, -5, 7, 5, 10, 3, -6, -361, 1, -10, -5, 22, 18, 7, -13, 13, -2, 156, -3, 10, 4, -5, -42, 14, -4, 8, -14, 164, -10, -5, -8, 14, 0, 5, 1, 3, 6, -75, -3, 23, -10, 15, -111, 27, -11, -6, -9, -176, 3, 1, 12, 8, 50, -5, -8, 40, -6, 221, -10, 35, -4, 7, 82, 8, -8, -7, -6, 30, -1, 12, -10, 30, -38, -10, 7, 22, 7, -356, -2, 17, -8, 2, 104, 54, -23, 6, -41, -178]
[0, 0, 0, 0, 0, 0, 0, 0, 0, 0, 0, -1, 1, 0, 1, 0, 0, 0, -1, 1, 1, 0, -2, 0, -2, 1, 0, -1, 1, 1, 0, 0, 0, 0, 0, 1, 1, 1, 2, -1, 0, 0, -1, 1, 0, 0, 1, 0, 0, -2, 1, -1, 1, 1, -1, 0, 1, 0, -1, 1, 1, 0, 2, -1, -1, 7, -2, 4, 1, -4, 2, -9, -5, -1, 2, 12, 12, 10, -3, 3, -18, 2, -14, -1, -2, -10, 0, -8, 10, 2, 40, -4, 17, 1, 1, 13, 3, -3, -4, -8, -33, -4, 0, -7, 11, 21, -9, 2, -3, 4, 13, -1, 13, -1, -7, 1, 7, -11, 2, 10, -17, 8, -20, -7, 12, 1, -7, 3, -3, -19, 47, 7, 5, -4, 5, 48, 9, 7, 1, 8, -35, -16, -2, 11, 1, 9, 4, -18, 8, -2, 7, 9, 28, -11, -3, -43, 7, -8, -12, -13, 1, -1, -17, -5, -3, 123, 3, 11, 3, -2, 33, -17, 28, 23, -15, -6, -14, -21, -10, 17, -12, 22, -4, -34, 14, -54, -7, 11, 33, -14, -15, 5, 0, 29, -16, 156, 14, -2, -13, 0, -13, -18, -4, 5, 7, -4, -27, -31, 25, 0, 103]
[0, 0, 0, 0, 0, 0, 0, 0, 0, 0, 0, 0, 0, 0, -1, 0, 1, 0, -1, 2, 0, 0, 0, 0, 0, 0, 0, 1, 1, -1, 1, 0, 1, 0, 0, 0, 0, -1, 0, 1, 0, 0, 1, -1, 0, -2, 2, 0, -1, -1, 2, 1, 1, 0, -2, 0, -2, 0, -1, -2, -1, 0, 0, 1, 18, -9, 17, 5, -1, -10, 69, -16, -19, -12, -17, 21, -8, 13, 18, 36, -153, 17, -2, 14, -1, -19, -13, -8, -11, -18, 179, -9, 30, 18, 26, 25, 1, -7, -11, -43, -175, -10, -15, 3, -12, 23, 51, 24, 20, 66, 218, 12, -3, -27, -53, -50, -37, -3, -6, -13, -335, 28, 47, -15, 38, -13, -26, -66, 2, -61, 535, 5, -50, 34, 89, 30, 64, 62, -7, 84, -217, -79, -26, -24, -122, 4, -48, 2, 60, 14, -238, 37, 31, 41, 62, -43, -25, -66, -29, -48, 116, 29, 118, 14, 69, 156, 37, 90, -19, -46, 295, -60, -121, -3, -151, -85, 74, 13, 87, 89, -312, 104, 57, -118, 42, -111, -65, -58, -92, -76, -52, 19, 73, 124, 44, 149, 27, -46, -69, 23, 516, -61, -160, 26, 81, -116, 91, 69, 63, 95, 316]
[0, 0, 0, 0, 0, 0, 0, -1, 0, 0, -1, 0, 1, 0, 0, 1, 0, 1, 1, 0, 1, 1, 0, 0, 1, -1, 1, 1, 0, -1, 0, 0, 0, 0, 0, 0, 1, 1, 1, 1, 0, 0, 2, -1, -1, 0, 2, 0, -1, 2, 0, -2, 1, 0, -1, -1, 0, -1, 2, 0, 1, 0, 1, -1, 20, 27, 10, -6, 1, -6, -59, 5, -4, 1, -8, -14, -8, 0, 18, 29, 123, 2, 17, 4, 2, 1, 5, 6, 0, -25, -127, -2, 21, 6, 34, -13, -3, -3, -2, -30, 95, -4, -5, 4, -9, 6, 51, 25, 22, 42, -174, -2, -10, -10, -34, 55, -25, 3, -1, -25, 330, 23, 60, -27, 46, 5, 7, -53, 5, -17, -476, -5, -31, 31, 67, 80, 58, 18, 11, 58, 206, -34, -15, -7, -98, -79, -24, 15, 58, 20, 208, -4, 28, 17, 79, -11, -30, -25, 11, -29, -157, 38, 104, 34, 51, -54, 48, 58, -12, -18, -299, -17, -90, -23, -81, 16, 111, 29, 104, 41, 411, 36, 69, -51, 45, 159, -24, -61, -82, -71, 30, 30, 88, 44, 82, 69, 45, -15, -27, 53, -517, -76, -77, 29, 93, 136, 96, 37, 68, 32, -193]
[0, 0, 0, -1, 0, 0, 0, -1, 1, 0, 0, -1, 1, 1, 1, 0, 1, 1, -1, 0, 0, 0, 0, 0, 0, 1, 1, 1, 1, 1, 1, 1, -1, 0, 1, 1, 0, 0, 0, 0, -1, 2, 2, -1, -1, -1, -1, 1, 0, -2, -1, 0, 0, 0, 0, 1, 0, 1, 0, -1, -1, -1, 0, -2, 13, 13, 4, -11, -1, -26, -4, 10, 14, 23, -15, -6, 4, -8, 9, 73, 24, -17, -10, -19, -1, -3, 11, 22, 29, -54, -13, -14, 35, 25, 53, 4, -10, 2, -21, -7, 11, 39, -23, -35, 20, -14, 40, 1, 9, 5, -27, -20, 32, 9, -81, 37, -14, -4, 16, 13, 61, 40, 26, -99, 64, 3, -37, -30, 18, -53, -79, -21, -56, 79, 44, 49, 82, -13, -12, 62, 79, -56, 70, 43, -105, -38, 5, -44, 73, 77, -2, -77, -10, -14, 37, 22, -15, 100, -5, -89, -32, 117, 20, 42, 161, -26, 25, 73, -55, -1, -29, 8, -69, -24, -86, -8, 88, -56, 107, 21, 99, 2, 113, -90, 0, 87, -76, -27, -18, -96, -25, 126, 36, -18, 66, 64, 68, 59, -46, 143, -70, -157, -92, 105, 59, 38, 66, -103, 96, -111, 2]
[0, 0, 0, -1, 1, 0, 0, 0, 2, -1, 0, 0, 0, 0, 0, 0, -1, 0, 0, 0, 0, -1, -2, -1, 0, 0, -2, 1, 0, 0, -1, 1, 0, 1, 0, -1, 1, 0, -1, 0, 0, -1, -1, 1, 1, -1, 2, 1, 0, 0, -1, 2, 0, 1, -1, 1, -1, -1, 1, 2, 1, 0, 0, 1, 2, 46, -28, -1, 1, -21, -181, 46, 8, 37, -12, -63, 9, -30, -15, 13, 395, -65, 17, -50, -11, -12, 19, 23, 44, 19, -401, 23, -5, -28, 14, -29, -26, -8, -41, 12, 397, 37, -22, 11, 33, -30, 2, -31, -28, -36, -592, -53, 48, 61, -49, 95, 71, 19, 26, 24, 973, -41, -23, -97, 47, 37, -40, 60, 24, -13, -1496, 28, -48, 71, -49, 81, -4, -66, -38, -76, 617, 71, 100, 99, 9, -140, 52, -60, -17, 75, 701, -123, -23, -162, -7, -76, -60, 181, 58, -63, -386, 99, -187, -21, 91, -127, -45, -58, -69, 118, -799, 21, 122, 46, -18, 5, 70, -175, -43, -25, 1022, -98, 11, 80, -87, 157, -89, 170, 128, -57, 149, 53, -157, -148, 28, 67, 38, 167, -76, 120, -1664, -114, 92, 113, -79, 244, -49, -221, 90, -200, -556]
[0, 0, -1, 0, 0, 0, 0, 2, 0, 0, 0, -1, -1, 0, 0, 0, 1, -1, 0, 1, 1, 0, 1, 1, -1, 0, 0, 0, -1, 1, 1, 0, 0, 2, 0, 0, -1, -1, 0, -2, 1, -1, 2, 0, -1, 1, -1, -1, 0, -1, 0, -1, -2, 0, 0, 1, 1, 1, -1, 1, -1, 1, 1, 1, 8, 34, -13, 25, 11, -9, -56, -13, -58, -20, -40, -61, 48, -5, -17, 53, 159, 2, 78, 28, 22, 59, 0, -34, 11, -1, -159, 23, -74, -11, 21, -48, -110, 53, -7, -109, 163, -6, 14, 49, -25, -48, 154, 46, -39, 163, -208, -51, 30, -27, -99, 165, -24, -49, 1, -44, 320, 26, 81, -42, 93, -12, -143, -79, 25, -140, -502, 121, -189, 74, 66, 4, -9, 82, -90, 150, 321, -161, 53, -21, -127, -53, 174, -45, 2, 76, 59, 114, 87, 1, 85, 206, -143, -47, 198, -151, 11, 118, -105, 52, 49, -434, -98, 212, -208, -37, -232, -211, 4, -13, -213, 99, 220, -41, 97, 188, 328, 146, 158, -219, 48, 556, -135, -35, 19, -229, 7, 57, -171, 198, 224, -406, -44, -42, -191, 57, -323, -193, -102, 157, -262, 333, 96, 54, 140, 342, -519]
[0, 1, 0, 0, 0, 0, -2, 0, -1, 0, 0, 0, 0, 1, 0, 0, 0, 0, 1, 2, 1, 0, -1, 1, -1, 0, 0, 0, -1, -1, -1, 0, -1, -1, -1, 0, -1, 0, 0, -1, -1, 0, -1, -1, 1, -1, 1, 1, 3, 0, 0, 0, 0, -1, -1, 1, -1, 2, -2, -1, 0, -1, 0, 0, -13, 19, -11, -1, -2, 25, -83, 8, 17, 15, 3, 0, -11, 16, 1, -34, 165, 23, -62, 13, 24, -22, -13, -18, -23, -1, -158, -2, 34, -20, -51, -5, 46, -26, -16, 49, 119, -8, 10, 6, -39, 15, -99, 53, 15, -3, -198, 61, -58, 9, 61, -25, -12, 49, -70, -31, 377, 5, 4, 58, -11, 40, 65, -28, -10, 112, -565, -50, 112, -31, -70, 82, -24, 4, 38, 2, 173, 13, -221, 1, 39, -57, -77, 109, 4, -112, 359, 20, -35, 60, -4, -84, 108, -147, -126, 68, -189, -54, 109, -6, -162, 41, -28, -63, 80, 12, -379, 87, -42, -32, 30, 30, -126, 272, -91, -28, 400, 16, -133, 65, 141, -64, 50, -30, -35, 78, 58, -82, 238, 25, -196, 128, -19, -71, 118, 76, -615, 155, -62, -118, 127, 133, -136, 124, -71, 50, -188]
