70 3 41 28 27
[1, 0, -2, 0, 0, 3, 0, 0, -1, -1, -4, 1, -1, 1, 0, -1, 1, 2, -1, 2, 5, -2, 1, 1, -5, 2, -1, 0, -3, 0, -2, 2, -1, 0, 2, -4, 2, 0, 1, 2, 1, -5, -4, -23, -20, 81, -43, 5, 13, -6, -28, -32, -19, -4, 2, 67, 45, 2, 5, 16, -54, -21, 2, -36, -27, 34, 10, -3, 20, -3, 34, 1, -99, 18, -8, 139, 37, 4, -63, -11, -90, -33, 20, -16, -19, 37, -3, 22, -26, -28, -34, -25, -38, 50, 11, 65, 61, 8, -52, -7, -86, -2, 41, -27, 37, 155, -82, -55, -4, -67, 66, -22, -91, -32, -144, 443, -238, -47, -1, -27, -220, -82, 71, -12, 92, 517, 96, -11, -91, -29, -209, -4, 60, -21, -77, 114, 28, -88, 48, -4, -193, -19, -216, -34, -45, 430, 12, -64, -170, -71, 50, -53, 101, 32, -62, 152, -80, -33, -113, 2, -71, 12, -84, -55, 92, 158, 92, -49, -67, -108, -239, -28, -12, -51, 20, 521, -246, -70, 118, -15, -75, 28, -124, -130, -208, 865, -430, -28, 150, -48, -348, -107, 121, -92, 58, 983, 32, -148, -176, -8, -663, -59, 87, -142, -262, 259, 131, -123, 181, -36, -90]
[0, 0, 0, 0, 0, 0, 0, 0, 0, 0, 0, 0, 0, 0, 0, 0, 0, 0, 0, 0, 1, 0, 0, 0, 0, 0, 0, 0, 0, 0, 0, 0, 0, 0, 0, 1, 0, 0, 0, 0, 1, 0, 0, 0, 0, 2, 0, 0, 0, 0, 0, 0, 0, 0, 0, 4, 0, 0, 0, 0, 0, 0, 0, 0, 0, 0, 0, 0, 0, 0, 4, 0, 0, 0, 0, 6, 0, 0, 0, 0, 9, 0, 0, 0, 0, 0, 0, 0, 0, 0, 8, 0, 0, 0, 0, 0, 0, 0, 0, 0, 0, 0, 0, 0, 0, 6, 0, 0, 0, 0, 16, 0, 0, 0, 0, 16, 0, 0, 0, 0, 0, 0, 0, 0, 0, 18, 0, 0, 0, 0, 0, 0, 0, 0, 0, 0, 0, 0, 0, 0, 9, 0, 0, 0, 0, 28, 0, 0, 0, 0, 24, 0, 0, 0, 0, 0, 0, 0, 0, 0, 33, 0, 0, 0, 0, 0, 0, 0, 0, 0, 0, 0, 0, 0, 0, 18, 0, 0, 0, 0, 41, 0, 0, 0, 0, 44, 0, 0, 0, 0, 0, 0, 0, 0, 0, 42, 0, 0, 0, 0, 0, 0, 0, 0, 0, 0, 0, 0, 0, 0, 24]
[0, 0, 0, 0, 0, 0, 0, 0, 0, 0, 0, 0, 0, 0, 0, 0, 0, 0, 0, 0, 0, 0, 0, 0, 0, 0, 0, 0, 0, 0, 1, 0, 0, 0, 0, -1, 0, 0, 0, 0, 1, 0, 0, 0, 0, -2, 0, 0, 0, 0, 3, 0, 0, 0, 0, -4, 0, 0, 0, 0, 5, 0, 0, 0, 0, 0, 0, 0, 0, 0, 3, 0, 0, 0, 0, -6, 0, 0, 0, 0, 2, 0, 0, 0, 0, 0, 0, 0, 0, 0, 0, 0, 0, 0, 0, 0, 0, 0, 0, 0, 15, 0, 0, 0, 0, -6, 0, 0, 0, 0, 0, 0, 0, 0, 0, -16, 0, 0, 0, 0, 21, 0, 0, 0, 0, -18, 0, 0, 0, 0, 21, 0, 0, 0, 0, 0, 0, 0, 0, 0, 19, 0, 0, 0, 0, -28, 0, 0, 0, 0, 0, 0, 0, 0, 0, 0, 0, 0, 0, 0, 11, 0, 0, 0, 0, 0, 0, 0, 0, 0, 36, 0, 0, 0, 0, -18, 0, 0, 0, 0, 8, 0, 0, 0, 0, -44, 0, 0, 0, 0, 45, 0, 0, 0, 0, -42, 0, 0, 0, 0, 63, 0, 0, 0, 0, 0, 0, 0, 0, 0, 25]
[0, 0, 0, 0, 0, 0, 0, 0, 0, 0, 0, 0, 0, 0, 0, 0, 1, 0, -1, 0, 0, 0, 0, -2, 0, 0, 0, 0, 0, -1, 0, 0, 1, 0, 0, 1, -1, 0, 0, 1, 0, 0, -2, 1, -1, 0, -2, 0, 0, -1, 2, 4, 0, -3, 0, 0, -1, -2, -7, 0, 1, 0, 0, 1, -3, 2, 0, 2, 0, 0, 4, -7, -3, 0, 0, 0, 0, -6, 4, -5, 0, -9, 0, 0, -3, 7, 6, 0, -3, 0, 0, -3, -6, -9, 0, 5, 0, 0, 3, -4, 8, 0, 0, 0, 0, 7, -16, -10, 0, -5, 0, 0, -7, 2, -8, 0, -17, 0, 0, -5, 11, 5, 0, -5, 0, 0, -2, -7, -13, 0, 9, 0, 0, 1, -8, 13, 0, 1, 0, 0, 10, -17, -12, 0, -3, 0, 0, -13, -8, -10, 0, -22, 0, 0, -12, 19, 1, 0, -12, 0, 0, 0, -12, -24, 0, 12, 0, 0, -5, -12, 21, 0, 0, 0, 0, 14, -18, -19, 0, -10, 0, 0, -20, -14, -22, 0, -28, 0, 0, -15, 28, -7, 0, -16, 0, 0, 0, -18, -24, 0, 24, 0, 0, -11, -13, 37, 0, -9, 0, 0, 17]
[0, 0, 0, 0, 0, 0, 0, 0, 0, 0, 0, 0, 0, 0, 0, 0, 0, 0, 1, 0, 0, 0, 0, 1, 0, -1, 0, 0, 1, 2, -1, 0, 1, 0, 0, -1, 0, 1, 0, 0, 0, 0, 1, 1, 2, 0, 2, 0, 0, 0, -3, 2, 0, 4, 0, 0, 2, 3, 3, 0, -5, 0, 0, 3, 6, -6, 0, 4, 0, 0, -4, 4, 5, 0, 4, 0, 0, 3, 4, 8, 0, 8, 0, 0, 2, -11, 8, 0, 7, 0, 0, 6, 10, 5, 0, -14, 0, 0, 4, 8, -15, 0, 10, 0, 0, -8, 14, 12, 0, 14, 0, 0, 5, 11, 12, 0, 14, 0, 0, 8, -20, 14, 0, 11, 0, 0, 6, 14, 15, 0, -26, 0, 0, 7, 16, -25, 0, 21, 0, 0, -14, 20, 20, 0, 20, 0, 0, 12, 24, 18, 0, 20, 0, 0, 14, -37, 24, 0, 22, 0, 0, 10, 24, 30, 0, -35, 0, 0, 11, 26, -43, 0, 28, 0, 0, -21, 30, 28, 0, 32, 0, 0, 18, 35, 34, 0, 30, 0, 0, 20, -55, 40, 0, 37, 0, 0, 20, 41, 38, 0, -55, 0, 0, 17, 30, -65, 0, 34, 0, 0, -29]
[0, 0, 0, 0, 0, 0, 0, 0, 0, 0, 0, 0, 0, 0, 0, 0, 0, 1, 0, 0, -1, 1, 0, 0, 1, 0, 2, 1, 0, 0, 0, 0, 0, 0, 1, 0, 0, 0, 1, 0, 1, 2, 0, 0, 0, -1, 0, 1, 1, 1, 0, 0, 4, 0, 3, -1, 2, 0, 0, 4, 0, 4, 4, 2, 0, 0, 3, 0, 5, 6, -2, 0, 0, 5, 0, -1, 5, 3, 0, 0, -2, 0, 8, 9, 3, 0, 0, 5, 0, 8, 1, 2, 0, 0, 7, 0, 5, 9, 5, 0, 0, 12, 0, 13, 9, -2, 0, 0, 13, 0, -5, 10, 8, 0, 0, -1, 0, 14, 17, 8, 0, 0, 9, 0, 14, -3, 5, 0, 0, 12, 0, 14, 13, 9, 0, 0, 22, 0, 18, 14, 2, 0, 0, 21, 0, -6, 24, 11, 0, 0, -4, 0, 21, 17, 13, 0, 0, 24, 0, 26, -9, 11, 0, 0, 28, 0, 25, 25, 17, 0, 0, 30, 0, 30, 35, -3, 0, 0, 28, 0, -14, 32, 17, 0, 0, -9, 0, 41, 33, 14, 0, 0, 35, 0, 37, -8, 20, 0, 0, 42, 0, 38, 47, 17, 0, 0, 39, 0, 37, 42, -6]
[0, 0, 0, 0, 0, 0, 0, 0, 0, 0, 0, 0, 0, 1, 0, 0, 0, 0, 0, 0, 0, 0, 0, 0, 0, 0, 0, 1, 1, 0, 0, 0, 0, 1, 2, 0, 0, 0, 2, 0, 0, 2, 1, 0, 0, 0, 0, 1, 2, 2, 0, 0, 2, 0, 2, -1, 2, 0, 0, 4, 0, 2, 4, 2, 0, 0, 4, 0, 4, 4, -1, 0, 0, 5, 0, -1, 6, 4, 0, 0, -2, 0, 6, 5, 4, 0, 0, 9, 0, 8, -2, 6, 0, 0, 10, 0, 10, 8, 3, 0, 0, 14, 0, 9, 8, -2, 0, 0, 8, 0, -4, 10, 6, 0, 0, -5, 0, 16, 14, 4, 0, 0, 16, 0, 16, -3, 6, 0, 0, 12, 0, 22, 16, 9, 0, 0, 18, 0, 18, 22, -1, 0, 0, 21, 0, -7, 22, 7, 0, 0, -4, 0, 26, 19, 12, 0, 0, 20, 0, 26, -8, 8, 0, 0, 28, 0, 30, 29, 12, 0, 0, 22, 0, 31, 26, -3, 0, 0, 32, 0, -8, 34, 14, 0, 0, -7, 0, 33, 34, 16, 0, 0, 34, 0, 38, -8, 18, 0, 0, 42, 0, 34, 38, 17, 0, 0, 42, 0, 46, 40, -5]
[0, 0, 0, 0, 0, 0, 0, 0, 0, 0, 0, 0, 0, 0, 0, 0, 0, 0, 0, 0, 0, 0, 0, -1, -1, 0, -1, 0, 1, 0, 0, 2, 0, -1, 0, 0, -1, -1, -1, 0, 0, 1, 1, -2, -1, 4, -3, 0, 1, -2, -1, 1, -4, -1, 0, 3, 2, -1, -2, 2, -4, -3, 0, -3, 0, 4, -2, 2, 1, 1, 1, -4, -6, 3, -2, 6, 1, -5, -4, -5, -6, -10, 2, 0, 0, 6, 1, 4, -2, -4, -2, -1, -4, -2, -3, 5, 5, 2, -2, -3, -7, 0, 4, 0, 1, 12, -8, -12, -5, -5, 2, -2, -10, -3, -10, 19, -15, -7, -5, -9, -13, -2, 5, -4, 6, 23, 6, -5, -8, 3, -11, 4, -1, -2, -11, 15, -6, -2, 2, -2, -9, -13, -14, 4, -2, 19, -6, -18, -10, -13, 0, -24, 1, 7, -12, 16, -1, 3, -14, 4, -8, 5, -6, -16, 2, 14, 6, -4, -11, -15, -10, -2, -6, -6, -10, 32, -18, -23, 4, -5, -9, 2, -13, -13, -18, 36, -34, 8, 1, -4, -19, -7, -1, -19, -4, 40, -6, -17, -22, 0, -39, -5, -3, -18, -19, 35, 9, -7, 5, 8, -5]
[0, 0, 0, 0, 0, 0, 0, 0, 0, 0, 0, 0, 0, 1, 0, 0, 0, -1, 0, -1, 0, 0, 0, 0, 0, 0, -1, 2, 1, 0, 0, -1, 0, -1, 0, 0, 0, 0, 1, 0, 1, 1, -1, 0, 0, 0, 0, -2, -1, 3, 0, 0, -2, 0, -1, 1, 1, 0, 0, 2, 0, -3, 4, 2, 0, 0, 0, 0, -1, -3, -2, 0, 0, 0, 0, 0, -1, -1, 0, 0, -1, 0, 0, -4, 3, 0, 0, 0, 0, -1, 2, 3, 0, 0, 3, 0, 3, 1, -2, 0, 0, 5, 0, 0, -6, -1, 0, 0, -1, 0, -1, -3, 0, 0, 0, -3, 0, 8, 1, -5, 0, 0, -1, 0, 0, 0, -3, 0, 0, -1, 0, 7, -1, -2, 0, 0, 1, 0, 0, 2, 4, 0, 0, 4, 0, 0, 4, -4, 0, 0, 0, 0, 3, -2, -2, 0, 0, -4, 0, 8, -4, -8, 0, 0, 2, 0, 1, -2, 1, 0, 0, -6, 0, 5, 3, 0, 0, 0, -4, 0, -5, 0, -3, 0, 0, 5, 0, -2, -3, -3, 0, 0, 7, 0, 4, -1, 2, 0, 0, -4, 0, 6, -7, -8, 0, 0, -1, 0, 7, 3, 2]
[0, 0, 0, 0, 0, 0, 0, 0, 0, 0, 0, 0, 1, 1, -1, 0, 0, -1, 0, 0, -1, -1, 0, 0, 0, 0, 2, 0, -1, 0, -1, 0, 0, 1, 0, 1, 0, 0, 0, 0, 1, 0, -2, 0, 0, 3, 0, 0, -4, 1, -3, 0, 3, 0, 4, 4, 0, 0, 0, 0, -5, -2, -2, 0, 0, 0, 0, 0, 3, -2, -6, 0, 0, 0, 0, 6, -4, 1, 0, 0, -2, 0, -2, -4, 2, 0, 0, 4, 0, 0, 2, 4, 0, 0, 2, 0, -2, -1, 2, 0, -15, 2, 0, -4, -4, 6, 0, 0, 3, 0, -2, 0, 6, 0, 0, 12, 0, 2, 14, -4, -21, 0, -12, 0, -14, 18, -3, 0, 0, 0, -21, 8, 3, 0, 0, 0, 2, 0, -6, 8, -9, 0, 0, 0, 0, 27, 12, -4, 0, 0, 0, 0, 2, 2, 0, 0, 0, -4, 0, 0, -11, -3, 0, 0, -6, 0, -12, 4, 2, 0, -36, -8, 0, 1, 12, 18, 0, 0, -10, 0, -20, 2, -2, 0, 0, 46, 0, -8, -7, 2, -45, 0, 10, 0, 12, 42, 6, 0, 0, 0, -63, -4, 12, 0, 0, 0, -10, 0, -8, -2, -29]
[0, 0, 0, 0, 0, 0, 0, 0, 0, -1, 0, 0, 0, 0, 0, 0, 1, 0, 1, 0, 0, 0, 0, 1, 0, -1, 0, 0, -1, 1, 0, 0, 1, 0, 0, 1, -1, -1, 0, 2, 0, 0, -1, -1, -1, 0, -6, 0, 0, -1, 0, 2, 0, -2, 0, 0, 5, 1, -3, 0, -1, 0, 0, 1, 1, 3, 0, 8, 0, 0, 1, -2, -5, 0, 4, 0, 0, -7, 2, 2, 0, -10, 0, 0, -3, -2, 10, 0, 3, 0, 0, 8, 4, -3, 0, -4, 0, 0, 0, -4, 4, 0, 14, 0, 0, 1, -4, -16, 0, 3, 0, 0, -9, 5, -4, 0, -17, 0, 0, -6, -3, 15, 0, 5, 0, 0, 8, 8, 3, 0, -9, 0, 0, -1, 0, 1, 0, 21, 0, 0, 5, -5, -14, 0, 9, 0, 0, -6, -4, -16, 0, -32, 0, 0, -6, 1, 13, 0, -4, 0, 0, 19, 2, -2, 0, -6, 0, 0, -1, 15, 7, 0, 26, 0, 0, 7, -6, 0, 0, 16, 0, 0, -16, -5, -10, 0, -24, 0, 0, 3, 0, 30, 0, 15, 0, 0, 16, -7, 2, 0, -12, 0, 0, -17, 7, 9, 0, 8, 0, 0, 8]
[0, 0, 0, 0, 0, 0, 0, 0, 0, 0, 0, 0, 0, 0, 0, 0, 0, 0, 0, 0, 0, 1, 0, -1, 1, 0, 0, 2, 1, 0, 1, 1, 0, 0, 0, 0, -1, -1, 2, 0, 0, 2, -1, -2, -1, -1, -3, 2, 2, 1, 2, 1, 0, -1, 1, 0, 3, -1, -2, 5, 1, 3, 8, 2, 0, 4, 4, 2, 4, 2, 1, -4, -6, 6, -2, -1, 6, -3, -4, -5, -3, -10, 8, 6, 3, 6, 1, 4, -2, 7, 0, 5, -4, -2, 10, 5, 10, 12, 1, -3, 8, 10, 4, 12, 9, 4, -8, -12, 10, -5, -3, 9, -4, -3, -10, -3, -15, 14, 10, 2, 8, -2, 16, -4, 18, -3, 9, -5, -8, 16, 10, 16, 14, 4, -11, 15, 19, -2, 16, 17, 7, -13, -14, 22, -2, -5, 20, -3, -10, -13, -4, -24, 22, 22, 0, 16, -1, 26, -14, 26, -9, 13, -6, -16, 28, 14, 29, 24, 6, -15, 26, 27, -6, 32, 27, 11, -18, -23, 32, -5, -10, 33, 6, -13, -18, -8, -34, 36, 36, 3, 26, -7, 36, -19, 36, -10, 18, -17, -22, 34, 24, 43, 32, 2, -19, 35, 42, -7, 50, 49, 17]
[0, 0, 0, 0, 0, 0, 0, 0, 0, 0, 0, 0, 0, 0, -1, 0, 0, 0, 0, 0, 0, 0, 0, -1, -1, 0, 0, -2, -1, 0, 1, -1, 0, 0, 0, 1, -1, -1, -2, 0, 0, -2, -1, -2, -1, 1, -3, -2, -2, -4, 2, 1, 0, -1, -1, 0, -1, -1, -2, -5, 1, -3, -8, -4, 0, 4, -4, 2, -4, -2, 4, -4, -6, -6, -2, 1, -6, -5, -4, -5, 3, -10, -8, -6, -7, 6, 1, -4, -2, -7, 0, -3, -4, -2, -10, 5, -10, -12, -7, -3, 8, -10, 4, -12, -9, 7, -8, -12, -10, -5, 3, -9, -12, -3, -10, 3, -15, -14, -10, -12, 8, -2, -16, -4, -18, 3, -4, -5, -8, -16, 10, -16, -14, -12, -11, 15, -19, -2, -16, -17, 11, -13, -14, -22, -2, 5, -20, -21, -10, -13, 4, -24, -22, -22, -20, 16, -1, -26, -14, -26, 9, -10, -6, -16, -28, 14, -29, -24, -22, -15, 26, -27, -6, -32, -27, 17, -18, -23, -32, -5, 10, -33, -32, -13, -18, 8, -34, -36, -36, -23, 26, -7, -36, -19, -36, 10, -20, -17, -22, -34, 24, -43, -32, -30, -19, 35, -42, -7, -50, -49, 21]
[0, 0, 0, 0, 0, 0, 0, 0, 0, 1, 0, 0, 0, 0, 0, 0, 0, 0, -1, 0, 0, 1, 1, -1, 0, 1, 0, 0, 1, 0, 1, 0, 2, 0, 0, 0, 2, 1, 0, 1, 0, 0, 0, 2, 2, 0, 4, 0, 0, 1, 2, 4, 0, 5, 0, 0, 0, 3, 5, 0, 2, 0, 0, 0, 4, 3, 0, 4, 0, 0, 3, 5, 4, 0, 6, 0, 0, 5, 5, 1, 0, 3, 0, 0, 4, 9, 6, 0, 8, 0, 0, 3, 6, 12, 0, 9, 0, 0, 5, 14, 10, 0, 7, 0, 0, 7, 8, 16, 0, 12, 0, 0, 8, 11, 10, 0, 10, 0, 0, 9, 14, 12, 0, 12, 0, 0, 10, 13, 14, 0, 19, 0, 0, 10, 18, 20, 0, 14, 0, 0, 9, 16, 22, 0, 20, 0, 0, 3, 24, 32, 0, 30, 0, 0, 10, 20, 26, 0, 31, 0, 0, 10, 28, 24, 0, 22, 0, 0, 10, 19, 27, 0, 30, 0, 0, 13, 32, 13, 0, 32, 0, 0, 17, 37, 36, 0, 26, 0, 0, 8, 36, 27, 0, 27, 0, 0, 22, 49, 28, 0, 42, 0, 0, 32, 34, 40, 0, 55, 0, 0, 17]
[0, 0, 0, 0, 0, 0, 0, 0, 0, -1, 0, 0, 0, -1, 1, 0, 1, 0, 1, 0, 1, -1, 0, 1, 1, -1, 0, -1, 0, 0, -1, 0, 1, -1, 0, 0, 1, -1, 1, -1, 0, -2, 2, -2, 2, 0, 0, -1, 4, -3, -1, -4, 2, -5, 1, 1, 5, -3, 0, -4, 0, -2, 4, -2, 4, -3, 3, -4, 5, -4, 2, -5, 7, -5, 5, 1, 8, -9, 7, -1, 6, -3, 6, -5, 5, -9, 7, -9, 10, -8, 4, -9, 12, -12, 6, -9, 11, -8, 9, -14, -2, -14, 6, -9, 17, -5, 9, -16, 12, -12, 11, -10, 13, -11, 11, 5, 16, -16, 5, -13, -5, -12, 15, -12, 22, 3, 9, -13, 24, -12, -11, -22, 18, -19, 15, -20, 23, -14, 12, -22, 0, -16, 13, -21, 22, 7, 11, -10, 23, -32, 15, -30, 27, -19, 19, -20, 21, -20, 15, -26, 25, -18, 11, -24, 32, -22, 23, -29, 34, -19, -15, -22, 41, -31, 15, -10, 40, -13, 28, -32, 32, -34, 24, -37, 38, 7, 32, -33, 45, -24, -17, -27, 40, -27, 24, 8, 43, -49, 34, -42, -15, -34, 25, -49, 50, -40, 34, -55, 60, -40, 7]
[0, 0, 0, 0, 0, 0, 0, 0, 0, -1, 0, 0, 0, 1, 0, 0, 1, 0, 1, 0, -1, -1, 0, 1, -1, -1, 0, 1, -1, 0, 1, 0, 1, 1, 0, 0, 1, -1, -1, -1, 0, 2, 0, -2, 2, 0, 0, 1, -4, 1, 5, -4, -2, -5, -1, -1, 2, -3, 0, 4, 10, 2, -4, 2, 4, -3, -3, -4, -5, 4, 1, -5, 7, 5, 5, -1, -8, -1, 7, -1, -6, -3, -6, 5, -1, -9, 7, 9, 10, 8, -4, 3, 12, -12, -6, -9, -11, 8, 1, -14, 28, 14, 6, 9, -17, -9, 9, -16, -12, -12, -11, 10, 2, -11, 11, -5, 16, 16, -5, -5, 37, -12, -15, -12, -22, -3, -6, -13, 24, 12, 31, 22, -18, -1, 15, -20, -23, -14, -12, 22, 25, -16, 13, 21, 22, -7, -11, 4, 23, -32, -15, -30, -27, 19, 3, -20, 21, 20, 15, 26, -25, -2, 11, -24, -32, -22, -23, 29, 2, -19, 57, 22, 41, 31, -15, -16, 40, -13, -28, -32, -32, 34, -8, -37, 38, -7, 32, 33, -45, 8, 73, -27, -40, -27, -24, -8, 1, -49, 34, 42, 111, 34, -25, -15, 50, -40, -34, -55, -60, 40, 25]
[0, 0, 0, 0, 0, 1, 0, 0, 0, 0, -1, 0, 0, 0, 0, 1, 0, 0, 0, 0, -2, 0, 0, 0, 0, 3, 0, 0, 0, 0, -1, 0, 0, 0, 0, 0, 0, 0, 0, 0, 1, 0, 0, 0, 0, 17, 0, 0, 0, 0, -3, 0, 0, 0, 0, 10, 0, 0, 0, 0, -9, 0, 0, 0, 0, 21, 0, 0, 0, 0, 0, 0, 0, 0, 0, 24, 0, 0, 0, 0, -36, 0, 0, 0, 0, 36, 0, 0, 0, 0, -17, 0, 0, 0, 0, 45, 0, 0, 0, 0, -27, 0, 0, 0, 0, 49, 0, 0, 0, 0, -10, 0, 0, 0, 0, 82, 0, 0, 0, 0, -41, 0, 0, 0, 0, 97, 0, 0, 0, 0, -21, 0, 0, 0, 0, 82, 0, 0, 0, 0, -49, 0, 0, 0, 0, 58, 0, 0, 0, 0, -24, 0, 0, 0, 0, 120, 0, 0, 0, 0, -65, 0, 0, 0, 0, 122, 0, 0, 0, 0, -36, 0, 0, 0, 0, 147, 0, 0, 0, 0, -90, 0, 0, 0, 0, 138, 0, 0, 0, 0, -45, 0, 0, 0, 0, 168, 0, 0, 0, 0, -123, 0, 0, 0, 0, 210, 0, 0, 0, 0, -49]
[0, 0, 0, 0, 0, 0, 0, 0, 0, 0, 0, -1, 0, 0, 1, 0, 0, 0, 0, 0, 0, -1, -1, 2, 0, -1, 0, 0, 0, -1, -2, 0, 1, 0, 0, -1, 0, -2, 0, 0, 0, 0, -1, 3, -2, 0, 0, 0, 0, 0, -7, -1, 0, 1, 0, 0, 0, 2, 0, 0, -7, 0, 0, -1, -2, -11, 0, -2, 0, 0, -6, -1, 3, 0, 2, 0, 0, 0, 3, 2, 0, 3, 0, 0, -2, -21, 0, 0, -3, 0, 0, 4, 4, -7, 0, -24, 0, 0, -1, -2, -23, 0, -5, 0, 0, -13, 2, 6, 0, 5, 0, 0, 3, -10, 6, 0, -2, 0, 0, 2, -30, 5, 0, -9, 0, 0, -1, -7, -1, 0, -45, 0, 0, 1, 4, -40, 0, 7, 0, 0, -23, 9, -10, 0, -4, 0, 0, 3, -4, -8, 0, 1, 0, 0, 0, -57, 0, 0, 7, 0, 0, -5, -4, 2, 0, -60, 0, 0, -1, 10, -76, 0, 6, 0, 0, -41, -2, 3, 0, -10, 0, 0, -1, 6, -2, 0, 4, 0, 0, -3, -89, -2, 0, 16, 0, 0, 0, 4, 6, 0, -95, 0, 0, 1, -2, -105, 0, 1, 0, 0, -52]
[0, 0, 1, 0, 0, 0, 0, 0, 0, 0, 0, 0, 0, 0, 1, 0, 0, 0, -1, 0, 0, 0, 0, -1, 0, -1, -1, -1, 0, -1, -1, 1, -2, 1, 1, 0, 2, 0, -1, -1, 0, 3, 7, 6, 7, -3, 20, 0, -2, 1, 8, 8, 4, -3, -1, -4, -20, -4, -3, -3, 21, 8, -4, 9, 3, -13, -4, -3, -7, 7, 3, -3, 40, -1, -1, -7, -10, 0, 25, -1, 11, 7, -6, 11, 10, -15, -17, 3, 7, 13, 3, 3, 6, -21, -6, -24, -17, 2, 22, -6, 24, 8, -40, 14, -10, -15, 27, 7, -6, 9, 5, 15, 39, 4, 59, -23, 101, 17, -5, 4, 76, 13, -13, -3, -24, -26, -47, -6, 39, 19, 78, 16, -20, 9, 21, -47, -18, 9, -10, 15, 41, -11, 87, 25, -7, -22, -11, 18, 47, 8, 9, 2, -33, 7, 24, -59, -4, 27, 31, 14, 30, -1, 8, -5, -30, -62, -19, 36, 17, 14, 64, 25, -23, 30, -19, -62, 86, 7, -28, -22, 33, 15, 54, 10, 56, -46, 196, 37, -49, 22, 109, 3, -52, -2, -23, -53, -49, 10, 44, 36, 219, 32, -27, 44, 107, -103, -30, 2, -62, 39, 36]
[0, 0, 0, 0, -1, 0, 0, 0, 0, 0, 0, 0, 0, 0, 0, 0, 2, 1, -1, 1, 0, 0, 0, 1, -1, 1, 2, 0, 1, 1, 0, 0, 1, 1, -1, 0, 0, 0, -1, 1, 1, -2, -3, -6, 1, 3, 4, 3, -1, -2, 6, -8, -4, 3, 1, 2, 0, 4, -11, 5, 3, -3, -4, -9, 2, 13, 1, 3, 3, 0, 7, 3, 1, 6, 2, 6, 3, 5, 8, 1, -5, -7, 0, -2, -4, 15, 14, 6, -1, -4, -1, 0, -14, 21, -3, 24, 3, 5, 17, 6, 7, 1, -10, -5, -1, 14, -14, -7, -5, -9, 1, -2, 5, -4, -2, 21, 1, -9, -1, 5, 11, -13, -1, 3, 2, 23, -5, 6, -9, -6, 17, -1, 3, 2, -16, 47, -6, -9, -2, 5, 11, 11, 16, -8, -4, 15, -4, -7, 16, -8, 0, -2, 3, 14, 11, 59, 3, -3, 2, 4, -7, 17, 20, 5, -4, 62, -5, -5, -6, -14, 29, 3, 26, -4, 1, 59, 0, -7, 4, 22, -11, 19, -15, -10, 6, 34, 0, -2, 7, -3, 54, -3, 5, 2, -5, 46, -15, -10, -10, 10, 42, -4, 9, -19, 31, 103, -3, -2, -5, -2, 16]
[0, 0, 0, 0, 0, 0, 0, 0, 0, -1, 0, 0, 0, 0, 0, 0, 1, 0, 1, 0, 0, -1, 0, 0, 0, 0, 1, 1, 0, 0, 1, -1, -1, -1, -1, 1, 3, -1, 1, 1, 0, -3, 0, -7, 0, 3, -2, 0, 2, -3, 1, -8, -4, -5, 1, 4, 12, -1, 2, 3, 0, -8, 4, -8, 4, 12, 4, 1, 7, -7, 0, -9, -5, 1, 1, 7, 10, -11, -3, -5, -11, -19, 6, -11, 9, 13, 5, -3, 10, -13, -3, -9, 6, 0, 6, 20, 17, -2, 3, -12, 2, -8, 12, -14, 10, 15, 5, -33, 6, -26, -5, -15, 5, -13, -1, 23, 2, -17, 5, -18, -9, -20, 13, -14, 24, 26, 16, -14, 26, -19, 1, -16, 20, -18, 1, 40, 18, -22, 10, -15, -11, -22, -1, -25, 22, 22, 11, -34, 7, -50, -9, -54, 33, -7, 10, 58, 11, -27, 3, -14, -30, -9, 13, -43, 30, 52, 19, -36, 24, -45, 13, -25, 35, -30, 19, 63, 20, -39, 28, -20, -33, -15, 22, -61, 26, 46, -12, -37, 49, -45, 7, -37, 52, -41, 23, 53, 31, -77, 8, -36, -27, -32, 27, -87, 40, 100, 30, -66, 62, -39, 2]
[0, 0, -1, 0, 0, 0, 0, 0, 0, 0, 0, 1, 0, 0, -2, -1, -1, 0, 1, 0, 1, 1, 1, 0, 0, 0, 1, 1, -1, 1, -1, -1, -1, -1, -1, 0, -1, 1, 1, 0, 0, -3, -5, -11, -6, 7, -20, 0, 2, 0, -15, -13, -4, 1, 1, 12, 19, 1, 7, 3, -31, -8, 4, -12, -4, 7, 4, -1, 7, -7, -8, 7, -45, 1, -5, 19, 10, 3, -36, -4, -4, -9, 6, -11, -7, 4, 3, -3, -8, -13, 5, -10, -14, 32, 6, 12, 17, -2, -28, 4, -57, -8, 35, -14, 10, 16, -27, -15, 6, -23, 11, -15, -40, -7, -69, 55, -96, -17, 5, -9, -122, -37, 13, 6, 24, 62, 44, 6, -40, -19, -121, -16, 20, -18, -33, 17, 18, -38, 10, -15, -72, -1, -85, -25, -6, 78, 11, -20, -59, -8, 15, -1, 33, -7, -26, 14, -21, -27, -48, -14, -8, -4, -16, -3, 30, 23, 19, -36, -22, -38, -146, -25, -11, -30, 19, 71, -96, -19, 28, 10, 0, -15, -51, -37, -66, 134, -202, -37, 49, -24, -218, -34, 52, -35, 23, 137, 29, -37, -64, -36, -348, -32, 27, -51, -122, 26, 30, -28, 62, -39, -73]
[0, 0, 0, 0, 0, 0, 0, 1, 0, 0, 0, -1, 0, 0, 0, 0, 1, -1, 0, -1, 0, 0, -2, -1, 1, -2, -2, 0, 1, 0, 0, 0, 0, -1, 1, 0, -1, 0, 1, 1, -1, 2, -3, 1, -3, -3, 0, -3, 1, -1, 0, 1, 4, 0, -1, -2, -1, 2, -8, -5, -1, 3, 4, 5, -1, -10, -1, 3, -3, 0, -1, -14, -4, -6, -4, -6, -3, -7, 2, 1, 5, -8, 0, 2, -6, -14, 10, -6, -6, 4, 1, 4, -4, -12, 3, -18, -3, -5, -2, -2, -2, -1, 0, 5, 1, -12, -10, -7, 5, -6, -1, 2, -8, -2, -4, -21, -15, 9, 1, -1, 0, 8, 1, -16, -2, -23, -7, -15, -12, 6, -14, 1, -3, -3, -12, -25, 6, 8, 2, -5, 4, -2, -16, 8, 1, -15, 4, -6, -8, -26, 0, -25, -3, -14, -13, -36, 1, 3, -12, -4, 7, -13, -8, -27, 4, -48, 5, 5, -7, -22, -18, -3, 0, 4, -1, -43, -24, -18, -4, -2, 11, -19, -19, -8, -16, -34, -38, 2, -7, -18, -20, -3, -5, 2, 5, -46, 4, -20, -22, -10, -10, 4, -9, -18, -19, -70, 3, -23, 5, 2, -5]
[0, 0, 1, 0, 0, 0, 0, 0, 0, 0, -1, -1, 1, 1, 1, 1, 1, -1, -1, -1, 0, -1, -1, 0, 1, 0, 2, 1, 0, -1, 1, 0, 1, 0, 0, 0, 1, -1, -1, 0, -1, 4, 1, 11, 6, -7, 20, -2, -8, 3, 15, 13, 7, -1, 3, -11, -18, -1, -7, -1, 31, 5, -2, 14, 4, -7, -5, 1, -4, 4, 9, -7, 45, -1, 5, -19, -16, -4, 36, 4, 6, 9, -6, 7, 11, -4, -3, 3, 8, 12, -7, 13, 14, -32, -4, -12, -21, 3, 30, -4, 57, 13, -35, 14, -19, -17, 27, 15, 1, 23, -9, 12, 48, 7, 69, -58, 96, 25, 13, 4, 122, 37, -33, -6, -40, -62, -51, -6, 40, 18, 121, 23, -21, 16, 33, -17, -11, 38, -16, 17, 68, 1, 85, 29, 6, -78, 7, 16, 59, 8, -15, 1, -33, 5, 25, -14, 21, 23, 48, 22, 14, -4, 16, 3, -34, -23, -35, 34, 30, 38, 146, 19, 11, 35, 5, -71, 96, 19, -46, -10, 4, 15, 49, 37, 66, -129, 202, 35, -60, 21, 218, 34, -34, 35, -8, -138, -19, 37, 64, 32, 348, 38, -13, 43, 122, -26, -44, 28, -72, 42, 70]
[0, -1, -1, 0, 0, 0, 0, 1, 0, 1, 0, -1, 0, -1, 1, -1, 1, 0, -1, 0, 1, 0, 2, 2, 1, 1, 0, -1, 0, 1, 0, 0, 0, -1, 0, 0, 1, 0, 1, 0, 0, -2, -13, 5, -10, 0, -12, -1, 4, -4, -7, -9, 2, 5, 1, 1, 14, -8, 1, -4, -23, -2, 4, -10, -24, -8, 3, 18, 5, -4, -3, 7, -26, -5, 21, 1, 8, 22, -23, 10, 6, -8, 6, -5, 1, -19, 23, -9, 1, -8, 4, -14, 30, 15, 6, 1, 11, -8, -4, 50, -21, -14, -4, -9, 17, 1, -33, 2, 12, -35, 11, -10, -53, 18, -55, 5, -84, -16, 5, -20, -51, 14, 15, -39, 22, 3, 49, -57, -49, -12, -103, -22, 18, -24, -61, -8, 23, 35, 12, -22, -43, 31, -59, -21, 48, 7, 11, 30, -71, 28, 15, 53, 27, -19, 21, -43, 1, -20, 21, -26, 25, 8, 92, 30, 32, 12, 23, -29, 9, 77, -96, -22, -29, -31, 15, 12, -90, -5, 28, -30, 32, -34, -114, 40, -60, 7, -158, -33, 45, -79, -98, -38, 40, 48, 24, 8, 63, -114, -34, -42, -240, -34, 25, -8, -182, -59, 34, 127, 60, -40, -62]
[0, 0, 0, 0, 0, 0, -1, 0, 0, -1, -1, 1, 0, 2, 0, 0, 1, 1, 0, -1, 0, 1, 1, 0, 0, 0, 0, 0, -1, 0, 2, 0, 1, 0, -2, 0, -2, 1, 0, 0, -1, 7, -3, 2, 2, -3, -3, -3, -10, 4, 12, 4, -4, -6, -2, -11, -6, -5, -6, 3, 20, 6, 2, 8, -3, 1, -12, -1, -8, 17, 8, 3, 5, 5, 4, -14, -18, 6, 9, 1, -9, 5, -4, 18, -4, 2, 3, 18, 1, 18, -11, 6, 0, -11, -11, 0, -28, 7, -5, -9, 60, 31, -1, 25, -38, -15, -8, -5, -28, 3, -20, 22, -14, 9, 0, -40, 0, 34, -8, -5, 85, 6, -40, 9, -44, -42, -20, 7, -5, 25, 82, 45, -40, 14, 5, -9, -28, 3, -36, 31, 53, -15, 4, 52, -5, -68, -18, 23, 2, 5, -25, -5, -64, 21, -16, 1, 0, 42, -7, 52, -25, 14, -14, 1, -58, 1, -35, 61, -7, 20, 144, 45, 4, 56, -24, -42, 4, 18, -44, -13, -28, 49, -37, -9, -12, -102, 20, 86, -100, 54, 184, 9, -66, -5, -50, -102, -42, -7, 6, 90, 252, 57, -68, 41, 8, 4, -85, -9, -98, 76, 69]
[0, 0, 0, 0, 0, 0, 0, 0, -1, 0, 0, -1, 0, 0, 1, 1, 1, 0, -2, 0, -1, -1, -2, -1, 0, 1, 1, 1, -1, 1, 0, -1, -1, -1, -1, 0, -1, -2, 1, 0, 0, -3, -5, -4, -10, -1, -6, 0, 2, -6, -2, -1, -4, 1, 1, -4, 5, 2, -11, 3, -5, -8, 4, -5, -16, 17, 4, 5, 7, -7, -3, -15, -23, 1, -11, -5, 10, -12, -9, -4, -18, -19, 6, -11, -7, 27, -13, -3, -23, -13, -11, -2, -24, -7, 6, 32, 17, -2, -7, -4, -5, -8, -24, -14, 10, 16, -37, -21, 6, -11, -21, -15, -22, -10, -29, -9, -72, -17, 5, -9, -19, -1, 13, -19, 24, -10, -7, -18, -46, -19, -9, -16, 20, -9, -45, 74, 18, 3, 10, -15, -22, -11, -69, -25, -50, -34, 11, -38, -77, -42, -33, -51, 33, -7, -32, 97, -53, -27, -57, -14, -52, -10, -63, -35, 30, 90, 19, -36, -31, -40, -10, -25, -49, -30, 19, 54, -114, -45, 28, -2, -66, -15, -32, -20, -126, -42, -102, -37, 49, -46, -8, -10, 52, -20, 23, -31, -23, -36, -102, -36, -83, -32, 27, -74, -106, 173, 30, -28, 62, -39, -37]
[0, 0, 1, -1, -1, 1, 0, 0, 1, 0, -1, 0, 0, 0, 0, 0, 1, 0, 1, 2, 0, 2, 1, 2, 0, 0, 1, 0, 0, 0, -1, -1, 2, -1, 2, -1, 1, -1, -1, 0, 0, 5, 2, 4, 16, 10, 26, 1, -13, 0, 13, 4, 6, 2, -15, 5, -26, 1, -4, -5, 20, 10, -12, 14, 25, -5, -4, 1, -7, -7, 14, 10, 60, -7, 14, 22, -29, 13, 41, 4, -1, 10, -20, 23, 15, -11, 20, -8, 29, 41, 7, 26, 22, 1, -21, -15, -39, -6, 26, 4, 17, -4, -13, -3, -18, 6, 50, 15, -13, 20, 11, 11, 50, 5, 84, 59, 156, 19, -33, 1, 73, 16, -43, 13, -96, 61, -57, 15, 74, 25, 74, -8, -57, 21, 48, -27, -51, 21, -20, 7, 48, 14, 154, 12, 51, 66, -46, 28, 140, 26, 22, 24, -87, 13, 64, -39, 74, 33, 91, 36, 37, 3, 99, 35, -98, -35, -65, 65, 14, 46, 72, 37, 74, 22, -31, 23, 192, 30, -84, 14, 13, 51, 44, 35, 184, 100, 264, 30, -141, 19, 124, 34, -137, 35, -106, 100, -33, 47, 136, 26, 245, 50, -85, 79, 234, -63, -121, 49, -157, -5, 55]
