88 3 13 104 103
[1, -1, 0, 0, -3, 1, 0, 1, 0, 2, -2, -1, 3, -1, 3, 1, -3, -3, -2, 5, -4, 2, -4, 0, 2, 1, 3, -1, 0, -3, 4, -1, 2, 4, 6, 1, -2, -2, -3, 2, -3, 1, 0, -3, -5, -6, 3, -2, 3, -6, -2, 1, 8, 0, 0, 4, -3, -5, 8, -9, 5, -3, -3, -1, 2, -2, -1, -8, -2, 6, 2, -3, -2, -3, -1, 6, -2, 0, -4, 3, -2, 1, 1, -5, 2, 3, -3, -8, -2, 0, -2, 1, 1, 3, 4, -5, -5, -2, -3, 2, 3, -2, 2, 8, -8, 1, 0, -1, -4, 4, 0, 1, 217, 50, -1035, 304, -59, 607, 327, -163, -645, -137, 3128, -503, 475, -2377, -897, -126, 773, 431, -2693, -59, -801, 3402, -837, 1308, 131, 259, 678, 629, -1055, -2445, 1355, -1545, -547, -1787, -169, -948, 3287, 1241, 3471, 731, 272, 595, -2106, -173, -1160, 6, -3333, 1071, -3261, 2518, 1971, 1338, -279, -1838, -658, -2627, 2749, -773, 1166, -587, -530, 1039, -1982, 13, 5070, -1871, 2170, 1711, -4680, 822, 251, 874, -3662, -2574, -2519, 415, 4609, 2124, 1762, 1363, -1238, 1750, -1738, -7130, 3031, -1374, 5612, -902, -2504, 4581, -2639, 6595, 593, -1712, -2483, 2460, -3878, -676, 2052]
[0, 0, 0, 0, 0, 0, 0, 0, 0, 0, 0, 0, 0, 0, 0, 0, 0, 0, 0, 0, 0, 0, 0, -1, 0, 1, 0, 0, 1, -1, -1, 0, 0, 0, 0, 1, -1, 0, 0, 0, 0, 0, 0, 0, 0, 0, 0, -1, 0, 0, 0, 0, 0, 0, 0, 0, 0, 0, 0, 0, -1, -1, 0, 1, 0, 0, 0, -2, -1, 2, 0, -1, 2, -1, -2, 0, 0, -1, 1, 1, -2, -1, 0, 0, 0, 0, -1, 0, 0, 0, 0, -2, 0, 0, -1, 0, 0, -1, 0, 0, -1, 0, 0, 0, -2, -2, 0, 2, 0, -1, -1, 1, -2, -2, 0, -2, -3, 3, 1, 0, 0, -2, 2, -4, 1, -3, 0, 0, 0, -1, -2, -1, -1, 1, -1, 1, 0, 0, -2, -1, -1, -3, -1, -1, -2, -1, 0, -1, 1, 1, -2, -2, 0, -2, -2, 2, 1, -5, -2, 1, -6, 0, 2, 0, -2, 2, -3, -4, 2, 0, 0, -1, -2, -4, 0, -3, -2, 0, -2, 1, -2, 0, -1, -2, -2, -1, -2, -3, -1, -3, -1, -3, 2, 0, -4, -6, -2, 1, 0, 0, 2, -3, -4, 1, -1, -4, -1, -2, -4, 2, -6]
[0, 0, 0, 0, 0, 0, 0, 0, 0, 0, 0, 0, 0, 0, 0, 0, 0, 0, 0, 0, 0, 0, 0, 0, 0, 0, -1, 0, 0, 0, 0, 1, 0, 1, 1, -1, 0, 0, 0, -2, 0, -1, 1, 1, 0, 0, 0, 0, 1, -1, -1, 1, -1, 0, 0, 0, -1, 0, 0, -1, 1, 0, -1, 2, -1, 1, -1, 0, 1, 0, 0, -1, 1, 1, 0, -1, -1, 0, 1, -1, 0, -1, 1, 0, 0, 0, 0, 1, 0, -1, 1, 0, -1, 0, 0, -1, -2, -1, -1, 1, 1, -1, 0, 0, 1, 1, -2, 0, 0, -1, -2, 0, 1, 0, 4, -1, -1, 1, 0, -3, -1, -2, -3, 3, 0, 0, 1, 7, -1, 3, -4, -4, -1, -1, 0, 0, -5, 2, 3, -3, 3, 0, 0, -2, 5, -2, 0, 3, -4, -1, 2, -6, 3, -3, 3, -1, -3, -1, -1, 2, -4, -2, 0, 3, 2, 1, -4, 2, 0, 2, -5, 0, -2, 0, 0, -4, -2, 2, -4, -2, 5, -2, -2, 4, 6, 1, 3, -3, -6, 2, 0, -2, -3, -4, 4, 0, -2, 2, 6, -1, -4, -1, -2, 0, 5, -3, -2, -1, 1, -6, -2]
[0, 0, 0, 0, 0, 0, 0, 0, 0, 0, 0, 0, 0, 0, 0, 1, 0, 0, 0, 0, 0, 0, 0, -1, 0, -1, 0, 0, 0, 0, 0, 0, -1, 1, 0, -1, -1, 0, 0, 0, 0, 0, 0, 1, 0, 0, 1, 1, 1, -1, 1, 1, 0, 0, 0, -1, 0, 0, 1, -1, 1, 0, -1, 1, 0, 0, -2, 0, 1, 0, 0, -1, 1, 0, -1, -1, 0, 0, 0, 0, -1, -1, 1, 0, -1, 0, -1, 0, -1, 0, 0, 0, -1, 0, 0, 0, -1, 1, -2, 1, 0, -1, 1, -3, 1, 1, -1, 0, 0, -1, -2, 2, 1, 2, 2, -1, -1, 1, 0, -1, 3, -2, 0, 3, 3, 0, 1, -1, -2, 1, -1, -4, 1, -1, -4, -2, -4, 2, -3, -3, 0, 0, 0, 2, 1, -2, -3, 3, -4, -1, 3, -3, 0, 2, 6, -1, -3, -1, -1, 2, -4, 1, 2, 3, -2, 1, -1, -2, 3, 3, -5, 0, 2, 0, 3, 0, 3, -1, 1, -2, 4, -2, -2, 1, 2, -6, 6, -3, 0, 2, -4, -3, -3, -6, 0, 0, -1, 2, 6, 3, -5, 1, -8, 0, 3, -3, -3, 2, -2, -5, 0]
[0, 0, 0, 0, 0, 0, 0, 0, 0, 0, 0, 0, 0, 0, 0, 0, 0, 0, 0, 0, 0, 0, 0, 0, 0, 0, 0, 0, 0, 1, -1, 0, 0, -1, 1, -1, 0, -1, 0, 1, 0, 0, -1, -1, -1, 1, 0, 0, 1, 0, 1, 1, 0, 0, 0, 0, 0, 0, 1, 1, -1, -1, 0, -1, 2, 1, -2, -1, 0, 0, -1, -1, -2, 0, 0, 0, -1, -1, -1, 0, -1, -1, 1, 1, 0, -1, 1, -1, 1, 0, -1, -1, 1, 1, -1, 0, 0, 1, 1, 0, 0, -1, 1, 2, 0, -1, 1, 0, -2, 1, -1, -1, 0, 0, -3, -1, -1, -5, -1, -2, -1, 1, -2, 3, -4, 3, 2, -4, 0, -2, 3, 2, 3, -4, -3, -2, 0, 1, -2, -5, 3, 1, -1, 2, -3, 0, -2, -1, 0, 1, -1, 4, -8, -3, 5, 4, -2, 0, 0, 0, 6, -1, -3, -5, 1, -2, 2, -2, 0, -1, -4, -7, -2, 2, -4, 0, 0, -1, 4, 3, -3, -3, 2, -2, 0, -3, -5, 3, -2, 2, -5, -5, -4, 1, -4, -2, 0, -5, -2, -1, -2, -1, 4, -2, -1, 3, 9, 2, 0, 3, -6]
[0, 0, 0, 0, 0, 0, 0, 0, 0, 0, 0, 0, 0, 0, 0, 0, 0, 0, 0, 0, 0, 0, 0, 0, 0, -1, 0, 0, 0, 0, 0, 0, 0, 1, 0, -1, 0, 1, 0, 0, 0, 0, 0, 1, -1, -1, 0, 1, 0, -1, 0, 0, -1, 0, -1, -1, 0, 0, 0, -2, 1, -1, -1, 0, 0, 0, 0, 1, 1, 0, 1, 0, 0, 1, 0, 0, 0, 0, 0, -1, 0, 0, 0, 0, -1, 1, -1, 0, -2, -1, 0, 0, -2, -2, 0, 0, -2, -1, -2, 0, 0, 0, -1, -2, 2, -1, -2, -1, 0, -2, 0, -1, 2, 1, 2, -1, -1, 1, 0, 0, 0, -1, 0, 2, 0, -2, -2, -1, -2, 1, -2, -3, 1, 1, -1, -2, -4, 0, 0, 0, 1, -3, 1, 0, 0, -3, -2, 2, -3, 2, 1, -2, 0, -1, 0, -5, -5, -4, -3, -1, -2, -4, 0, 0, -2, 2, -2, 0, 0, 1, -4, -1, 1, -4, 0, 0, 2, 0, -2, -2, 2, 2, -3, -2, 2, -1, 2, -4, -2, -5, -1, 0, -6, 0, 2, -1, -2, 3, -2, 0, -10, 1, -6, 1, 0, -7, -3, -2, -4, -8, -4]
[0, 0, 0, 0, 0, 0, 0, 0, 0, 0, 0, 0, 0, 0, 0, 0, 0, 0, 0, 0, 0, 0, 0, 0, 1, 0, 0, 0, -1, 0, 0, 0, 0, 0, 1, 0, 0, 0, 0, 0, 1, 1, 0, 1, -1, 0, -2, 0, 1, 1, 1, 0, -1, 0, 0, 0, 0, -1, 1, -1, 1, 0, -1, 0, 1, -2, 2, 1, 0, 1, -1, 1, 0, 1, 2, 1, 1, 1, 1, 0, 0, 2, 0, 0, 0, 1, -1, 1, 0, 0, 0, 0, 0, 0, 0, 1, 1, 0, -1, 0, -1, 0, 1, 0, 2, 0, 2, -1, 0, -1, 2, 2, 1, 2, 2, 1, 3, 1, 1, 1, 3, 3, -1, 3, -1, 2, 0, 1, -1, -2, 3, 0, 2, 1, 4, 0, -1, -4, -1, 2, 2, 2, -2, -1, 2, 5, 0, 4, -2, 1, 4, 1, 0, 8, -1, -2, 4, 0, 5, 0, 4, -3, -1, -1, 0, 2, -1, 5, 3, -3, 3, 4, 2, 1, 6, 3, 1, 4, 1, 1, 2, 3, 1, 1, 0, 3, 7, 1, 4, 1, 1, 3, 0, 4, -2, 7, 3, 5, 0, -2, -4, 1, 0, 3, 6, 1, 2, 3, 1, -2, 0]
[0, 0, 0, 0, 0, 0, 0, 0, 0, 0, 0, 0, 0, 0, 0, 0, 0, 0, 0, 0, 0, 0, 0, 0, 0, 0, 0, 0, 1, 0, 0, -1, 0, 1, 0, 0, -2, -1, 0, 1, 1, 0, -1, 1, 1, 0, 1, 0, -1, 0, 0, 0, -1, 1, -1, -1, 1, 0, 2, 0, 1, 0, 0, -1, -1, -1, 0, 0, 1, 0, -1, 2, 0, 0, 1, -1, 1, 1, -1, 0, -1, -1, -1, 0, -1, 1, 1, 1, 1, 1, -1, 0, 0, -1, 1, 1, -1, 0, 0, 0, 0, 1, 3, 0, 2, 1, 0, -1, 0, -2, 0, 0, -1, 1, -1, 1, -3, -1, 1, 3, 2, -4, 0, 0, 5, 4, -2, -3, -3, 2, 5, -1, -3, 0, -3, -2, 5, -1, 1, 1, 3, -2, 2, 5, -3, 1, -3, 1, -2, 1, -1, 2, 3, 1, -1, 1, -3, 3, 4, -6, 0, 0, -1, 2, -1, -3, 4, 1, -1, 3, 3, 0, 6, 0, -1, 1, -1, -5, 4, -2, 2, 2, -2, -1, 2, 5, -3, 1, 3, -3, -6, 3, -4, -2, 0, 1, -2, 6, -2, 1, 6, 0, 4, 1, -2, 3, 2, -1, -2, 5, 0]
[0, 0, 0, 0, 0, 0, 0, 0, 0, 0, 0, 0, 0, 0, 0, 0, 0, 0, 1, 0, 0, 0, 0, 0, 0, 0, 0, 0, 0, -1, -1, 0, -1, -1, 0, 1, -1, 0, 0, 0, 1, 1, 0, 0, 1, 0, -1, 0, 1, 1, 1, 0, -1, 1, 1, 0, 1, 0, 1, 1, -1, 0, 1, 1, 0, 0, -1, -1, -2, 1, -1, -1, 1, -1, -1, -1, -1, -2, 0, 1, 0, -1, 1, 0, 0, 1, 0, 0, 2, 0, 0, -1, 2, 1, -1, -1, 0, 1, 1, 0, 0, 1, 0, 2, 0, 1, -1, 3, 0, 0, -1, -1, 0, 2, 0, -1, -1, 3, 0, -1, 3, 1, 2, -3, 2, -3, 1, 0, -1, -4, 1, 0, -1, 2, 2, -1, 1, -2, -3, -1, 3, -3, -2, 1, -3, 2, -1, -1, 2, 2, -3, 0, 0, 2, 4, 3, 6, -2, 1, 3, -2, 2, 0, 3, 2, 5, 0, -1, 0, 0, 1, 0, 1, -3, 1, 0, -2, 2, 2, 3, -4, 1, 4, 3, 2, 0, 0, 2, 0, -2, 1, -2, -2, -3, -4, -5, -2, 4, 2, 2, 0, -5, -2, 2, 3, 0, 7, 2, 1, 6, -3]
[0, 0, 0, 0, 0, 0, 0, 0, 0, 0, 0, 0, 0, 0, 0, 0, 0, -1, 0, 1, 0, 0, 0, 0, 0, 0, 0, 0, -1, 0, 0, 0, 0, 1, 2, -1, -1, 0, 0, -1, 0, 0, 1, 0, -1, -1, -1, 1, 1, 0, -1, 0, 0, -1, -1, 1, 0, 0, 0, 0, 0, -1, -1, 1, 1, 0, 0, -1, 0, 0, -1, 0, 0, 0, 0, -1, -1, 1, 0, -2, 0, -1, 0, 0, -1, 1, 0, 0, 0, -1, 1, 1, -1, 0, -1, -1, 0, -1, 0, 0, 0, 0, -1, -2, 1, 2, -1, -4, 0, -1, -2, -1, 0, 0, 0, 0, 2, 0, -2, -2, 0, -3, -7, 3, 1, 0, -2, 3, 0, 0, -3, -2, 1, 2, 1, -4, -4, -1, 5, -2, -3, 2, 2, -5, 1, -1, 0, -1, -3, 2, 0, -5, -3, -1, -2, 1, -2, -2, 1, -2, 0, -1, 0, 0, 0, -4, -2, 6, -2, 1, -1, -3, 0, -6, -3, -2, -2, 0, -7, -5, 1, -3, 0, 2, -2, -1, -2, -1, -4, -3, -1, 4, -5, 2, 2, -1, -3, 0, 0, 0, -1, -3, -2, -5, 0, -4, 0, 2, -3, -6, -2]
[0, 0, 0, 0, 0, 0, 0, 0, 0, 0, 0, 0, 0, 0, 0, 0, 0, -1, 0, 0, 0, 0, 0, 0, 0, 1, 1, 0, 0, 0, 0, 1, 1, 0, 1, 1, -1, 1, -1, -1, 0, 0, 1, -1, -1, -1, -1, 1, 0, 0, 0, 0, 0, 0, 0, 0, 1, 0, -1, 1, -1, -1, 0, 0, 1, 1, 1, -1, -1, 2, 0, 1, 2, 0, 1, 1, 1, 0, 0, 1, 1, 0, 0, 0, 0, 1, 1, 0, 1, 0, 1, 1, 0, 0, 0, 0, 1, 1, 3, 0, 1, 2, -2, 0, 0, 3, 1, 1, 0, 0, 0, 0, 0, -1, -2, 2, 1, 1, 0, -3, 0, 1, -1, -2, 3, -4, 3, 3, 3, 1, -1, 4, 3, 5, 4, -2, 3, 2, 4, 1, 0, 1, 1, 2, 0, 3, 5, -2, 3, 6, -1, 2, -1, -3, -1, 5, 3, -4, 2, -1, -2, 3, 0, -1, 0, 2, 2, 2, -1, 2, 4, 0, 1, -2, -3, 0, 1, 2, -1, 2, 1, 6, 4, 4, 2, 0, -5, 4, 0, -3, 7, 5, 4, 5, 4, 1, 3, 5, 3, 4, 5, -1, 2, 0, 2, 1, 4, 5, -3, 2, 0]
[0, 0, 0, 0, 0, 0, 0, 0, 0, 0, 0, 0, 0, 0, 0, 0, 0, 0, 0, -1, 0, 0, 0, 0, 0, 0, 0, 0, 1, 0, 0, 0, 0, 0, -1, 0, 0, 1, -1, 1, 0, -1, 0, 0, -1, 0, 0, 0, -1, -1, 0, 0, -1, 0, 0, -2, 0, 0, 0, -1, 0, -1, 0, -1, 0, 1, -1, 1, 0, 1, 0, -1, 0, 0, -1, 0, 0, -2, 0, 1, -1, -1, 0, -1, 0, -1, 0, 0, -1, -1, -2, -2, -1, -1, -1, -1, -2, 0, 0, 0, -1, -1, 0, 0, -2, 0, -1, 3, 0, -2, -2, -2, 0, -3, -1, -2, -6, -1, -2, -2, -1, -1, 3, -2, -2, -6, 3, -6, -2, 2, -2, -1, 3, -2, -2, -1, 2, 1, -2, -1, 2, -3, -2, 5, -3, -3, -4, 0, -3, 1, -2, 1, -4, -6, 1, -7, -4, -7, -4, 0, -4, -4, -1, -3, -4, 3, -4, -8, 0, -1, -6, 0, -4, -1, -4, -6, -2, 0, 4, 1, 0, 0, -1, -2, 2, -6, -7, -5, -2, -3, -7, -6, 0, -6, -4, -4, -8, 0, 1, -2, -10, 2, -4, 0, 2, -5, -1, 0, -6, -4, -7]
[0, 0, 0, 0, 0, 0, 0, 0, 0, 0, 0, 0, 0, 0, 0, 0, 0, -1, 0, 0, 0, 0, 0, 0, 0, 0, 1, 0, 0, 1, 0, 1, 0, 0, 0, -1, 0, 0, -1, 0, -1, 0, 0, -1, -1, 0, 1, 1, -1, -1, 0, 1, 0, -1, 0, 0, 1, 0, -2, 0, 0, 0, -1, -1, 1, 1, -1, -1, -1, -1, 1, 0, 0, 0, 0, 0, 0, 0, -1, -1, 1, 1, 0, 0, -1, -1, 0, -1, -1, -1, 2, 2, -2, -1, 0, 0, 1, 0, 0, 0, 1, 0, -3, -2, 0, 2, -1, -2, 0, 1, -2, -1, -3, -2, -2, 1, 0, -4, -1, -5, 0, 0, -2, 1, 1, 1, 3, -3, 1, -1, -2, 1, 1, -3, -2, -2, 1, 1, 0, -4, 0, 3, -1, 0, -3, 0, 4, -3, -1, -3, 1, 2, -5, -4, 1, 3, -1, -1, -3, -1, 0, 1, -2, -2, -2, -2, 1, -2, -3, -3, -4, -3, -2, 1, -5, -2, 1, -1, -6, -5, 1, -1, -3, -2, -6, -4, -1, -1, -5, 0, 2, 2, -2, 1, 0, 2, -2, -8, 1, 1, 4, 0, -6, -7, -3, 1, 0, 3, -6, -4, 2]
[0, 0, 0, 0, 0, 0, 0, 0, 0, 0, 0, 0, 0, 0, 0, 0, 0, -1, 0, 1, 0, 0, 0, 0, 0, 1, 0, -1, 0, 0, 0, 1, -1, 0, 1, -2, 0, 0, 0, -1, -1, -1, 0, 2, 0, 0, 1, 0, 0, 0, -1, 1, 0, 0, 1, 1, 0, 0, -1, -1, 1, 0, -1, 0, 1, 0, -2, -1, 0, -2, 0, 0, 0, 0, -1, -1, -2, 0, 1, -1, 0, 1, 0, 1, 0, 1, -1, -1, 0, 0, 2, 0, -1, -1, -2, 1, 0, -1, 1, 0, 0, 0, 1, -2, 1, 1, -1, -1, 2, 0, -1, -2, -3, -2, 0, 1, 1, -1, -3, -3, 0, 0, -4, 3, 0, 2, 2, 2, 2, 0, -4, -5, -1, 0, -2, 0, -2, 0, -1, -4, 2, -1, -4, -3, -2, 1, 5, -1, -5, -2, 3, -1, -3, -2, 6, 1, -2, 2, 1, -1, 2, 1, -2, 4, 4, 0, -3, 0, -2, -3, -1, -1, -5, -4, 0, -2, -2, -1, -6, -4, 3, -1, 3, -4, 0, -2, -6, -1, -3, -1, -7, 4, -7, 2, 0, -4, -6, -1, -2, 3, 6, -5, 0, 0, -1, 1, 5, -1, 6, -3, 0]
[0, 0, 0, 0, 0, 0, 0, 0, 0, 0, 0, 0, 0, 0, 0, 0, 0, 0, 0, 0, 0, 0, 1, 0, 0, 0, 0, 0, -1, 0, 0, 1, 0, -1, -1, 1, 1, -1, 0, -1, -1, 1, 0, 0, 2, 1, 0, -1, 0, 0, 0, 0, 1, 1, 2, 1, -1, 0, 0, 1, -1, 2, 0, 0, -1, -1, -1, 0, 0, -1, 1, -1, 0, -2, 1, 1, 1, 1, -1, 0, 1, 1, 0, 1, 1, 0, 0, 0, 0, 0, 2, 1, 1, 1, 0, -1, 1, 1, -2, 0, 1, 1, 1, 0, 0, 0, 1, 1, 0, 3, -2, 0, -1, 1, -1, 2, 5, 1, 4, -4, 0, 1, 3, -1, -1, 6, 0, 3, 4, -6, -2, 3, -5, 0, 4, 1, 0, -1, 0, 3, -1, 1, -7, -6, 4, -2, 0, 1, 6, -3, 4, -2, 4, 2, 7, 6, 2, 9, -2, 3, 1, 6, -5, 3, 1, 1, 7, -2, -2, -5, 4, 3, -1, 7, 0, -2, 2, -1, -8, 4, -3, 3, 4, 1, -2, -6, 13, 6, -1, 6, 0, -4, 3, -4, -4, 5, 4, 0, 5, -1, 7, -7, 8, 5, 0, 9, -11, -1, 3, 2, 1]
[0, 0, 0, 0, 0, 0, 0, 0, 0, 0, 0, 0, 0, 0, 0, 0, 0, -1, 0, 0, 1, 0, 0, -1, -1, 0, 1, 0, 0, 0, 0, 2, 1, 1, 1, 1, -1, 1, 0, -1, 0, 1, -1, -1, -1, 0, 0, 1, -1, -1, -2, -1, 0, -2, -1, -1, 0, 0, 0, 1, 0, -1, 0, 2, 1, 1, 1, -1, 0, 1, 2, 0, 1, 0, 0, 1, 1, 2, 1, 0, 1, -1, 0, 1, 0, 0, 0, 0, 0, 1, -1, 0, -1, 0, -1, 0, -1, -1, -1, -1, 0, 1, 0, -2, 0, 1, 0, 0, -2, 0, 2, 1, 2, 3, -1, 2, 4, -2, -1, -4, -2, -4, -1, -3, 2, -2, -1, 4, 2, 0, 3, 5, 3, 2, 2, -5, 2, 2, 7, 3, -1, 4, 3, 0, 1, 0, 2, -5, 0, 3, -2, -2, -2, -4, -3, 2, 0, -1, -4, -1, 0, 2, -2, -3, 0, -5, -2, 3, -7, 5, 1, -1, 1, -1, -2, 2, -1, -5, 4, 1, 1, 3, 3, 3, 4, 7, 3, 3, 1, -2, 1, 4, 0, 5, 2, 0, -1, -1, -4, 6, 6, -7, -4, -1, -9, 6, 4, -2, -1, 6, -6]
[0, 0, 0, 0, 0, 0, 0, 0, 0, 0, 0, 0, 0, 0, 0, 0, -1, 0, 0, 1, 0, 0, -1, 0, 0, 0, 1, 0, 0, 0, 0, 0, 1, 0, 1, 0, -1, 0, 0, 0, 1, -1, 1, -1, -1, -1, 0, 1, 0, 0, -1, -1, -1, -1, -1, -1, 1, 0, 0, 1, 0, -1, 0, -1, 1, 1, 1, -1, -1, 0, 0, 1, 0, 1, 0, 0, 0, 1, -1, 0, 0, -1, -1, 0, -1, 1, 1, -1, 1, 0, -1, 1, -1, 0, -1, -1, 0, -2, 1, -1, -1, 1, -1, 0, 3, -1, 0, -4, 0, 0, 2, 0, -1, 0, -4, 1, 0, -1, -2, -1, -2, 0, -3, 0, 1, 0, -3, 0, -2, 3, -2, 2, 1, 3, -3, -4, 0, 0, 5, 1, 2, 2, 1, 3, -4, 1, 0, -4, -3, 3, -3, 3, -3, -5, -5, 2, 1, -1, -2, -5, 0, -6, 2, -3, -1, -5, 2, 0, -2, 2, 3, -3, 3, -6, -6, 0, -3, -3, 2, -3, 0, -1, 2, 1, 0, 5, -5, 2, 1, -5, -1, -2, -1, 2, 2, -1, -2, -2, -1, -4, 2, -2, 2, -5, -5, -1, 4, 0, -5, -2, -4]
[0, 0, 0, 0, 0, 0, 0, 0, 0, 0, 0, 0, 0, 0, 0, 0, 0, 0, -1, 0, 1, 0, 0, -1, 0, 0, 0, 0, 0, 1, 0, 0, 0, 1, 1, -1, 0, 0, -1, 0, 0, 0, 0, 0, -1, 0, 0, 1, 0, -1, -1, 0, -1, -1, 0, -1, 0, 0, 0, -1, 1, -2, 0, 0, 1, 1, -1, 1, 1, 1, 0, 0, -1, 0, -1, 0, 0, 0, 1, 0, -1, -1, 0, -1, 0, 0, 1, 0, -2, -1, -2, 0, 0, 0, 0, -1, -2, -1, 0, 1, 0, 0, 1, 0, -1, -1, 3, 0, -3, -1, -2, 3, 0, -2, -1, -1, -1, -5, -1, -2, -1, -3, -3, 2, -3, 1, 4, -1, -1, -1, 1, 0, 3, -3, -2, -3, -1, 2, 4, 0, 3, 2, -1, 3, -1, -1, -3, 1, -6, 5, -1, 0, -5, -4, 1, -7, -6, -5, -2, -3, 2, -1, 1, -3, -2, -2, -3, -2, 0, 1, -4, 1, -2, -1, -4, -3, 4, 0, 5, -2, 0, -2, -2, 2, 4, -1, -5, -3, -1, -3, -8, -3, -1, 0, -2, -2, -4, -1, 3, -4, -4, 3, 0, 0, 1, 2, -1, 2, -2, -4, -7]
[0, 0, 0, 0, 0, 0, 0, 0, 0, 0, 0, 0, 0, 0, -1, -1, 1, 1, 0, 0, 0, 0, 0, 0, 0, 1, -1, 0, 1, 0, 0, -1, 0, 1, 0, 0, 1, 0, 0, -1, 0, 0, -1, 0, 1, 0, 0, -2, 0, 1, -1, 0, 0, 0, 0, 1, 0, 0, 0, 0, -1, 0, 0, 1, -1, -2, 1, 0, 0, 0, 0, 0, 1, -1, 1, 0, -2, 0, 0, 1, 1, 0, 0, 0, -1, 0, 0, 2, 0, 0, 1, 0, 0, 0, 0, 1, 0, -2, 2, 0, 0, 0, 3, 3, -3, -2, 1, 0, 0, 0, 1, 0, -1, -3, 2, 0, -3, 0, 0, 5, -2, -5, 0, 0, -4, 0, 0, 4, -1, -1, 4, 0, -4, 0, 1, 7, -1, -3, 3, 0, -1, 0, 2, -3, 0, -2, -1, 0, 4, 0, 1, -4, 3, 4, -4, 0, 0, 0, 0, 1, -4, 3, -3, 0, 6, 0, 0, -3, -4, -1, 1, 0, 4, 0, 1, -4, -1, 0, -4, 0, 1, 0, 0, -3, 0, 8, -6, 0, 0, 0, 1, 1, -1, -4, -4, 0, 0, 0, -4, 0, 4, 0, 6, 0, 0, 0, 0, -7, 8, 7, 0]
[0, 0, 0, 0, 0, 0, 0, 0, 0, 0, 0, 0, 0, 0, 0, 0, 0, 0, 0, 0, 0, 0, 0, 0, 0, 1, -1, 0, 0, 0, 0, 0, 0, -1, 1, -1, 1, -1, 0, 0, -1, 0, -1, 1, 0, 2, 1, -2, 0, 0, 0, 2, 0, -1, 0, 1, 0, -1, 0, -1, 0, 0, 0, 0, 1, 1, 0, -1, 0, 1, -1, -1, -1, -1, -2, 0, 0, 0, 2, 1, -2, -1, 1, 0, 1, -1, -1, -1, 0, 1, -1, 0, -1, 2, 0, 1, 1, -1, 0, 1, 0, -1, 1, 0, 0, -2, 0, -1, 2, -1, 1, -3, -2, -1, 4, 0, 0, -1, -4, 1, -2, 2, -5, 5, -7, 4, 4, 0, 4, -2, 3, -3, 1, -5, -6, 3, -1, 0, -5, -6, 4, 7, 2, -4, -3, 1, 3, 5, -3, -4, 0, 0, -4, -6, -1, 1, 0, -1, 4, 1, 6, 1, 4, 0, 0, 1, -7, -5, 4, 0, -7, 5, -5, 3, 4, 0, -2, -3, 6, -4, 6, -4, -6, -8, -2, -1, -3, -1, -5, 7, 2, -1, -6, 0, 0, 9, -6, 0, -6, 3, 4, -8, -8, -3, 5, 5, 13, -7, 6, 0, 9]
[0, 0, 0, 0, 0, 0, 0, 0, 0, 0, 0, 0, 0, 0, 0, 0, 0, -1, 0, 0, 0, 0, 0, 0, 0, 2, 0, -1, 0, 0, 0, 2, 1, -1, 1, 1, 0, 0, 0, -2, -2, 0, 0, 0, 0, 0, 0, -2, 0, 0, -1, 1, 1, 0, 1, 2, 0, -1, -1, 1, -1, 0, -1, 1, 0, 1, 0, -3, -1, 1, 0, -1, 2, -1, 0, 1, 0, 1, 1, 1, 0, 0, 0, 0, 1, -1, 0, 0, 1, 1, 2, 0, 0, 0, -1, 1, 1, 0, 1, -1, 0, 0, -1, 0, -1, 2, 0, 1, 0, -1, 1, -2, -3, -1, 0, 4, 3, -1, -1, -5, -4, 2, -3, -3, -1, -2, 2, 7, 9, -1, -1, 1, -1, 3, 2, 3, 1, 1, 1, -3, -2, 2, -3, -7, -1, 3, 6, -3, 2, -1, 2, -1, 0, -5, 1, 9, 5, 0, 1, 4, -2, 5, -3, -1, 3, -4, -1, -1, -3, -1, 3, 0, -7, 1, -3, -2, -3, -1, -7, -2, 1, 3, 2, -2, 0, 0, -1, 3, -2, 1, 7, 2, 1, 2, 0, 1, 1, 3, -2, 6, 12, -11, 0, -3, -3, 5, 2, -1, 5, 4, 4]
[0, 0, 0, 0, 0, 0, 0, 0, 0, 0, 0, 0, 0, 0, 0, -1, 0, -1, 0, 0, 0, 0, 1, 0, 1, 1, 0, 0, 1, 0, 0, 1, 0, 1, 0, 0, -1, 0, -2, 1, 0, 0, 0, 0, 0, 0, 0, 0, -2, -1, -1, 0, -1, 0, 0, -1, 0, 0, 0, 0, 0, 0, 0, -1, 0, 2, 0, 0, 1, 0, 0, 0, 0, -1, 0, 0, 0, 0, 0, 1, 1, 0, 1, 0, 0, 0, 1, 2, 0, 0, 0, 0, 0, 0, 0, -1, 0, 0, 2, 0, 0, 0, 1, 3, 0, 4, 0, 0, 2, 0, -4, 0, -5, -5, -1, 0, -4, 0, -1, -5, 2, -5, 0, 0, 4, 0, 8, -4, 0, -1, -1, 0, -1, 0, 1, -1, 8, 3, 4, 0, 4, 0, 0, 5, 0, 0, 0, 0, -1, 0, -1, 4, -1, -8, 0, 0, -5, 0, 0, -1, 0, 5, 0, 0, 0, 0, 0, -3, -4, -1, -4, 0, -1, 0, -4, -8, 0, 0, 0, 0, 1, 0, 1, 5, 0, 2, -8, 0, 0, 0, -4, 3, 0, 0, 0, 0, -8, 0, 1, 0, 6, 6, 4, 0, 2, 0, 4, 7, -8, 7, 0]
[0, 0, 0, 0, 0, 0, 0, 0, 0, 0, 0, 0, 0, 0, 0, 0, 0, 0, 0, 0, 1, 0, 0, -1, 0, 0, 0, 0, 0, 1, -1, 0, 0, 1, 0, 0, 0, -1, 0, 0, 0, 0, 0, 0, 0, 0, 1, 1, 0, 0, 0, 1, -1, 0, 0, 1, 0, 1, 0, 0, 0, 0, 1, -1, 2, 0, 0, -2, 1, 0, 0, 0, 0, 1, -2, 0, 0, 2, -1, 1, 0, -1, 0, 1, 1, -1, 2, 0, 0, -2, 2, 2, 0, 0, 2, 2, -2, 1, 0, 2, -1, 2, 1, 0, 0, 0, 2, -2, -1, 1, 1, 1, 2, 1, 0, 0, 2, -3, 1, 1, 0, -1, -2, 3, 0, 5, 0, 2, 2, -2, 4, 1, 2, -5, 0, -1, 0, 0, 4, 0, 1, 3, 1, 0, -2, 0, 2, 0, 0, 2, 0, 1, -2, 2, 2, 2, 2, 3, 1, 0, 4, 1, 2, 3, 2, -2, 1, 3, 0, 4, 0, 0, 1, 2, -1, 3, 4, 2, 0, -2, 1, 0, -2, 0, 2, 2, 2, 1, 1, 2, 0, 1, 0, 6, 0, 2, 1, -1, 2, 2, 4, 2, 2, 1, 0, 8, 3, 3, 4, 1, 2]
[0, 0, 0, 0, 0, 0, 0, 0, 0, 0, 0, 0, 0, 0, 0, 0, 0, 0, -1, 0, -1, 0, 1, -1, 1, 1, 0, 0, 1, 0, 0, 1, 0, 0, -1, 0, 0, -1, -1, 0, -1, 0, 0, 0, 1, 0, 1, -1, -1, -2, 1, 0, 0, 1, 0, -1, -1, 0, -1, -1, 0, 0, -1, 0, -2, 1, 0, 0, 1, 0, 0, -1, 1, -1, -1, 1, 1, -1, 0, 1, -1, 0, 1, -1, 0, -1, -2, 0, -1, -1, 0, -1, 0, -1, 1, 0, -1, 2, -1, 0, -1, -1, 0, 0, -1, -1, 1, -1, 1, 0, -4, 3, -6, -6, -1, -2, -4, 1, 1, -3, 1, -2, 2, -1, 1, 2, 4, -3, 0, -1, -4, -2, -5, -2, -3, 2, 2, 5, -5, 0, 0, -4, -2, 3, 2, -3, 0, 2, -1, -3, 2, -1, 3, -6, -2, -2, -6, -1, -1, 0, -6, 4, 0, -3, -5, 1, -1, -7, 1, -3, -7, 0, -4, 0, 3, -5, 1, 0, -3, -1, -3, -2, -6, -2, -2, -10, 0, -5, 1, -1, -3, -5, 1, -2, 0, -1, 2, -4, 0, -3, 4, 6, -2, 0, 0, -7, -8, -3, -10, 0, 0]
[0, 0, 0, 0, 0, 0, 0, 0, 0, 0, 0, 0, 0, 0, 0, 0, 0, 0, 1, 0, 0, 0, 1, 0, 0, 0, -1, 0, 0, -1, -1, 0, -1, -1, -1, 0, 0, -1, 1, 1, -1, 1, -1, 1, 1, 1, 1, -1, 1, 1, 1, 1, 2, 2, 1, 1, -1, 0, -1, 0, -1, 1, 0, -1, -1, -2, 1, -1, 0, -1, 1, 0, -1, -1, 0, -1, 0, -1, -1, 0, 1, 2, -2, 1, 1, 0, -2, 0, -1, 1, 1, 0, 0, 0, 2, 1, 2, 1, -1, -1, 1, 0, 1, 0, 1, 0, -2, -1, 0, 0, -1, 1, -2, 1, 2, 1, 1, 4, 4, 0, 4, 1, 2, 2, 3, 4, -2, -3, 1, -3, 1, -5, -3, -2, -3, 2, -3, -3, -4, -5, -4, -6, -2, -3, 3, 1, 3, 2, 6, -4, 1, 3, 3, 7, -2, 6, 2, 4, 0, 2, 2, 3, 1, 5, 2, 5, 4, 0, -2, -5, 6, -1, -1, 1, 7, 2, 4, -2, -5, 1, -1, 1, -6, -2, -10, 0, 6, 4, -2, 1, 1, 0, -1, 1, -4, 1, 3, 2, -6, 0, 7, -1, 2, -6, -3, -2, 0, 2, -2, 8, 6]
[0, 0, 0, 0, 0, 0, 0, 0, 0, 0, 0, 0, 0, 0, 0, 1, 0, 0, 0, 0, 0, 0, -1, -1, -1, 0, 1, 0, 1, 0, 0, 0, 1, 1, 0, 0, -2, 0, 0, 0, 0, -1, 0, 0, 0, 0, 3, 0, 0, -1, 0, 1, 1, 0, -1, 0, 1, 1, 1, 1, 0, 0, -1, 0, 0, 0, -1, -2, 0, 1, 1, 1, 3, 0, 0, 0, 1, 1, -1, 0, -1, -1, 0, 1, -1, 0, 0, 0, 1, 2, 2, 0, -2, -1, 0, 2, 1, 0, 0, 1, 0, 1, 1, -3, 1, 0, -1, 0, 0, 0, 2, 2, 1, 3, -1, 2, 0, 1, 2, 1, -1, -3, 1, -1, 6, 0, -1, 2, 0, 6, 1, 1, 1, 2, -6, 0, 0, 4, 1, -1, -2, 1, 3, 2, -1, -2, 2, -2, 2, 0, 2, 1, 3, 0, 2, 8, 0, 1, -1, -1, -6, 3, 3, 2, 0, -1, 5, -1, 1, 7, 1, -1, 5, 1, 1, 3, 1, -6, 0, 0, 7, 4, 0, -1, 0, 2, 2, 1, 4, 2, 2, 0, 3, -1, 4, 2, 4, 2, 5, 7, 9, -3, -2, -1, -5, 1, -2, 1, -1, 4, 4]
[0, 0, 0, 0, 0, 0, 0, 0, 0, 0, 0, 0, 0, 0, 0, 0, 0, 0, 0, 1, 0, 0, 0, -1, -1, -1, 1, 0, 1, 0, -1, 0, -1, 1, 0, 0, -1, -1, 1, 1, 1, 0, -2, -1, 1, 0, 2, 1, -1, 0, -1, -1, 0, 0, 0, -1, 0, 1, 0, 0, 0, -1, 0, 1, -1, -1, 0, -1, 0, 0, 1, 0, 1, 0, -2, 2, 0, -1, 0, -2, 0, 0, 0, 0, -2, 0, -2, -1, 0, 1, 0, -1, 0, -1, 0, 0, 0, -2, -1, 0, -1, 1, 0, -2, -1, -2, -1, -2, 0, 3, 0, 2, 0, 2, -4, -2, 0, 0, 2, 1, 3, -6, 0, -3, 4, 4, -4, -3, -7, -1, 3, 2, -3, -1, -5, -4, 1, -1, 2, 3, 0, -3, -1, 2, -2, -2, -1, -3, 1, 0, -2, -2, 2, 3, -5, 0, -4, -1, -2, -4, -4, -1, 2, -5, -3, 1, 1, 2, -4, 0, 0, -1, 7, -4, 3, 2, 0, -7, 0, 1, -5, -1, -4, -1, -4, 6, 1, -3, 2, -4, -3, 1, 1, 0, -2, -5, 0, -11, -5, -1, 5, -1, 0, 1, -12, -4, -2, -5, -7, 5, -3]
[0, 0, 0, 0, 0, 0, 0, 0, 0, 0, 0, 0, 0, 0, 0, 0, 0, 0, 0, 1, 0, 0, 0, 0, 0, 0, 0, 0, -1, 0, -1, 0, 0, 0, 2, -1, -1, 0, 0, -1, 2, 0, 2, 1, 0, -1, -1, 1, 2, 1, 0, 0, -1, 0, -1, 0, 0, 1, 0, 0, 0, 0, 1, 1, 0, 0, 1, 0, 0, 0, -1, 2, 1, -1, 0, -1, -1, 1, 0, 0, 2, 0, 1, 1, 0, 2, 0, 0, 1, 1, 2, 0, 0, 0, -1, -3, 0, -1, 1, 2, 0, 0, 0, 0, 2, 1, 2, 0, 0, 2, -1, 3, 2, 2, 1, -1, 3, 3, 4, 1, 2, 0, -4, 3, 4, 2, -1, 7, -3, 0, -4, -2, -1, 3, 2, -3, -5, 0, 2, 2, 2, -1, 4, 0, 3, 2, 5, 1, 0, 3, -5, -2, 6, 1, 0, 1, 0, 2, 5, -4, 0, 3, 6, 6, 4, 2, 2, 7, -2, 3, 2, -1, 3, -2, 3, 2, 2, 0, -6, 3, 2, 0, 6, 12, 4, 6, 2, -1, 2, 2, 1, 4, 0, 2, 0, -5, 4, 1, 6, -4, 1, -2, 6, 6, 4, -3, -1, 1, 1, 3, -1]
[0, 0, 0, 0, 0, 0, 0, 0, 0, 0, 0, 0, 0, 0, 0, 0, 0, 0, 1, 0, -1, 0, 0, 1, -1, 0, 0, 1, 0, -1, 0, 0, 1, -1, 0, 0, 0, 0, -1, 0, 2, 0, 2, 0, 0, 0, 1, 0, -1, 0, 0, 0, -1, 1, -1, 0, 1, 1, 0, 0, -1, 0, -1, -1, 1, 0, 1, 1, -1, 2, 2, 2, 0, 0, 2, 0, 1, -1, -1, 0, 1, 1, 0, 0, -1, 0, -1, 0, 2, 0, 0, 0, 1, -1, 0, 0, 1, 1, 1, 0, 1, 3, -1, 0, 4, 1, 0, -1, 1, -1, 0, -2, 1, 2, 0, 0, 1, 6, 1, 1, 1, 4, 0, 0, 1, 3, -1, 1, -1, 2, -2, 1, 1, 1, 0, 1, 1, 0, 0, 1, 3, -3, 3, 2, -1, 1, 2, 1, 5, 3, 1, 3, 2, 0, 0, 1, 4, -8, -1, -1, 2, 1, 0, 2, 0, 5, 3, 1, 1, 1, 2, 3, 3, 6, 3, 3, -1, 2, 3, 3, -1, 6, 4, 2, 0, 1, 2, 4, 1, -3, 6, 3, -4, 1, 0, 3, 6, 9, 3, 2, 5, -2, 4, -2, 2, -9, 4, 1, -5, 2, 3]
[0, 0, 0, 0, 0, 0, 0, 0, 0, 0, 0, 0, 0, 0, 0, 1, -1, 0, 0, 0, 0, 0, -1, 0, 0, 0, 1, 0, 0, 1, 1, 1, 1, -1, 0, 0, 0, 0, 0, -1, -1, -1, 1, -1, -1, 0, 1, 1, 1, 0, 1, 1, 1, -1, 1, 0, 1, 0, -1, 1, 0, 0, -1, -1, 1, 0, -1, -1, -1, 1, 1, 0, 2, 2, 1, 1, 2, 2, 0, 1, -1, 1, 0, 0, 0, -1, 1, -1, 0, 0, 1, 2, 0, 1, 1, 2, 2, 2, 0, 1, 1, 0, -1, -1, 3, 0, -1, -1, 0, 1, 3, 0, 1, 3, -1, 3, 2, -2, -1, -3, -1, 7, 1, 2, 0, 1, 1, 3, 4, 4, -1, 3, 4, 1, -3, 0, -2, 2, 0, -1, 0, 7, -2, 2, -1, 2, 5, 0, 2, 1, 4, 5, -1, 3, 5, 6, 7, 1, -1, 4, -2, -3, 2, -1, -1, -4, 4, -1, 6, 1, 2, 1, 2, 5, -1, 4, 3, 4, 2, -1, 2, 1, 1, -1, 0, -5, 7, 3, 2, 6, 7, -4, 7, 3, 8, 7, 6, 0, 7, 5, 2, -2, -2, -3, 2, 5, 1, 7, 1, -4, 6]
[0, 0, 0, 0, 0, 0, 0, 0, 0, 0, 0, 0, 0, 0, 0, 0, 1, 1, 0, -1, 0, 0, -1, 0, 0, 0, 0, 0, 0, 0, 0, -1, 0, -1, -1, 0, 0, 1, -1, 0, 0, 1, 0, 0, 1, 0, 0, -1, 1, 0, 2, 1, 0, 1, 0, 1, 1, 1, 1, 1, -1, 0, 0, 0, 0, -1, -2, 0, -2, 1, 0, 0, 1, -1, 1, -1, -1, -2, -1, 0, -1, 0, 1, 0, 0, 0, 0, 0, 1, -1, 2, -1, 1, -1, -1, 1, 0, 2, 1, 1, 0, 1, 0, 2, -2, -3, 1, 4, -2, -1, 2, 0, 0, 1, 1, 1, -1, 0, 0, 3, -1, 2, 4, -2, -2, -6, 3, 0, 1, -4, 3, 1, -1, 1, 2, 4, -1, 0, -7, -2, -1, -2, 1, 0, -2, -2, -1, -2, 4, 2, 1, 0, 0, 4, 6, 2, 4, -3, -2, 2, -2, 4, -4, 2, 3, 5, 2, -3, 4, -1, -3, 0, 0, 1, 2, 2, 1, 4, 0, 3, -3, 5, 4, -3, 2, -5, -2, 1, 2, 0, 1, -4, -2, -2, -2, -1, 4, 5, 2, 1, -3, -1, -4, 0, 3, 0, 0, -2, 6, 3, 0]
[0, 0, 0, 0, 0, 0, 0, 0, 0, 0, 0, 0, 0, 1, 0, 0, -1, 0, 1, 0, 0, 0, 0, 1, -1, -1, -1, 0, 0, -1, -1, 0, 1, -1, 0, 0, 0, 0, 1, 1, 2, -1, 0, 0, 0, 0, -1, 1, 1, 1, 0, -2, 0, 1, 1, -1, -1, 1, 1, -1, 0, 0, 2, -1, 0, 0, 2, 1, 0, -1, 0, 1, -2, 1, 0, 0, -1, -1, 0, -1, 0, 0, -2, 2, 1, 0, 0, -1, 1, 1, -2, 0, -1, 1, 0, -2, -1, -1, -1, -1, -1, -2, 0, 0, 3, 0, -3, 1, 0, 0, 1, -2, 4, 4, 1, 1, 0, 3, 2, 0, -1, 2, 1, 2, 1, 1, -6, -1, -5, 4, -1, 0, 2, 0, 1, -5, -3, -2, 1, 5, 1, -5, -3, 2, 2, 0, -2, 5, 0, -1, -7, 3, 1, 0, -4, -1, 0, 4, 2, -3, 4, -7, 3, 0, 3, 1, -1, 5, -1, 1, 7, -6, 1, 1, 1, 3, -2, -3, 5, 0, 2, -3, 0, 5, 2, 6, 2, 2, 2, -3, 1, -1, 1, 2, 2, -5, -1, 2, -3, -4, -4, -3, 8, -4, -2, -2, 5, 1, -6, 3, -5]
[0, 0, 0, 0, 0, 0, 0, 0, 0, 0, 0, 0, 0, 0, 0, 0, 0, 0, 0, 1, 0, 0, 0, -1, 0, 0, 1, 0, -1, -1, -1, 0, 0, 0, 0, 0, 0, -1, -1, 0, 0, 2, 1, 0, 0, 0, 1, 0, 1, 0, 0, 0, -1, 0, -1, 0, 0, -1, 0, 1, -1, 0, 0, 0, 3, 0, 0, -2, 0, 0, 0, 0, -1, -2, 0, -1, -2, 0, 0, 1, 0, 0, 0, 0, -1, 2, -2, 0, -1, 0, -1, 0, -1, -1, -2, -1, 2, -1, 1, -1, 2, -1, 0, 0, 1, 0, 2, -4, -2, 0, -1, 3, -4, 0, -2, 0, 3, 3, 0, -2, 2, -1, -3, 0, -1, 5, 2, -1, 1, -8, 0, 0, -2, 0, -3, -1, -3, -2, -1, -2, 0, -2, -1, -1, -2, 3, -1, -4, 1, -1, -1, 1, -7, 0, -1, 5, 0, -2, -2, -1, 4, 5, 0, 0, 2, -1, 1, -4, -2, -2, 1, -2, 1, -8, 1, -1, 4, -2, -1, -2, -1, 3, 4, 1, -8, 1, -1, 2, -6, 3, -3, -1, -5, -3, -6, -1, 1, -2, -1, -2, 8, -4, -6, -4, -3, -6, 3, 1, -6, 1, 3]
[0, 0, 0, 0, 0, 0, 0, 0, 0, 0, 0, 0, 0, 0, 0, 0, 0, 0, 0, 0, 0, 0, 1, 0, 0, 0, 0, 0, 0, -1, -1, 0, -1, 0, 0, 1, 0, 0, 1, 0, 1, 1, 0, 0, 1, 0, -2, 1, 0, 1, 0, -1, -1, 0, 1, -1, 0, -1, 1, -1, -1, -1, 1, 2, 0, 2, 0, 0, 1, 1, 0, 0, 0, 0, -1, 0, 1, -2, 1, 3, 0, -1, 0, -1, 0, 0, 1, 0, 0, 2, -2, -2, 1, 1, -1, 0, -1, 1, 0, -1, 1, -1, 1, 2, -1, 2, 3, 2, 2, -1, -3, 0, 2, 2, -1, -4, -1, 2, 2, 4, 3, 3, 4, -3, -1, -3, -2, 2, -1, -2, -2, -2, -1, -1, 6, 0, 2, 2, 1, 0, 6, -4, -2, 6, -1, 7, -5, 1, 1, 1, 0, 1, 1, -1, 4, -6, -3, -6, -1, 2, 1, 5, -2, -2, -3, 3, 1, 2, 2, 7, 7, 0, 4, -5, -4, 6, 2, 3, 3, 1, 0, -4, 8, 5, 6, 6, 4, -4, -4, -5, -4, 8, -1, 3, -8, -8, -3, -1, 6, 8, -4, 2, 6, 2, 8, -5, 0, -1, 1, 5, -12]
[0, 0, 0, 0, 0, 0, 0, 0, 0, 0, 0, 0, 0, 0, 0, 0, 0, 0, 0, 0, 0, -1, 0, -1, 0, 1, 1, 1, 0, -1, 0, 0, 0, 0, 0, 1, -1, 1, -2, 0, 1, 0, 1, -1, -1, 0, -1, 0, 0, 0, 0, 0, 0, -1, 0, -1, 0, 0, -1, 1, -1, 0, 1, -1, 1, 0, 1, -1, -2, 1, 0, 1, 1, -2, 0, -1, 0, -1, -1, 2, 0, 0, -1, 0, 0, 0, 0, 0, 0, 0, -1, -1, -1, 1, -2, -2, 1, -1, 2, -2, -1, 0, -2, 0, -2, 0, 2, -1, 0, 3, -2, 4, -2, -4, -4, -3, -1, 2, -1, -2, 2, -2, 0, -3, 2, -5, 5, -1, -2, -2, -3, 1, 2, 0, 1, -1, 0, 0, 0, -3, -2, 2, -1, 3, 0, 1, 2, -4, -1, -1, -5, 2, -3, -3, -4, 2, 2, -4, -3, -4, -4, 3, 1, 0, -2, 1, -1, -6, -1, -2, 0, -3, -2, -3, -3, -5, -1, -2, 1, 3, -1, -3, 4, 4, -4, -1, -8, 4, -1, -1, 0, -3, 2, -3, -6, -1, -3, -4, 4, -6, 1, 0, 0, -3, -2, -1, -2, 2, -8, 2, -4]
[0, 0, 0, 0, 0, 0, 0, 0, 0, 0, 0, 0, 0, 0, 0, 0, 0, 0, 0, -1, 1, 0, 0, 0, -1, 0, 0, 0, 1, 0, 1, 0, 0, 0, -1, 0, 0, 1, -1, 2, 0, -1, -2, 0, 0, 1, 2, -1, -2, 0, -2, 0, 1, 0, 1, -1, -1, 1, 1, 0, 1, -1, 1, -2, 0, -1, -1, 1, 0, 1, 1, 1, -1, -1, 0, 1, 1, -1, 0, 0, -1, 1, -2, 0, 1, -1, 1, 1, 0, 2, -2, -2, 0, -1, -1, 0, 0, -1, 0, 0, -1, 1, 4, 0, -2, 1, 0, 2, -1, -2, 1, 0, 0, 1, -2, 1, -1, -2, -2, -1, -1, -3, 1, -2, -1, -4, 4, -5, -1, 2, 6, 2, 4, -1, -4, 0, 5, -1, 3, 1, -1, 0, -3, 4, 0, -1, -3, -1, -2, 2, -2, 5, -3, 1, 1, -4, -1, -3, -3, -2, 2, 1, -1, -4, -1, 1, 0, -4, -2, -2, 1, 3, -1, 1, -2, -3, -2, -6, 9, 2, 1, 4, 2, 1, 0, 4, -5, 0, 3, -1, -10, -2, 4, -6, -4, 3, -8, 3, -3, -1, 3, -2, 4, 0, -6, 2, -1, 3, 2, 9, 3]
[0, 0, 0, 0, 0, 0, 0, 0, 0, 0, 0, 0, 0, 0, 0, 0, 0, 1, 0, 0, 0, 0, 0, 0, 0, 0, -1, 0, -1, -1, 0, 0, 0, 0, 0, 0, 2, 0, 0, -1, 0, -1, 0, 1, 1, 1, 1, -1, 1, 0, -1, 0, 0, 0, 1, 1, -2, 1, 1, 0, 0, 1, 0, 0, -1, 0, 1, 0, 1, 0, 0, -1, -1, -1, -1, -1, 0, 0, 0, 1, 2, 0, -1, 1, 0, -1, -1, 2, 1, 1, 2, 1, -1, -1, -1, -2, -2, -2, 0, 0, 0, 1, 3, 0, -1, -1, 0, -4, 0, 2, 2, 3, 2, 3, 2, -1, 4, 2, -1, 1, 0, 0, -2, 4, -3, -1, -1, 6, -1, -1, -1, -1, -1, -1, 0, 5, -7, -2, 1, -2, -3, 1, 1, -4, 8, 0, 1, 0, -2, -3, 1, -4, 3, 4, -1, 2, 3, 2, -2, 2, 2, 1, 0, 2, 4, 3, -1, 1, 0, -1, -1, 0, 0, -2, 5, 0, -2, -1, -1, 1, 3, 1, 3, 4, 2, 6, 7, 2, -2, 4, -1, -4, -1, -6, -2, 6, 1, -1, 0, -6, 0, -3, 2, -2, -1, 1, -3, -3, 8, 2, 6]
[0, 0, 0, 0, 0, 0, 0, 0, 0, 0, 0, 0, 1, 0, 0, 0, 0, -1, 0, 0, -1, 0, 1, 0, 0, 1, -1, 0, 1, 1, -2, -1, -1, 0, 1, -2, 0, -2, 2, 0, 0, 0, -1, 1, -1, 1, 0, 1, 0, 1, 1, 2, 0, 2, 0, 1, 0, 0, -2, -2, 1, 0, 0, 0, 0, -1, -1, 0, 1, -1, -1, 1, -1, 1, -1, 1, 1, -1, 1, -1, -2, 0, -1, 1, 0, -1, 0, -1, 0, -2, 1, -1, 0, -1, 3, 1, -1, 0, -1, 1, -1, -2, 1, -2, 1, 0, -1, -1, 2, 1, -2, -1, -1, -3, 2, -3, -4, -1, 6, 2, 4, 1, -2, 6, 1, 9, -5, -2, -4, 2, -1, -4, 1, -6, -1, -2, 0, -3, -1, -5, 3, -5, -1, -2, -2, 2, 7, 7, -2, -4, -1, -1, 0, 2, 4, 2, -3, 3, 6, -3, 2, -6, 3, -2, -4, 3, -2, 5, 5, -1, 1, -5, -1, 5, 0, 1, -1, 5, -7, 2, 1, -2, -11, -4, -2, -3, 2, -3, -7, 4, -5, 6, -3, 10, -2, 1, 2, -4, -7, 0, 3, 2, 2, 4, 5, -5, 0, 3, -4, -6, -4]
[0, 0, 0, 0, 0, 0, 0, 0, 0, 0, 0, 0, 0, 0, -1, 0, 1, 0, 0, -1, 0, 0, 1, 0, -1, 0, 0, 1, 1, 0, 0, 0, 0, 1, 0, -1, -1, 1, -1, -1, 0, 0, -1, 0, 1, 0, 0, -1, 0, 0, 0, 0, -1, 1, 0, 0, 1, 0, -1, -1, 1, -2, -1, 0, -2, -2, 0, 2, -2, 0, 1, 2, 2, -2, 1, 0, 0, -1, 0, -1, -1, 1, 1, -1, -2, 0, -1, 1, 1, 0, -1, -2, 0, 0, 0, -1, -2, 0, 0, 2, 2, 0, 0, 0, 0, 1, -2, 2, -2, -3, -3, 0, -1, -2, 2, -1, -5, -1, 1, -1, 0, -3, 1, -2, -1, -2, 4, 0, -4, 0, 2, -1, -1, -1, -2, 0, 0, 0, 0, -1, 1, -5, -1, 2, 0, -4, -3, 3, 1, 4, -1, -3, 3, 2, 2, -5, -2, -6, -1, -1, -10, 4, -4, -2, -1, 4, 0, -5, -4, -1, -4, 0, 2, 0, 1, -5, -1, -2, -2, -1, 0, 1, -4, 0, 2, -2, -4, -3, -3, -6, 0, -1, -4, -10, -2, -1, -2, 5, 0, 2, 0, -4, -2, 0, 3, -5, -5, -2, -3, 1, -4]
[0, 0, 0, 0, 0, 0, 0, 0, 0, 0, 0, 0, 0, 0, 0, 1, 0, 0, 0, -1, 0, 0, 0, 0, 0, 0, 0, 1, 0, 0, 0, -1, -1, 0, 0, 0, -1, 1, 0, 0, 2, -2, 1, 0, 0, 0, 0, 1, 1, 1, 1, 0, 0, 0, 0, 0, -1, 0, 0, -1, 0, 1, 1, 1, 0, 1, 0, 2, 2, -1, -2, 0, 0, 1, 1, -1, 0, 0, -1, -1, 1, -3, -1, 1, -1, 1, 2, -1, 1, 1, -1, 2, 1, -1, 2, -1, 1, 2, 2, 0, 0, 1, 0, 1, -1, 4, 1, 1, 0, 0, -3, 2, 0, 0, -1, -1, -2, 1, 2, 1, 6, -2, 1, 1, 5, 0, 0, 0, -7, 5, 0, 1, 1, -2, 1, -4, -1, 2, 0, 1, 2, -1, 3, 7, 9, 5, 1, 2, 1, -1, -3, -1, 0, 1, -1, -2, -8, 1, 5, -4, -2, -1, 1, 4, 2, 5, 3, 6, 1, 4, 5, -1, 7, 3, -1, 1, 1, -3, 5, 1, 0, 4, -3, 6, 0, 0, -2, 1, 5, -1, 1, -1, 5, -7, 2, 4, 0, 2, 10, -3, 6, 4, 4, 2, 5, 1, -1, 3, -8, 2, -2]
[0, 0, 0, 0, 0, 0, 0, 0, 0, 0, 0, 0, 0, 0, 0, 0, 0, 0, 0, 0, -1, 0, 0, 0, 0, 1, 1, 0, 1, 0, -1, 0, 1, -1, 0, 2, -1, -2, 1, 0, 0, 0, -2, -1, 2, 1, 0, -1, -2, 1, 1, 0, 0, 1, 1, 0, 1, 0, 1, 0, -1, 0, 0, 1, 0, -1, 1, -2, -2, 0, -2, 0, 3, 0, 0, 2, 0, 1, 0, 1, -2, 0, 1, 0, 0, -1, -1, -1, 3, 1, 0, 1, 2, 1, 1, 2, 1, 1, 0, -2, 0, 1, 0, 0, -1, -2, 1, 2, 1, 1, 1, -2, -2, 0, -2, -1, -1, -1, 2, 4, -1, 2, 3, -7, 2, 6, -4, 0, 2, 0, 4, 5, -6, -1, 1, 2, 8, -1, -5, 1, 2, -2, -2, 1, -5, 2, 0, 3, 4, -2, 0, -1, 2, 2, -2, 5, 7, 6, 8, 0, -4, 0, -3, -3, 1, -5, 3, 0, 3, 0, 3, 0, 1, 4, 2, 4, -7, 0, 2, -5, -6, -2, -3, -6, 0, 0, 2, 7, 1, 0, 3, 3, 3, 4, -2, -2, 7, -1, -1, 5, 11, -4, 0, 6, -2, 7, 4, -8, -1, 6, -2]
[0, 0, 0, 0, 0, 0, 0, 0, 0, 0, 0, 0, 0, 0, 0, 0, -1, 0, 0, 0, 1, 0, -1, 0, 0, 1, 0, -1, 0, 1, 0, 1, 1, -1, 0, 0, 0, -1, 0, 0, -1, -2, 1, -1, -1, 1, 0, -1, 1, 0, -1, 0, 0, -1, 0, 0, 0, 1, 0, 2, -1, -2, 0, 0, 0, 1, -1, -3, -2, 0, 1, -2, 0, 1, -4, -1, 1, -1, 1, 1, 0, 0, -1, 0, 1, -1, 1, 1, 0, -1, 1, -1, -3, 0, -2, -1, -2, -1, 1, -1, 0, -1, -1, 2, -1, -1, -1, -2, 1, 0, 2, -1, -1, -1, -3, 3, -1, -11, -1, -5, -5, 3, -1, -2, -9, 1, 1, 2, 3, 6, -5, 1, 1, -6, -6, 2, -2, 1, 3, -3, 5, 0, -5, -1, -4, -3, 3, -13, -1, 2, -1, 2, -5, -3, 0, 3, 1, -3, -6, 8, 0, -8, 4, -4, -3, -3, -1, -4, -4, -1, -3, -4, -5, -4, -8, -7, -5, 8, -3, -3, 5, -7, -2, 4, 0, -2, -4, -6, -9, -5, -3, -10, 6, 1, -2, -2, -12, -15, -1, -2, 0, -1, 2, -13, 2, 14, 1, 10, 0, -1, -3]
[0, 0, 0, 0, 0, 0, 0, 0, 0, 0, 0, 0, 0, 0, 0, 0, 1, 0, 0, -1, 0, -1, 0, 1, -1, 1, 0, 0, 0, 0, 0, 0, 1, 0, 1, 0, -1, 1, -1, -1, 0, 0, 1, 1, 0, 1, -1, -2, 1, -1, 0, 1, -1, 2, -2, 1, 2, -1, 1, 1, -1, 0, 0, 0, 0, 0, 0, 2, 0, 0, 0, 1, 1, -1, 2, -1, -2, 0, 1, 0, 0, 0, 0, 0, 1, 0, 2, 0, 1, 3, -1, -2, 1, -1, -1, 1, -1, 2, 1, -1, 3, -1, -1, 2, -1, 1, 1, 4, 0, -1, -1, -1, 3, -1, 2, 0, -1, -1, 1, 3, -4, 0, 2, -3, 0, 0, 1, 4, 4, 3, 2, -2, -1, 1, 3, 3, 2, 3, 0, -1, 3, -3, 3, -2, 0, 0, 0, 1, 3, 2, -1, -1, 5, -6, 3, 1, -4, 2, 4, -2, -2, 6, -3, 7, 6, 0, 2, -1, -3, 5, 0, 0, -4, 6, -2, 0, 0, -3, 2, 4, 5, 3, 4, -1, 6, 1, -9, 6, 0, 0, 5, 5, -5, -2, 0, -1, 2, 10, 3, 5, 1, -4, 6, 6, 4, 7, 3, -5, 6, 3, -4]
[0, 0, 0, 0, 0, 0, 0, 0, 0, 0, 0, 1, 0, 0, 0, 0, -1, -1, 0, 0, 0, 1, 0, 0, 1, 1, 0, -1, -1, 0, 0, 1, 1, -1, 0, 1, -2, -2, 1, 0, -1, 1, 1, -1, 1, -1, 1, 0, -1, 0, 3, 0, 2, 1, 0, 2, 1, -1, 1, 2, 0, 0, -1, -1, 1, 2, -1, -2, 1, 0, -1, 0, 1, 0, -1, -1, 1, 1, 0, 0, 2, 0, -1, 1, -1, 0, 1, -1, 1, 1, 1, 2, 2, 1, 0, 2, 2, 2, 1, -1, 1, 1, -2, 2, 1, 2, 0, 1, -2, 0, 0, 0, -6, 0, 0, 5, 2, 2, 2, -4, -1, 3, 1, -3, 6, 6, 1, 0, 5, -4, -1, 3, -5, 8, 1, -1, 9, 3, -6, 2, 0, -2, 0, -1, -2, 6, 4, -2, 4, 4, 1, 7, 0, -4, 4, 9, 1, 4, 5, 0, 4, 6, 0, 4, 1, -2, 5, 3, -4, 0, 8, -1, 3, 2, -3, 4, 3, -1, 0, -4, -1, 0, 1, -2, -4, 0, 4, -2, 2, 0, 10, 4, 7, 9, 6, 1, 10, -5, -1, 5, 17, -2, 0, -2, 5, 0, 3, 6, -2, 6, 5]
[0, 0, 0, 0, 0, 0, 0, 0, 0, 0, 0, 0, -1, 0, 0, 0, 1, 1, 0, 0, 0, 0, 0, 1, 0, -1, 0, 0, -1, -1, 1, 0, -2, -1, 0, 1, 2, 1, 1, 0, 1, 1, -3, 0, 2, 0, 0, -2, 0, 1, 2, 0, 1, 0, 0, 0, -3, -2, 0, 1, 1, 0, 1, 1, 1, -2, 2, 0, -1, 1, 0, -1, -1, 1, 1, 0, -2, 1, 0, 0, 3, 1, 0, 0, 1, 1, -2, 0, 1, 1, 1, 1, 0, 1, 0, 0, 0, 1, 1, 0, 0, 1, -3, 0, 1, -2, 1, -1, 1, -1, 2, 1, 0, 6, 3, -1, 9, 6, -7, 7, 0, 7, -3, 3, -2, -5, 1, -4, 2, -8, 12, 5, -5, 1, 5, 0, -2, -7, -9, -3, -5, 4, 7, 4, 3, 4, -3, 1, 3, 0, -3, -2, -2, 8, -14, 7, 6, 2, 7, -9, 14, 6, -7, 1, 0, 11, -1, 3, 3, -6, 7, -2, 6, -3, 12, 13, -6, -10, 13, -4, -2, 0, 7, -5, -2, 4, -1, 14, -4, -4, 8, 5, -3, -8, -1, 13, 6, 9, -17, -2, 4, -4, -7, -9, 1, 7, 14, -22, 12, 9, 17]
[0, 0, 0, 0, 0, 0, 0, 0, 0, 0, 0, 0, 0, 0, -1, 0, -1, 0, 0, 0, 0, 0, 1, -1, 0, 1, 1, 1, 1, 0, 0, 1, 2, 0, -2, 1, 0, 0, -1, 0, -1, -1, 2, -2, -1, -1, 0, 0, -1, 0, -1, -2, 0, -1, 1, -2, 0, 0, -3, 0, -1, -1, 0, -1, 0, 1, 2, 0, 0, 0, 2, 1, 1, -1, 0, 0, 1, -1, -3, 1, -1, 0, -1, 0, -1, 0, 1, 1, 1, 0, -1, 0, -1, 3, 1, 1, 0, -1, 0, -3, -1, -2, -2, 2, -1, 0, 0, 1, 1, 1, -2, 1, 1, -5, -5, 0, -6, -1, 4, -10, -4, -3, 4, -10, -5, -2, -1, 1, -3, 6, -9, 3, 6, 2, 0, 5, 1, 8, 8, 9, 0, -5, -8, 0, 0, -7, -4, -3, 1, 0, 0, 4, 3, -7, 1, -7, 3, 0, -8, 10, -12, 0, 2, -10, -2, -6, 2, -13, -12, -1, -2, -2, -8, -2, -7, -11, 4, 5, -4, 7, -3, 0, 0, 7, 0, -5, 2, -9, 6, -8, -3, -11, 8, -3, -5, -11, 2, -11, 11, -1, 1, 9, 11, 6, -4, -7, -15, 9, -11, -1, -14]
[0, 0, 0, 0, 0, 0, 0, 0, 0, 0, 0, 0, 1, 0, 0, 0, 0, 0, 0, 0, -1, 0, 0, -1, 1, 1, 0, 0, 0, -1, -1, -1, 0, 0, -2, -1, -1, 0, 0, 0, 0, 1, 2, 1, 0, 0, 0, 0, 1, 0, 2, 1, 1, 3, -2, 1, -1, 0, 0, 0, 0, 0, 0, 0, 0, 0, -1, 0, 0, -1, 0, 0, 1, -1, -3, -1, -2, -2, 2, 1, 0, 0, 1, 1, 0, 1, -2, 0, -1, -2, 2, -2, -1, -1, 0, 0, 0, 0, 1, 1, -1, -4, -1, 0, 0, -2, -1, 0, 2, 1, -1, 3, -4, -4, 3, -3, -3, 8, 6, 1, 4, 1, 5, 2, 3, -1, 1, -1, -3, -3, -9, -5, -3, 1, 1, 2, -3, 0, -6, -1, -2, -13, 2, -2, 1, 0, 4, 1, 1, 1, -1, 0, 3, 0, 5, 0, 0, 1, -2, 1, -4, 1, 9, 6, 1, 10, -4, -3, 4, -1, -4, -2, -2, -5, 4, -2, 2, 7, -7, 3, 1, -3, -2, -1, -6, -6, 1, -5, -5, 12, -2, -1, 2, 5, -2, -2, 4, -2, 0, -2, 1, 4, -10, 4, 8, -15, -11, 5, -10, -5, 3]
[0, 0, 0, 0, 0, 0, 0, 0, 0, 0, 0, 0, 1, -1, 0, 1, 0, 1, 1, -1, -1, -1, 0, -1, -1, 0, 0, 0, 1, 0, 0, 0, -1, 0, -2, 1, 1, 0, 2, 0, 0, -1, -1, 1, -1, 1, 1, 0, -1, 1, 0, 1, -1, 2, 0, -2, -1, 0, -1, 0, 1, 1, 1, 1, 0, -2, 0, 3, 2, -1, -1, -2, 1, 1, 0, 0, -1, 2, 0, 0, 2, 0, 0, -1, 0, -1, -2, 1, -2, 0, -2, 0, 0, -2, 1, -1, -3, 0, 0, -1, 0, -2, 2, 0, 0, -2, -1, -2, -2, 1, 0, 0, 77, -448, -451, 314, 91, 563, 223, -508, -538, 790, 1764, -232, 5, -969, -914, 582, 1216, -377, -2265, -790, -528, 292, 1091, 1076, -669, 434, 811, 820, -258, -898, -567, -987, -726, 13, -369, -631, 2260, 1322, 2176, -969, 886, -307, 962, -22, -653, 209, -3604, 972, -1634, -223, -7, 2089, -1752, -623, 563, 282, 1739, -1929, -256, -1589, -905, 1334, 946, -1184, 1745, 3264, 302, 722, 1332, -480, 220, -1751, -864, -2933, -631, -49, 1210, -1667, 720, 2263, -1394, 2002, -156, -1466, -1299, -465, -583, 3540, -2498, 1846, -1116, 1411, 2009, 3360, 481, -1965, -73, -1288, 1718]
[0, 0, 0, 0, 0, 0, 0, 0, 0, 0, 0, 0, 0, -1, 0, 1, 0, 1, 0, -1, 0, 1, -1, 0, 0, 0, 0, -1, 1, 1, 0, -1, -1, -1, -1, 1, 0, -1, 1, 1, 0, -2, 0, 0, 0, 2, 3, -2, 0, -1, 0, 1, 0, -1, 0, 0, -1, 1, 0, 0, -1, 1, -2, 0, -1, 0, -2, 0, 1, 0, -1, -1, 1, 1, -1, 2, 1, 0, -1, -2, 1, -2, 0, -2, 0, -3, 0, 0, 0, -1, -1, -2, 0, 0, 1, 1, -1, 2, 0, 0, -2, -2, 3, 1, -2, 0, 0, 3, 0, -1, 1, 0, 0, 0, -2, 0, -5, -4, -1, 0, 0, -1, 3, -2, -1, 2, 0, -5, -6, 6, 2, -1, 0, -7, -10, 3, 2, 1, -3, -4, 0, 1, -3, 6, 3, -1, -3, -3, 4, -6, 6, 0, -3, 1, 1, -5, -3, -2, -2, 1, -6, -5, -1, -5, -5, 3, 3, -5, -5, -1, -2, 9, -2, 6, 2, -3, -1, -1, 5, 4, 2, 1, -8, -4, 4, -5, 0, -6, 6, 8, -10, -12, 2, -15, -6, 2, -5, -11, 2, -4, -4, 1, -3, 1, 2, 2, -1, 0, 2, 1, -1]
[0, 0, 0, 0, 0, 0, 0, 0, 0, 0, 1, 0, 0, 0, -1, 0, 1, 0, -2, -1, 0, 0, 1, 0, 0, 0, 1, 0, 0, 0, -1, -1, -1, 0, 1, 0, 1, 2, -1, -1, 0, 1, 0, 1, -1, -2, -1, 0, 1, -1, 0, 1, -2, 0, -1, 0, 0, 0, -2, -2, 0, 1, 0, 0, 1, 0, 1, 2, -1, -2, 0, -1, 1, -2, 1, 2, -1, 0, 0, 0, -1, 2, 0, -1, -1, 2, -1, 1, 0, 0, -1, 0, 0, -1, 1, -1, -2, -2, 0, -2, -1, -1, -2, -3, -1, -1, 1, -1, 3, 0, -2, 2, 62, 38, 108, -160, -236, -41, -78, 144, 121, -117, -482, 188, 274, 76, 235, -182, -506, 73, 746, 196, 430, -77, -147, -256, 59, -138, -416, -208, -153, 254, 148, 358, 190, 219, -98, -62, -1107, -228, -829, 146, 508, -7, 224, -139, 252, -178, 828, -508, 445, -219, 173, 467, 833, -25, 121, 136, -1167, 379, -266, -2, 50, 266, -213, 441, -812, -567, -492, -832, -47, -39, 291, 40, 802, 1017, 303, -34, -495, 115, -446, -55, 422, -432, 320, 913, 916, -247, -716, -634, 201, -1111, 311, -336, -1219, -435, 737, -89, 855, 135, -542]
[0, 0, 0, 0, 0, 0, 0, 0, 0, 0, 0, 0, -1, 1, -1, 0, 0, -1, 0, 0, 0, 0, 0, 0, 1, 2, 1, 1, 2, 1, -1, 0, 0, -1, 0, -1, 0, 1, 0, 0, -2, -1, 0, 1, 0, -2, 1, -2, 1, -2, 1, 1, 0, 0, -1, -1, 3, 0, -1, -1, 1, 0, 1, -1, -2, 1, 2, -1, -2, 2, 0, 0, 2, -1, 1, 1, 0, 0, 0, 1, 1, -1, -1, 0, 0, 1, -1, 0, 0, -2, -1, -1, -2, 0, 1, 2, 0, 0, 1, -1, 1, 1, 0, 1, 0, 0, -2, 2, -1, 0, 0, -4, 149, 167, 156, -65, -475, -59, 107, 253, 207, -245, -813, 47, 792, -250, 103, -336, -1079, 255, 1337, 130, 326, 805, -1000, -506, 407, -755, -589, 121, -449, -118, 1508, 533, 361, 213, 138, 94, -1011, 28, -1645, 827, 662, 274, -858, -453, -44, -413, 1697, -1482, 265, 334, 480, 160, 1500, -1172, -295, -41, -1778, 1484, 695, 112, 306, 438, -1333, 1568, -67, -2448, -500, -571, -1607, 408, 1197, 565, 706, 1395, -328, -324, 118, 1681, -341, -410, 384, -1307, -235, -186, 2590, 35, 163, -2825, 281, -1010, 636, 1960, -2639, -1998, 68, 807, 49, 835, -1]
[0, 0, 0, 0, 0, 0, 0, 0, 0, 0, 0, 0, 0, 0, 0, 0, 0, 0, 1, 0, 1, 0, 0, -1, -1, 0, 0, 0, 0, -1, -1, 1, 0, 0, 0, 1, -2, -1, -1, 0, 1, 1, -1, 0, 2, 1, 2, -1, 0, 0, -1, 0, 0, 1, 1, 1, 0, 1, 2, 2, -1, 1, 1, 0, -1, 0, -2, -2, -1, 0, 0, 0, 1, -3, -1, -1, -1, -1, -1, 0, 1, -1, 1, 1, 0, 0, 0, 1, 2, 3, 1, -2, 1, 0, -1, -1, 1, -1, 0, 0, -1, 1, 2, 2, 0, 1, -2, 2, -3, 1, -1, 3, -1, 5, -1, 0, 3, 2, 3, -5, 0, -6, 0, -5, 6, 1, 4, 4, -2, -5, 4, 1, -4, 0, -3, -2, 2, 1, 1, 0, 1, -3, -4, -2, 0, -1, 0, -4, 4, -3, -5, 3, 4, 0, 5, 7, 2, 4, -1, 0, -2, 11, 1, 3, 5, 1, 3, -1, -9, 2, -1, -1, 1, 0, 2, -1, -1, -10, 1, 3, -2, 1, 1, 7, -2, 9, 1, 2, 4, 1, 0, -4, 0, -5, -4, -4, -2, -1, 1, 2, 13, -12, 2, 1, -9, 3, 0, 4, 0, 19, 2]
[0, 0, 0, 0, 0, 0, 0, 0, 0, 0, 0, 0, 1, 0, 1, 0, 0, 0, 0, -1, -1, 0, -1, 0, 0, -1, 1, -1, 1, -1, -1, -1, 0, 0, -1, 1, -1, 2, -1, 2, 0, -1, -1, 1, 0, 1, 1, -1, -1, 1, 0, 1, 0, 2, 0, 0, 0, 0, 2, -1, -1, 0, -1, -1, 0, -1, -2, 0, 0, -1, 1, 0, 0, 0, 0, 2, 2, 0, -1, 0, -2, -1, -1, 1, -2, -1, 0, 0, 1, 2, -1, -3, 1, 0, 0, 0, 0, -1, 0, -1, 2, 0, 2, 0, -1, -1, 0, 1, 3, -2, 4, -2, 76, -20, 72, -110, -403, -118, -32, 135, 172, 180, -474, 205, 653, -26, 229, -387, -658, 14, 893, 73, 325, 410, -585, 44, 22, -766, -584, -105, -373, -96, 928, 524, 205, 286, 6, -342, -949, 265, -1086, 48, 960, 445, -113, -230, 55, -522, 590, -947, 134, 247, 438, 1519, 1079, -1089, 202, -5, -1388, 148, 135, -425, 78, 1017, -770, 973, -417, -865, -627, -1564, -695, 255, 1150, 139, 744, 873, 30, 13, -257, 636, -508, 314, 368, -752, -2, 865, 2277, -366, -816, -1260, -272, -938, 98, 887, -2152, -898, 909, -295, 645, 414, 216]
[0, 0, 0, 0, 0, 0, 0, 0, 0, 0, 0, 0, 1, -1, 0, -1, -1, 1, 1, 1, -1, 0, 0, 0, 1, 0, -1, -1, 0, 0, 0, 2, 1, 0, 1, 0, 1, -1, -1, -1, 0, 0, 2, 0, -1, 0, -1, 0, -1, 1, -2, 1, -1, 2, 1, 1, -2, -1, -1, 0, 0, 2, 1, -1, 1, 1, 0, -1, 2, -1, 0, 1, 0, 0, 1, 2, -1, 0, -1, 1, 3, -2, -1, 1, 0, 1, 2, -1, 0, -1, -1, 0, 2, 0, 2, 0, 0, -1, 0, -2, 3, 1, 0, 2, 2, 1, 0, 1, 2, 1, 0, -2, 17, 164, -19, -103, -348, -164, 124, 285, 322, -141, -271, 33, 753, -363, 100, -458, -875, 339, 843, 210, -192, 1267, -1295, -160, 386, -846, -453, -83, -346, -501, 1759, 263, 341, -323, 148, 86, -117, 248, -945, 986, 263, 488, -1436, -439, -292, -383, 1219, -1150, -297, 1199, 942, 198, 1194, -1409, -517, -943, -879, 1068, 1031, 365, 328, 136, -1980, 1666, 1060, -2694, 46, -427, -2551, 608, 1139, 1001, -440, 1029, -674, -134, 799, 2521, 160, -346, 180, -1288, -718, -1570, 3217, -12, 1744, -3029, -25, -291, -460, 2848, -2187, -2844, -847, 1610, -967, 1027, 690]
[0, 0, 0, 0, 0, 0, 0, 0, 0, 0, 0, 0, 0, 0, 1, 0, -1, 0, -1, 1, 1, 0, -2, 0, 1, 0, 2, -1, -1, 1, 1, 1, -1, -2, -1, -1, 0, 1, 0, -2, 0, 0, 2, 2, 0, 0, -1, 1, 2, 0, 1, 1, -2, -2, 0, 0, 1, 0, 2, 1, 2, 1, -1, -1, 1, 1, -2, 1, -1, 0, -1, 0, -1, 0, -1, -2, 0, 3, 1, -1, 1, -1, 1, 1, -1, 2, 1, -1, 0, 0, -2, 2, 1, 1, 0, -1, -1, -1, 0, 1, 1, -1, 1, -1, 2, 0, 0, -1, -2, 2, 0, 0, 99, 32, 265, -107, -283, -134, -6, 133, 152, 54, -1068, 203, 402, 278, 249, -121, -761, -51, 1275, -7, 507, -251, -314, -510, 127, -574, -467, -82, -148, 436, 487, 745, 301, 693, 70, 124, -1476, 6, -1664, 115, 670, 4, 220, -205, 291, -486, 1359, -1225, 814, -503, -155, 442, 972, -453, 195, 758, -1835, 822, -48, -83, 120, 629, -187, 806, -1279, -628, -843, -1167, 328, -100, 913, -42, 1648, 1178, 303, -233, -974, 180, -799, -238, 356, -906, 197, 1927, 929, -11, -1616, -1092, 283, -1504, 1149, -351, -1664, -428, 1156, -540, 1168, 445, -361]
[0, 0, 0, 0, 0, 0, 0, 0, 0, 0, 0, 0, 0, 0, 0, 0, 1, 0, 0, -1, 0, 0, 0, 0, 1, -1, 0, 1, -2, 0, 1, -1, -1, 2, -1, 0, 2, 0, -1, 0, -1, 1, 0, 0, 1, 0, 0, 0, 0, -1, 0, 1, 0, 1, 0, 1, -1, 1, -1, -1, 2, 2, 0, 0, -1, -2, 0, 1, 0, -2, 1, 0, -1, 0, 2, 0, -1, -1, 1, 0, 2, 2, 2, 1, 1, -2, -4, 2, -1, 0, -1, 1, -1, 1, 2, 0, 1, -1, -1, 0, 2, -1, 0, 0, -1, -2, 1, -3, -2, 0, 1, 2, 40, 40, 18, -45, -41, 36, -47, 38, -39, -112, -9, 37, -34, -5, 44, -54, -6, 8, 35, 90, 244, -95, 108, -25, -45, 146, -69, -27, -71, 164, -182, 42, 9, -23, -31, -89, -317, -236, 18, -95, 113, 25, 171, -45, 143, 42, 49, 156, 95, -165, -26, 120, 143, 210, 90, 73, -114, -29, -268, 20, -1, 4, 206, -148, -345, 29, -75, -168, 54, 30, -221, -71, 148, 172, 271, 77, -71, -280, -199, 13, 199, 161, 261, 305, 4, -149, -270, 170, 98, -200, 36, -412, -202, 97, 319, -133, 270, -126, -408]
[0, 0, 0, 0, 0, 0, 0, 0, 0, 0, 0, 0, 1, 0, 1, 0, -2, 0, 0, 1, -1, -1, 0, 0, 0, -1, 0, 0, 0, -1, 0, 0, 0, 0, 1, 1, 1, 1, 0, 0, 0, -1, 0, 0, -2, 0, -1, 1, 0, -1, 0, 1, -1, -1, 2, -2, 0, 1, -3, -1, 0, 0, 1, -2, 0, 1, 0, 1, 0, 1, 0, 1, -1, 0, 0, 0, 1, 2, 0, -1, 0, 1, -3, -1, 1, -1, 1, 1, 0, -1, -2, 2, -2, -1, 1, -2, 0, 1, -2, -1, 2, -3, 0, 1, 1, -2, -2, -3, 1, -1, -1, 2, -50, -134, 8, 17, 141, 71, -91, -187, -114, 185, 107, 43, -254, 222, 34, 198, 453, -209, -351, -98, 29, -587, 541, 260, -257, 277, 123, -62, 129, 167, -800, -165, -174, 246, -33, -127, -6, -54, 507, -606, 1, -195, 713, 353, 189, 136, -739, 463, 140, -472, -433, 281, -469, 520, 237, 461, 373, -735, -397, -468, -305, 189, 932, -601, -629, 1335, -28, -181, 1326, -289, -431, -471, 324, -410, 215, 198, -455, -1280, -24, 235, -151, 472, 184, 1098, -1310, -72, -966, 1267, -175, 205, 288, -1351, 869, 1381, 572, -858, 730, -452, -174]
[0, 0, 0, 0, 0, 0, 0, 0, 0, 0, 0, -1, 0, 0, 1, 0, 0, 0, 0, 1, 0, -1, 0, 0, 0, -1, 0, -2, 1, 2, 0, 2, 0, 0, 0, 0, 0, -2, 0, 1, -1, 0, -2, 1, 0, 1, -2, 1, 0, 1, 0, -1, 0, 1, 0, -1, -1, -1, 1, 0, -1, -1, 2, -1, -1, 2, -2, 0, 1, 0, 0, 0, -3, 1, -2, -1, -1, -1, 2, 2, 0, -1, -1, 0, 2, 0, 0, -1, 1, 1, 0, -1, 2, 2, 0, 0, -3, 1, 0, 1, 1, -3, 0, -1, -2, -1, 0, 2, -2, 1, -1, -1, -8, 67, 225, -135, -79, -244, -79, 176, 209, 22, -745, 145, 27, 470, 225, -213, -390, -34, 799, 113, 282, -478, -51, -309, -7, -296, -271, -148, 145, 534, 94, 528, 192, 204, 9, 84, -905, -264, -1093, -24, 135, 211, 249, -221, 218, -106, 1019, -344, 637, -292, -148, 64, 295, 8, 188, 249, -808, 192, -292, 340, 309, -224, 3, 218, -960, -34, -652, -734, 341, 59, 249, -29, 626, 884, 760, -108, -855, 54, -578, -178, 524, -539, 531, 1301, 397, 206, -1110, -135, 555, -1460, 99, -1010, -907, -319, 581, -418, 631, 365, -371]
[0, 0, 0, 0, 0, 0, 0, 0, 0, 0, 0, 0, 0, 0, 1, 0, 1, 0, -1, 0, 0, 1, 0, -1, 1, -1, -1, -1, -1, -2, 0, -1, -1, 1, 0, 1, -1, 0, 1, 1, -1, 3, 0, 1, 2, 1, -3, 0, 1, -1, 0, -1, 1, 1, 0, 1, -1, -1, 2, 1, 1, -1, 0, 0, 0, 0, 1, 1, -1, 0, -1, 0, -2, -1, 0, -2, -1, 1, 1, -2, -1, 1, 1, -1, 1, 2, -1, 2, 0, 0, 1, 0, 0, -2, 1, -2, 0, 0, -1, 2, -1, 1, 2, -1, 0, 0, -1, -3, 0, -1, -2, 3, 21, -356, -460, 275, 229, 480, 116, -486, -571, 521, 1816, -168, -279, -750, -686, 480, 1384, -308, -2305, -536, -420, 182, 1042, 1086, -602, 696, 833, 462, -189, -770, -972, -982, -728, -225, -287, -646, 2027, 878, 2581, -988, 423, -229, 759, 281, -369, 260, -3452, 1373, -1437, -132, -80, 1584, -1658, 20, 470, 27, 2059, -1985, -376, -1281, -921, 1000, 1152, -1523, 1467, 2895, 731, 676, 1170, -397, -469, -1243, -1006, -2731, -564, 289, 1161, -1876, 636, 1790, -1196, 2149, -268, -1265, -1699, -628, -8, 3287, -2031, 2309, -884, 488, 2486, 2951, 326, -1407, -215, -1372, 1067]
[0, 0, 0, 0, 0, 0, 0, 0, 0, 0, 0, 0, -1, 0, 0, 0, 1, -2, 1, -1, 1, 1, 1, 1, 0, -1, 1, 0, -1, -1, 0, 1, -2, 1, -1, 2, 0, 1, 0, 1, -1, 1, -1, -1, 1, 0, 0, 1, 0, -1, 0, -1, 0, 0, 0, -2, -2, -1, -3, 2, -1, 0, 0, -1, 1, -1, 2, 0, 0, 0, 1, 1, 0, 1, 1, 0, 0, 0, 0, -1, 2, 1, 1, -1, 1, 1, -1, -2, -1, 1, -2, 1, 1, -3, 0, 1, 1, 0, 2, 0, 1, 0, -3, 0, 1, 2, -2, 1, -2, 2, 1, -2, 41, 43, 6, -34, -36, 37, -55, 31, -43, -109, -8, 27, -37, -11, 45, -72, -3, 8, 50, 92, 243, -94, 112, -33, -28, 136, -66, -23, -69, 162, -184, 55, 0, -26, -37, -96, -305, -228, 10, -89, 96, 32, 159, -31, 142, 39, 42, 154, 108, -162, -39, 111, 128, 217, 92, 63, -124, -39, -253, 10, 3, -2, 217, -154, -353, 16, -57, -159, 65, 37, -204, -73, 146, 169, 260, 92, -77, -303, -217, 25, 202, 159, 250, 303, -19, -130, -294, 184, 111, -212, 32, -423, -204, 118, 344, -151, 257, -111, -419]
[0, 0, 0, 0, 0, 0, 0, 0, 0, 0, 0, 0, 0, -1, 0, 1, 0, 0, 0, -1, 0, 2, -1, 0, 1, -1, 1, 0, 0, 0, 0, 0, -2, -1, -1, -1, 0, 1, 2, 0, -1, 1, 1, -1, 0, 0, 0, 2, 0, -1, 0, 1, -1, -3, 0, -1, 1, 1, -2, -1, 2, 0, -1, 0, -1, 2, -2, 1, -1, -3, 0, 1, 0, 0, -1, -1, 0, 0, -1, -1, 1, 0, 0, -2, -2, 1, 1, 1, 1, 0, -1, 0, 0, 0, 1, 0, -3, -2, 0, 0, 0, 0, 1, -1, 2, 1, -4, -1, 2, 0, -1, -2, 28, 48, 155, -106, -7, -133, -134, 91, 44, -58, -424, 153, -204, 405, 196, -106, -141, -57, 374, 128, 440, -633, 319, -249, -76, 95, -112, -203, 153, 564, -481, 417, 80, 143, -117, -47, -874, -365, -558, -202, 104, 89, 610, -95, 337, -56, 519, 141, 537, -582, -203, 90, 54, 547, 351, 263, -508, -143, -713, 319, 175, -179, 480, -468, -1012, 580, -505, -521, 748, -120, -211, -138, 588, 514, 892, -42, -853, -613, -612, -16, 505, 73, 723, 1302, -387, -78, -1192, 744, 471, -1078, 65, -1647, -115, 346, 743, -623, 718, -164, -718]
[0, 0, 0, 0, 0, 0, 0, 0, 0, 0, 0, 0, 0, -1, 0, 0, -1, 1, 0, 2, 0, 0, 0, 0, 0, 1, 0, -1, 0, 0, 0, 0, 0, -2, 1, 1, -1, -2, 2, -1, 1, 1, -1, -1, 0, -1, 1, 0, -2, 2, 0, 1, 1, -1, 1, 1, 2, 0, 0, 0, 1, -1, 0, 2, 0, -2, 0, -2, -3, 3, -3, -1, -1, 1, -1, -1, 0, 1, 0, 0, 2, 0, -2, -1, 0, 1, -1, -1, 1, 0, 0, 1, 2, 2, 0, -1, 2, 0, 2, -2, 0, 1, -1, 0, 0, 0, -1, 0, 2, -2, -1, 0, -151, -133, -13, 154, 428, 33, 13, -206, -95, 238, 393, -180, -664, 288, -271, 405, 820, -237, -983, -302, -495, -785, 827, 190, -267, 502, 600, 222, 527, 152, -968, -430, -282, -38, -17, 203, 1198, 79, 938, -516, -775, -305, 576, 232, -194, 485, -1071, 997, -143, -392, -654, -843, -1585, 802, 102, 290, 1524, -851, -236, 88, -16, -809, 1060, -1154, 256, 2060, 219, 1164, 1532, -308, -791, -625, -678, -1287, 257, -76, -204, -1098, 449, 183, -456, 792, 240, -124, -2577, 575, -265, 2255, 22, 594, -434, -1314, 2292, 1752, -512, -704, -314, -459, 347]
[0, 0, 0, 0, 0, 0, 0, 0, 0, 0, 0, 0, 0, -1, 0, 0, 0, 0, 1, 0, 1, 1, 0, 0, 0, -1, 0, -1, 0, 1, -1, 0, -1, 0, 0, 0, -1, -1, 1, 2, 0, 1, -1, 1, 0, 0, 2, -1, 0, -1, 0, 1, -2, 1, -1, 0, 1, 1, 1, 0, 0, 1, -2, 0, -1, 0, -2, 1, 1, -2, 1, 0, 0, 0, -1, -1, 1, 0, -1, -2, 3, 0, 1, -2, 0, 1, 0, 1, -1, 1, 0, 2, 0, 0, 2, 2, -1, -1, -1, 0, 0, 1, 2, 0, 4, -1, -2, 1, -3, -2, 1, -3, 2, 7, 2, 1, 0, -3, 1, 0, 0, -1, 1, 2, 3, 4, -1, -4, -3, -2, 4, -4, 0, -2, -7, 0, 1, -1, 0, -5, 8, -3, 1, 1, -2, -1, -3, -1, 2, 1, 6, 3, 3, 1, 7, -3, -2, 1, -4, 2, 0, 0, 0, 4, -4, 4, 5, -1, -9, 2, -2, 6, -1, 0, 0, 3, 5, -2, 3, 0, 2, 3, -7, -4, 2, 6, 4, 0, 5, 0, -4, 0, -12, -2, -4, -1, 2, 1, -5, 7, -5, -8, -7, 2, -2, 3, 8, 1, 9, 6, -1]
[0, 0, 0, 0, 0, 0, 0, 0, 0, 0, 0, 0, 0, 0, 0, -1, 0, -2, 1, 0, 1, 1, 0, 1, -1, 1, 0, 0, 0, 0, 0, 0, 1, -1, 0, 1, -1, 0, 0, 0, 0, 0, 0, -1, -1, 0, 0, 2, -2, 1, -2, -1, 0, 1, -3, -2, 4, -1, 1, 2, -2, 0, 1, -2, -1, 0, 0, 2, -4, -1, -1, 0, 0, 0, 1, 0, -1, 0, 1, 1, 2, 1, 0, -1, 1, -1, 1, -1, 1, 1, -2, -2, 2, 0, -1, 0, 1, 0, 0, -1, -1, -1, -1, 0, 0, 2, -1, 1, 0, 0, 0, -2, -13, -131, -45, 117, 243, 157, -23, -273, -299, 107, 342, -38, -470, 123, -121, 371, 724, -236, -744, -208, 39, -649, 726, 218, -236, 552, 395, 48, 141, 148, -1088, -284, -303, 230, 14, -48, 325, -12, 958, -668, -211, -394, 707, 432, 196, 150, -1106, 671, 47, -672, -668, -103, -800, 798, 241, 661, 743, -649, -415, -463, -442, 200, 1298, -1010, -472, 1615, 307, 321, 1566, -401, -742, -579, 342, -977, 9, 214, -249, -1682, -18, 183, -436, 926, 7, 904, -2183, -92, -810, 1692, -264, 889, 680, -1492, 1669, 1844, 547, -892, 522, -687, -292]
[0, 0, 0, 0, 0, 0, 0, 0, 0, 0, 0, 1, 0, 0, -1, -1, 0, -1, 0, 0, -1, 1, 1, 1, 0, 0, 0, 0, 0, 1, 0, 0, -1, 0, 0, 1, 1, -1, 0, -1, 0, -1, 2, -2, 1, 0, 0, 0, -1, 0, 0, -4, -1, -3, 0, 2, 0, 0, -2, 0, -2, 0, -1, 0, 1, 1, 0, 1, 0, -1, -1, 2, 0, 1, 1, -1, 2, 0, -2, -1, 0, -1, 0, -1, -2, -1, 2, -1, 1, 0, -1, 0, 3, -1, -1, -2, 0, 0, 2, 1, 2, 0, 1, 2, 0, -1, -2, 1, -2, 0, 1, -2, 202, -203, -167, 77, -329, 148, 78, -200, -381, 523, 470, 144, 440, -370, -251, -139, 305, -305, -462, -345, 443, 371, 116, 782, -435, -438, 29, 232, -648, -348, 253, 206, -383, 341, -25, -870, -105, 767, 378, -961, 1584, 564, 418, -114, 136, -602, -1649, -230, -628, -205, 18, 3065, 108, -1253, 769, 522, -391, -1194, -257, -1482, -748, 2266, 470, -165, -96, 1178, -217, -1832, 464, 104, 877, -855, 812, -894, -47, 297, 310, -1293, -778, 1689, -381, 835, -204, 1251, 1196, -1040, -1783, 971, -1749, 540, 381, 703, -905, 1256, 2120, -1965, 1128, -458, 476]
[0, 0, 0, 0, 0, 0, 0, 0, 0, 0, 0, 1, 0, 1, 0, -1, 0, -1, 0, 0, -1, 0, 0, 1, 1, -1, -1, -1, -1, 1, -1, 0, -1, 0, 1, -2, 1, -1, 0, 1, -1, 0, 0, 1, 0, 0, 1, 0, 1, -1, 1, -1, -1, -1, 0, -1, 1, 1, 0, 0, 0, -1, -1, 1, 2, 0, -2, 0, 0, -2, -1, -1, -1, 2, 1, -2, -3, -1, 3, -3, 0, 0, -2, -1, -1, 0, -1, 0, -2, -1, 0, 1, 1, 1, -1, -1, -2, 0, 0, 0, 2, -3, -1, 1, 0, -1, -2, 0, 1, 0, -2, -3, -98, -154, -210, 155, 349, 155, -111, -279, -273, 123, 1037, -147, -614, 17, -176, 202, 1055, -167, -1447, -68, -296, -325, 828, 692, -345, 717, 491, 88, 230, -232, -1147, -694, -436, -404, -115, -387, 1207, -58, 1818, -744, -510, -8, 584, 422, -127, 550, -1905, 1636, -591, -38, -251, 72, -1259, 812, 198, -267, 1918, -1578, -496, -312, -224, -319, 1050, -1498, 501, 1923, 564, 797, 841, -95, -1115, -400, -1246, -1500, 114, 367, 374, -1394, 536, 542, -250, 1357, 268, -683, -1914, -101, 274, 2382, -273, 1404, -926, -1024, 2131, 1728, -387, -536, -462, -927, 85]
[0, 1, 0, 0, 0, -1, 0, 0, 0, -1, 0, 0, 0, 0, 1, 0, 0, 1, -1, -1, 1, 1, -1, 0, 0, 0, 1, -1, 0, -1, -1, 0, 0, -1, -1, 0, -1, 2, 0, 0, -1, 0, 1, 1, 0, -2, -2, 2, 0, 1, 0, -1, -2, 0, 0, -2, 1, -1, -3, -1, 1, -1, 0, 0, 1, 1, 1, -1, 0, -1, 0, 0, 1, 1, -1, 1, 1, -2, -1, 0, -1, 3, -1, -1, -1, 0, -2, 2, 0, -1, -1, -1, -3, -1, 0, -2, -2, -3, 2, 0, 0, -2, -2, 0, 1, -1, 1, 0, 0, -1, 2, 0, -30, 180, 923, -420, -106, -762, -375, 373, 429, 10, -2976, 629, -433, 2153, 994, -309, -938, -435, 2743, 254, 1500, -2820, 456, -1257, -102, -502, -723, -850, 639, 2544, -1042, 2116, 589, 1477, 239, 529, -4029, -1221, -3574, -902, 258, 132, 1681, -138, 1468, -705, 3381, -1111, 2995, -2300, -1545, -182, 888, 1336, 1065, 2261, -3084, 675, -1639, 871, 602, -187, 1738, -235, -5087, 1120, -2125, -3040, 3370, -402, -54, -324, 3848, 2739, 2947, -173, -4203, -2064, -2667, -1110, 1681, -1286, 1814, 7453, -1351, 435, -5558, 555, 2209, -4340, 2498, -6371, -1600, 506, 3320, -2573, 3580, 616, -2672]
[0, 0, 0, 0, 0, 0, 0, 0, 0, 0, 0, 0, 0, 1, 0, -1, 0, -1, -1, 1, 0, 0, 1, 0, 0, 0, 0, 0, -1, 1, 0, 1, 0, 0, 0, 0, 3, -2, -1, -2, 0, 2, 0, 0, 0, 0, -1, -1, 0, -1, 0, 0, 0, 0, 0, 0, -2, 1, 0, 1, 1, 0, 1, 1, 0, -1, 1, -2, -1, 0, 1, -1, -1, 0, -2, 2, 1, -1, 2, 1, 0, 1, 0, 2, 2, 0, -2, -1, 0, -2, -2, -2, -1, -1, 1, 1, 0, -1, -2, -1, -1, -2, -2, 0, -2, -2, 0, -1, 1, 4, 2, -2, 9, 196, 382, -201, -376, -184, -53, 370, 535, -376, -1564, 113, 665, 260, 474, -298, -1454, 304, 2157, 357, 280, 117, -934, -981, 552, -688, -939, -133, -64, 399, 1209, 659, 687, 443, 101, 488, -1735, -507, -2477, 1082, 127, -98, -480, -312, 67, -152, 2939, -1625, 1150, 102, 282, -1038, 1741, -429, -506, 134, -2319, 1993, 534, 628, 742, -553, -1317, 1857, -1083, -2686, -962, -372, -1060, 174, 979, 758, 1072, 2482, 92, -477, -892, 1936, -233, -1298, 882, -2115, 263, 648, 1967, 600, -209, -3197, 1406, -2315, 718, 620, -2783, -2243, -288, 1194, 466, 1141, -488]
[0, 0, 0, 0, 0, 0, 0, 0, 0, 0, 0, 0, -1, -1, -1, 0, 1, 0, 0, 0, 1, 1, 1, 0, 0, 1, 0, 0, 0, -1, 1, 0, 0, 1, 1, 0, -2, 1, -2, -1, -1, -1, -1, 1, 0, -1, 1, -1, 1, 0, 1, 0, 0, -1, -2, 0, -1, 0, -1, -1, -1, -3, 1, 1, 0, 0, -2, -3, -1, 1, -1, 1, 2, -1, -1, -2, 1, -2, -1, -2, -2, -3, 2, 1, 0, 3, 0, 1, -1, 0, 1, 1, -1, 1, -1, 1, 0, 1, 0, 0, -1, 2, 0, 1, 2, 1, -1, 2, -2, -2, -1, -1, -73, -27, -199, 109, 378, 127, -35, -170, -265, -103, 979, -194, -677, -74, -242, 205, 945, -41, -1396, -4, -280, -212, 670, 429, -219, 836, 610, 84, 245, -123, -1027, -652, -363, -600, -57, -129, 1239, -220, 1728, -409, -747, -94, 197, 241, -103, 574, -1444, 1523, -565, 29, -233, -593, -1226, 967, 21, -390, 1920, -997, -371, 167, -152, -760, 849, -1381, 699, 1299, 786, 1183, 416, -24, -1307, -216, -1326, -1315, 64, 284, 621, -978, 503, 235, -292, 1289, 150, -1175, -1870, 13, 894, 1929, -76, 1362, -811, -832, 2151, 1091, -698, 2, -790, -697, -152]
[0, 0, 0, 0, 0, 0, 0, 0, 0, 0, 0, 0, 0, 0, -1, 1, 0, 1, 0, 0, 0, -1, 0, 0, -2, 0, 1, 1, 1, 0, 0, -2, 0, 0, -1, 0, 0, 2, 3, 0, 1, -1, 0, 0, 0, -1, 0, -1, 0, 0, -1, -1, 0, 1, 0, -1, 1, -1, -1, 1, 1, -2, 1, -1, 0, -3, 1, 2, 0, 2, 1, 2, 1, 1, 0, 1, 1, 1, -2, 0, -2, -1, 0, 1, 1, 3, 3, -2, 0, 0, -2, -1, -2, -2, -1, 0, -2, -1, 0, 1, -1, 2, 0, -1, 2, -2, 0, 1, 1, -1, 1, -2, 9, 2, -6, -1, -3, 4, 2, 9, -1, 2, 4, -5, -5, 0, -6, -1, 0, 6, 2, 2, 3, 5, 2, 0, -5, -8, 6, 5, 2, -3, 1, 4, -9, -5, -9, 4, 2, 13, -5, -4, 0, 0, -1, -1, 6, 1, -5, -5, -5, -3, 0, 4, 0, 5, 7, -13, 0, 8, 18, 2, 5, -4, -7, -1, -1, -4, 8, 6, 0, 1, 8, -6, 10, -3, 1, 11, 0, -13, -8, -1, 1, -9, -11, -3, -2, 14, 2, 4, 4, -6, 11, 7, 0, 8, -3, -11, 10, -4, -12]
[0, 0, 0, 0, 0, 0, 0, 0, 0, 0, 0, 0, 0, 0, 0, 1, 0, 1, 0, -1, 1, 1, 0, -1, -1, -1, -2, -1, 1, -1, -1, 2, 0, 0, 1, -1, -1, 0, 0, -1, 0, 1, 1, 0, -1, 1, 0, -1, 4, 0, 2, 3, 0, 0, 0, 0, -1, 0, 1, -1, 1, -1, -2, 3, 2, 1, 0, 0, -1, 0, 1, -2, 1, 0, -2, -1, -1, -2, 2, -1, -4, -1, -1, 1, 0, 2, 0, 0, 0, 0, -1, 0, 1, 1, 0, 0, 0, 0, -1, 0, 2, 0, 0, 1, 1, 0, -1, 3, 0, 0, 2, 1, -6, 109, 247, -184, -209, -180, -23, 276, 378, -115, -1062, 165, 357, 209, 315, -128, -986, 156, 1422, 155, 207, -141, -465, -784, 307, -452, -546, -220, 69, 446, 591, 593, 510, 382, -53, 460, -1253, -152, -1765, 693, 151, -211, -55, -275, 100, -306, 1962, -1167, 818, -151, 218, -549, 974, -149, -163, 183, -1710, 1291, 75, 551, 467, -280, -784, 1076, -793, -1273, -782, -469, -258, -137, 745, 352, 1048, 1616, 272, -428, -873, 1137, -311, -731, 505, -1309, 245, 794, 1047, 304, -453, -1579, 708, -1863, 372, -7, -1490, -1231, 106, 515, 500, 702, -270]
[0, 0, 0, 0, 0, 0, 0, 0, 0, 0, 0, 0, 0, 0, 0, 0, -1, 0, 0, 1, 0, 0, 0, 0, 1, 0, 0, 0, -1, -1, 0, 0, 0, 0, 1, 0, 0, 0, 1, -1, -1, 0, 0, 1, 0, -1, -2, 0, 1, 1, -1, -1, 0, 0, 2, 0, 0, -1, 2, 0, 1, -2, -2, 1, 0, -1, -1, 0, 0, 2, 0, -2, -1, 0, 0, -2, -2, 2, 2, -1, 0, -2, -2, 2, -2, 0, -1, 1, 2, 0, 0, 0, 2, 3, -2, 0, -2, -1, -1, -3, 2, 0, 1, 2, 1, -2, -1, -2, -2, -2, -1, -2, 1, 4, 2, -3, -2, 2, 0, -5, 1, 0, 1, 3, 3, -5, -11, 7, -1, -6, -9, -2, 4, 8, 5, -1, -10, -1, 2, 3, -4, 0, 0, -12, 5, 4, -7, 7, -8, 9, 6, -6, 3, 0, 7, -6, 4, 0, -4, 4, -8, -11, -2, 1, 6, -8, -3, 7, 3, -6, -2, 1, -4, -8, -8, -1, 4, 3, -8, -2, -13, -1, 5, -5, 4, 4, 18, -5, 4, 4, -4, -3, -6, 3, 1, -9, 5, 3, 9, -6, -14, -8, -1, 13, -7, -11, -10, -1, 1, -14, -16]
[0, 0, 0, 0, 0, 0, 0, 0, 0, 0, 0, 0, 0, 1, -1, 1, -1, 0, 0, 1, 0, 0, 0, -2, 0, 2, -1, 1, -1, -1, 1, 0, 1, -1, -1, 0, 1, -1, 0, -2, 1, -1, 2, 0, 0, -1, 0, -1, 2, 0, 1, -2, 1, 2, 1, 2, 0, 2, 2, 0, 1, 0, 2, 1, -1, -4, -1, 0, 0, 1, -3, -1, 0, -1, 0, -1, -1, 0, 0, -1, 0, 0, 0, 3, -1, 1, 0, 0, 0, 1, 1, -1, 0, -1, 0, 2, 1, 2, 0, -1, -2, 1, -1, 1, 1, 1, -2, -3, -1, -1, -1, 1, -27, -81, -57, 128, 173, 92, 41, -175, -153, 82, 324, -100, -251, -12, -146, 237, 445, -92, -581, -176, -208, -124, 259, 192, -95, 224, 307, 130, 98, -140, -371, -291, -176, 7, 60, 35, 642, 138, 698, -246, -299, -160, 83, 233, -74, 129, -736, 388, -206, -88, -283, -289, -593, 234, -30, 157, 752, -320, 85, -201, -204, -28, 469, -465, 269, 702, 359, 551, 503, -129, -322, -183, -236, -815, -269, 69, 198, -523, 259, 53, -394, 438, -239, -202, -1108, 107, 158, 682, -181, 881, 185, -176, 1104, 755, -226, -161, -244, -294, 229]
[0, 0, 0, 0, 0, 0, 0, 0, 0, 0, 0, 0, 0, 0, 0, 1, -1, 1, 0, -1, 1, 0, -1, 0, -1, -1, -1, 0, 1, 1, 1, 3, 0, 0, 1, -1, 0, -1, 1, -3, 0, 0, 0, 0, 1, 0, 2, -1, -1, 1, -1, 1, 2, -1, -1, 0, 1, -2, 0, 2, 0, 1, 1, 1, -1, 0, -1, 0, 0, 1, 2, 0, 0, 0, -2, -1, 1, 2, 1, 0, 1, 1, -1, 1, 1, -2, 2, 0, -1, 1, 2, 2, 1, 0, 1, 0, 0, 1, -2, 1, 1, 0, 1, 0, -1, 1, 0, 2, -3, 2, 2, 4, 98, 256, 427, -374, -519, -369, -101, 520, 574, -297, -1925, 351, 778, 412, 683, -465, -1836, 279, 2696, 454, 731, -7, -1014, -1206, 554, -956, -1136, -474, -132, 730, 1226, 1234, 842, 623, -20, 443, -2764, -416, -3244, 1050, 672, 72, -237, -514, 407, -701, 3535, -2096, 1428, -172, 527, -181, 2293, -570, -129, 238, -3341, 2095, 7, 792, 750, 71, -1456, 1948, -1703, -2723, -1412, -1621, -1000, 42, 1375, 859, 1974, 3128, 637, -536, -1456, 1864, -932, -1141, 1237, -2248, 483, 1831, 2808, 98, -1031, -3233, 1278, -3194, 888, 81, -3491, -2591, 667, 755, 1127, 1214, -854]
[0, 0, 0, 0, 0, 0, 0, 0, 0, 0, 0, 0, 0, 0, 0, 0, 0, 0, -1, 1, 1, 0, 0, -2, 0, 0, 1, -1, 0, 1, -1, 1, 0, 1, 1, 0, 0, -1, -1, 0, -2, 1, -1, 0, 0, 0, 2, -1, 2, -1, -1, 0, -1, -1, 1, 1, 1, 0, 0, 1, 0, 1, -2, 0, 0, 0, 0, -1, 1, 0, 1, -2, 0, -1, -1, 1, -1, 0, 1, 1, 0, -3, -1, 1, -1, 0, 0, -1, 0, 3, -1, -2, 1, 2, 0, 2, 0, -2, 1, 1, -1, 1, 3, 0, -2, -3, -2, 0, -1, 1, 3, 4, -5, 1, 1, 1, 1, 1, -1, -9, -1, -12, 0, 6, 4, -1, -1, 3, -1, -6, 4, -1, 3, 3, -10, -1, -1, 8, 4, 4, -6, 6, 1, -9, 4, 3, 1, -1, -2, -6, 2, 4, 7, -10, 5, 1, -12, 8, -1, -1, -6, 9, 0, -7, 5, -7, 1, 3, -7, -2, -10, 4, -2, -2, 4, -2, 12, -16, -10, 7, 1, 9, -2, -6, -8, 6, 6, -10, 16, 17, 0, -7, 0, 0, 2, 3, 6, -14, 2, -2, -1, -8, 1, 10, -17, -4, -5, -5, 3, 4, 1]
[0, 0, 0, 0, 0, 0, 0, 0, 0, 0, 0, 0, 0, 0, 1, 0, 1, -1, 0, -1, 0, 0, 0, 2, -1, 0, 0, 0, -1, 0, 0, -1, -1, -1, 0, 0, 0, 0, 0, -1, 0, 0, 0, 2, 1, 1, 1, 1, 2, 1, -1, 0, 0, -1, 0, 3, -1, 4, 0, -1, -1, 1, 1, 0, -1, 0, -2, -1, -1, -3, -1, 2, -1, 0, 1, -2, 2, 0, 1, 1, 1, 0, 0, 0, 1, 2, 1, 1, 0, 1, 2, 0, 0, -4, 1, 0, -1, -1, 2, 1, -1, 1, 1, 0, 3, 2, -2, -2, 0, -1, 1, 0, -107, -14, -87, 68, 622, 42, -196, -260, -378, -147, 715, -52, -1241, 534, 10, 337, 1316, -239, -1398, 83, 73, -1224, 1275, 347, -363, 1243, 736, -273, 532, 507, -2242, -453, -439, -320, -19, -105, 556, -731, 1903, -995, -1071, -227, 976, 665, 457, 595, -1454, 2050, 105, -781, -920, -929, -1555, 2134, 359, 240, 2041, -1460, -1119, 248, -303, -860, 2116, -2339, -672, 2463, 736, 818, 1985, -329, -2178, -352, -564, -1253, 773, 536, -370, -2524, -22, -35, -64, 1756, 550, 838, -3712, -146, -328, 3175, 422, 1237, 19, -3523, 3249, 2216, 116, -774, 134, -1108, -1150]
[0, 0, 0, 0, 0, 0, 0, 0, 0, 0, 0, 0, 1, 0, 0, 0, 0, 0, 0, -1, 0, -2, 0, 1, -1, 0, 1, 0, -1, 1, 1, 0, 0, 0, 0, -1, 1, 1, -2, 0, 0, 1, 0, -1, -1, 1, -2, 0, 0, 0, -1, 2, 0, 0, 1, 0, 0, 0, 0, 0, -1, -1, 0, 2, 1, -2, 0, -1, -1, 3, 2, -1, 0, -1, -1, 1, 1, 0, 2, 0, 0, -1, -2, 2, 0, 1, 0, -1, 0, -1, 1, -1, -2, -2, 0, -1, 0, -2, 1, -2, -1, 1, -5, -1, -2, 2, -1, -1, 4, 0, 1, 0, 122, -359, -501, 265, -195, 393, 337, -379, -438, 862, 1681, -120, 573, -1195, -892, 174, 807, -283, -1853, -746, -537, 1192, 164, 1272, -565, -327, 602, 721, -662, -1258, 703, -663, -640, -132, -159, -797, 2161, 1695, 1716, -715, 1422, 324, -91, -325, -716, -317, -3271, 111, -1991, 585, 512, 3191, -992, -1954, 475, -149, 1182, -1644, 423, -1718, -979, 2142, -189, -163, 2399, 1749, 450, -419, -209, 62, 1128, -1252, -918, -2577, -1055, 55, 1826, -449, 444, 2558, -1443, 1428, -882, -1811, 1191, -828, 131, 1718, -3062, 2017, -1127, 3281, 375, 1616, 667, -1558, -381, -592, 2236]
[0, 0, 0, 0, 0, 0, 0, 0, 0, 0, 0, 1, 0, 1, 0, -1, 0, 0, -1, -1, -1, 0, 0, 1, 1, 1, -2, 0, 1, -3, 2, 0, -1, 1, 1, 1, 2, 2, 0, -2, -2, 1, -1, 1, 1, 1, -1, -2, 1, -2, 1, -1, 2, -2, 1, 0, -2, -1, 0, 1, 1, 1, 0, 1, 1, -1, 2, 1, 0, 1, 1, 1, 2, 0, 1, 1, 2, 2, 4, -2, -1, 2, -1, 1, 0, 0, 0, 0, -2, 0, -1, 1, -1, 0, 0, 0, 0, 0, -1, -1, 1, 0, 0, 0, -1, 0, -1, -1, 1, 1, 2, 2, -6, 49, 7, -67, -235, 40, 20, 178, 286, -154, -318, -12, 591, -365, 170, -111, -839, 291, 841, 171, -176, 764, -755, -389, 424, -413, -517, -30, -193, -337, 1030, 32, 415, 18, -49, 248, -323, 125, -891, 941, 72, -197, -641, -164, -306, -133, 1194, -956, 52, 642, 717, -447, 1083, -632, -504, -480, -991, 1174, 635, 243, 374, -118, -1438, 1331, 491, -1990, -186, 200, -1546, 56, 832, 658, -48, 1013, -669, -289, 271, 1878, 477, -616, 215, -1152, -274, -1211, 1749, 170, 1181, -2230, 314, -518, -229, 1929, -1398, -1688, -917, 1383, -561, 597, 382]
[0, 0, 0, 0, 0, -1, 0, 0, 0, 1, 0, 0, 0, 0, -1, 1, 0, 0, -1, 0, 0, 0, 1, -1, 0, 0, 1, 2, 0, 1, 1, -2, 0, 0, 1, 0, 1, 1, 1, -1, 0, 0, -1, 1, -2, -1, 1, -1, -1, 1, 0, 0, 1, -2, -1, 1, -1, -3, -1, 0, 1, 2, 0, -2, 0, 0, 1, 0, 1, -2, -1, 0, 0, 1, 1, 2, 1, 3, 0, 2, -2, -1, -1, 1, 0, 1, 3, -3, -1, -1, 0, 1, 0, 1, 1, 2, 3, 1, 0, 0, 0, 0, -3, 0, 2, 1, 1, -1, -1, 1, 2, 1, 198, -607, -1194, 652, 187, 1185, 524, -941, -1227, 792, 4269, -608, 116, -2529, -1764, 905, 2414, -239, -4866, -1075, -1249, 2145, 1115, 2307, -806, 1111, 1680, 1327, -913, -2682, -429, -2478, -1500, -963, -475, -1300, 5076, 2230, 5507, -949, 1084, -312, -24, 254, -1341, 498, -6990, 2108, -3967, 960, 779, 3085, -2623, -1347, 212, -907, 4263, -3029, 523, -2708, -1972, 2368, 627, -1804, 5138, 3351, 2181, 2314, -325, -289, -238, -1827, -3208, -5642, -2642, 358, 4306, -1633, 2137, 3631, -2897, 3928, -1645, -5855, -1058, -1452, 2729, 4140, -4757, 5969, -2093, 5181, 3898, 3971, -848, -1032, -2017, -2317, 3119]
[0, 0, -1, 0, 0, 0, 1, 0, 0, 0, 0, 0, 0, 0, 1, 0, 1, 0, -1, 1, 0, -1, 0, 1, -2, -1, 1, 1, -2, 2, 0, -1, 1, 0, 1, 0, 0, -1, 0, -2, 0, 2, 1, 0, 2, 0, -1, 0, 2, 1, 1, 1, 0, 3, 0, 2, 1, 0, 2, 1, 1, 0, 1, 0, 0, -1, -3, -2, -1, -2, 1, 0, 0, 0, 1, -1, -1, 1, -1, 0, -1, 2, 1, 1, 2, 1, 3, 1, -1, 1, 2, 0, 1, 0, 0, -1, 0, 1, -2, 2, 2, -1, -1, 0, 2, -1, 0, 2, 0, 3, 0, 0, 53, -941, -383, 712, 690, 793, 125, -1134, -1169, 1681, 2371, -365, -1181, -232, -1462, 1379, 2991, -1269, -4166, -1681, -523, -1932, 3568, 1792, -1604, 1358, 1861, 1474, 413, -302, -3145, -1356, -1585, 741, -652, -1080, 3393, 1723, 3680, -3214, 928, -646, 3769, 402, -651, 776, -6733, 2981, -1590, -2274, -1801, 2995, -4739, 736, 1921, 2120, 3738, -4838, -1965, -2658, -1413, 1643, 4487, -4374, 604, 9511, -294, 1314, 6379, -1428, -833, -4227, -558, -5850, 759, -101, -217, -6267, 414, 4088, -2011, 4567, 1318, 1221, -6759, -53, -4783, 10269, -3195, 2279, -1067, -2798, 5917, 9343, 2203, -6284, 1404, -3150, 1869]
[0, 0, 0, 0, 0, 0, 0, 0, 0, -1, 0, 1, 0, 1, -1, 0, 0, -1, 0, 0, 0, 1, 1, 1, -1, 1, 0, 0, -2, 0, 0, -1, 0, -1, 1, 1, 2, -2, 2, -1, -1, 0, 2, -2, -1, 0, 0, -1, 1, 0, 0, 0, 1, 0, 0, 2, -2, 2, -2, 2, 0, 0, 0, 1, 1, -3, 0, -1, 1, 0, 0, -2, 0, -2, -1, 2, 0, 1, 1, -3, 0, 2, -2, 1, 0, -1, 0, -1, 1, 0, 0, 0, 2, 1, 0, 0, 2, -2, -2, 2, 0, -3, -1, 0, 1, -1, 1, -1, 1, 1, -2, -2, 229, -498, -797, 466, -32, 986, 368, -708, -945, 662, 2937, -391, 232, -1890, -1364, 659, 1651, -278, -3408, -867, -552, 1308, 1122, 1639, -755, 822, 1104, 1207, -832, -1731, -422, -1654, -1092, -397, -453, -1165, 3237, 1613, 3624, -990, 1429, -264, 608, -16, -896, 358, -5189, 1424, -2738, 158, 413, 3012, -1807, -1056, 517, -120, 2505, -2362, -16, -2334, -1474, 2136, 854, -1445, 3107, 3090, 1021, 1260, 415, -305, 63, -1940, -1722, -4020, -1498, 149, 2760, -1842, 1163, 3152, -1939, 3055, -621, -3410, -724, -1192, 572, 3716, -3659, 3565, -1374, 3322, 2221, 3737, 334, -1736, -590, -1911, 2018]
[0, 0, 0, 0, 0, 0, 0, 0, 0, 0, 0, 0, 0, 0, 0, -1, 0, 0, 0, 0, 0, 0, 0, 0, 1, 1, -1, 0, 0, 1, -1, 1, 1, -1, 1, -1, 0, -1, -1, -1, -1, 1, 1, 0, 0, 0, -1, 0, 1, -1, 0, 1, -1, -1, 0, 0, 0, 0, -1, -1, -3, 0, -1, -1, -1, 2, -2, 0, 0, 1, 0, -1, 0, -1, 1, 0, 1, -2, 0, 1, 1, 1, 4, -2, 0, 0, -1, 2, -1, -3, 0, -1, -2, 1, -1, -2, 0, -3, -1, 0, -1, -2, 0, 1, -3, -1, 0, 0, -2, -1, -5, 0, -3, -3, 2, 1, -1, -5, 1, -3, 4, 0, -1, 4, -4, 8, 12, 0, 0, -4, -6, 1, -2, -4, -2, -3, -7, 4, -3, -7, 5, -7, -10, 1, -5, -4, 2, -8, -2, -2, -1, 3, 1, -13, 4, -1, -3, 0, 4, 0, 4, 2, -3, 5, 10, 1, 3, -4, -7, 4, -3, 0, -7, 3, -10, -1, 4, 6, -6, -3, -13, -3, -9, 2, -2, -15, -18, -1, -8, -1, -1, -20, -9, -1, -2, -6, 4, -13, 6, -8, -1, 6, 15, -15, 9, -1, 5, 15, 2, 4, -2]
[0, 0, 0, 0, 0, 0, 1, 0, 0, 0, 0, 0, 0, 1, -1, 1, -1, 0, -1, 1, -1, 0, 0, -1, -1, -1, 0, 1, 0, 0, 0, -1, 1, -2, 0, -1, 0, -2, 2, 0, 1, -1, 3, 0, -1, -1, 0, 1, 2, 1, -1, 1, 1, -1, -2, 1, 0, 2, 2, 0, -1, -1, 0, 0, 0, 1, -1, -1, 0, 1, 0, -1, 0, 1, 0, 0, 1, 0, 2, 3, -3, 0, -1, 0, 0, 0, 2, 1, -1, 1, -1, 0, 2, 0, -2, -2, 3, 0, -1, 1, 0, 0, 2, -1, -1, 1, 2, -3, 3, 0, -2, 0, -220, 809, 499, -642, 152, -728, -456, 722, 740, -1801, -2246, 408, -430, 1355, 1738, -668, -1541, 864, 3123, 1714, 763, -371, -1737, -1721, 1241, 228, -1163, -1968, 467, 1337, -156, 937, 1170, -401, 599, 1264, -3649, -2780, -2006, 1870, -2308, -242, -1823, 782, 1482, -67, 5622, -889, 2634, 562, 142, -4728, 3090, 2472, -1449, -954, -2035, 3452, 373, 2784, 942, -2661, -1279, 1642, -2822, -6096, 736, -462, -2469, 432, -1838, 3573, 1164, 4921, 298, 672, -1426, 2457, -550, -4687, 2028, -2889, -511, 1671, 902, 214, 3079, -6342, 4283, -1466, 2389, -3053, -1690, -5819, -1592, 4868, -129, 1737, -3736]
[0, 0, 0, 0, 0, 0, 0, 0, 0, 0, 0, -1, 0, 0, 0, 1, 1, -1, 0, 0, -1, 1, 1, -1, 1, 1, -1, 0, 1, 0, -1, -1, 0, 0, -1, 1, -1, -1, 1, -1, 0, 0, 2, 2, -1, 1, -1, -1, 1, 1, -1, 1, 1, 1, -2, 1, -2, -1, 1, -1, 0, 1, -3, 1, 0, -1, 2, -2, 1, -1, 0, -1, 1, 0, -1, 1, -2, 2, 1, -1, -3, 0, 2, 2, 0, -2, 0, 2, -1, -1, 2, 2, 1, 0, 0, 0, 0, -1, -2, -1, -3, -3, 2, -2, 0, 2, 1, 0, 0, 0, 0, -1, -43, 19, 35, 14, 277, 96, -100, -70, -90, -271, 96, -70, -565, 225, 23, 260, 349, 11, -355, 113, 61, -682, 661, -209, -10, 755, 227, -65, 326, 344, -1097, -269, -64, -87, -126, 173, 12, -561, 521, -82, -655, -434, 597, 275, 173, 474, -56, 848, 321, -564, -398, -1242, -545, 1338, -29, 143, 594, -106, -559, 406, 61, -912, 872, -956, -480, 803, 121, 1029, 953, -327, -1082, -119, -152, -137, 391, 5, -375, -851, 177, -431, 129, 523, 504, 72, -2021, 226, -47, 1189, 680, 26, 60, -1704, 1449, 958, -360, 80, 52, -539, -770]
[0, 0, 0, 0, 0, 0, 0, 1, 0, 0, 0, -1, -1, 0, 0, 0, 1, -1, -1, -1, 1, 1, 0, 0, 1, 0, 2, 1, -1, 2, -1, -1, 0, 1, -1, -1, -2, -1, -1, 3, 0, -2, 1, -1, 1, -1, 0, 2, -1, 0, 1, -1, -2, 0, 0, 0, 0, 0, 2, -2, 2, 0, -1, -2, 0, 2, 1, 0, 1, -2, -1, 1, 1, 0, 2, -1, 2, 1, -2, -2, 0, 0, 0, 1, -2, 0, 0, 1, 1, 1, 2, 2, -3, 2, 0, 0, 0, -2, -1, 1, 0, 0, -1, -1, 0, 1, 1, -2, 2, -1, -2, -1, 303, -613, -731, 446, -16, 793, 286, -759, -1156, 1167, 2869, -169, -95, -1411, -1391, 581, 2070, -706, -3676, -1137, 2, 356, 1876, 1926, -1252, 714, 1323, 1141, -730, -1117, -1178, -1050, -1345, -29, -568, -1578, 2703, 1893, 3548, -2164, 2130, 170, 1750, -174, -515, -86, -6088, 1813, -2552, -783, -111, 4812, -2487, -1010, 1546, 665, 2411, -3697, -1164, -2723, -1685, 3105, 2146, -2615, 2012, 5577, 404, -326, 2244, -507, 132, -2886, -746, -4683, -250, 283, 1803, -3846, -10, 4269, -1828, 4039, 92, -859, -1509, -1625, -2112, 6324, -4277, 2946, -1303, 1159, 2605, 5569, 2431, -4173, 627, -2468, 1756]
[0, 0, 0, 0, 0, 0, 0, 0, 1, 0, 0, 0, -1, 0, 0, 0, 0, 1, 0, 1, 0, 0, 0, -2, 0, -1, 0, 0, 0, -1, 0, -1, 1, 0, -2, 0, -1, 0, -1, 1, -1, 1, 0, 0, 3, 1, 2, 0, -2, 0, -1, -1, 2, 1, 1, 0, 0, 1, 3, 2, -1, 1, -1, 0, 1, -1, 0, -1, -1, 0, 1, 0, 0, -2, -2, 1, 0, 2, -2, -1, -1, 0, 2, 1, -2, -1, -2, 0, 1, 1, 3, -1, -1, 3, -1, -2, 1, 0, -2, -2, -1, 0, -1, -2, 1, 0, -1, -2, 1, -1, 1, 3, -47, -549, -560, 501, 227, 543, 222, -612, -482, 922, 2395, -452, -70, -991, -1116, 487, 1580, -343, -3024, -843, -1172, 664, 1067, 1593, -724, 399, 1028, 1121, -98, -1516, -226, -1445, -930, -544, -389, -951, 3700, 1575, 2920, -970, 434, 132, 594, -27, -1268, 686, -4498, 1754, -2345, 540, 242, 2069, -2514, -983, 439, -567, 3126, -2803, 124, -1509, -586, 716, 544, -1580, 3192, 3630, 602, 1659, 605, -90, 175, -1636, -2760, -3903, -900, -56, 1921, -1117, 1502, 2683, -1484, 2286, -98, -3476, -1192, -18, 592, 4114, -2463, 2650, -2653, 2444, 2662, 3340, -885, -1641, -1472, -1388, 2695]
[0, 0, 0, 0, 0, 0, 0, 0, 0, 0, 1, 0, 0, 0, -1, 0, 0, 0, 1, 0, 0, -1, -1, 0, -1, 0, 1, -1, 1, 0, 0, 1, -1, -2, -1, 1, 0, 2, 0, 0, 1, 1, 1, 0, -1, -2, 0, 1, 0, 0, -1, 0, -3, -1, 1, 0, 2, -1, 0, 0, -1, 1, -1, 1, 0, 3, -2, 0, 0, 1, 1, -3, 1, 1, 0, 0, 1, -2, 0, 2, 0, -1, 1, -2, -2, 2, 0, 0, -1, 1, -4, 1, 3, 0, -1, 1, 0, -1, -2, -1, -1, 1, 1, 0, 2, -1, 1, 2, 3, 1, -2, -1, 136, 135, 364, -318, -520, -366, -147, 375, 335, -27, -1395, 407, 562, 565, 504, -644, -1108, 20, 1839, 322, 949, -292, -506, -436, 32, -839, -853, -350, -233, 737, 757, 1199, 374, 481, -3, -226, -2372, -367, -2326, 16, 1141, 645, 260, -543, 559, -595, 1950, -1207, 1038, -377, 149, 1449, 1567, -656, 467, 378, -2475, 518, -446, 139, 338, 669, -469, 976, -1899, -986, -1296, -2425, -138, 296, 1037, 81, 1698, 2122, 1143, -65, -1304, 316, -1445, 59, 1098, -1146, 770, 2671, 2488, -283, -2235, -1292, 566, -2768, 570, -902, -3176, -1251, 1929, -802, 1727, 699, -877]
[0, 0, 0, 0, 0, 0, 0, 0, 0, 0, 0, 0, 0, 0, 0, 1, 1, 0, -2, -2, 0, 2, 1, -1, 0, 0, -1, 1, 1, 0, -1, 0, 0, 1, 1, -1, -1, 0, 2, -1, 1, 0, -2, 0, 2, -1, -1, -1, 0, 1, 3, 1, 0, 2, 0, 1, -2, -1, 0, -1, 0, -1, -1, 1, 0, 0, -1, 2, 2, 1, 0, 1, 2, 0, 2, 1, 3, -1, 0, 0, -3, -1, 0, -1, 0, -1, 0, 0, 1, -1, 1, 1, 1, 0, 0, 0, -1, 1, 0, 5, -2, 0, 2, 0, -1, -2, 0, 3, -1, -1, -1, 0, -181, 312, 266, -190, 178, -277, -111, 305, 454, -686, -1030, 25, -236, 541, 565, -57, -705, 373, 1288, 550, -132, -278, -638, -996, 623, 124, -359, -588, 482, 537, 70, 214, 567, -129, 209, 953, -890, -998, -1037, 1125, -1428, -439, -809, 230, 238, 207, 2609, -493, 1104, 252, -31, -3011, 790, 1099, -872, -367, -560, 1842, 469, 1476, 673, -1848, -746, 859, -661, -2408, 212, 893, -855, 34, -653, 1369, 92, 1836, -35, -134, -636, 1575, 284, -2222, 614, -1511, -187, -138, -284, 788, 1673, -2548, 2015, -809, 641, -833, -110, -2302, -1596, 2344, -593, 899, -1009]
[0, 0, 0, 0, 0, 0, 0, 0, 0, 0, -1, 0, -1, -1, 1, 0, 1, 0, 1, 1, 0, 0, 0, 0, -1, 2, 0, 1, 0, 0, 1, 0, 0, -1, -1, 1, 0, -2, 0, -1, 0, 0, 2, 1, 1, 1, 2, -1, -3, 0, -1, -2, 0, -1, 0, 1, 2, 0, 0, 1, 0, 1, -2, 1, -1, 0, 1, -1, 1, 2, -1, 0, 1, -1, -1, 1, 1, -2, -1, -1, -1, 1, 2, 0, -1, -1, -4, -1, 1, 0, 0, -3, 0, -1, -1, 2, 2, 1, 0, -1, -2, 1, -1, 2, -2, 1, -1, 1, 1, -3, 1, -3, -15, 27, 261, 69, 353, -27, -46, -78, -111, -89, -590, -99, -757, 660, -21, 434, 289, -232, 50, -163, 211, -1386, 906, -571, -25, 547, 357, 114, 557, 891, -1245, 188, -19, 439, 16, 487, -345, -475, -342, -369, -703, -505, 982, 150, 287, 252, 446, 453, 879, -1283, -1084, -1609, -909, 1385, 239, 1084, 159, 168, -739, 550, 218, -879, 1501, -1158, -1307, 1589, -384, 899, 2125, -515, -842, -507, 798, -193, 901, -305, -1262, -1487, -356, -587, 132, 377, 798, 1637, -3053, 639, -1618, 1785, 974, -622, 913, -2783, 1649, 1660, 260, -945, 569, -388, -885]
[0, 0, 0, 0, 0, 0, 0, 0, 0, 0, 0, 0, 0, 0, 0, 0, 0, 0, 0, 0, -1, 0, 0, 0, 0, 0, 1, 0, 3, 1, -1, -1, 0, 0, -1, 0, -2, 0, 0, 3, 0, -1, -1, -1, 1, -1, 3, 1, -2, -1, 1, 0, 1, 1, 0, -2, 1, 1, 0, 0, -1, 0, -1, -2, 0, 2, -1, 1, -1, 0, 0, 0, 3, 2, -1, 1, -1, -1, 0, 3, 0, -1, 1, -1, 2, -1, 2, -1, 0, -2, 1, 1, 2, 1, 0, -1, 0, 2, 3, 0, -2, 0, 0, 0, 0, 2, -3, 3, 1, 1, -1, 2, -5, -2, -4, 1, -7, 2, 1, 6, 3, -3, 10, 1, 10, 2, 1, -16, 3, 5, 3, 1, -1, -2, -5, -2, 11, 6, -5, -7, 1, -7, 6, 15, -12, -5, -5, 2, 3, 6, -3, 9, -4, -5, 4, 7, -4, 5, -1, -1, -2, 4, 3, 4, 1, -1, 11, -7, 6, 7, -1, -6, 7, 2, -1, 1, 4, -4, 9, -5, -2, -2, -2, -7, 0, -9, -10, 11, 2, -1, -9, 0, 2, 5, 0, -7, 0, 3, 4, 8, 7, 14, 0, -2, 1, 2, 12, 4, -10, 8, 2]
[0, 0, 0, 0, 0, 0, 0, 0, 0, 0, 0, 0, 0, 0, 0, 0, 0, -1, 2, 0, 0, 1, 0, 0, 0, -1, -1, 0, 0, -1, -2, -1, -1, 1, 1, 1, -1, -2, 1, 2, 1, 2, -1, 0, 0, -1, 1, 1, 0, 0, 1, 0, -1, 2, -1, 0, 0, 0, -1, -1, -1, 2, 0, -1, 0, -2, 1, -1, 1, -1, -1, 1, -1, 0, 1, 1, 0, 0, -1, -3, 2, 0, -1, 2, -1, 2, -3, 0, 1, -2, 1, 0, 1, -2, 1, 1, 3, 1, -4, -2, 0, 2, -1, 0, 0, 0, -3, 0, 1, -1, 3, 1, 62, 111, 261, -214, -393, -215, -51, 292, 335, -59, -1081, 247, 559, 256, 345, -398, -990, 91, 1516, 203, 487, 1, -613, -478, 172, -700, -704, -208, -184, 420, 865, 763, 402, 388, 36, 75, -1566, -176, -1830, 341, 655, 264, -124, -380, 247, -447, 1743, -1213, 744, -81, 243, 570, 1301, -633, 60, 241, -1918, 899, 41, 161, 321, 344, -735, 1197, -1078, -1333, -872, -1416, -497, 192, 923, 231, 1192, 1668, 465, -185, -780, 841, -756, -297, 669, -1218, 280, 1432, 2002, -6, -1043, -1711, 461, -1901, 464, 101, -2434, -1347, 905, -18, 920, 742, -370]
[0, 0, 0, 0, 0, 0, 0, 0, 0, 0, 0, 0, 0, 0, -1, 0, -1, 0, 1, 1, -1, 0, 0, 0, 0, 1, 1, 0, 1, -1, 0, 0, 2, 0, -1, 1, 1, 0, 1, 2, -1, -1, 0, -2, -2, 0, 2, -1, -2, -2, -2, -1, 1, 1, -1, -3, 1, 0, 0, 2, 0, -2, 1, 0, 1, 1, 2, 0, 1, 2, 2, 0, 0, 0, 0, 1, 1, -1, -3, 0, 0, 0, 1, -2, 0, 0, -1, 2, -1, 3, -2, -3, -2, -1, 0, 0, 1, 1, -1, -2, 1, 2, 1, 0, 0, -1, -1, 3, 1, -2, -1, 1, 22, -32, -186, 130, -162, 151, 188, 11, 65, 45, 542, -245, 496, -697, -351, -75, -177, 226, -334, -124, -572, 1185, -581, 234, 167, -327, 17, 479, -255, -896, 1209, -448, -27, -414, -9, -69, 1233, 549, 255, 633, 99, 169, -949, -315, -711, 153, -367, -269, -919, 1009, 696, 73, 65, -1177, -468, -813, 429, 288, 986, -138, 119, -40, -1279, 837, 1856, -1127, 315, 903, -1746, 390, 740, 212, -1312, -453, -987, -234, 1355, 1651, 833, 296, -375, -322, -573, -2732, 1595, 237, 1786, -1171, -530, 712, -1000, 3113, -657, -1030, -1338, 1030, -1390, 343, 1282]
[0, 0, 0, 0, 0, 0, 0, 0, 0, 0, 1, 1, 0, 0, -1, 0, 0, 0, 0, -2, 1, 0, 0, -2, 0, 0, -2, 0, 1, 0, 0, 1, -1, 1, 1, 1, -2, 1, -1, 1, 1, -2, 1, 1, -1, 0, 2, -1, 1, -1, -1, 1, -1, -1, -1, -2, -1, 0, -1, 1, -1, 1, 1, 0, 0, 2, 1, 0, 2, 2, -1, 0, 3, -1, 2, -1, 1, 0, -1, -1, -1, 0, 0, 1, -1, 0, 0, 1, 2, 1, -3, 0, 1, 0, -1, -2, 1, -1, 0, 0, -1, 0, 2, 1, -3, 2, 2, -1, -3, 1, 1, 4, 59, -163, -160, 22, -60, 154, -38, -189, -272, 225, 571, 118, -6, -169, -68, 31, 514, -181, -653, -111, 249, -60, 391, 581, -365, 199, 107, -60, -253, -127, -534, -144, -311, 90, -95, -525, 30, 228, 913, -746, 655, 58, 566, 210, 213, -139, -1415, 436, -354, -255, -74, 1586, -180, -22, 447, 234, 252, -1047, -447, -897, -617, 1089, 737, -573, -235, 1217, 166, -858, 768, -134, -160, -576, 348, -701, -3, 406, 150, -1360, -276, 900, -289, 890, -55, 820, -222, -724, -861, 1255, -977, 659, 152, -485, 322, 1302, 1250, -1077, 832, -615, -48]
[0, 0, 0, 0, 0, 0, 0, 0, 0, 0, -1, 0, 0, -1, 1, 1, -1, 1, -1, 0, 0, -2, 1, -1, 0, 2, 2, 2, 1, 1, 1, 0, 0, -1, -2, 0, -1, 0, 0, 0, -1, 0, 1, 0, 0, -1, 1, -1, -2, 0, 0, 0, 0, -1, 0, -2, 0, 0, -1, -2, 3, -2, -1, 0, -1, 0, -1, 1, 1, 1, 1, 1, 1, -1, -2, -1, 1, -1, 1, 3, -1, 1, 0, -1, 0, -1, 2, 0, -1, -1, -2, -1, 2, 1, -2, 1, -3, -1, 1, -1, 1, -1, -1, 3, -2, -1, 3, 2, -1, 0, -2, 2, -49, -23, -162, 100, 275, 203, 85, -158, -169, -47, 548, -201, -336, -296, -234, 437, 450, -16, -777, -155, -353, -18, 344, -32, 45, 533, 433, 133, 151, -159, -566, -510, -105, -100, -31, 299, 875, 120, 938, 81, -594, -578, 24, 218, -165, 205, -646, 458, -338, -82, -137, -1032, -680, 562, -213, 39, 943, 108, 36, 99, -165, -377, 327, -501, 680, 476, 542, 1257, 247, -343, -597, -61, -436, -873, -426, -83, 442, -271, 614, -261, -505, 546, -309, -1045, -1547, 109, 965, 672, -179, 1161, 7, 137, 1685, 688, -874, 393, -679, -360, 123]
[0, 0, 0, 0, 0, 0, 0, 0, 0, 0, 0, 0, 0, 0, 0, 1, 1, 1, -1, -1, -1, 0, 1, 0, -2, 0, -1, 0, 2, 0, -1, -1, 1, 0, 0, -1, 0, -2, 1, 1, -1, 1, -1, 0, 0, 0, 2, 0, 0, -1, 1, -1, 2, 2, 0, 0, 1, 2, 1, 1, 1, 0, 0, 0, -2, 0, -1, 1, 1, 0, -1, 1, -1, -3, -1, -1, 0, -3, 0, -1, -1, 0, 1, 1, -1, 0, -1, 1, 1, 1, 3, -5, 0, -1, 0, -1, -1, 2, 1, 1, 1, 1, 0, 1, -3, -1, -1, 4, -2, 0, 0, 1, -50, 30, -138, 7, 59, 66, 94, 38, 85, -78, 317, -101, 83, -377, -116, 124, -128, 182, -189, 9, -420, 486, -239, -157, 217, 71, 83, 7, 38, -344, 304, -286, 112, -268, -89, 291, 638, 227, 216, 613, -355, -293, -484, -59, -328, 38, 130, -124, -372, 474, 460, -728, -35, -73, -373, -538, 270, 510, 368, 357, 116, -403, -748, 321, 1083, -704, 320, 868, -866, -98, 85, 363, -654, -114, -562, -229, 580, 1058, 642, -260, -240, -182, -383, -1714, 244, 110, 1557, -608, -109, 441, -563, 1294, 416, -699, -1167, 1068, -962, 151, 487]
[0, 0, 0, 0, 0, 0, 0, 0, 0, 0, 0, 0, 0, 2, 0, 0, 1, -1, 0, -2, 0, -1, 0, 0, 0, 1, -2, 0, 1, 0, 0, 0, 0, 2, -1, 0, 1, -1, -2, -1, 0, 0, 0, 1, 1, 1, 1, 0, -1, 0, 0, 0, 1, 2, 1, 2, 0, 0, 1, -1, 3, 1, 1, -1, 0, 1, 1, 0, 0, -2, 1, 1, -2, -1, 2, 1, 1, -2, -1, 1, -2, 3, -1, -1, 0, -1, -1, 4, -1, 0, -1, -4, 0, -1, 2, -1, -2, 0, 2, 0, 0, 0, 1, 1, -1, 2, 0, 3, 0, -1, 0, 2, 94, 120, 359, -208, -580, -203, -15, 432, 556, -84, -1548, 176, 959, 86, 380, -422, -1686, 242, 2252, 198, 411, 292, -930, -924, 450, -1057, -1053, 29, -223, 328, 1617, 927, 713, 568, -68, 271, -1844, -40, -2947, 991, 826, 134, -243, -694, -88, -468, 2776, -1950, 915, 73, 596, 161, 1862, -1166, -158, 169, -2833, 1776, 346, 395, 817, 115, -1625, 2012, -905, -2279, -1477, -1048, -1164, 178, 1756, 400, 1288, 2374, 324, -668, -923, 2074, -515, -591, 968, -2093, 523, 754, 2962, 412, -956, -2782, 872, -2909, 202, 1283, -3550, -2066, 311, 476, 625, 1141, 7]
[0, 0, 0, 0, 0, 0, 0, 0, 0, 0, 0, 1, 0, 2, -1, 0, 0, -2, 1, 0, -1, -1, -1, 0, -1, -1, 0, 1, -1, 2, 0, 0, 0, 1, 2, -1, 0, -2, 1, 0, 1, 1, -1, -2, 1, -1, 0, -1, 0, 0, 1, -1, -1, -2, 0, 1, 2, 0, -1, 1, 2, -1, 0, 0, 1, -1, 2, -1, -2, 0, 1, 1, 1, 1, -1, 0, 0, 0, 0, 0, 0, -1, 1, 0, 0, 0, -1, 1, 1, -1, -1, 1, -4, 1, -1, -2, -1, -1, -1, 0, -2, 1, -3, -1, 0, -1, -4, -4, 0, 2, 2, -2, 79, 62, 141, -132, -264, -95, -139, 155, 131, -119, -561, 166, 284, 203, 295, -334, -529, 66, 860, 268, 507, -42, -195, -151, 47, -277, -517, -143, -165, 254, 268, 420, 160, 147, -65, -266, -1199, -343, -954, 40, 548, 326, 202, -150, 254, -123, 873, -355, 466, -127, 191, 651, 898, -187, 161, 31, -1124, 145, -293, -23, 208, 258, -214, 404, -935, -617, -624, -990, -241, 179, 335, 127, 586, 1111, 525, 16, -533, 118, -526, -23, 706, -495, 535, 1006, 1236, -223, -919, -664, 440, -1262, 99, -374, -1607, -521, 749, -189, 765, 169, -543]
[0, 0, 0, -1, 0, 0, 0, 1, 0, 0, 0, 0, 0, 0, 0, 0, 0, -1, 1, 1, 0, 0, 0, -2, 0, -1, 1, 1, 0, 0, 0, 0, -1, 0, 1, 1, 0, 1, 0, 0, 1, 0, -2, 1, -1, 1, -1, -1, 0, 1, -2, 0, 0, -1, -1, 1, 0, -1, 0, 0, 0, 0, -1, 0, 1, 0, 0, -2, -3, -1, 1, -1, 0, -1, -2, 0, -3, 1, 0, 1, -1, -1, 0, 1, 1, -1, -1, -3, 1, -3, 0, 0, 2, 0, -3, -2, -1, -1, 0, -2, -2, 2, -1, -2, -1, -2, 2, -2, -4, -2, 1, 3, -203, 397, 148, -139, -300, -135, 126, 496, 889, -869, -984, -214, 1043, -482, 447, -425, -1692, 887, 1996, 665, -891, 1833, -2400, -974, 1146, -801, -1005, -167, -127, -695, 2713, -195, 923, -548, 431, 1030, -25, -541, -1690, 2639, -1246, -231, -2858, -207, -689, 248, 3542, -1922, 281, 2217, 1209, -3210, 2211, -1084, -2006, -1616, -1157, 3455, 2565, 1333, 1036, -1931, -3596, 3566, 1518, -6269, 564, 1576, -4585, 874, 949, 2364, -1224, 2630, -1881, -342, 1250, 5301, 1480, -2729, 355, -3359, -1399, -3801, 3741, 1254, 4789, -6941, 1823, -460, -195, 4490, -3005, -5578, -3620, 4964, -2340, 2249, 602]
[0, 0, 0, 0, 0, 0, 0, 0, 0, 0, 0, 1, 0, 1, -1, 0, -1, -2, 1, -1, 0, 1, 1, 0, 2, 0, -1, 1, -1, 0, -1, 0, -2, 1, 0, -1, 1, -2, 1, 0, -1, 1, 1, 1, 0, 0, 0, 1, 0, -1, 2, 0, 0, 0, 1, -1, 1, 0, -1, -2, 2, 0, 0, 0, 2, -1, 0, -1, 0, -1, 0, -1, 1, 1, -3, 2, 0, -2, 3, 2, -2, 3, 0, 2, 1, 0, -1, -1, -1, -2, 1, -2, 1, 1, 1, 2, 0, 1, -3, 0, 0, 0, -2, 1, 0, 1, -1, 4, 3, -1, 0, 0, 129, 113, 188, -179, -381, -64, -107, 237, 173, -231, -827, 182, 451, 96, 356, -335, -874, 141, 1282, 294, 675, 64, -386, -443, 210, -359, -701, -155, -266, 342, 484, 576, 339, 301, -60, -83, -1668, -386, -1446, 315, 662, 166, 125, -263, 311, -279, 1484, -804, 672, -209, 294, 451, 1385, -266, 76, 175, -1769, 782, -244, 95, 282, 342, -477, 803, -1162, -1280, -787, -1081, -522, 125, 562, 261, 1070, 1592, 475, -124, -627, 485, -668, -317, 831, -825, 514, 1132, 1632, -230, -919, -1399, 577, -1605, 462, -54, -2179, -999, 829, 83, 892, 334, -789]
[0, 0, 0, 0, 0, 0, 0, 0, 0, 0, 0, 0, 0, -1, 0, -1, 1, 0, 1, 0, 1, 0, 0, 1, 1, 1, -2, 0, -2, 0, 2, -2, -2, 0, 1, 1, 0, -1, -1, 0, 1, 2, 0, 1, 0, 1, -1, -1, 1, 2, -1, 0, -1, -1, -1, 3, 0, 0, 0, 1, -1, 2, 1, 1, 0, -2, 0, -1, 0, -1, -3, 1, -2, 0, 0, 0, 1, -2, 2, -1, 0, 0, 0, 0, 2, 2, 2, 2, -1, 0, -1, 0, 3, 0, 1, -2, 2, -1, 3, -2, -1, 0, 0, 3, 2, 3, 0, 0, -1, -1, 1, 1, -196, 143, 122, -25, 582, -138, -243, 22, 19, -457, -35, -117, -1145, 776, 278, 173, 627, 4, -396, 332, -58, -1204, 758, -266, 12, 1014, 331, -334, 781, 772, -1644, -270, -8, -419, 50, 418, 113, -1156, 774, -208, -1713, -326, 488, 458, 314, 779, 294, 1584, 676, -431, -729, -2484, -980, 2201, -169, -111, 1452, -281, -721, 1172, 433, -2083, 1228, -1466, -852, 889, 448, 1396, 1040, -150, -2025, 310, -744, -15, 881, 255, -669, -984, 223, -1211, 482, 521, 744, 301, -3091, 645, 453, 1489, 1697, 97, -244, -3220, 2299, 584, -974, 547, -467, -362, -1315]
[0, 0, 0, 0, -1, 0, 0, 0, 1, 0, 0, -1, 1, 0, 0, 0, -1, 2, 0, 1, 1, 1, -2, 0, 0, -1, -2, -1, 1, 1, 1, -1, 1, 1, 1, -2, 1, -1, 0, 1, 1, 0, 0, 1, -1, 1, 0, 2, 2, 1, 1, 0, 0, -1, -2, -2, 3, 0, 0, 1, 0, 0, 3, 1, 0, -1, -1, 2, -2, -1, 1, 1, -1, 1, -1, 0, -1, 1, 2, -2, -1, 1, 1, -1, -2, 0, 1, -1, -1, -1, 1, 0, 1, -2, 2, 0, 0, -1, -3, 0, -2, -2, -2, -1, 2, 0, 2, 1, 0, 2, 3, 3, -215, 577, 746, -326, 548, -658, -392, 526, 517, -1140, -2276, 119, -1305, 1878, 1054, -56, -693, 232, 2115, 869, 655, -2178, 155, -1850, 641, 700, -351, -962, 1230, 2161, -1509, 935, 779, 74, 328, 1443, -2542, -2417, -2067, 695, -2483, -517, 257, 370, 1068, 514, 4282, 284, 2791, -1134, -1221, -5107, 426, 3206, -528, 474, -839, 2081, -858, 2829, 1384, -3473, 956, -514, -3344, -1441, -448, 997, 1113, -176, -2111, 1495, 1172, 3003, 1937, -136, -2677, 50, -778, -3573, 1756, -1461, 1332, 2856, -3096, 1419, -387, -1159, 4265, -2610, 1549, -5630, 744, -1692, -946, 1719, 345, 767, -3229]
[0, 0, 0, 0, 0, 0, 0, 0, 0, 0, -1, 0, -1, 0, 1, 0, 0, 1, 0, 0, 0, -1, 1, 2, 0, 0, 0, 1, 0, 0, 0, -1, -1, -1, 0, 0, 1, -1, 0, 1, -1, 0, -1, -1, 1, 2, -1, 0, 3, 0, 2, -2, -1, -3, 1, -1, -1, 0, 2, -1, 0, -1, -1, 2, 1, 1, 2, 0, -1, 1, -2, -1, -1, 1, 0, -1, 1, -2, -1, 0, -1, -2, 1, -2, -2, 0, 0, 0, 2, -1, -3, -2, -2, 1, -1, 0, -4, 0, 0, 1, 0, -3, 2, -2, 1, 0, -3, -1, 2, 1, -3, -1, -54, -21, -144, 206, 342, 146, 190, -199, -209, 84, 505, -251, -364, -278, -379, 502, 525, -91, -847, -372, -553, 39, 203, -46, 79, 312, 638, 257, 187, -222, -294, -432, -136, -25, 117, 486, 1312, 409, 901, 64, -755, -517, -318, 188, -299, 45, -721, 206, -427, -7, -346, -1238, -991, 228, -258, 228, 1142, 254, 399, 101, -173, -260, 294, -422, 1021, 499, 714, 1413, 290, -308, -352, -56, -422, -1310, -683, -166, 555, -107, 611, -285, -846, 463, -701, -1090, -1769, 323, 1047, 528, -372, 1605, 313, 539, 2004, 630, -997, 293, -1037, -145, 554]
[0, 0, 0, 0, 0, 0, 0, 0, 0, 0, 0, 1, 1, 0, 0, 0, -2, -1, 0, -1, -1, 0, -1, -2, 2, 1, 1, 1, 1, 0, 1, 2, 0, 0, -1, 1, -3, 0, 0, 0, 0, -2, 0, -3, -2, 0, 1, -1, -1, 0, 1, 1, 2, 0, -2, -1, -1, -1, -2, 3, 1, -1, 1, -2, 0, 0, 0, -3, 0, 1, 0, -1, 1, -1, 1, 1, 1, 1, -1, 0, -2, -1, -3, 0, -2, -2, 2, 0, 1, -1, 1, -1, -1, 4, 1, 0, 2, 1, 1, 2, 0, -1, 0, 1, -2, -1, -1, -1, 0, -3, 1, -1, 82, -337, -633, 286, 177, 505, 96, -545, -753, 458, 2282, -172, -260, -932, -662, 318, 1600, -276, -2695, -412, -295, 668, 874, 1488, -629, 714, 878, 369, -423, -1101, -948, -1096, -887, -511, -213, -1032, 2142, 881, 3247, -1168, 600, 140, 445, 411, -265, 148, -4083, 1689, -1891, 222, 182, 2276, -1458, -206, 511, -382, 2434, -2473, -371, -1541, -1170, 1544, 1084, -1700, 1811, 2577, 1165, 270, 458, -108, -660, -952, -1418, -3001, -788, 612, 1780, -1989, 595, 2043, -1166, 2564, -555, -1628, -1024, -1225, 597, 3086, -2377, 3229, -979, 1003, 2361, 2608, 420, -1240, -495, -1562, 966]
[0, 0, 0, 0, 0, 0, 0, 0, 0, 0, 0, 0, 0, -1, -1, 1, 0, 1, -1, 0, 1, 1, 1, -1, -1, 1, -2, 1, 0, 1, 1, -1, 0, 1, 2, -1, 1, -2, 2, -2, 1, -1, 0, -1, -1, 1, 0, 1, -1, 1, -1, 2, 1, -2, 2, -2, 1, -3, -1, -1, 1, 0, -2, 2, -1, 1, -1, 2, 0, 2, -1, 0, 0, 2, -1, 0, 3, 1, 2, 3, -1, -4, 1, 0, 1, -1, 1, -2, 1, 1, -2, 0, 0, 2, 0, 1, 2, 1, 2, 1, -2, 0, 1, 0, 0, -1, 4, 2, -1, 0, -2, 2, -132, -95, -10, 96, 461, 67, -37, -222, -180, 67, 342, -89, -799, 347, -132, 464, 880, -218, -911, -187, -255, -1002, 910, 105, -247, 777, 577, -20, 514, 370, -1401, -415, -269, 29, -13, 282, 727, -207, 1129, -581, -858, -528, 732, 426, 105, 440, -957, 1066, 131, -643, -808, -1055, -1376, 1335, 95, 471, 1370, -685, -467, 97, -222, -731, 1419, -1296, -302, 1947, 422, 982, 1864, -479, -1221, -556, -176, -1030, 286, 112, -386, -1557, 250, -103, -425, 921, 167, 540, -3062, 343, -339, 2197, 141, 712, 180, -2115, 2533, 1855, -141, -620, 133, -607, -297]
