80 3 53 52 51
[1, 0, -1, 0, 0, 1, 1, -1, 0, 0, 0, -1, -1, -1, -2, 1, 0, 1, -1, 1, 2, -1, 2, 3, 1, 2, 1, -3, 1, -3, 0, 1, -2, -2, 0, 3, 4, 1, 1, 0, -2, 3, 1, 0, 2, 3, -2, -1, 0, 1, 2, -1, -2, 2, -4, -2, 0, 2, 1, 2, -124, -71, 161, -4, 75, 6, 10, -9, -67, 210, -192, 132, 28, 99, -134, -509, 377, -136, 200, 125, -101, 103, -306, 396, -15, 79, 239, 180, -280, -990, 176, 18, 55, 170, -113, -80, 175, 71, -99, 222, 43, 1070, -523, -853, -46, -317, 973, -171, 179, -671, -316, 420, -659, 1070, -436, 1610, 45, -1493, 1024, -1520, 674, -86, -288, -116, -514, 655, -609, 618, 481, 1938, 31, -1489, -243, -964, 269, 185, -168, -804, 691, -464, -359, 28, -604, 2905, -441, 116, 632, -889, 706, 324, 398, -726, 26, -577, -2139, -1463, -103, 2780, 332, 101, 1875, -792, 707, 884, -398, -1419, 135, 196, -1256, -2875, -735, 3992, 252, -471, 437, -1164, 506, -301, 398, 444, -215, 2622, -1197, -2545, -1168, 1905, 766, -2206, 1143, -1742, 562, 2173, -68, 3214, 226, 2138, -1854, -4828, -646, -1699, 530, -530, 1069, -1030, 1931, 1598, 1036, 150, 501, 4131, -3014]
[0, 0, 0, 0, 0, 0, 0, 0, 0, 0, 0, 0, 0, 0, 0, 0, 0, 0, 0, 0, 0, 0, 0, 0, 0, 0, 0, 0, 0, 0, 0, 0, 0, 0, 0, 0, 0, 0, 0, -1, 0, 1, -1, 0, 1, 0, 0, 0, 0, 0, 0, 1, -1, -1, 1, -1, 0, 0, -1, -1, 6, 0, -5, 9, -2, 1, -1, -4, 2, -13, 7, -5, -7, 2, 5, 18, -9, 11, -1, 0, -1, -16, 12, -29, 7, 16, -23, -8, 8, 32, -4, 7, 6, -8, 5, 6, -11, -18, 23, -1, -18, -36, 10, 9, 7, 40, -24, 36, -14, 2, 4, -39, 48, -40, -10, -77, -9, 60, -41, 87, 0, 17, 13, -5, 9, -75, 62, 18, -52, -65, -22, 20, 0, 91, 17, -16, 8, -4, -35, 38, 70, 5, 0, -106, 15, -44, -62, 54, -22, 39, -22, -9, -28, 6, 151, 103, -32, -174, -7, -44, -95, 124, 7, -61, 40, 72, -31, -51, 105, 144, -30, -126, -3, -50, -53, 125, -5, 30, -1, -130, -24, -83, 138, 154, 12, -108, -1, 128, -119, 75, -34, -97, -4, -155, -49, -163, 164, 272, -27, 50, 53, -77, -94, 207, -38, -106, -22, -23, -27, -132, 212]
[0, 0, 0, 0, 0, 0, 0, 0, 0, 0, 0, 0, 0, 0, 0, 0, 0, 0, 0, 0, 0, 0, 0, 0, 0, 0, 0, 0, 0, 0, 0, 0, 0, 0, 0, 0, 0, 0, 0, 0, 0, 0, 0, 0, 0, -1, -1, 1, 1, 0, 0, 1, 1, 0, 0, 0, -1, -2, 0, -1, -4, -1, 4, 5, 2, 0, 2, -3, -3, 5, -2, -5, -1, 2, -5, -3, 7, 0, 2, 0, 5, -6, -8, 9, 1, 12, 0, -7, -11, -10, 7, 0, 4, -5, 10, 1, -1, 16, -2, 0, -8, 3, -14, -24, 3, 8, 14, 17, 13, -27, -7, 17, -2, 6, -15, -4, -13, -1, 13, 1, 6, -8, 13, -19, 2, -7, -4, 42, -7, 24, -15, -29, 1, 3, 10, -10, 11, -50, 12, 38, 6, 13, -25, 24, -17, -12, 4, -25, -9, 48, 20, -42, 7, 0, -1, 11, -15, -18, -17, -21, 22, 42, 5, 10, 16, -6, -2, -25, 7, -20, -28, 40, 5, -28, 7, 21, -10, 44, 19, -76, -13, 35, 22, 2, -33, -2, -5, 14, -12, -48, -6, 47, 22, 12, 7, 1, 8, 9, -33, -18, 19, -102, 11, 29, 27, -8, 17, 37, -7, 78, -3]
[0, 0, 0, 0, 0, 0, 0, 0, 0, 0, 0, 0, 0, 0, 0, 0, 0, 0, 0, 0, 0, 0, -1, 0, 0, 0, 0, 0, 0, -1, 1, 0, -1, -1, 0, 0, -1, 0, -1, 0, 1, 0, 1, 0, -1, -1, 0, 0, 0, 0, 0, 0, -1, 0, -1, 0, 0, 0, 1, 0, -2, 0, 2, -3, 0, -2, -8, -2, 0, 3, 1, -1, 4, -4, -1, 0, 0, -3, -3, -1, -9, 4, -2, 2, 4, -3, 4, -6, -3, 3, 0, 2, 2, -2, -12, -5, 1, 3, 2, -10, 4, -2, -6, 6, 0, -7, 2, -4, -11, -3, 1, 5, 0, -9, 10, 0, -14, 2, 4, 2, -7, -5, -18, 4, -10, 11, 2, -17, 14, -3, 0, 0, 3, -5, -4, -8, -21, 1, -5, -4, 9, -22, 9, 1, -1, 11, -4, 2, 1, -9, -16, 0, 3, -3, -1, -20, 7, 6, -18, 12, -4, -5, -12, -8, -29, 6, 5, 3, -8, -22, 10, -8, 7, 6, 2, -12, 1, -6, -18, -6, -4, -20, -10, -19, 10, 7, -8, 14, 12, 9, -14, -3, -26, -14, 18, -10, -10, -38, 9, 4, -24, 17, -15, -4, -31, -5, -10, -1, -9, -13, 10]
[0, 0, 0, 0, 0, 0, 0, 0, 0, 0, 0, 0, 0, 0, 0, 0, 0, 0, 0, 0, 0, 0, 0, 0, 0, 0, 0, 0, 0, 0, 0, 0, 0, 0, 0, 0, 0, 0, -1, 0, 1, 0, 0, 0, 1, 0, -1, 0, 0, -1, 0, 1, 0, 0, 0, 1, 1, -2, -1, 1, -5, -2, 6, 3, 1, 0, 5, -2, -6, 4, -5, -6, -1, 8, -6, -4, 10, -1, 6, -2, 5, -9, -9, 9, 1, 12, -4, 0, -8, -12, 5, -5, 2, -7, 18, 3, -4, 14, -2, 5, -11, 10, -19, -29, 5, 9, 18, 16, 17, -29, -7, 12, -11, 12, -22, 3, -9, -1, 12, -3, 18, -13, 23, -25, 1, -16, -6, 54, -13, 29, -20, -34, -3, 2, 10, -10, 18, -54, 13, 40, 2, 29, -21, 30, -27, -16, 1, -30, -3, 46, 21, -46, 5, -2, -8, 19, -17, -14, -13, -29, 27, 38, 24, 3, 34, -16, -20, -31, 3, -9, -33, 52, 0, -28, 7, 26, -10, 34, 18, -72, -22, 42, 21, 18, -35, 2, 4, 2, -25, -57, 10, 41, 26, 22, -9, -13, 5, 21, -34, -27, 27, -109, 19, 29, 59, -19, 19, 41, -13, 79, -19]
[0, 0, 0, 0, 0, 0, 0, 0, 0, 0, 0, 0, 0, 0, 0, 0, 0, 0, 0, 0, 0, 0, 0, 0, 0, 1, 1, 0, -1, 0, 0, -1, 0, 0, 1, 1, 1, 0, -1, 0, 0, 0, 0, 0, 0, -1, 0, 1, 1, 0, 0, 1, 0, 0, 0, 1, 1, 0, 0, -1, -5, -3, 3, 5, 4, 1, 4, -1, -3, 5, -3, -6, -1, 4, -4, -2, 9, 0, 2, -1, 5, -8, -8, 11, 2, 14, 2, -5, -11, -8, 7, -2, 3, -5, 11, 2, 3, 18, -1, 2, -9, 1, -15, -22, 5, 8, 15, 19, 17, -29, -8, 18, -2, 8, -16, -3, -13, 3, 16, 2, 6, -8, 14, -17, 4, -5, -3, 44, -5, 24, -14, -29, 5, 7, 12, -9, 11, -52, 14, 38, 10, 17, -22, 26, -21, -11, 5, -25, -8, 50, 23, -40, 9, 0, 1, 13, -15, -14, -16, -17, 24, 48, 8, 12, 17, -6, 0, -25, 11, -22, -25, 44, 11, -24, 9, 24, -12, 44, 20, -76, -8, 41, 27, 4, -31, -1, -6, 16, -11, -38, -2, 53, 28, 14, 9, 0, 11, 5, -26, -15, 25, -98, 14, 33, 31, -4, 18, 41, -7, 86, 0]
[0, 0, 0, 0, 0, 0, 0, 0, 0, 0, 0, 0, 0, 0, 0, 0, 0, 0, 0, 0, 0, 0, 0, 0, 0, 0, 0, 0, 0, 0, -1, 0, 0, 1, 0, -1, 1, -1, 1, 0, -1, 0, -1, 1, 0, -1, 1, 0, 1, 0, 0, 0, 0, 0, -1, 0, 0, 0, -1, -1, 0, 3, 0, 4, -3, -3, 8, -3, -2, -7, -7, 8, -4, 8, -6, -6, 12, 1, 7, -12, 2, -1, -3, -2, -9, 10, 0, 2, 7, -11, 2, 6, -2, 1, 6, 6, -5, -17, 1, 8, -6, 15, -13, -4, -4, 12, 16, -8, 12, -15, -4, -14, -23, 20, -23, 14, 19, -11, 5, -12, 28, -5, 8, -2, -19, -26, 2, 20, -2, 10, 3, 7, -14, 2, 2, 2, 23, -12, 2, -17, -21, 39, -12, 24, -22, -12, 7, -20, 23, -19, 9, 8, -18, 1, -40, 1, 10, 6, 23, -34, 15, 21, 14, -6, 15, -8, -15, -44, 4, 9, -8, 54, -27, 17, 3, 14, 28, -47, 20, -14, -30, 22, -31, 48, -28, 10, 32, -27, -5, -57, 26, -4, 0, 32, -75, -16, 27, 16, 10, -30, 10, -2, 5, 19, 30, -19, 31, -14, 6, -34, -34]
[0, 0, 0, 0, 0, 0, 0, 0, 0, 0, 0, 0, 0, 0, 0, 0, 0, 0, 0, 0, 0, 1, 0, 0, 1, 0, 0, 0, 0, 0, 0, -1, 0, 0, -1, 1, 0, 1, 1, 0, 1, 0, 1, 1, 0, -1, 1, 0, 0, 1, 0, 0, 0, 1, 0, 1, 1, 0, 0, 1, 0, 1, 1, 0, 2, 0, 0, 0, 0, 2, 1, 0, 0, -1, 0, 3, 0, 1, 2, -1, 2, 2, 2, 2, 2, 1, 2, 2, 2, 1, 1, 3, 0, 1, 1, 1, 2, 2, 1, 1, 0, 0, 3, 3, 0, 0, 2, 3, 2, 2, 3, 4, 2, 2, 5, -1, 2, 1, -1, 3, 1, 2, 0, 2, 4, 6, 1, 1, 4, 1, 3, 4, 2, 2, 4, 3, 0, 3, 5, 3, 4, 1, 3, 3, 0, 6, 5, 5, 6, 1, 3, 6, 8, 8, 4, -1, 6, 4, 1, 8, 2, 1, 1, 1, 0, 6, 4, 2, 2, 4, 5, 0, 8, 5, 6, 5, 4, 5, 7, 8, 12, 2, 3, 3, 3, 9, 5, 5, 4, 7, 4, 8, 8, 7, 8, 8, 6, 4, 9, 6, 2, 9, 5, 3, 4, 7, 5, 12, 8, 5, 9]
[0, 0, 0, 0, 0, 0, 0, 0, 0, 0, 0, 0, 0, 0, 0, 0, 0, 0, 0, 0, 0, 0, 0, 0, 0, 0, -1, -1, 1, 0, 0, 0, 0, 0, 0, 0, 0, 1, 0, 1, -1, 0, 0, -1, -1, -1, 0, 0, 0, -1, 1, 1, 0, 1, -1, -1, 0, 0, -1, -1, 1, 0, 2, 0, 0, -2, -4, -2, 2, 0, 1, 1, -1, -1, 2, 2, 0, 1, -1, 3, -5, 2, -1, -2, -3, -2, -1, -4, 0, -3, 4, 2, -1, 1, -4, -1, 1, 2, -3, -4, 3, -4, 6, 0, 3, -4, -5, -1, -1, 2, 0, 1, -2, -2, 5, 3, 0, -1, -2, 5, -8, 4, -5, 0, -6, 1, -1, -10, 0, -5, 6, -1, -3, -2, -5, 0, 2, 7, -3, -4, 3, -10, 4, -4, 9, -4, -3, 0, 0, 2, -8, 1, -2, -2, 3, 1, -1, -2, -1, 8, -7, 3, -8, 0, -14, 4, 3, -8, 1, -8, 6, -6, -1, 3, -4, -5, 1, 9, -4, -4, 1, -10, 2, -10, 8, -11, -6, 4, 7, -2, -10, 4, -8, -3, 3, 6, -1, -10, -6, 5, -11, 7, -5, 2, -17, 6, 2, -8, -3, -9, 8]
[0, 0, 0, 0, 0, 0, 0, 0, 0, 0, 0, 0, 0, 0, 0, 0, 0, 0, 0, -1, 0, 0, 0, 0, 0, 1, 1, 1, 0, 0, -1, 0, 0, -1, 0, 0, 0, 0, 0, 0, 0, 0, 0, 0, 0, 0, 0, 0, 0, 1, 0, 0, -1, -2, 1, 1, -1, 0, 1, -1, -11, -4, 8, -4, 9, 2, 0, 3, -4, 17, -14, 14, 7, 0, -12, -41, 23, -15, 19, -3, -13, 20, -24, 40, 0, 6, 30, 14, -25, -75, 5, -5, 14, 11, -18, -8, 13, 11, -8, 17, 7, 74, -48, -46, -13, -35, 91, -33, 5, -34, -25, 42, -51, 80, -18, 131, 6, -121, 71, -127, 63, -28, -47, -4, -44, 77, -50, 36, 68, 139, 6, -77, -29, -110, 20, 0, -25, -44, 56, -65, -44, 25, -33, 220, -52, 39, 42, -64, 85, -31, 38, -34, 12, -41, -201, -149, 7, 245, 30, 15, 127, -87, 64, 90, -60, -115, 19, 18, -137, -212, -10, 272, 37, 22, 22, -114, 53, -59, 10, 84, 0, 147, -134, -198, -71, 175, 72, -195, 72, -105, 54, 184, 6, 250, 42, 186, -167, -400, -40, -128, 13, -13, 49, -159, 153, 137, 74, 56, 58, 251, -284]
[0, 0, 0, 0, 0, 0, 0, 0, 0, 0, 0, 0, 0, 0, 0, 0, 0, 0, 0, 0, 0, -1, 0, 1, 0, -1, 0, 1, 1, 0, 0, 1, 0, 0, 0, -1, -1, 0, 0, 0, 0, 1, -1, 0, 1, 1, 0, -1, -1, -1, 0, 0, 0, 0, 0, 1, 0, -1, 0, -1, 2, -2, 2, 1, -3, 1, 2, 1, 0, 2, -3, 0, 3, 1, 0, -2, 1, 1, 2, 1, -3, 1, -1, -1, -2, 1, -3, 0, 3, -2, 0, -1, 1, 0, 6, 0, -4, -1, -1, -1, 1, 3, -4, -4, 3, 5, 2, -1, 0, 3, 4, -2, -5, 0, -1, 4, 4, -2, -5, 1, 6, -2, 5, -3, -4, -3, 5, 3, -4, 4, -1, -2, -2, 1, -5, -4, 9, 5, 0, 3, -5, 5, 3, 0, 1, -4, -7, 0, 2, -4, 2, 4, 0, -3, 2, 5, 0, -5, 5, -4, -2, -2, 2, -1, 7, -1, -6, -1, -1, 7, 3, 6, -2, 2, -2, 2, -1, 4, 0, 4, -4, 0, -2, 8, 8, -5, 0, -7, -5, -8, 7, -2, 2, 2, -1, -3, -3, 9, -2, -4, 1, -2, 0, 8, 8, 2, 6, 2, -3, -3, 0]
[0, 0, 0, 0, 0, 0, 0, 0, 0, 0, 0, 0, 0, 0, 0, 0, 1, 0, 0, 0, 0, 0, -1, -1, 0, 0, -1, 0, 0, -1, 0, 0, 0, 1, 0, 0, 0, 0, 0, 0, 0, -1, -1, 1, -1, 1, 0, 0, 1, 0, 1, 0, 1, 0, -1, -1, 0, -1, 0, 1, -1, 1, 0, -1, -1, 1, -1, -2, -2, -3, 0, -1, -1, -1, 1, 0, -1, 0, -1, 0, 0, -1, -1, 0, -1, -1, 0, -1, 1, -1, 0, 1, 0, 0, -2, -1, -4, 0, 0, -1, -2, -1, 3, 0, -1, -2, 1, -1, -4, 2, 0, -1, -1, -4, 1, -2, -2, -2, -1, -2, -2, 0, 2, -2, 2, -5, 0, 0, -4, 1, -6, -2, -4, -4, 0, -1, -1, 1, -2, -3, -1, -4, -3, -1, 2, -5, -1, 1, 1, 5, -3, -2, 0, 0, -4, -1, 0, -2, 0, -2, -4, -1, -1, -3, -2, -2, -3, -1, -5, -1, -4, -4, -4, -4, 0, -2, -1, -3, -5, -2, -1, -1, -5, 1, -2, 0, -1, -3, 4, -5, -7, -4, -6, -2, -8, -3, -2, -2, -6, -3, -1, -3, -5, -9, -6, -2, -8, -6, -3, -10, 0]
[0, 0, 0, 0, 0, 0, 0, 0, 0, 0, 0, 0, 0, 0, 0, 0, 0, 0, 0, 0, 0, -1, 0, 0, -1, 0, 1, 1, -1, 0, 0, 0, 0, 0, 1, -1, 0, -1, -2, 0, 0, 0, 0, 0, 0, 0, 0, -1, 0, 1, -1, -1, -1, 0, 0, 0, 1, 0, 0, 0, 0, -3, -2, 0, -2, 0, 1, 2, -2, -1, 0, -1, 0, 0, 0, -3, 0, -2, -4, -1, 0, -1, 0, 0, 0, -1, 0, -3, 0, 2, -3, -3, -1, 1, -2, 0, 0, 0, 0, -1, -1, -2, -4, -1, -2, -1, -3, -2, -2, -4, 0, -3, -2, -2, -5, -2, 0, 1, 0, -3, -1, -3, 0, 0, 0, -3, 0, -2, 0, -3, -2, -3, 0, 3, -6, 0, -4, -2, -2, -3, -4, 0, -2, -4, -4, -4, -5, -5, -5, -5, 0, -2, -6, -8, -3, -2, -2, -1, 0, -3, -4, -2, -2, -1, -2, -3, -2, -2, -2, -7, -3, -4, -4, -1, -4, -1, -4, -6, -6, -2, -6, 0, -4, -6, -1, -6, -8, -5, -5, -3, -2, -2, -6, -10, -3, -6, -6, -9, -2, -5, -6, -3, -6, -5, -6, -5, -6, -6, -6, -3, -9]
[0, 0, 0, 0, 0, 0, 0, 0, 0, 0, 0, 0, 0, 0, 0, 0, 0, 0, 0, 0, 0, 0, 1, -1, -1, 0, 0, 0, 0, 1, 0, 1, 1, -1, 0, 1, 0, 0, 0, 1, 0, 0, 0, -1, -1, 0, -1, -1, -1, 0, 0, 0, 1, 1, 0, -1, 0, 0, 0, 1, 14, 3, -18, -11, -6, 5, -4, 5, 12, -3, 24, -4, -2, -15, 23, 32, -50, -1, -24, 9, 18, 6, 33, -16, -1, -33, -18, -14, 19, 60, -22, -20, -14, 10, 0, -1, 4, 21, -13, -16, 10, -85, 79, 61, -10, -17, -96, 0, -9, 81, 33, 2, 52, -70, 61, -90, 9, 70, -77, 71, -94, 20, 14, 26, 77, 11, -2, -74, -20, -150, 11, 91, 7, 17, -46, 12, 23, 101, -27, 27, -8, -21, 47, -219, 61, -4, -21, 44, -58, -4, 1, 77, 18, 63, 115, 83, -5, -128, 9, 31, -140, -58, -76, 8, 20, 60, 32, 61, 26, 136, 62, -332, -10, 32, -55, -19, -54, 88, -20, 86, 100, -158, 39, 63, 88, -105, -76, 67, -35, 125, -42, -88, 46, -187, 101, 16, 7, 220, 19, 132, -58, 80, -66, -89, -131, -14, -79, 12, 15, -234, 90]
[0, 0, 0, 0, 0, 0, 0, 0, 0, 0, 0, 0, 0, 0, 0, 0, -1, 0, 1, 0, 0, 0, 1, 1, -1, 0, 0, 0, 0, 0, 0, 0, 1, 0, 1, -1, 0, 0, -1, 1, -1, 1, 1, 0, 1, -1, 0, 0, 0, 0, 0, 0, 0, 1, 0, 1, 1, 1, 0, 0, 0, -2, 0, -1, 1, 0, 1, 1, 0, 2, 1, 2, -1, 2, 1, 0, 1, -1, 2, 0, -1, 1, -1, 0, 3, 2, 0, 3, 1, 1, 0, -1, 2, -2, 0, 0, 4, 3, -1, 1, 3, 2, -4, 0, 3, 1, 2, 1, 4, -1, -2, 0, -2, 2, -3, 6, 4, 4, 3, 0, 7, -2, -1, 0, -4, 4, 0, 0, 2, 3, 5, 1, 2, -1, 2, 3, -1, 0, 1, 0, 5, 9, 4, 7, 0, 3, 1, -1, 2, -3, 2, 1, 4, -3, 3, 2, 0, 4, -2, 3, 5, 1, 7, 5, -4, 2, 4, -3, 1, 3, 5, 8, 2, 10, 4, 3, 1, -7, 0, 2, -1, 3, 8, -1, 7, 7, 2, 2, -2, 6, 12, 8, 6, 3, 5, -1, -4, -4, 7, 4, -3, 7, 6, 8, 14, 4, 10, 8, -1, 2, -2]
[0, 0, 0, 0, 0, 0, 0, 0, 0, 0, 0, 0, 0, 0, 0, 0, 0, 0, 0, 0, 0, 0, 0, 1, 0, 0, 1, 0, 1, 0, 0, 0, 0, 1, 0, 1, 0, 1, 1, -1, 0, 0, 0, 0, 0, -1, 0, 1, 1, 1, 1, 1, -1, -1, 1, 1, 0, 0, 0, -1, 2, 0, 0, 5, -1, 3, 1, -2, 5, 3, 2, 0, 3, -1, 1, 3, 1, 7, -1, 1, -1, 1, 4, -1, 1, -2, -1, -4, 3, 2, 4, 9, 1, 1, 2, 2, 4, 3, -3, 1, 0, -4, 3, 6, 1, 6, 1, 0, 1, 5, 10, 6, 7, 0, 8, -4, 4, 9, -3, 7, -6, 1, 1, 3, 7, 4, 3, -7, 6, -1, 5, 10, 7, 6, 3, 3, 5, 9, 0, 12, -3, -2, 2, -2, 5, 8, 4, 4, 0, -1, 9, 11, 12, 5, 12, -3, 11, 7, 5, 8, -4, 4, -9, 5, 0, 9, 11, 7, 13, -1, 13, -2, 6, 7, 10, 8, 3, 16, 5, 18, 10, 5, -1, 2, 4, 3, -1, 4, 12, 6, 8, 10, 8, 1, 15, 16, 16, 13, 15, 4, 5, 11, 7, 7, -11, 14, 0, 6, 21, 9, 22]
[0, 0, 0, 0, 0, 0, 0, 0, 0, 0, 0, 0, 0, 0, 0, 0, 0, 0, 0, 0, 0, -1, 0, 0, -1, 0, 0, 0, 0, 0, 0, 0, 0, 0, 0, -1, 0, 0, -1, 1, 0, -1, 0, -1, -1, 1, -1, -2, -1, 0, -1, 0, 1, 0, -1, 0, 0, 0, -1, 0, 11, -4, -10, -6, -5, 8, -8, 3, 3, -9, 17, -5, -10, -7, 18, 10, -31, 3, -13, 18, 10, -10, 21, -20, 10, -13, -32, -2, 2, 29, -13, -20, 4, 18, 2, -5, -3, -2, 3, 5, -17, -51, 51, 0, -6, 2, -50, 32, -26, 38, 5, -23, 58, -49, 9, -53, -2, 20, -57, 60, -35, 44, 17, -14, 61, -22, 20, -14, -58, -74, -22, -9, -22, 27, 4, 20, 6, 46, -23, 31, 48, -15, -8, -132, 54, -71, -61, 53, -46, 61, -3, -1, -9, 18, 126, 68, -64, -104, 17, -21, -109, -5, 6, 10, 30, 14, 1, 40, 34, 104, -51, -189, 17, -74, -87, 19, -43, 82, -10, -15, 51, -67, 115, 42, 20, -70, -18, 34, -103, 98, -43, -60, 28, -160, 61, -9, 29, 152, -96, 71, 54, -64, -97, 26, -20, 0, -59, -40, 8, -79, 86]
[0, 0, 0, 0, 0, 0, 0, 0, 0, 0, 0, 0, 0, 0, 0, 0, 0, 0, 0, 0, 0, 0, 0, 0, 0, 0, 0, 0, 1, 0, 0, 2, 0, 0, 0, 0, 0, 0, 1, -1, 1, 1, 0, -1, -1, 0, -1, 1, 0, 1, 1, 0, 0, 0, 0, -1, -1, -1, 0, -1, -10, -6, 14, 2, 5, 4, -2, -1, 1, 23, -12, 11, 8, -1, -13, -45, 25, -11, 20, 14, -13, 17, -22, 42, 2, 2, 23, 13, -31, -96, 13, 8, 11, 15, -18, -11, 18, 17, -10, 16, 12, 96, -45, -80, -8, -33, 94, -20, 4, -44, -21, 61, -47, 98, -20, 145, 3, -143, 81, -140, 56, -8, -44, -8, -36, 77, -53, 41, 58, 174, -1, -139, -28, -98, 19, 12, -13, -59, 66, -41, -35, -9, -48, 269, -38, 23, 56, -72, 72, 21, 47, -59, 17, -55, -195, -143, -12, 263, 38, 17, 147, -80, 62, 100, -54, -125, 34, 48, -128, -285, -50, 348, 40, -46, 21, -116, 55, -6, 30, 64, 10, 241, -105, -273, -105, 180, 74, -209, 95, -133, 43, 230, 10, 304, 72, 231, -173, -454, -76, -163, 46, -52, 72, -121, 168, 163, 87, 40, 76, 387, -282]
[0, 0, 0, 0, 0, 0, 0, 0, 0, 0, 0, 0, 0, 0, 0, 0, 0, 0, 0, 0, 0, 0, 0, 0, 0, 0, 0, 0, 0, 0, 1, 0, 0, -1, 0, 1, -1, 0, -1, 1, 0, 0, 2, 0, -1, -1, 0, 1, 0, 0, 0, 0, 0, 0, 0, 1, -1, 0, 0, -2, -5, -3, 9, 0, 9, 0, -9, -2, -3, 15, -2, -3, 1, -4, 0, -11, 11, -3, 2, 6, -7, 0, -17, 24, 9, 8, 9, -3, -21, -27, 11, -6, 12, 2, -11, -11, 13, 31, -2, 0, -6, 13, -19, -34, 3, -9, 38, 10, 4, -28, -11, 33, -1, 15, -12, 39, -30, -36, 41, -20, 9, -7, -16, -26, -7, 39, -12, 33, 10, 61, -8, -56, 0, -37, 21, -8, -27, -51, 25, 18, 28, -10, -29, 79, -10, -1, 3, -20, 7, 50, 11, -55, 28, -9, -18, -52, -20, 66, -35, 9, 47, 9, 16, 56, -29, -44, 16, 4, -27, -102, -36, 94, 39, -24, 9, -30, 7, 50, 2, -46, -2, 53, 15, -97, -35, 67, 0, -34, 23, -25, -4, 112, 8, 54, 73, 81, -62, -164, -46, -21, 9, -85, 16, -24, 34, 69, 22, 44, -4, 159, -41]
[0, 0, 0, 0, 0, 0, 0, 0, 0, 0, 0, 0, 0, 0, 0, 0, 0, 0, 0, -1, 0, 1, 0, -1, 0, 1, 0, -1, -1, 0, 0, -1, -1, -1, 0, 1, 0, 0, -1, 0, 0, -1, -1, 0, 0, 1, 1, -1, 0, 0, -1, 0, 0, -1, 0, 0, 0, 1, 0, -1, -3, -1, -1, -3, 1, -2, -1, 0, -1, -3, -2, 0, -3, 0, -1, -1, -1, -3, -2, -2, 0, -4, -3, 2, -1, 3, 1, 2, -1, -2, -3, -4, -1, -4, 1, 0, 0, 0, 0, 0, -7, -4, -3, -4, -1, -7, -4, 0, 3, -6, -5, 0, -4, -2, -3, -3, -4, -4, -2, -2, -2, -3, -2, 0, -3, -2, -6, 1, -4, -5, -2, -6, -1, -1, -1, -4, -1, -4, 0, -7, -3, -2, -2, -4, -11, -6, -5, -5, -1, -1, -5, -6, -4, -4, -7, -1, -7, -3, -6, -3, -5, -2, -1, -5, -2, -9, -10, -11, -9, -2, -3, -4, -2, -4, -8, -10, -7, -6, -3, -10, -4, -6, -5, -2, -10, -6, -3, -9, -12, -3, -7, -6, 0, 1, -14, -11, -8, -9, -9, -6, -5, -9, -7, -9, -5, -9, -5, -10, -13, -6, -12]
[0, 0, 0, 0, 0, 0, 0, 0, 0, 0, 0, 0, 0, 0, 0, 0, 0, 0, 0, 0, 0, 0, 1, 0, 0, -1, 0, 1, 0, 0, -1, 0, 0, 1, 0, 0, 0, 0, 1, 0, -1, 0, 1, 1, 0, -1, -1, 1, 1, 1, 0, -2, 0, 0, 1, 1, 0, 0, 0, 0, 0, 1, -1, 0, 3, 0, 0, -1, 1, 2, 2, 0, -3, -2, -1, 3, -1, 1, -1, 0, 3, 2, 2, -1, 3, 0, 3, -1, -3, 1, 0, 2, 0, 0, -5, 0, 4, 3, 2, 0, 1, 1, 2, 4, -3, 1, 2, -2, -1, -1, 0, 0, 7, 0, 0, -1, 2, 2, 3, 0, 0, 0, -3, 1, 3, 4, 0, -3, 4, -1, 2, 8, 1, 1, 5, 2, -9, 0, 1, 2, 1, 0, -3, 1, 3, 7, 4, 1, 1, -3, 6, 0, 4, 5, 3, -4, 5, 1, -6, 4, 4, -1, -2, 6, -6, 3, 9, 8, 1, -2, 1, -2, 0, 4, 6, 3, 5, -3, 0, 2, 6, 2, 4, -9, 0, 9, -6, 6, 7, 9, -1, 6, -2, -4, 10, 9, 2, -1, 5, 8, -3, 7, 2, -5, -7, 3, -5, 6, 9, 3, 8]
[0, 0, 0, 0, 0, 0, 0, 0, 0, 0, 0, 0, 0, 0, 0, 0, 0, 0, 0, 0, 0, 0, 0, 0, 0, 1, 1, 0, 0, 1, 0, 0, 1, 0, 1, 1, 0, 0, 0, -1, 0, 1, 0, -1, 0, 1, 0, 0, 1, 1, 0, 0, 0, -1, 1, 2, 0, 0, 1, -1, -7, -1, 4, -1, 3, 1, 5, 5, 2, 15, -6, 4, 11, -4, -5, -14, 10, -3, 3, -3, -2, 10, -12, 34, -6, -15, 26, 8, -8, -30, 8, 2, -4, 0, -4, -8, 13, 26, -22, 2, 20, 31, -18, -4, -3, -26, 29, -38, 18, 1, 4, 48, -37, 37, 15, 68, 3, -50, 43, -76, -5, -20, -17, 6, -5, 83, -54, -25, 60, 67, 21, -11, 16, -77, -12, 12, -8, -1, 38, -29, -69, -9, -1, 113, -22, 56, 67, -44, 21, -43, 30, 17, 43, -4, -130, -109, 38, 177, 2, 47, 92, -110, -18, 68, -42, -67, 43, 63, -85, -148, 44, 132, 13, 56, 66, -115, 6, -23, -2, 134, 27, 87, -130, -151, -14, 116, -8, -125, 127, -52, 37, 103, 16, 155, 69, 164, -136, -273, 46, -45, -51, 85, 99, -185, 24, 120, 18, 29, 36, 150, -175]
[0, 0, 0, 0, 0, 0, 0, 0, 0, 0, 0, 0, 0, 0, 0, 0, 0, 0, 0, 1, 0, 0, 0, -1, 0, 0, -1, 0, -1, 0, 0, 0, 1, 0, 1, 0, 1, -1, 0, 0, 0, 0, -1, 0, 1, 0, -1, 1, 0, -1, 1, 0, -1, -1, 0, -1, 1, 1, 0, 1, 13, 12, -21, -8, -5, 2, -4, 4, 9, -24, 22, -2, -3, -11, 17, 46, -47, 10, -10, -12, 2, 0, 41, -43, 3, -20, -22, -10, 29, 94, -28, -14, -3, -6, -7, 8, -17, -19, 14, -9, 9, -102, 60, 102, -5, 18, -85, -10, -34, 97, 25, -60, 67, -93, 57, -129, 8, 122, -108, 125, -49, 3, -3, 33, 47, -47, 57, -76, -23, -192, 0, 173, -4, 62, -16, -21, 3, 108, -70, -6, 28, 15, 77, -275, 48, 10, -72, 109, -24, -79, -38, 106, -16, 61, 178, 115, 10, -223, 11, 3, -205, 30, -36, -75, 23, 115, -16, -6, 83, 288, 98, -429, -19, 83, -70, 93, -33, -21, -62, 49, 44, -301, 82, 243, 139, -159, -46, 159, -124, 222, -38, -235, 2, -295, 2, -179, 156, 418, 58, 157, -41, 118, -148, 38, -140, -127, -119, 1, -6, -464, 226]
[0, 0, 0, 0, 0, 0, 0, 0, 0, 0, 0, 0, 0, 0, 0, 0, 0, 0, 0, 0, 0, -1, 0, 0, -1, 0, 0, 0, 0, 0, 0, 0, 0, 0, 1, -1, 0, 0, -1, 0, -2, 0, 0, 1, -1, -1, -1, -1, 0, -1, 0, 0, 0, 1, 0, -1, -1, -1, -1, 0, 11, -6, -14, 5, 1, 8, -8, -8, 4, -10, 19, -16, -17, -3, 23, 35, -30, 3, -16, 15, 11, -28, 13, -32, 15, 11, -40, -21, 7, 60, -8, -15, 0, -1, 6, -3, -4, 7, 22, -12, -33, -85, 43, 17, 5, 34, -68, 65, -11, 13, 9, -32, 88, -81, -5, -134, -33, 97, -52, 136, -57, 37, 27, -16, 59, -79, 62, 9, -91, -126, -37, 14, -1, 116, 12, -14, 1, -12, -39, 101, 116, -21, -23, -205, 53, -82, -86, 54, -79, 126, -19, -38, -20, 41, 259, 168, -77, -292, -39, -44, -153, 132, -40, -31, 60, 92, -18, -41, 151, 194, -73, -273, -6, -96, -87, 129, -57, 127, 10, -201, 14, -126, 219, 179, 27, -169, -64, 182, -139, 126, -80, -97, 6, -275, 28, -173, 151, 369, -64, 123, 53, -164, -149, 238, -99, -115, -63, -37, -39, -160, 302]
[0, 0, 0, 0, 0, 0, 0, 0, 0, 0, 0, 0, 0, 0, 0, 0, 0, 0, 0, 0, 1, 0, 0, 0, -1, -1, 0, 1, 0, 0, 0, 0, 0, 1, 0, -1, 0, -1, 0, 0, -1, 1, 0, 1, 0, -1, 0, 0, 1, 1, 1, -1, -1, -1, 1, 1, 0, 0, 0, 1, 30, 17, -36, -2, -14, -2, -7, -3, 17, -43, 42, -11, -13, -14, 34, 98, -75, 26, -39, -19, 13, -17, 70, -94, 7, -26, -50, -32, 65, 199, -36, 1, -14, -17, -4, 12, -27, -37, 33, -39, -6, -203, 118, 191, 1, 64, -194, 22, -51, 134, 64, -119, 144, -213, 81, -299, 3, 281, -187, 297, -129, 41, 34, 50, 88, -130, 134, -153, -91, -391, 8, 308, 41, 205, -38, -16, 3, 183, -142, 58, 90, -18, 115, -569, 115, -30, -128, 199, -115, -75, -100, 172, -29, 129, 434, 269, 29, -517, -42, -19, -372, 129, -136, -171, 56, 273, -17, -28, 263, 565, 130, -782, -63, 95, -94, 216, -66, 14, -82, -52, 38, -518, 224, 509, 238, -334, -126, 414, -196, 364, -105, -470, -38, -651, -54, -411, 378, 893, 150, 355, -87, 203, -244, 236, -391, -285, -200, -94, -63, -858, 617]
[0, 0, 0, 0, 0, 0, 0, 0, 0, -1, 0, 0, 1, 0, -1, 1, 0, 0, 0, 0, 0, 0, 0, 0, 0, -1, 1, 0, 0, 0, -1, 0, 0, 1, 0, -1, 0, 0, 0, 0, -1, -1, 1, 0, 0, 0, 0, 0, -1, 1, -1, -1, -1, 1, 0, 0, 1, 0, 0, 1, -40, -3, 38, -15, 5, -15, 32, 17, -24, 42, -75, 25, 38, 15, -50, -92, 104, -44, 14, -26, -8, 68, -79, 111, -60, -28, 127, 32, -12, -180, 33, 6, -48, -8, 9, 14, 35, 41, -93, 8, 77, 243, -136, -76, -14, -153, 159, -185, 114, -92, -21, 153, -316, 267, -28, 369, 65, -238, 242, -465, 72, -158, -22, 31, -175, 234, -256, 9, 236, 378, 123, -75, 42, -338, -103, 8, 4, -76, 144, -216, -368, 41, 20, 619, -176, 271, 319, -313, 136, -284, 80, 4, 73, -141, -807, -431, 240, 781, 8, 195, 553, -387, -21, 126, -122, -291, 28, 39, -426, -707, 162, 846, -72, 274, 341, -404, 89, -265, 21, 474, -83, 459, -696, -609, -105, 377, 35, -530, 551, -519, 223, 423, -50, 899, -98, 506, -614, -1149, 263, -422, -266, 346, 587, -729, 188, 307, 218, 111, 6, 635, -937]
[0, 0, 0, 0, 0, 0, 0, -1, 0, 1, 0, -1, 0, 1, 0, 0, 0, 0, 0, 0, 0, -1, 0, 0, 0, 1, 1, -1, -1, 1, 0, 0, -1, 0, 0, 0, 1, 0, 0, -1, 0, -1, 0, -1, -1, -1, 0, 0, 1, 1, -1, 0, 0, 0, 0, 0, 0, 0, 0, 0, -9, 3, -14, -13, -10, -1, 10, 3, 16, 18, 0, 9, 7, -9, 3, -20, -8, -22, -12, 0, 7, 30, -4, 50, -14, -47, 34, -16, 11, -21, -14, -16, -41, 31, -12, -4, 28, 24, -26, -8, 43, 2, 8, 47, -25, -74, -25, -82, 25, 26, 30, 75, -61, 40, 42, 76, 27, -72, 38, -111, -68, -39, -44, 50, 7, 119, -100, -105, 107, 9, 61, 46, 3, -107, -76, 29, -1, 27, 52, -65, -136, -23, -4, 79, -15, 108, 108, -94, 15, -104, 44, 61, 16, 44, -196, -129, 63, 189, 42, 78, 91, -212, -110, 115, -57, -80, 68, 59, -95, -187, 81, 16, -58, 150, 60, -201, -17, -31, 28, 256, 71, 56, -266, -197, -2, 84, -58, -217, 240, -59, 38, 121, -20, 201, 112, 257, -232, -365, 134, -60, -151, 193, 74, -343, -67, 174, -2, 12, 83, 70, -286]
[0, 0, 0, 0, 0, 0, 0, 0, 0, 0, 0, 0, 0, 0, 0, 0, 0, 0, -1, 0, 1, -1, 0, 1, 0, 0, 1, 1, 0, 1, 0, 1, 0, 0, 1, -1, 1, 0, 0, 0, -1, 0, 0, -1, 0, 0, 0, 0, 0, 0, 0, -1, 0, 1, 0, 1, 0, 0, -2, 1, 3, -2, 0, 3, 0, 2, 3, 2, 0, 2, 0, 1, 2, 1, 2, -1, 4, 1, 2, 0, -2, 1, 1, -2, -1, 0, 2, 1, 0, 1, 1, -2, 0, 4, 0, 2, 0, 0, 1, 4, 2, 1, 0, 3, 0, 5, 1, -1, 0, 0, 2, -3, 4, 2, 1, 4, 4, 4, 6, 0, 2, 3, 4, 2, 0, -1, 4, 3, 2, 2, 3, 3, 0, 5, 0, 0, 2, 1, 2, 4, 0, 4, 0, 4, 4, 2, -1, 0, 2, 2, 6, 0, 0, 0, 3, 5, 0, 5, 4, 1, 6, 3, 5, 6, 7, -1, 0, 3, 6, 1, 3, 10, 2, 2, 2, 3, 6, 5, 2, 2, 2, 7, 4, 4, 12, 3, 4, 6, 6, 4, 6, 6, 4, 3, 3, 5, 1, 5, 2, 5, 6, 4, 4, 6, 8, 5, 4, 4, 6, 6, 4]
[0, 0, 0, 0, 0, 0, 0, 0, 0, 0, 0, 0, 0, 0, 0, 0, 0, 0, 0, 0, 0, 1, 0, -1, 0, 0, -1, -1, 0, 0, 0, 0, 0, 0, -1, 0, 0, 0, 1, 0, 0, 0, 0, -1, 0, 0, 1, -2, 0, 2, -1, 0, 0, 1, -1, -1, -1, 0, 0, 0, 7, 3, -6, -3, -6, -1, -2, 2, 3, -11, 4, 7, -4, -5, 7, 2, -11, 2, -5, 2, 2, 6, 14, -13, -7, -15, -7, 3, 18, 7, -8, 3, -8, 11, -6, 5, -3, -20, -3, 3, 3, -10, 27, 16, -6, -10, -29, -13, -9, 31, 9, -19, -1, -5, 12, -6, 23, -5, -26, 0, -15, 17, -2, 17, 8, -4, -1, -42, -5, -33, 15, 25, -9, 3, -17, 19, 8, 56, -12, -38, -18, -13, 17, -39, 23, -7, -5, 26, 0, -42, -15, 42, -16, 0, 0, 0, 9, 6, 34, 14, -36, -39, -16, -9, -4, 4, 1, 11, -4, 26, 19, -58, -17, 18, -17, -18, 6, -28, -6, 80, 19, -33, -23, -1, 19, -24, 4, -28, 0, 27, -2, -50, -10, -9, -25, 15, 0, 15, 14, 11, -14, 85, -10, -37, -35, 12, -17, -52, 11, -83, -4]
[0, 0, 0, 0, 0, 0, 0, 0, 0, 0, 0, 0, 0, 0, 0, 0, 0, 0, 0, 0, 0, -1, 0, 1, 0, -1, 0, 1, 1, 0, 0, 2, 0, 0, 1, -1, -1, 0, 0, 0, 0, 0, 0, 0, -1, 1, 0, 0, 0, 0, 1, -1, 0, 0, -1, 0, 1, -1, -1, 1, -16, -7, 22, -2, 5, -1, 3, 1, -6, 30, -24, 13, 16, 6, -22, -58, 44, -15, 23, 4, -19, 24, -40, 58, -6, -1, 42, 19, -30, -113, 20, 8, 5, 11, -14, -14, 17, 19, -22, 13, 25, 128, -74, -79, -4, -44, 116, -51, 19, -61, -24, 71, -97, 123, -25, 200, 10, -167, 117, -191, 73, -35, -45, -10, -72, 107, -84, 36, 91, 223, 20, -136, -15, -146, 4, 13, -22, -67, 80, -73, -87, 0, -41, 349, -63, 59, 97, -115, 92, -28, 44, -52, 28, -69, -298, -211, 29, 367, 26, 37, 229, -137, 60, 108, -77, -161, 29, 46, -182, -358, -19, 463, 23, 14, 84, -174, 66, -70, 22, 127, -20, 277, -210, -325, -101, 247, 72, -270, 187, -203, 81, 259, -16, 400, 43, 273, -256, -610, -18, -194, -12, 19, 157, -218, 187, 194, 110, 45, 55, 435, -393]
[0, 0, 0, 0, 0, 0, 0, 0, 0, 0, 0, 0, 0, 0, 0, 0, 0, 0, 0, -1, 1, 1, -1, 0, 0, 1, 1, 0, 0, 0, 0, -1, -1, 0, 0, 1, -1, -1, 0, 0, 1, -1, 0, 1, 1, 0, 0, 0, 1, 1, 0, 1, 0, 0, 1, 1, 0, -1, 0, 0, 11, 9, -15, 1, -8, -3, 6, 3, 1, -24, 13, -10, -1, -1, 11, 52, -28, 12, -21, -24, 14, -9, 29, -44, 1, -1, -21, -20, 39, 110, -23, -5, -12, -25, 27, 24, -24, -11, 15, -13, -10, -114, 41, 96, 7, 35, -101, 10, 1, 61, 34, -54, 45, -104, 43, -173, -2, 173, -97, 157, -59, -16, 50, 22, 35, -88, 66, -33, -45, -204, 3, 184, 31, 115, -33, -39, 33, 67, -73, 51, 24, 36, 78, -305, 24, 6, -69, 80, -61, -54, -39, 76, -7, 61, 206, 176, 33, -302, -39, -4, -178, 108, -74, -126, 83, 158, -53, -79, 143, 333, 101, -426, -52, 93, -21, 161, -50, 12, -32, -54, -9, -301, 101, 339, 136, -225, -74, 245, -127, 159, -26, -259, 10, -312, -85, -271, 217, 564, 125, 161, -75, 56, -88, 137, -185, -209, -90, 13, -76, -465, 314]
[0, 0, 0, 0, 0, 1, 0, 0, 0, -1, 0, 0, 0, 0, 0, 0, -1, 0, 0, 1, -1, 0, 0, 0, 1, 0, -1, 0, 1, 0, 1, -1, 0, 0, 0, -1, -1, 0, 0, 0, 0, 1, -1, 0, 0, 0, 1, 0, -1, -1, 0, 0, 1, 1, -1, 0, 0, -1, 0, 0, -60, -41, 97, 28, 47, -3, 8, -13, -65, 77, -108, 13, 9, 57, -74, -194, 198, -41, 97, 38, -24, -17, -161, 161, -2, 128, 58, 72, -144, -410, 109, 13, 59, 11, 33, -21, 18, 55, -45, 93, -54, 437, -292, -476, 37, -41, 457, 65, 128, -384, -172, 165, -280, 428, -285, 570, -57, -521, 421, -498, 361, -72, -5, -185, -216, 104, -187, 494, 56, 871, -79, -740, -68, -300, 194, 9, -10, -525, 272, 6, -42, 84, -310, 1190, -242, -82, 169, -401, 213, 352, 174, -522, 23, -303, -725, -432, -128, 875, 3, -93, 776, 9, 384, 258, -9, -509, -67, -98, -405, -1018, -450, 1770, 134, -378, 212, -227, 154, -6, 208, -290, -249, 1123, -212, -820, -562, 656, 296, -662, 235, -847, 198, 904, 56, 1211, -53, 571, -574, -1536, -436, -691, 359, -761, 496, -65, 926, 420, 465, 148, 11, 1852, -996]
[0, 0, 0, 0, 0, 0, 0, 0, 0, 0, 0, 0, 0, 0, 0, 0, 0, 0, 0, 1, 0, -1, 0, 1, 0, -1, 0, 0, 1, 0, 0, 0, 0, 2, 0, 0, 0, 0, 1, 0, 0, 0, 0, -1, 0, 0, 0, 0, -1, 1, 1, 1, 0, 0, 0, -1, -1, 2, 0, -1, 13, 1, -5, 2, -8, 3, 1, 3, 5, -14, 3, -1, -2, 0, 12, 13, -12, 11, -12, 11, 6, -1, 22, -32, -5, -11, -22, -3, 24, 34, -4, 3, -9, 11, 11, 12, -7, -28, 1, 4, -1, -30, 41, 23, 8, 9, -52, 8, -10, 41, 16, -41, 16, -24, 11, -41, 22, 43, -44, 46, -25, 25, 28, 12, 21, -39, 25, -32, -38, -59, 16, 42, 8, 44, -12, 17, 20, 68, -36, -1, 7, -12, 30, -105, 53, -23, -30, 51, -33, -17, -21, 40, -20, 0, 78, 63, 6, -74, 26, 16, -63, 10, -22, -46, 40, 50, -14, 4, 54, 107, 14, -127, -19, 2, -9, 50, -18, 10, -2, 45, 8, -68, 45, 77, 57, -97, -20, 56, -30, 64, -4, -111, -10, -90, -40, -55, 63, 179, 26, 54, 12, 59, -6, 50, -58, -28, -34, -59, -13, -121, 107]
[0, 0, 0, 0, 0, 0, 0, 0, 0, 0, 0, 0, 0, 0, 0, 0, 0, 0, 0, 0, 0, 0, 0, 0, 1, 0, 0, 0, 0, 0, -1, -2, 0, 0, 0, 2, 0, 1, 0, 0, 0, 0, -1, 0, -1, 0, 1, 0, 0, 0, -1, 0, 1, 0, 1, 0, 1, 2, 0, 0, 15, 2, -17, 0, -8, -1, 0, 0, 11, -18, 20, -18, -10, -6, 21, 58, -44, 16, -31, 4, 20, -19, 39, -52, -4, -12, -34, -22, 32, 110, -9, 4, -20, -9, 21, 6, -14, -10, 5, -32, -5, -118, 84, 82, 16, 33, -142, 44, -11, 59, 36, -50, 78, -123, 47, -180, -2, 161, -111, 176, -109, 42, 51, 20, 75, -75, 53, -80, -78, -213, 6, 120, 47, 135, -34, 12, 28, 97, -70, 76, 40, -49, 56, -332, 84, -49, -53, 86, -116, 33, -46, 74, -10, 70, 257, 182, -5, -314, -31, 4, -188, 70, -112, -104, 54, 164, 3, 6, 154, 291, 47, -416, -30, -11, -32, 108, -88, 89, -18, -64, 47, -223, 152, 244, 119, -229, -118, 258, -83, 156, -90, -250, 2, -362, -13, -208, 192, 516, 54, 220, -34, 67, -82, 148, -235, -150, -111, -72, -58, -361, 358]
[0, 0, 0, 0, 0, 0, 0, 0, 0, 0, 0, 0, 0, 0, 1, 0, 0, -1, 0, 1, -1, -1, 0, 0, -1, 0, 0, 0, 0, 0, 0, 0, 0, 0, 0, 0, 1, -1, -1, 0, -1, 0, -1, -1, 0, 0, 1, 0, 0, 0, -1, 1, 1, 1, -1, 0, 1, 1, 1, -1, -14, -5, 12, 16, -7, -14, 20, -7, -9, 8, -22, -4, 6, 20, -25, -27, 43, 4, -1, -10, 12, -12, -32, 20, -24, 17, 17, -8, -2, -42, 28, 33, -20, -14, 33, 2, -8, -2, -22, -12, 4, 68, -53, -44, 18, 18, 22, -2, 57, -93, -7, 24, -84, 54, -51, 49, 8, -32, 65, -64, 10, -18, 43, -12, -45, -14, -48, 34, 16, 104, 14, -82, 49, 0, -25, 18, 38, -85, 29, 23, -81, -8, -42, 146, -55, -7, 98, -109, -32, 32, 17, -40, -13, -32, -141, -45, 37, 93, -19, -34, 170, 8, -45, -18, 13, -21, -1, -38, -2, -152, -32, 311, -60, -23, 126, -32, -1, -39, 61, -65, -90, 203, -113, -76, -101, 51, -27, -42, 143, -247, 21, 64, -18, 170, -121, 29, -39, -166, 59, -84, -36, -30, 190, 14, 13, -20, 81, -46, -53, 246, -111]
[0, 0, 0, 0, 0, 0, 0, 0, 0, 0, 0, -1, 0, 0, 0, 0, 1, 0, 1, 0, 0, 1, -1, 0, 0, -1, 0, 0, -1, -1, 0, 0, 0, 1, 0, 1, 0, 0, -1, 0, 0, 0, 0, 1, 0, 0, 1, -1, 0, 0, 1, 0, 0, 0, -1, 2, 1, 1, 0, 0, -55, -3, 49, -9, 12, -19, 26, 2, -19, 59, -71, 33, 37, 20, -67, -124, 123, -44, 37, -26, -29, 58, -104, 153, -41, -8, 136, 35, -40, -238, 48, 25, -27, 1, -21, -13, 48, 48, -70, 16, 69, 290, -192, -120, -17, -131, 246, -181, 103, -152, -43, 183, -313, 298, -59, 447, 38, -337, 304, -493, 136, -148, -82, 7, -209, 268, -245, 42, 273, 488, 96, -182, 21, -371, -42, 18, -38, -172, 187, -218, -313, 32, -66, 804, -216, 246, 325, -331, 201, -219, 92, -64, 73, -132, -837, -529, 193, 897, 11, 129, 624, -352, 35, 212, -186, -367, 61, 41, -441, -852, 70, 1071, -32, 224, 328, -439, 142, -282, 52, 379, -106, 597, -690, -708, -223, 550, 102, -637, 582, -570, 231, 567, -70, 1010, -31, 597, -628, -1444, 187, -480, -199, 232, 520, -668, 291, 411, 267, 111, 69, 868, -985]
[0, 0, 0, 0, 0, 0, -1, 0, 1, 0, 0, 0, 1, 0, -1, 1, -1, 0, 0, 0, 0, 0, 1, 0, 1, 0, 0, 0, -1, 0, 0, 0, 0, 0, -1, 0, 0, 0, 1, 0, 0, 0, 2, 0, 1, -1, 0, 1, 1, 0, -1, 0, 0, 1, 0, 0, 0, 0, 0, 1, 58, 24, -65, -11, -11, 11, -36, 13, 28, -70, 92, -48, -20, -57, 76, 185, -167, 54, -62, -7, 23, -32, 137, -160, 39, -40, -105, -49, 69, 359, -75, -41, 13, -31, 6, 22, -51, -14, 58, -62, -25, -412, 234, 287, 5, 102, -336, 107, -128, 280, 98, -176, 336, -407, 179, -574, -47, 493, -397, 576, -231, 87, 58, 36, 237, -200, 256, -211, -207, -693, -42, 489, 30, 345, -13, -64, -5, 306, -239, 176, 247, -42, 207, -1077, 238, -79, -312, 422, -239, -23, -151, 242, -11, 204, 898, 521, -58, -998, -93, -2, -763, 267, -154, -269, 114, 480, -31, 3, 447, 1066, 196, -1561, 32, 46, -294, 441, -194, 222, -194, -149, 170, -997, 610, 847, 460, -664, -234, 787, -544, 821, -263, -777, 60, -1265, 98, -697, 674, 1703, 45, 643, -38, 125, -558, 421, -600, -465, -428, -13, -89, -1413, 1130]
[0, 0, 0, 0, 0, 0, 0, -1, -1, 0, 0, 0, 1, 1, 0, 1, 0, -1, 0, 0, 1, 1, -1, 0, 0, 1, 1, 0, 0, 0, 0, 0, 0, 0, 0, 0, 1, 0, 1, -1, 1, 0, 0, 0, 0, 0, 0, 1, 1, 0, 1, 1, -1, -1, 0, 0, 0, 0, 0, 1, -12, -9, -4, -14, -6, 13, 26, 10, -3, 19, -29, 10, 14, 3, 1, -32, 19, -32, -2, -3, 22, 35, -18, 51, -30, -26, 42, 1, 19, -52, -8, -25, -42, 21, 30, 24, 16, 37, -54, 13, 28, 56, -10, -3, -11, -101, 17, -74, 75, 6, 16, 86, -131, 107, 12, 119, 46, -76, 69, -199, -32, -80, 20, 37, -7, 100, -146, -5, 94, 97, 51, 0, 7, -145, -86, 3, 55, -3, 78, -52, -192, 46, 18, 171, -63, 122, 134, -160, 28, -93, 92, 27, 36, -17, -328, -109, 97, 260, 50, 114, 187, -222, -64, 87, 21, -111, 14, 16, -179, -243, 91, 192, -57, 142, 132, -196, -21, -32, 58, 272, 52, 172, -334, -223, -16, 83, -34, -260, 235, -203, 110, 198, 46, 391, 26, 269, -325, -372, 137, -172, -122, 123, 242, -385, 75, 151, 80, 93, 39, 219, -444]
[0, 0, 0, 0, 0, 0, 0, 0, 0, 0, 0, 0, 0, 0, 0, 0, 0, 0, -1, 0, 1, 0, 0, 0, 1, 0, 1, 1, -1, 1, 0, 0, -1, 0, 0, 0, 1, -1, 0, -1, 1, 1, 0, 0, 1, 0, 1, 1, -1, 1, -1, -1, -1, 0, 0, 0, 1, 0, -1, 0, 8, 1, -4, 9, 0, 1, 1, -1, 0, -12, 5, -6, -7, 3, 5, 19, -7, 8, 2, 0, 2, -14, 14, -28, 8, 17, -19, -3, 6, 35, -5, 2, 5, -3, 4, 8, -11, -20, 29, 2, -16, -33, 12, 10, 7, 40, -23, 39, -14, 0, 1, -42, 51, -36, -11, -74, -9, 59, -34, 87, 5, 23, 16, -2, 13, -73, 67, 26, -52, -64, -22, 20, 0, 97, 19, -16, 6, -9, -29, 39, 76, 9, 2, -102, 17, -42, -59, 60, -20, 44, -20, -11, -30, 12, 150, 106, -32, -172, -4, -42, -86, 129, 14, -58, 47, 72, -30, -45, 107, 144, -34, -120, 1, -51, -51, 128, 1, 31, 5, -132, -16, -74, 146, 158, 21, -101, 5, 139, -114, 86, -33, -95, -2, -150, -46, -159, 165, 272, -23, 57, 63, -72, -90, 209, -30, -104, -21, -15, -23, -123, 213]
[0, 0, 0, 0, 0, 0, 0, 0, 0, 0, 0, 0, 0, 0, 0, 0, 0, 0, 0, 0, 0, 0, 0, 0, 0, -1, -1, 0, 1, 0, 0, 0, 0, 0, -1, -1, -1, 0, 0, 0, -1, 2, 0, 0, 1, -1, 0, -1, 0, 0, -1, -1, 0, 1, 0, 0, 1, -2, 0, -1, 7, 5, -8, 9, -8, -9, 1, -6, 3, -15, 12, -8, -6, -1, 4, 37, -15, 15, -14, -12, 2, -15, 14, -35, -1, 2, -16, -19, 23, 67, -3, 19, -11, -21, 4, 3, -16, -16, 18, -27, -2, -63, 22, 57, 8, 47, -71, 18, -8, 14, 24, -42, 45, -80, 13, -124, -9, 111, -58, 125, -48, 15, 20, 11, 8, -73, 64, -47, -42, -134, -2, 92, 32, 118, -24, -14, 7, 29, -54, 40, 43, -24, 28, -189, 26, -21, -35, 60, -60, -8, -50, 42, -21, 38, 181, 115, 12, -235, -42, -31, -112, 107, -76, -95, 17, 125, -14, -45, 144, 191, 27, -224, -46, 10, -14, 115, -21, 3, -20, -112, -31, -159, 104, 203, 59, -146, -64, 196, -57, 89, -58, -179, -38, -241, -71, -212, 196, 346, 74, 115, -50, 44, -70, 193, -182, -154, -52, -63, -62, -282, 297]
[0, 0, 0, 0, 0, 0, 0, 0, 0, 0, 0, 0, 0, 0, 0, 0, 0, -1, 0, 0, 0, 0, 0, 2, 0, 0, 0, 0, 1, 0, 0, 1, 1, 0, -1, -1, 0, 1, 0, 0, 1, 0, 1, 0, 0, -1, 1, 0, -1, -1, 0, 0, -1, 1, 0, 1, 1, 0, -1, 1, -51, -15, 57, 2, 18, -10, 19, 0, -24, 68, -72, 37, 30, 28, -67, -157, 140, -40, 66, -5, -42, 49, -117, 148, -22, 22, 118, 56, -76, -301, 59, 30, 5, 17, -31, -25, 49, 25, -49, 47, 45, 357, -218, -212, -14, -103, 326, -122, 76, -207, -79, 167, -276, 349, -114, 516, 27, -429, 338, -517, 218, -98, -100, -30, -215, 241, -217, 136, 233, 610, 50, -362, -32, -355, 32, 33, -56, -236, 212, -196, -213, 30, -139, 956, -212, 157, 276, -325, 240, -82, 110, -164, 45, -189, -809, -537, 86, 946, 55, 62, 662, -287, 170, 248, -180, -422, 46, 48, -432, -935, -88, 1315, 41, 37, 250, -403, 185, -245, 92, 241, -121, 777, -554, -798, -327, 639, 220, -687, 476, -596, 226, 682, -54, 1092, -12, 632, -606, -1574, -8, -563, -10, 14, 455, -471, 508, 445, 335, 86, 112, 1164, -1017]
[0, 0, 0, 0, 0, 0, 0, 0, 0, 0, 0, 0, 0, 0, 0, 0, 0, 0, 1, 0, -1, 0, 0, 0, -1, 1, 0, -1, 0, -1, 0, -1, 1, 0, -1, 0, 1, 0, -1, 1, 0, 0, -1, 1, 0, -1, 0, 0, 1, 0, 0, 1, -1, 0, 0, -2, 1, 0, 0, -1, 2, -5, -2, 13, 1, 1, -7, -9, -1, -7, 13, -6, -15, 6, 1, 1, -4, 12, 6, 7, 1, -26, 2, -16, 16, 31, -30, -8, -18, 0, 7, 11, 26, 0, 2, -7, -7, -10, 24, 5, -34, -17, -1, -43, 5, 52, 14, 72, -20, -38, -18, -26, 63, -28, -39, -52, -24, 8, -29, 84, 29, 40, 6, -36, 21, -77, 60, 68, -68, -8, -55, -80, -26, 82, 56, 3, 6, -56, -12, 66, 109, 6, -58, -42, 9, -109, -74, 35, -14, 139, -3, -67, -32, -2, 157, 83, -94, -150, 6, -98, -79, 154, 60, -15, 25, 40, -14, -45, 97, 88, -119, -16, 35, -150, -94, 116, -1, 72, 23, -228, -24, 15, 197, 100, -69, -41, 39, 94, -163, 23, -56, -13, 24, -140, -9, -106, 160, 182, -149, 25, 139, -224, -139, 260, 56, -70, 8, -27, 9, 30, 171]
[0, 0, 0, 0, 0, 0, 0, 0, 0, 0, 0, 0, 0, 1, 0, -1, 0, 0, 0, 0, -1, 0, 0, 1, 0, 0, -1, 0, 1, -1, 0, -1, 1, 1, 0, 0, 0, 0, 1, 0, -1, 0, 1, 0, 0, -2, 0, 0, 0, -1, 0, 0, 0, 1, -1, 1, -1, 1, 1, 0, -35, -12, 42, 8, 13, -12, 24, -3, -27, 42, -64, 19, 18, 30, -48, -103, 111, -26, 37, -10, -15, 21, -90, 96, -29, 36, 73, 27, -41, -200, 48, 19, -7, -4, 14, 2, 22, 18, -42, 33, 15, 232, -157, -160, 8, -54, 207, -59, 91, -170, -58, 107, -223, 234, -109, 325, 16, -257, 233, -325, 143, -85, -9, -38, -157, 112, -145, 145, 119, 413, 35, -241, 1, -210, 7, 8, 3, -200, 129, -94, -159, 50, -96, 618, -161, 81, 186, -253, 127, -24, 85, -144, 22, -136, -537, -302, 67, 569, 7, 20, 480, -118, 81, 119, -56, -258, -7, -48, -254, -583, -69, 912, -14, 30, 216, -221, 104, -144, 93, 60, -133, 531, -357, -458, -231, 355, 109, -416, 316, -491, 160, 433, -24, 734, -103, 352, -380, -928, 25, -380, -26, -81, 378, -254, 335, 234, 248, 73, -7, 789, -643]
[0, 0, 0, 0, 0, 0, 0, 0, 0, 0, 0, 0, 0, 0, 0, 0, 0, 0, 0, -1, 1, 0, 1, 0, 0, 0, 0, 1, 0, 1, -1, 0, 0, 0, 1, 0, 0, 0, -1, 2, -1, 1, 0, 0, 0, 0, 0, 0, 1, 0, 0, 0, 1, 2, 0, 1, 1, -1, -1, -1, -2, -4, 7, 3, 6, -2, 3, 1, -4, 7, -4, -3, -4, 5, -2, -1, 9, -4, 4, 2, 4, -2, -10, 10, 0, 17, 5, -2, -11, -12, 8, -5, 4, -3, 9, 3, 2, 21, 2, 1, -5, 4, -10, -26, 10, 4, 12, 19, 19, -28, -11, 15, -6, 8, -14, 7, -7, -3, 19, 5, 12, -3, 16, -16, -5, -5, 0, 47, -9, 23, -6, -31, 1, 9, 7, -8, 15, -43, 20, 31, 13, 21, -15, 27, -10, -17, -3, -24, 2, 52, 18, -42, 5, -1, 0, 25, -15, -17, -15, -7, 25, 50, 15, 18, 14, -3, -2, -31, 2, -16, -17, 48, 10, -14, 5, 20, -1, 48, 21, -82, -4, 37, 36, 3, -11, -2, -3, 21, -11, -39, -4, 59, 26, 24, 8, 8, 3, 2, -32, 2, 16, -85, 12, 39, 37, 4, 34, 45, -12, 78, 2]
[0, 0, 0, 0, 0, 0, 0, 0, 0, 0, 0, 0, 0, 0, 0, 0, 0, 0, 1, 0, 0, 0, 0, 0, -1, 0, -1, -1, 1, -1, 0, 0, 0, 2, 1, 0, -1, 1, 0, 1, 0, -1, 0, -1, -1, 1, 0, 0, 0, 0, 1, 1, 0, 1, -1, -1, 0, 1, 0, 1, 10, -1, -3, -10, -6, 6, -7, 4, 6, -7, 5, 1, -2, -4, 16, 8, -18, 0, -11, 17, 2, 7, 19, -18, 0, -23, -17, 6, 16, 15, -9, -8, -7, 14, -1, 5, 3, -9, -11, 4, 5, -19, 46, 12, 4, -25, -41, -3, -15, 51, 12, -15, 5, -14, 26, -3, 20, 8, -33, 5, -28, 22, 11, 12, 30, 2, -10, -46, -19, -37, 15, 13, -9, -10, -17, 26, 8, 80, -18, -16, -7, -23, 36, -64, 55, -11, -19, 30, -18, -14, -14, 35, 2, -3, 21, 21, -1, 5, 31, 46, -50, -65, -8, -6, 9, 3, 3, 44, -18, 35, 21, -104, -3, 5, -19, -27, -22, 19, -17, 110, 46, -34, 2, -22, 54, -41, -11, -16, -3, 55, 2, -48, 0, -27, 24, 34, -40, 36, -3, 33, -2, 81, 1, -64, -23, 33, -38, -38, 9, -62, -3]
[0, 0, 0, 0, 0, -1, 0, 0, 0, 0, 0, 1, 0, 0, 0, 1, 0, 0, 1, -1, 0, 0, 0, -1, 0, 0, -1, 0, 0, 0, 0, -1, 0, -1, 0, 1, 0, 0, -1, 0, 0, 0, -1, 1, 0, -1, 1, 0, 0, 0, 1, 1, -1, 0, 0, -2, 1, 2, 0, 0, 65, 41, -95, -22, -55, -8, 1, 13, 57, -96, 92, -25, -5, -52, 76, 233, -203, 53, -112, -51, 37, 6, 174, -207, -21, -108, -77, -87, 178, 473, -107, -1, -70, -52, 19, 44, -54, -65, 27, -119, 52, -485, 311, 504, 1, 67, -537, -38, -99, 393, 189, -211, 257, -479, 295, -684, 62, 660, -492, 598, -398, 45, 80, 195, 211, -205, 206, -489, -121, -969, 96, 820, 121, 393, -237, -42, 76, 575, -336, 42, 9, -78, 394, -1386, 253, 63, -197, 413, -282, -362, -211, 570, -33, 299, 813, 583, 175, -1096, -50, 99, -859, 77, -452, -429, 90, 650, 0, 6, 485, 1230, 536, -1936, -192, 398, -150, 349, -208, 6, -219, 214, 192, -1271, 259, 1050, 657, -859, -383, 882, -305, 818, -223, -1121, -46, -1382, -104, -827, 710, 1984, 517, 792, -429, 789, -425, 199, -1045, -639, -485, -147, -151, -2121, 1185]
[0, 0, 0, 0, 0, 0, 0, 0, 0, 0, 0, 0, 0, 0, 1, -1, 0, 0, -1, 0, 0, 0, -1, 1, 1, 1, 1, 0, 1, 0, 1, 0, -1, 0, 0, 0, 0, 1, 1, 0, 0, 0, -1, 0, -1, -1, -1, 1, 0, -1, 0, 2, -1, 0, 1, 1, 0, 0, -1, -1, -3, -11, 11, 24, 7, 4, -7, -19, -1, 7, 0, -8, -13, 16, -4, -11, 24, 9, 19, 15, -6, -40, -19, -2, 26, 58, -33, -6, -31, -36, 24, 15, 29, 1, 10, -9, -3, -6, 42, 16, -55, 21, -40, -94, 15, 72, 61, 97, -1, -97, -28, -10, 57, 9, -78, -14, -49, -25, 32, 70, 64, 47, 11, -58, 2, -92, 73, 136, -77, 72, -72, -173, -29, 104, 89, -11, -1, -151, 13, 120, 159, 3, -110, 75, -12, -132, -74, 0, -3, 233, 18, -158, -34, -10, 163, 85, -131, -132, -15, -126, -3, 226, 82, 11, 58, 6, -35, -80, 129, 10, -211, 165, 43, -223, -77, 151, 23, 127, 75, -361, -58, 142, 242, 79, -136, 0, 67, 83, -147, -41, -42, 81, 12, -46, -5, -103, 162, 96, -188, -25, 205, -384, -116, 397, 137, -59, 57, -23, 0, 254, 195]
[0, 0, 0, 1, 0, 0, 0, 0, 0, -1, -1, 0, 0, 0, 0, 0, 0, 1, 0, 1, -1, -1, 1, 0, 0, 1, 0, 0, 0, 0, 0, -1, 0, 1, -1, 1, 0, 0, 1, -1, 1, 0, 1, 0, 0, -1, 1, 0, 0, 0, -1, -1, -2, 0, 1, 1, 1, 0, 0, 0, -41, -52, 60, 27, 47, 24, -10, -29, -24, 68, -56, 12, -36, 46, -12, -173, 139, -39, 75, 98, -25, -44, -121, 135, 50, 113, -15, 58, -141, -376, 73, -16, 50, 84, -14, -49, 72, 46, 22, 110, -100, 357, -178, -481, -8, -21, 376, 136, 49, -331, -151, 148, -93, 370, -306, 492, -91, -540, 380, -383, 296, 66, -50, -190, -83, 77, -81, 442, -50, 733, -113, -827, -139, -169, 223, 69, -51, -489, 264, 69, 189, 15, -423, 1012, -112, -224, 58, -274, 177, 572, 192, -571, -21, -222, -336, -298, -297, 639, 68, -161, 535, 103, 373, 408, 8, -515, -33, -17, -210, -953, -705, 1462, 162, -594, -37, -144, 159, 207, 249, -422, -92, 1090, 134, -804, -639, 559, 311, -643, 71, -556, 94, 949, 46, 945, 149, 622, -455, -1405, -612, -557, 572, -945, 149, 223, 871, 492, 407, -1, 166, 1843, -645]
[0, 0, 0, 0, 0, 0, 0, 0, 0, 0, -1, 0, 0, -1, 0, 1, 1, 0, 1, 0, 0, 1, 0, -2, -1, 0, -1, 0, 0, 0, 0, 1, -1, -1, 0, 0, 0, -1, -1, 1, 0, -1, 1, 0, -1, 0, -1, 0, 1, -1, 0, 0, 0, -1, -1, 0, -1, -1, 1, 0, -13, -3, 9, -19, 7, 6, -15, -9, 4, 21, -4, 24, -5, -1, -1, -53, 11, -28, 15, 22, -12, 23, -26, 60, 17, -16, 23, 20, -28, -107, 3, -15, 0, 44, -51, -32, 39, 20, -5, 17, 5, 106, -25, -73, -37, -70, 97, -45, -8, -37, -23, 70, -47, 109, -25, 191, -1, -195, 113, -189, 45, 7, -79, -6, -25, 119, -86, 8, 68, 169, 1, -161, -62, -160, 19, 43, -48, -44, 86, -76, -22, -13, -83, 294, -30, 14, 73, -89, 95, 28, 43, -63, 12, -22, -240, -204, -26, 334, 54, 9, 151, -179, 70, 187, -100, -199, 55, 89, -177, -363, -105, 334, 35, -33, -14, -216, 77, -36, 29, 140, 42, 251, -165, -354, -137, 271, 95, -324, 151, -121, 52, 297, -14, 332, 136, 352, -276, -664, -93, -151, 35, -9, 34, -248, 172, 247, 81, -11, 125, 384, -395]
[0, 0, 0, 0, -1, -1, 0, 0, 0, 1, 0, 0, 1, 0, 0, 1, 0, 0, 0, 0, 0, 1, 0, 0, 0, 0, -1, -1, 1, 0, 0, -1, -1, 0, -1, 0, 0, 0, 1, -1, 1, -1, -1, 1, 1, 1, 1, 0, 0, 0, 0, 0, 1, -2, 1, 0, 0, -1, -1, 0, 114, 54, -157, -34, -77, -1, -30, -5, 102, -132, 189, -54, -33, -94, 146, 379, -357, 107, -169, -37, 63, -47, 288, -313, 10, -183, -182, -122, 236, 757, -146, -20, -77, -48, 5, 21, -75, -69, 55, -178, 31, -813, 539, 754, -11, 173, -845, 58, -210, 615, 293, -334, 574, -832, 441, -1133, 27, 992, -818, 1073, -654, 186, 103, 225, 477, -314, 373, -770, -287, -1556, 47, 1146, 150, 667, -254, -11, 62, 848, -495, 230, 193, -215, 486, -2254, 491, -90, -389, 717, -516, -275, -313, 791, -16, 551, 1577, 938, 76, -1824, -91, 43, -1472, 150, -655, -528, 141, 980, 65, 166, 857, 2000, 583, -3162, -192, 330, -386, 530, -393, 243, -317, 154, 403, -1925, 701, 1626, 942, -1231, -599, 1406, -596, 1437, -453, -1712, -8, -2436, 142, -1185, 1160, 3126, 537, 1382, -439, 952, -894, 447, -1586, -868, -889, -348, -111, -3149, 2083]
[0, 0, -1, 0, 0, -1, 1, 0, 1, 0, 0, 0, 0, 0, 0, 0, 0, 0, 0, 1, -1, 0, 0, -1, 0, 1, 1, -1, 0, 0, -1, -1, -1, -1, 0, 1, 0, 0, 0, 1, 1, -2, 1, 1, -1, 0, 1, -1, 0, 0, 0, 0, 0, 0, 1, 0, 0, 1, 0, 1, -73, 27, 47, -15, -37, -85, 88, -2, -2, 74, -123, 78, 86, 52, -114, -135, 180, -64, -11, -120, -18, 136, -122, 172, -155, -116, 257, 18, 69, -206, 57, 113, -170, -41, 9, 17, 68, 0, -165, -46, 221, 407, -228, 91, -23, -213, 113, -455, 233, -160, 66, 224, -636, 396, 35, 576, 183, -283, 405, -730, -12, -304, -55, 212, -387, 425, -479, -310, 542, 422, 376, 138, 205, -511, -345, 74, 17, 30, 166, -492, -870, -41, 144, 913, -311, 590, 751, -623, 215, -769, 41, 331, 90, -82, -1497, -795, 655, 1339, 7, 304, 1003, -824, -368, 78, -282, -363, 122, 89, -591, -1106, 544, 1365, -388, 824, 826, -809, 205, -744, 62, 1093, -229, 668, -1602, -859, -100, 682, -50, -787, 1341, -1042, 416, 350, -280, 1436, -403, 773, -917, -1908, 1022, -486, -864, 1294, 1154, -1355, -129, 388, 343, -64, -17, 484, -1511]
[0, -1, 0, 0, 0, -1, 0, 0, 0, 1, 1, 0, 0, 1, -1, 0, 0, 0, 2, 0, 0, 0, -1, -1, 0, 0, -1, -1, 0, -2, 1, -1, 0, 0, 0, 0, 0, 0, 0, -1, -1, -1, 0, 1, 0, 0, 0, 0, 1, -1, 0, 1, 1, -1, 0, -1, -1, 1, 0, 0, 69, 78, -143, -72, -79, -9, 7, 53, 60, -115, 112, -16, 47, -101, 88, 293, -292, 39, -146, -111, 52, 79, 234, -206, -54, -245, -20, -87, 238, 634, -174, -53, -112, -74, -16, 60, -62, -53, -21, -152, 181, -642, 413, 808, -31, -50, -685, -266, -104, 685, 287, -210, 196, -602, 522, -791, 144, 813, -656, 572, -587, -68, 21, 336, 250, -8, 126, -845, 92, -1283, 198, 1354, 160, 201, -392, -72, 50, 915, -450, -166, -298, -62, 641, -1760, 252, 392, -122, 504, -331, -931, -277, 977, 84, 415, 655, 466, 422, -1013, -27, 344, -981, -366, -671, -495, -2, 726, 66, 170, 273, 1479, 1097, -2679, -270, 966, -90, 114, -309, -254, -377, 957, 390, -1857, -163, 1146, 1087, -949, -539, 849, -48, 1148, -122, -1451, -96, -1558, -15, -749, 518, 2118, 956, 951, -963, 1599, -395, -599, -1452, -611, -740, -21, -104, -3028, 948]
