80 3 19 52 51
[1, 0, 0, -2, -1, 0, 1, -3, 1, -2, 1, 1, 0, -1, 4, 0, -4, 1, 2, -1, 1, -2, 4, 0, -2, 0, 1, 0, -1, 1, -1, -2, 2, -2, -2, 1, 3, 7, 2, 0, -6, -1, -1, -3, 0, -3, 1, 3, -1, 6, -4, -1, -3, 5, 3, 0, -3, 2, -4, 4, -116, -158, -23, 2, 15, 20, -369, -51, 131, 94, 255, 687, -385, -241, 334, -12, 745, 436, -549, -795, 240, -725, 475, 731, -971, -411, 123, -453, 245, 1363, -795, -964, 278, -175, 315, 568, -1344, -508, 785, -150, 393, 2556, -593, -1268, 970, 69, 1200, 1024, -639, -1988, -131, -1838, 798, 1354, -1241, -205, -207, -1363, 13, 3016, -12, -745, -1030, -697, 535, 126, -1340, 1257, 313, -1971, 994, 4204, -564, -770, 1510, -914, 2136, 1433, -732, -2504, -928, -5827, 2118, 2497, -3245, 249, -1091, -4050, 79, 7340, -510, 2398, -1263, -2047, 1390, 805, -542, 3318, 667, -6697, 1017, 4058, -956, 413, 2609, -973, 1596, 84, -543, -262, -763, -9151, 1745, 1767, -4615, 1141, -1156, -4335, 81, 8915, 374, 7726, -613, -3950, 1565, -507, -478, 5433, 117, -11828, 297, 280, -407, 2766, 4084, -590, 720, -3752, -1218, 4805, -808, -8662, 1416, 866, -7575, 1392, 959, -896, 1543, 7451, -1806]
[0, 0, 0, 0, 0, 0, 0, 0, 0, 0, 0, 0, 0, 0, 0, 0, 0, 0, 0, 0, 0, 0, 0, 0, 0, 0, 0, 0, 0, 0, 0, 0, 0, 0, 0, 0, 0, 0, 0, 0, 0, 0, 0, 0, 0, 0, 0, 0, 0, 0, -1, 0, 1, 0, 0, -1, -1, 1, 2, 0, 2, -1, -4, 2, 3, 1, 0, -3, -5, 3, 2, -1, 1, -3, -4, 4, 4, -3, 0, -1, -6, 4, 8, -5, -2, -3, -2, 8, 7, -6, 7, 3, -13, 5, 6, 0, 1, -2, -12, 1, -5, 0, 12, -2, -9, -1, -2, 1, 15, -2, -12, -4, 5, 6, 10, -15, -6, 12, 0, 4, 26, -10, -32, 13, 6, 9, 10, -21, -25, 16, -17, -1, 31, -16, -14, 15, -6, -14, 30, 3, -1, 5, -6, -11, 7, -1, 8, 16, -16, -16, 24, 16, -29, 3, 0, 8, 0, -6, -18, -9, -37, 10, 48, -15, -4, -4, -10, 4, 42, -2, 18, -4, -24, 5, 4, -30, 17, 42, -28, -13, 11, -6, -30, 42, 3, -12, -8, -21, -17, 21, -22, -14, 61, -12, -14, 28, -2, -35, 54, 19, 10, -10, -38, -10, 12, -13, 0, 33, -37, -6, -2]
[0, 0, 0, 0, 0, 0, 0, 0, 0, 0, 0, 0, 0, 0, 0, 0, 0, 0, 0, 0, 0, 0, 0, 0, 0, 0, 0, 0, 0, 0, 0, 0, 0, 0, 0, 0, 0, 0, 0, 0, 0, 0, -1, 0, 1, -1, -1, 0, -1, 0, 0, -1, 0, -1, 1, 0, -1, 0, 1, 1, 9, 6, -1, 8, -8, 2, 25, 3, -16, -2, -18, -29, 20, -1, -17, -1, -36, -27, 37, 33, -22, 38, -18, -51, 62, 24, -34, 22, 16, -76, 58, 46, -26, 59, -21, -38, 90, 45, -90, 17, -11, -133, 31, 32, -58, -8, -37, -71, 26, 104, -18, 96, -38, -122, 79, 32, -40, 55, 63, -166, 21, 39, 49, 149, -59, -54, 116, -31, -70, 132, -69, -237, 73, -35, -65, 69, -114, -106, 42, 107, 32, 308, -160, -163, 209, 49, -31, 212, 33, -383, 75, -110, 18, 234, -124, -117, 152, -156, -103, 381, -113, -201, 141, -237, -120, 70, -123, -56, 86, -65, 43, 498, -137, 41, 263, -26, -32, 295, 5, -454, 79, -433, 15, 352, -133, -69, 186, -249, -113, 666, -142, -48, 103, -469, -166, 106, -162, 80, 134, -287, 48, 465, -209, 178, 383, -66, -63, 85, -29, -329, 245]
[0, 0, 0, 0, 0, 0, 0, 0, 0, 0, 0, 0, 0, 0, 0, 0, 0, 0, 0, 0, 0, 0, 0, 0, 0, 0, 0, 0, 0, 0, 0, 0, 0, 0, 1, 0, 0, 0, 0, 1, 0, 0, 0, 1, -1, -1, 0, 0, 0, 0, 1, 0, -1, 0, 1, 1, -1, 0, -1, -1, -3, -6, -1, 0, 4, -1, 1, -8, -1, 17, 9, 3, 0, -1, -6, 14, 12, -8, -2, -11, -6, 17, 8, -18, 2, 7, -24, 18, 3, -25, -9, 5, -19, -9, 14, -27, 24, 5, -15, 18, 22, 2, 18, 32, -32, -7, 14, 7, 29, -17, -31, -13, 7, 22, 43, -14, -60, 26, -18, 15, 24, -33, -41, -6, -9, -9, 73, -72, -30, 87, 5, -2, 38, 2, -17, 80, -18, -48, 53, -36, -37, 10, -27, -54, 41, 0, -49, 52, -41, -20, 37, 63, -9, -48, -42, -15, 114, -31, -1, -4, 10, 53, 41, 26, 20, 62, -71, 50, 23, -92, -51, -10, -37, -20, 35, -139, -32, 109, -34, 18, 34, -8, -36, 86, -37, -78, 132, -86, 6, 69, 10, -90, 59, 85, 7, 126, -100, -7, 64, 37, -43, -38, -25, -80, 19, -87, -18, -14, -93, 80, 85]
[0, 0, 0, 0, 0, 0, 0, 0, 0, 0, 0, 0, 0, 0, 0, 0, 0, 0, 0, 0, 0, 0, 0, 0, 0, 0, 0, 0, 0, 0, 0, 0, 0, 0, 0, 0, 0, 0, 0, 0, 0, 0, -1, -1, 0, 1, 0, -1, 0, 0, 0, 0, 0, -1, 1, 0, -1, -1, -2, 0, 7, 8, 4, 1, -8, 2, 16, 13, -3, -18, -21, -7, 8, 0, -3, -19, -32, 2, 22, 21, 4, -7, -26, 7, 32, 1, 5, -20, -7, 5, 26, -1, 27, 34, -29, 13, 22, 15, -8, -3, -25, -46, -24, -26, 17, 10, -28, -40, -41, 56, 47, 60, -34, -88, -18, 51, 49, -29, 46, -88, -55, 61, 109, 55, -18, -29, -29, 98, 39, -47, -10, -77, -53, 3, -3, -75, -25, 32, -87, 59, 53, 98, -30, 5, 50, 15, 22, 2, 77, -100, -40, -132, 45, 147, -3, -48, -32, -24, -18, 185, -3, -143, -46, -113, -77, -17, 31, -92, -39, 64, 43, 212, 16, 36, 86, 181, -13, -59, 64, -169, -7, -142, 78, -12, -26, 70, -22, 29, -39, 168, -51, 94, -100, -285, -66, -118, 29, 75, -76, -195, 39, 254, -14, 180, 148, 54, -8, 14, 142, -206, 48]
[0, 0, 0, 0, 0, 0, 0, 0, 0, 0, 0, 0, 0, 0, 0, 0, 0, 0, 0, 0, 0, 0, 0, 0, 0, 0, 0, 0, 0, 0, 0, 0, 0, 0, 0, 0, 0, 0, 0, 0, 0, 0, 1, 1, 0, 0, 0, 0, 0, 0, 0, -1, -1, -1, -1, -1, 0, 2, 1, 0, -3, 3, -3, -1, 6, -2, -4, -4, 0, 4, 9, -14, 4, 12, -5, 11, 7, -15, -4, 11, -4, 14, 4, -22, -5, 7, 0, 25, -4, -32, -3, 26, -20, -22, 12, -17, 6, -4, -3, 2, 2, -26, 34, 44, -27, -2, -12, -5, 44, 11, -23, 2, 1, 24, 34, -35, -16, 65, -40, -13, 39, -18, -54, -24, 7, 21, 35, -92, -31, 58, -15, -44, 45, 17, -33, 56, -27, -54, 78, 34, -13, 63, -23, -53, 27, -22, 24, 102, -60, -106, 33, 26, 0, -40, -19, 20, 10, -67, -5, 25, -25, -4, 55, 80, -10, 33, -45, 46, 48, -10, -6, 60, -53, -93, 35, -132, 49, 134, -50, -97, -9, -78, -38, 91, -9, -30, -12, -160, 27, 146, 30, -46, 83, 134, -44, 94, -20, 49, 76, 16, 0, 34, -23, -170, 59, -58, 0, 39, -143, -58, -22]
[0, 0, 0, 0, 0, 0, 0, 0, 0, 0, 0, 0, 0, 0, 0, 0, 0, 0, 0, 0, 0, 0, 0, 0, 0, 0, -1, 0, 0, 0, 0, -1, 0, 0, 0, 0, 1, -1, -1, 0, 0, 0, -1, 0, 0, 0, 0, 0, 0, 0, 1, -1, -1, 0, 0, 0, -1, 1, -1, 0, 1, 11, 6, -4, -7, -1, 11, 4, -4, -10, -11, -31, 8, 15, -6, -4, -23, -24, 18, 40, -7, 18, -20, -26, 36, 21, -18, 18, 2, -62, 23, 50, -8, -1, -12, -25, 56, 24, -41, 4, 4, -102, 19, 44, -46, -1, -30, -58, 10, 87, -8, 67, -27, -60, 59, 3, -23, 70, 15, -140, -9, 38, 37, 48, -47, -27, 82, -44, -19, 88, -33, -194, 31, 25, -50, 57, -86, -86, 35, 114, 23, 239, -100, -124, 147, -1, -23, 182, -4, -326, 27, -88, 42, 103, -88, -70, 104, -149, -52, 295, -41, -164, 52, -40, -92, 71, -96, -6, 30, -26, -2, 380, -89, -66, 188, -55, -8, 202, 23, -375, 25, -354, 31, 196, -103, -18, 108, -264, -37, 526, -36, -14, 29, -182, -114, 58, -126, 169, 25, -227, 26, 366, -105, -18, 267, -56, -28, 22, -51, -296, 107]
[0, 0, 0, 0, 0, 0, 0, 0, 0, 0, 0, 0, 0, 0, 0, 0, 0, 0, 0, 0, 0, 0, 0, 0, 0, 0, -1, 0, 0, 0, 0, -1, 0, 0, 0, 0, 1, 0, 0, 0, 0, 0, -1, 0, 0, 0, -1, -1, 0, 0, -1, 0, 1, 0, 1, -1, 1, 0, -1, 1, 3, 1, 0, -1, -3, 2, -5, 1, 0, -2, -2, -4, -7, -1, 6, 1, 4, -6, -3, 3, -2, 0, 11, -3, -11, -3, 5, 4, 3, -6, 4, 8, -8, 1, 6, 0, -7, 3, -8, -3, -4, 1, -1, -4, -5, 0, -2, -3, 10, -3, -16, -9, 17, 6, 5, -19, 0, 10, 1, 8, 24, -7, -35, 11, -2, 6, -2, -14, -19, 4, -18, -3, 16, -12, 5, 12, 4, -20, 19, 9, 4, -1, 7, -7, -15, 3, 5, 2, -21, -9, 10, 18, -31, -12, 4, 5, -8, 5, -6, -22, -31, 15, 35, -19, 3, -7, -3, 6, 30, -7, 16, -14, -16, 12, -12, -30, 13, 23, -21, -3, 4, -3, -35, 40, 3, -15, -22, -7, -18, -2, -21, -18, 49, -9, 8, 16, 7, -37, 28, 30, 20, -29, -33, -16, -24, 0, -3, 2, -29, 11, -26]
[0, 0, 0, 0, 0, 0, 0, 0, 0, 0, 0, 0, 0, 0, 0, 0, 0, 0, 0, 0, 0, 0, 0, 0, 0, 0, 0, -1, -1, 1, 0, 0, 0, 0, 0, 0, 1, 0, 0, -1, 0, 0, 0, 0, 0, 0, 0, 0, -1, 0, 0, 1, 1, -1, 1, 0, 1, -1, -1, 0, -5, -4, 2, 6, -6, -5, -4, -6, 2, 16, 5, -4, -5, -4, 7, 18, 14, -14, -2, -8, -9, 16, 13, -28, 9, 10, -35, 10, 9, -28, -1, 19, -31, 10, 5, -33, 29, 15, -41, 15, 35, -16, 10, 20, -33, 1, 38, 0, 30, -8, -57, -1, 28, -4, 50, -11, -96, 21, 8, -5, 38, -23, -53, 44, -46, -38, 103, -57, -64, 100, 1, -41, 54, -35, 15, 105, -10, -70, 64, -37, -62, 41, -38, -61, 59, 10, -126, 55, -23, -34, 72, 55, -37, 13, -95, -46, 200, -14, -30, 35, -13, 31, 81, -99, 53, 78, -103, 22, 42, -133, -71, 38, -64, 50, 48, -143, -99, 125, -34, 4, 101, -62, -58, 160, -81, -117, 258, -63, -41, 132, -53, -98, 99, -77, 66, 169, -201, -71, 86, -8, -42, 9, -91, 11, -10, -69, -24, -7, -83, 107, 167]
[0, 0, 0, 0, 0, 0, 0, 0, 0, 0, 0, 0, 0, 0, 0, 0, 0, -1, 1, 0, 0, 0, 0, 0, 0, -1, 0, 1, -1, 0, 0, 0, -1, 0, 0, 1, 0, 0, -1, 0, -1, 0, 1, -1, 0, 0, 0, 0, -1, 0, 0, 0, 0, 1, 0, 0, 0, -1, 0, 0, 1, 0, -3, -2, 0, -1, 0, -1, 0, 0, -2, 0, 0, -2, 0, 0, 0, 0, -1, 0, 1, 0, -1, -1, 0, -1, 0, -2, -4, 0, 0, 0, -1, 2, 0, 0, 0, 0, -4, 0, -2, 0, -2, -6, 0, 2, 0, -6, 4, 0, -2, 0, -1, -4, 0, -6, 0, -1, -2, 0, 2, 0, -5, 1, 0, -2, 0, -6, 0, 0, -1, 0, -2, -5, 0, -2, 0, -5, -2, 0, -6, 0, 0, 0, 0, -2, 0, 1, -8, 0, 1, 0, -6, 0, 0, -2, 0, -6, -7, 0, -9, 0, -2, -8, 0, 1, 0, -2, 4, 0, -5, 0, -8, -14, 0, -8, 0, -1, -8, 0, 4, 0, -10, 8, 0, -4, 0, -6, -17, 0, -2, 0, -2, -6, 0, 4, 0, -11, -1, 0, -6, 0, -12, -11, 0, -2, 0, 0, -14, 0, -5]
[0, 0, 0, 0, 0, 0, 0, 0, 0, 0, 0, 0, 0, 0, 0, 0, 0, 0, 0, 0, 0, 0, 0, 0, 0, 0, 0, 0, 0, 0, 0, 0, 0, 0, 1, 0, 0, 0, 0, 1, 0, 0, -1, 1, 0, -1, -1, 0, 0, 0, 0, -1, 1, -2, 0, -1, -1, 0, -1, 0, 6, 1, -6, 8, 3, 2, 17, -5, -13, 12, -6, -22, 13, -1, -18, 15, -18, -26, 28, 18, -20, 44, 3, -59, 36, 15, -27, 32, 1, -78, 42, 41, -43, 39, 2, -45, 75, 31, -71, 25, -11, -95, 42, 52, -65, -6, -36, -34, 69, 59, -37, 55, -7, -64, 85, -12, -46, 60, 6, -95, 58, -5, -30, 91, -24, -17, 117, -99, -83, 160, -62, -161, 83, -28, -72, 105, -100, -104, 91, 57, 9, 227, -112, -141, 157, 15, 5, 184, -36, -297, 77, -23, -15, 104, -92, -46, 122, -121, -56, 245, -99, -95, 153, -137, -80, 67, -124, -2, 100, -85, 34, 332, -124, 6, 205, -157, 15, 285, -70, -318, 43, -295, -60, 310, -91, -73, 132, -223, -59, 508, -77, -106, 151, -205, -149, 158, -112, 17, 186, -138, 30, 277, -151, 16, 300, -114, -57, 79, -145, -191, 162]
[0, 0, 0, 0, 0, 0, 0, 0, 0, 0, 0, 0, 0, 0, 0, 0, 0, 0, 0, 0, 0, 1, 0, 0, 0, 0, 1, 0, 0, 0, 0, 0, 0, 0, 1, 0, 1, 1, 0, 1, 0, 0, 0, 1, 0, -1, -1, 0, 0, 0, 1, 1, 1, 0, 0, 0, 1, -1, -1, 0, 4, 1, -2, 6, 0, 1, 17, 0, -6, 12, -8, -19, 13, 2, -11, 11, -22, -24, 28, 19, -14, 42, -5, -50, 41, 23, -23, 26, -4, -72, 40, 36, -30, 32, -4, -45, 75, 35, -59, 30, -1, -91, 32, 58, -53, -5, -33, -37, 54, 58, -25, 59, -11, -66, 75, 13, -38, 56, 10, -93, 37, 5, 7, 74, -30, -31, 109, -78, -56, 150, -45, -154, 58, -3, -52, 100, -92, -90, 64, 48, 10, 219, -104, -130, 153, 26, -1, 182, -15, -268, 63, -35, 20, 101, -88, -64, 124, -122, -34, 254, -57, -99, 107, -108, -69, 86, -112, 6, 63, -83, 16, 332, -98, -6, 207, -127, 1, 257, -38, -285, 37, -271, -20, 278, -87, -61, 152, -214, -38, 477, -45, -92, 97, -179, -129, 150, -99, 72, 138, -143, 25, 287, -111, 16, 294, -111, -53, 46, -101, -165, 174]
[0, 0, 0, 0, 0, 0, 0, 0, 0, 0, 0, 0, 0, 0, 1, 0, 0, 0, 0, -1, 0, 0, -1, -1, -1, -1, 0, 1, 0, 0, 0, 0, -1, 0, 0, 0, 0, 0, 0, 0, 0, 1, 0, 0, 0, 1, 0, 0, 0, 0, 0, 0, -1, 0, 0, -1, 1, 1, -1, 0, -15, -16, -2, -7, 4, -14, -38, -12, 20, 27, 39, 45, -40, -8, 31, 25, 79, 23, -61, -69, 16, -40, 48, 36, -93, -24, -8, -11, 1, 76, -92, -55, -8, -66, 42, 3, -92, -49, 74, 6, 66, 195, -24, -39, 41, 14, 108, 100, 2, -187, -60, -162, 85, 178, -50, -68, -86, -46, -73, 264, 37, -102, -173, -136, 33, 16, -30, -34, -1, -66, 100, 328, -11, -28, 118, 48, 161, 50, 34, -243, -141, -458, 179, 153, -247, -35, -140, -253, -96, 571, 3, 274, -103, -317, 55, 80, 70, 215, 80, -563, 118, 389, -58, 193, 262, 19, 38, 103, -27, -118, -171, -776, 97, 17, -352, -156, -121, -243, -66, 752, 41, 625, -124, -272, 88, -111, 92, 279, 73, -895, 103, -88, 33, 545, 368, 116, -58, -274, -48, 435, -147, -758, 139, -223, -645, -11, 58, -109, -79, 703, -138]
[0, 0, 0, 0, 0, 0, 0, 0, 0, 0, 0, 0, 0, 0, 0, 0, 0, 0, 0, 0, 0, 0, 0, 0, -1, 0, 0, 0, 0, 0, 0, 0, 1, 1, 0, -1, 0, 1, 0, -2, 0, -1, 0, 0, 0, 0, 0, 0, 0, 0, 0, 0, 1, 0, -1, 1, 0, 1, 1, -1, -5, -5, 4, 9, -8, -7, -6, -4, 3, 13, 5, -6, -3, -4, 5, 18, 12, -11, 2, -11, -8, 13, 15, -24, 6, 11, -39, 15, 13, -31, -1, 15, -27, 15, 1, -35, 25, 19, -37, 10, 34, -21, 14, 22, -35, 2, 32, 2, 33, -10, -55, -8, 29, 2, 42, -7, -100, 26, 16, -9, 39, -27, -43, 52, -54, -40, 93, -46, -58, 89, 1, -48, 65, -31, 11, 102, -18, -63, 70, -46, -61, 31, -34, -55, 51, 16, -134, 64, -10, -39, 72, 46, -29, 28, -105, -47, 188, -6, -26, 25, -16, 20, 95, -92, 42, 74, -111, 30, 52, -146, -69, 26, -54, 61, 34, -138, -113, 142, -16, -8, 106, -75, -40, 183, -94, -121, 244, -44, -29, 113, -61, -112, 121, -71, 54, 165, -216, -57, 104, -26, -44, -12, -85, 30, -32, -61, -40, 7, -61, 93, 169]
[0, 0, 0, 0, 0, 0, 0, 0, 0, 0, 0, 0, 0, 0, 0, 0, 0, 0, 0, 0, 0, 0, 0, 0, 0, 0, 0, 1, 1, 0, 1, 0, 0, 1, 0, -1, 0, 1, 0, 0, 0, 0, 0, 0, 0, 2, 0, -1, -1, 0, 0, -1, 1, 0, 1, 0, 0, 1, 0, 0, 0, 2, 1, 4, -4, -9, 4, 3, 6, 7, 3, -16, 2, 5, -3, 21, -3, -13, 8, 9, -7, 25, 5, -27, 21, 14, -24, 17, -7, -47, 12, 26, -19, 6, -8, -46, 42, 18, -20, 22, 12, -58, 20, 42, -33, 19, 0, -9, 44, 19, -32, 34, 14, -8, 54, -13, -64, 44, -6, -49, 34, -7, -22, 19, -39, -22, 89, -57, -37, 101, -6, -96, 37, 3, -11, 98, -41, -55, 59, 2, -35, 126, -31, -49, 85, -21, -64, 97, -18, -136, 59, -10, 7, 20, -97, -26, 150, -47, -5, 139, -7, -49, 66, -30, -2, 93, -103, 28, 39, -106, -56, 176, -49, -13, 109, -137, -65, 141, -24, -129, 67, -156, -24, 165, -87, -49, 196, -100, 8, 269, -11, -90, 89, -4, -20, 130, -156, 32, 84, -98, -27, 152, -42, -53, 113, -71, -40, 18, -87, -36, 147]
[0, 0, 0, 0, 0, 0, 0, 0, 0, 0, 0, 0, 0, 0, 0, 0, 0, 0, -1, 0, 0, 0, 0, -1, 0, 0, 0, 0, 1, 0, 0, 0, -1, 0, 0, 0, 0, -1, -1, 0, -1, 0, 0, 1, 0, -2, 0, -1, -1, 0, 0, 0, 0, 0, -1, -1, 1, 0, 0, 0, -8, -8, -5, -4, 8, -3, -16, -13, 3, 18, 21, 7, -12, -1, 3, 19, 32, -5, -25, -21, -7, 7, 23, -9, -32, -3, -5, 15, 3, -5, -28, 1, -30, -39, 29, -16, -22, -19, 6, 3, 23, 46, 20, 23, -17, -13, 28, 36, 33, -56, -49, -60, 29, 82, 18, -53, -49, 24, -50, 88, 53, -61, -114, -63, 18, 28, 29, -101, -47, 47, 5, 77, 43, -11, 3, 72, 25, -40, 79, -59, -55, -98, 22, -11, -50, -18, -22, -16, -89, 100, 33, 132, -51, -160, 3, 40, 32, 14, 9, -185, 2, 143, 34, 101, 77, 11, -31, 83, 27, -64, -48, -212, -28, -45, -86, -185, 13, 45, -76, 169, -1, 142, -94, -2, 26, -76, 22, -45, 24, -168, 41, -94, 86, 269, 66, 106, -29, -89, 59, 195, -45, -254, -4, -196, -148, -64, 8, -36, -156, 206, -59]
[0, 0, 0, 0, 0, 0, 0, 0, 0, 0, 0, 0, 0, 0, 0, 0, 0, 0, 0, 0, 0, 0, 0, 0, 0, 0, 0, 0, 0, 1, 1, 0, 0, 1, 0, 0, 1, 0, -1, -1, -1, 0, 1, -1, 0, 0, 0, 0, 1, 0, 1, 1, 0, 0, 1, 1, 1, 1, -1, 0, -4, -4, 3, 8, -6, -6, -4, -5, 3, 16, 5, -4, -3, -5, 7, 19, 14, -12, 1, -8, -7, 16, 13, -25, 9, 11, -35, 14, 11, -28, 1, 19, -29, 14, 5, -33, 29, 16, -40, 15, 34, -16, 14, 18, -33, 4, 38, 0, 33, -8, -56, -1, 28, 0, 50, -10, -96, 28, 14, -5, 44, -23, -50, 53, -46, -38, 103, -51, -64, 100, 1, -41, 65, -36, 15, 107, -10, -69, 72, -37, -61, 41, -38, -57, 59, 16, -126, 62, -17, -34, 77, 55, -35, 26, -95, -44, 200, -12, -31, 35, -15, 31, 94, -101, 53, 81, -103, 24, 52, -133, -68, 38, -60, 54, 48, -139, -99, 143, -20, 4, 116, -62, -52, 186, -81, -118, 258, -53, -43, 132, -58, -98, 121, -82, 66, 178, -201, -70, 105, -8, -38, 9, -93, 18, -10, -55, -24, 5, -75, 107, 175]
[0, 0, 0, 0, 0, 0, 0, 0, 0, 0, 0, 0, 0, 0, 0, 0, 0, 0, 0, 0, 0, 0, 0, 0, 0, 0, 0, -1, 0, 1, 0, 0, 0, 0, 1, 0, 0, 1, 0, 0, 0, 0, 0, 0, 0, 1, 1, 0, -2, -1, 0, 0, 0, 0, 0, 0, -2, -1, 0, -1, -4, 7, -6, -3, 8, -15, -1, -2, 4, 18, 16, -37, 2, 23, -10, 35, 14, -34, -6, 20, -12, 44, 14, -50, 10, 24, -19, 41, -24, -81, -1, 58, -44, -45, 8, -69, 46, 0, -6, 35, 12, -82, 54, 98, -62, 24, -18, -10, 100, 13, -61, 42, 20, 38, 101, -68, -84, 118, -86, -45, 76, -36, -110, -66, -14, 8, 135, -189, -66, 174, -9, -121, 60, 43, -50, 171, -60, -102, 138, 17, -60, 186, -32, -92, 102, -90, -23, 193, -120, -220, 91, 28, 0, -103, -116, 13, 158, -131, 14, 150, -16, -39, 92, 149, 4, 148, -154, 88, 70, -103, -98, 206, -96, -184, 149, -326, 8, 236, -118, -193, 34, -194, -90, 179, -86, -53, 182, -305, 68, 390, 75, -138, 138, 274, -57, 243, -170, 107, 128, -65, -56, 185, -32, -361, 168, -187, -31, 36, -298, -77, 85]
[0, 0, 0, 0, 0, 0, 0, 0, 0, 0, 0, 0, 0, 0, 0, 0, 0, 0, 0, 0, 0, 0, 0, 0, 0, 0, 0, 0, 0, 0, 0, 0, 0, -1, 0, 0, 0, 0, 0, 0, 0, 1, 0, 2, -1, 0, 1, 1, 1, -1, 0, -1, 1, 1, 1, 1, 0, 0, 0, -1, -11, -7, 1, -9, 5, -7, -27, -5, 13, 13, 28, 25, -27, 5, 17, 11, 54, 14, -41, -35, 10, -28, 33, 31, -58, -9, 0, -8, 1, 47, -63, -34, 5, -54, 23, 5, -67, -33, 61, 7, 44, 125, -17, -22, 31, 17, 71, 61, -3, -124, -34, -98, 57, 122, -31, -46, -58, -19, -53, 164, 13, -61, -107, -103, 23, 16, -22, -16, 21, -48, 80, 211, -18, 5, 73, 29, 108, 45, 17, -147, -87, -287, 134, 107, -162, -41, -89, -156, -69, 361, -1, 158, -53, -217, 32, 51, 48, 134, 69, -349, 92, 233, -52, 181, 172, 28, 19, 78, -18, -66, -125, -492, 79, -14, -227, -93, -77, -172, -29, 482, 28, 401, -63, -212, 56, -43, 64, 163, 70, -573, 96, -44, 2, 401, 238, 72, -44, -121, -56, 263, -100, -456, 120, -168, -409, -19, 51, -62, -38, 425, -94]
[0, 0, 0, 0, 0, 0, 0, 0, 0, 0, 0, 0, 0, 0, 0, 0, 0, 0, 0, 0, 0, 0, 1, 0, 0, 1, 0, -1, 0, 0, 0, 0, 0, 1, 0, 0, 0, 1, -1, -1, 0, 0, 0, 0, 0, -1, -1, 0, 0, 0, 0, -1, 0, 0, 0, 1, 2, 1, 0, 1, 13, 22, 6, 7, -15, 1, 43, 15, -18, -22, -40, -81, 48, 26, -30, -11, -94, -59, 77, 98, -28, 74, -62, -83, 124, 57, -26, 45, -5, -156, 107, 115, -22, 57, -51, -60, 164, 77, -123, 10, -33, -314, 63, 118, -106, -14, -125, -153, 50, 258, 11, 227, -96, -224, 135, 62, 12, 154, 62, -388, -5, 114, 167, 175, -100, -65, 159, -78, -53, 212, -128, -536, 78, 55, -148, 90, -248, -179, 64, 308, 112, 706, -293, -311, 398, 34, 63, 501, 52, -890, 72, -317, 141, 392, -195, -171, 120, -392, -126, 841, -152, -518, 158, -214, -306, 123, -194, -70, 87, 8, 105, 1142, -220, -117, 552, -29, 62, 546, 43, -1085, 27, -974, 115, 567, -228, 10, 138, -626, -98, 1444, -132, -12, 70, -637, -438, 93, -160, 439, 151, -641, 123, 1076, -264, 101, 870, -118, -115, 143, -76, -894, 311]
[0, 0, 0, 0, 0, 0, 0, 0, 0, 0, 0, 0, 0, 0, 0, 0, 0, 0, 0, 0, 0, 0, -1, 0, 0, 0, 0, 0, 0, 0, 0, 1, 0, -1, 0, -1, 0, 1, 0, -1, 0, -1, 0, -2, 0, 0, 1, 0, -1, 0, 1, 0, 0, 0, 0, 0, 1, -1, 0, -1, -1, 4, -2, 7, -5, -6, -9, 5, 4, 0, -4, -3, -10, -10, 12, 2, 13, 3, -6, -3, 6, -10, 13, -3, -9, -5, -3, -15, 3, 14, 3, 0, -8, 25, -8, -3, -16, 1, -8, 1, -1, 12, -17, -36, 16, 23, 27, 7, -2, -22, -21, -4, 26, -12, -9, -4, -27, -28, 26, 20, 20, -1, -29, 37, -19, -26, 3, 39, -31, -18, 10, 23, 1, -53, 44, 0, 32, 13, -14, -37, -29, -40, 28, 48, -33, 3, -67, -70, 21, 82, 22, 7, -45, 34, -27, -3, 58, 68, -12, -43, -23, 20, 25, -123, 63, -9, -8, -44, 11, -29, -23, -70, 5, 93, -41, 18, -66, -64, -15, 103, 70, 60, -37, 9, -19, -16, 92, 127, -41, -104, -67, 0, 37, -129, 96, 17, -71, -143, 16, 1, -9, -47, -36, 98, -111, 42, 11, 4, 27, 98, 46]
[0, 0, 0, 0, 0, 0, 0, 0, 0, 0, 0, 0, 0, 0, 0, -1, 0, 0, 0, 0, 0, 0, 0, 0, 0, 1, 1, 0, 0, 1, 0, 0, 0, 0, -1, 0, 0, -1, 1, 0, -1, 1, 0, 0, 0, 0, 1, 0, 0, 0, 0, 1, 1, -1, -1, 0, 1, 1, 1, 0, -18, -23, -6, -5, 22, -1, -62, -22, 21, 24, 52, 86, -54, -26, 39, 16, 117, 63, -96, -105, 31, -83, 80, 96, -157, -62, 48, -43, 11, 175, -127, -116, 15, -84, 69, 78, -212, -97, 143, -24, 37, 359, -59, -124, 122, 7, 142, 188, -39, -297, -24, -272, 125, 290, -156, -97, 1, -155, -89, 463, 38, -142, -230, -224, 135, 108, -202, 54, 44, -247, 131, 620, -62, -56, 167, -98, 298, 192, -26, -324, -124, -814, 342, 355, -493, -46, -26, -552, -85, 1011, -68, 390, -181, -487, 247, 240, -206, 447, 142, -1025, 147, 613, -152, 296, 369, -174, 235, 110, -79, 37, -85, -1346, 239, 107, -673, -8, -2, -597, -67, 1245, -54, 1137, -153, -639, 301, 2, -254, 684, 132, -1678, 170, 18, -29, 831, 501, -100, 241, -501, -141, 812, -111, -1287, 297, -200, -1035, 159, 157, -143, 29, 1022, -440]
[0, 0, 0, 0, 0, 0, 0, 0, 0, 0, 0, 0, 0, 0, 0, 0, 0, 0, 0, 0, 0, 0, 1, 0, 0, 1, 0, 0, 0, 0, 0, 0, 1, 2, 0, 0, 0, 0, 1, 0, 0, 0, 0, 0, 0, 0, 0, 0, 1, 0, 0, 0, 1, 0, 0, 2, 0, 2, 0, 0, 0, 0, 4, 4, 0, 1, 0, 0, 1, 0, 1, 0, 4, 2, 0, 2, 0, 0, 4, 0, 1, 0, 2, 4, 0, 2, 0, 4, 4, 0, 0, 0, 5, 4, 0, 2, 0, 4, 2, 0, 1, 0, 4, 4, 0, 2, 0, 4, 5, 0, 4, 0, 5, 4, 0, 4, 0, 4, 5, 0, 4, 0, 10, 8, 0, 4, 0, 8, 6, 0, 2, 0, 9, 8, 0, 2, 0, 6, 10, 0, 5, 0, 2, 4, 0, 5, 0, 12, 10, 0, 4, 0, 6, 12, 0, 4, 0, 12, 6, 0, 5, 0, 16, 8, 0, 6, 0, 8, 10, 0, 10, 0, 10, 12, 0, 8, 0, 14, 18, 0, 9, 0, 14, 20, 0, 3, 0, 16, 15, 0, 2, 0, 16, 8, 0, 8, 0, 20, 17, 0, 6, 0, 10, 20, 0, 12, 0, 20, 20, 0, 16]
[0, 0, 0, 0, 0, 0, 0, 0, 0, 0, 0, 0, 0, 0, 0, 0, 0, 0, 0, 0, 1, -1, 0, 0, 0, 0, 0, 0, 0, 1, 0, 0, 0, 1, -1, 0, -1, 1, 0, -1, -1, 0, 1, -1, 1, 0, -1, 0, -1, 0, 0, -1, 1, -1, 0, 0, 0, 0, 1, 0, 12, 15, -6, 14, -8, -6, 33, 8, -16, -5, -26, -73, 40, 13, -30, 15, -67, -51, 64, 69, -31, 81, -31, -98, 100, 41, -31, 48, -13, -149, 96, 104, -50, 70, -38, -79, 144, 63, -115, 22, -37, -272, 74, 108, -104, 6, -98, -105, 98, 189, -29, 187, -55, -174, 141, 13, -35, 133, 30, -299, 57, 58, 60, 160, -80, -47, 177, -122, -104, 237, -114, -444, 104, 0, -132, 136, -206, -165, 109, 212, 49, 596, -232, -250, 334, 1, 33, 412, 7, -729, 113, -217, 67, 301, -206, -108, 156, -295, -104, 668, -168, -394, 211, -234, -220, 117, -212, -52, 133, -59, 68, 922, -212, -67, 461, -149, 34, 506, -52, -869, 69, -792, 4, 554, -210, -34, 192, -484, -84, 1214, -133, -92, 170, -491, -355, 168, -202, 229, 250, -493, 77, 849, -245, 52, 706, -139, -121, 164, -174, -661, 312]
[0, 0, 0, 0, 0, 0, 0, 0, 0, 0, 0, 0, 0, 0, 0, 0, 0, 0, 0, 0, 0, 0, 0, 0, 0, 0, -1, 1, 1, 0, 1, -1, 0, 1, 0, 0, 0, 0, 0, 0, -1, -1, 0, -1, 0, 1, 1, -1, 0, 0, -1, 0, 1, 0, 0, 0, 0, 2, 0, 0, 6, 17, -4, -4, 3, -7, -8, 10, 5, -12, -2, -44, 0, 23, -2, 9, -2, -21, 0, 40, 0, 20, 8, -22, -4, 8, 29, 23, -23, -48, 20, 53, -14, -22, -6, -21, -2, -3, 14, 1, -36, -82, 32, 44, -18, 30, -53, -21, 63, 39, -16, 49, 14, 12, 38, -62, 28, 88, -52, -57, 61, 3, -64, -34, 8, 40, 5, -82, -25, 36, -37, -113, 23, 30, -36, 42, -34, -41, 74, 93, 19, 171, 12, -16, 22, -70, 90, 115, -70, -208, 31, -58, -1, -29, -23, 56, -68, -73, 12, 121, -66, -108, 66, 99, -46, 24, -34, 22, 71, 53, 21, 212, -44, -135, 81, -118, 102, 108, -64, -241, -20, -182, -52, 97, -12, 62, -102, -163, 46, 276, 40, -14, 100, 141, -98, 33, 32, 90, 72, -78, 41, 207, -8, -225, 142, -24, -5, 75, -160, -224, -84]
[0, 0, 0, 0, 0, 0, 0, 0, 0, 0, 0, 0, 0, 0, 0, 0, 0, 0, 0, 0, 0, 0, 0, -1, 0, 0, -1, 1, 1, 0, 0, 0, -1, 1, 1, 0, 0, 0, 1, 0, 0, 0, 0, -1, 0, 0, 1, 1, 1, -1, 0, 0, -1, 1, 0, 0, -1, 1, 0, 1, -11, -12, -9, -11, 19, -6, -51, -10, 21, 14, 46, 57, -45, -8, 31, 14, 100, 49, -85, -76, 32, -70, 64, 82, -144, -52, 55, -30, -7, 143, -113, -88, 22, -93, 56, 59, -185, -91, 155, -17, 15, 287, -40, -89, 103, 25, 91, 153, -15, -248, -11, -212, 98, 258, -127, -104, 26, -99, -112, 385, 38, -116, -204, -238, 126, 111, -191, 23, 57, -224, 116, 509, -75, -15, 134, -90, 246, 177, -21, -255, -91, -652, 314, 322, -431, -82, 27, -447, -106, 817, -76, 300, -125, -456, 220, 229, -226, 354, 151, -840, 137, 485, -149, 369, 288, -128, 210, 103, -66, 65, -89, -1100, 222, -11, -549, -25, 41, -518, -72, 997, -77, 933, -128, -579, 263, 52, -292, 525, 156, -1390, 197, 26, -45, 849, 393, -97, 252, -350, -135, 653, -104, -1031, 306, -299, -842, 124, 129, -101, -19, 785, -441]
[0, 0, 0, 0, 0, 0, 0, 0, 0, 0, 0, 0, 0, 0, 0, 0, 0, 0, 0, 0, 0, 0, -1, 0, 0, 0, 0, 0, 0, 0, 0, 0, 1, 0, 0, -2, 0, 1, 0, 0, 0, 0, 1, 0, 0, 1, 0, 0, 0, 1, 0, -1, -2, 1, 0, 0, -1, 0, 1, -1, -11, -12, -8, 0, 13, -11, -22, -19, 7, 31, 35, 13, -17, -5, 2, 43, 55, -2, -37, -37, -3, 13, 46, -13, -49, -8, -15, 30, -4, -12, -48, -4, -43, -55, 41, -40, -29, -29, 28, 21, 35, 75, 30, 40, -24, 10, 48, 71, 73, -105, -74, -90, 60, 150, 36, -94, -98, 33, -93, 146, 86, -105, -186, -113, 25, 40, 62, -159, -58, 91, 34, 133, 64, -4, 12, 139, 45, -36, 123, -129, -108, -164, 73, 17, -78, -63, -58, -40, -132, 191, 62, 214, -80, -276, -18, 93, 100, 61, 56, -287, 30, 236, 50, 201, 138, 53, -70, 140, 41, -143, -114, -352, -5, -70, -129, -328, -22, 45, -130, 312, 28, 255, -144, -24, 24, -103, 108, 9, 84, -287, 95, -176, 144, 525, 130, 192, -92, -158, 112, 291, -107, -401, 53, -338, -247, -111, 4, -47, -246, 379, -38]
[0, 0, 0, 0, 0, 0, 0, 0, 0, 0, 0, 0, 0, 0, 0, 0, 0, 1, -1, 0, 0, 0, 0, 0, 0, 0, 0, 0, 2, 0, 1, 0, -1, -1, 0, 0, 0, 0, 0, 0, 0, 0, 0, 2, 0, 0, 0, 0, 1, 0, 1, 0, 1, 0, 0, -2, 0, 1, 0, 0, 0, 0, 0, -2, 0, 1, 0, 4, 3, 0, 2, 0, -2, 3, 0, 0, 0, 2, 0, 0, -1, 0, 1, 2, 0, 0, 0, 0, 2, 0, 2, 0, 1, -2, 0, 0, 0, 1, 5, 0, 3, 0, 2, 4, 0, -1, 0, 6, -3, 0, -1, 0, 3, 4, 0, 2, 0, 4, 4, 0, 0, 0, 0, -2, 0, 2, 0, 6, 0, 0, 1, 0, -1, 4, 0, 6, 0, 4, 2, 0, 5, 0, 8, 8, 0, 1, 0, -6, 2, 0, 0, 0, 8, -3, 0, 2, 0, 4, 10, 0, 9, 0, -1, 4, 0, 0, 0, 8, 2, 0, 0, 0, 8, 14, 0, 4, 0, 1, 6, 0, -3, 0, 4, -4, 0, 8, 0, 2, 9, 0, 5, 0, 8, 13, 0, 0, 0, 8, 4, 0, 10, 0, 18, 6, 0, 0, 0, 0, 10, 0, -3]
[0, 0, 0, 0, 0, 0, 0, 0, 0, 0, 0, 0, 0, 0, 0, 0, 0, 0, 0, 0, 0, 0, 1, 1, 0, 1, 0, 0, 1, 0, 0, 0, 1, 0, 0, 0, 0, 1, 0, 0, 0, 0, 0, 1, 0, 2, 0, -1, 1, 0, 1, 0, 2, 0, 1, 1, -1, 0, 0, 0, 7, 8, 7, 4, -8, 4, 16, 15, -1, -18, -20, -7, 12, 3, -3, -17, -32, 5, 25, 21, 5, -7, -20, 13, 32, 5, 5, -17, -1, 5, 28, -1, 34, 39, -29, 16, 22, 21, -3, -3, -22, -46, -20, -21, 17, 11, -28, -34, -37, 56, 51, 60, -27, -78, -18, 57, 49, -24, 57, -88, -51, 61, 120, 61, -18, -24, -29, 111, 49, -47, -8, -77, -43, 15, -3, -70, -25, 44, -79, 59, 61, 98, -18, 17, 50, 21, 22, 12, 93, -100, -33, -132, 57, 160, -3, -42, -32, -10, -3, 185, 6, -143, -35, -101, -77, -13, 31, -73, -29, 64, 52, 212, 32, 57, 86, 193, -13, -43, 88, -169, 0, -142, 102, 6, -26, 81, -22, 55, -16, 168, -41, 94, -78, -263, -66, -108, 29, 101, -56, -195, 55, 254, 8, 206, 148, 64, -8, 34, 170, -206, 64]
[0, 0, 0, 0, 0, 0, 0, 0, 0, 0, 0, 0, 0, 0, 0, 0, 0, 0, 0, 0, 0, 0, 0, 0, 0, 0, 1, 0, -1, 0, 0, 0, 1, 1, -1, 0, -1, -1, 1, 0, 0, 1, 1, 0, 0, -1, 1, 1, 0, 0, 0, 0, -1, 0, 1, 2, 0, 1, 1, 0, -8, -12, 3, 5, -1, -1, -6, -11, 0, 15, 14, 17, 0, -7, -1, 10, 20, 1, -6, -25, -7, 5, 7, -7, 3, 6, -33, 8, 18, 1, -19, -15, -13, 4, 6, -17, 6, 4, -19, 11, 42, 34, 9, 6, -12, -10, 54, 17, 4, -41, -36, -36, 10, 22, 18, 9, -88, -2, 11, 46, 10, -34, -25, 23, -26, -29, 62, -26, -29, 45, 33, 45, 42, -25, 19, 59, 22, -29, 36, -75, -70, -72, -21, -29, 12, 33, -122, 2, -1, 98, 47, 80, -18, -14, -53, -42, 154, 23, -19, -85, 28, 91, 38, -35, 73, 55, -59, 32, 16, -119, -78, -124, -20, 51, -40, -77, -110, 61, 5, 153, 86, 84, -17, 62, -36, -120, 210, 9, -15, -95, -25, -78, 48, -2, 95, 124, -157, -66, 45, 73, -72, -143, -33, 40, -110, -41, -7, -16, -16, 200, 141]
[0, 0, 0, 0, 0, 0, 0, 0, 0, 0, 0, 0, 0, 0, 0, 0, 0, 1, -1, 0, 0, 0, -1, 0, 0, 0, 0, -1, 1, 1, 1, 0, 1, 0, 1, 0, 1, 0, 0, 0, 0, 0, -1, -1, -1, -1, 0, 0, 0, 0, 0, 0, 0, -1, 0, -2, -1, 0, 0, -1, -1, 1, -3, 7, 6, -4, 0, -4, -1, 19, 6, -19, -3, 3, -6, 26, 11, -25, 2, 8, -11, 33, 21, -50, 8, 11, -25, 31, -1, -63, 16, 42, -52, 1, 17, -47, 43, 12, -41, 23, 4, -50, 39, 56, -59, 4, -3, -3, 75, 12, -59, 16, 31, 8, 82, -42, -75, 71, -24, -31, 82, -34, -102, 26, -16, -2, 120, -125, -100, 155, -38, -87, 85, -27, -42, 133, -54, -99, 120, 9, -34, 126, -49, -88, 91, -21, -36, 127, -65, -170, 88, 52, -45, -13, -85, 3, 148, -66, -27, 100, -63, 0, 140, -49, 2, 78, -128, 38, 88, -101, -20, 140, -100, -15, 115, -238, 1, 223, -91, -139, 55, -150, -101, 237, -71, -86, 162, -169, -10, 309, -32, -122, 181, 4, -41, 199, -144, -42, 164, -19, 6, 99, -108, -121, 126, -112, -26, 32, -201, -25, 105]
[0, 0, 0, 0, 0, 0, 0, 0, 0, 0, 0, 0, 0, 0, 0, 0, 0, -1, 1, 0, 0, 0, 0, 0, 0, 0, 1, 1, -1, 0, 0, 1, 1, 1, 0, 0, -1, 1, 0, -1, 0, 1, 0, -1, 0, 0, 0, 1, -1, 0, -1, -1, 0, -1, 0, 1, 0, 1, 0, -1, 4, 1, 0, 11, -3, -6, 19, 1, -5, 4, -9, -20, 18, 4, -16, 10, -30, -16, 33, 21, -11, 33, -15, -43, 51, 20, -25, 14, -11, -57, 36, 27, -16, 39, -21, -39, 72, 30, -48, 22, -7, -102, 23, 42, -40, 9, -30, -40, 43, 67, -4, 78, -21, -84, 55, 26, -34, 37, 15, -121, 11, 26, 47, 75, -40, -37, 86, -33, -29, 107, -27, -164, 33, 0, -46, 55, -86, -54, 34, 46, 1, 221, -95, -94, 150, 1, -19, 165, 19, -258, 47, -91, 39, 147, -100, -61, 114, -105, -38, 287, -39, -155, 77, -118, -77, 80, -102, -34, 35, -61, 2, 358, -76, -6, 199, -53, -36, 186, -9, -301, 45, -290, 17, 224, -100, -25, 160, -156, -26, 464, -51, -48, 50, -228, -126, 99, -119, 92, 94, -226, 1, 343, -88, 61, 288, -74, -56, 71, -50, -220, 190]
[0, 0, 0, 0, 0, 0, 0, 0, 0, 0, 0, 0, 0, 0, 0, 0, 1, 0, 0, 0, 1, 0, 0, 0, -1, -1, 0, 0, 0, 0, -1, 1, -1, -1, 0, 0, 0, 1, -1, -1, 0, 0, 0, -1, 0, 1, 0, 0, -2, 0, 0, 1, 0, 1, 0, -1, 0, 0, 1, 0, 31, 45, 7, 5, -30, 3, 86, 40, -29, -60, -92, -130, 80, 37, -48, -47, -184, -71, 137, 172, -29, 93, -133, -100, 220, 75, -22, 29, -22, -207, 192, 164, 11, 120, -108, -53, 260, 119, -172, 0, -93, -517, 56, 126, -125, -2, -236, -269, -1, 459, 101, 412, -202, -436, 162, 153, 119, 169, 146, -686, -101, 256, 403, 292, -154, -113, 160, 36, -1, 207, -196, -876, 15, 94, -230, -9, -393, -181, -59, 548, 257, 1149, -442, -407, 633, 46, 162, 688, 187, -1421, 19, -659, 282, 737, -252, -276, 56, -595, -197, 1468, -218, -962, 116, -412, -575, 111, -202, -230, 50, 167, 227, 1940, -274, -147, 908, 250, 123, 638, 144, -1823, -12, -1601, 288, 699, -343, 179, 72, -844, -177, 2300, -231, 164, -88, -1251, -756, -122, -125, 745, 69, -1200, 244, 1923, -351, 368, 1476, -70, -164, 217, 104, -1639, 431]
[0, 0, 0, 0, 0, 0, 0, -1, 0, 0, 0, 0, 0, 0, 0, 0, -1, 1, 1, 0, 0, 0, -1, -1, 1, 0, 0, -1, 0, 1, -1, 0, 0, 0, 1, 0, 1, 0, -1, 0, 1, 1, 0, 0, 0, -1, 1, 0, 0, 0, 0, 1, 0, 1, 1, 0, 0, 0, 0, -1, -55, -83, -7, -8, 32, 2, -133, -63, 32, 95, 140, 258, -137, -93, 97, 41, 305, 137, -220, -310, 55, -209, 190, 221, -350, -135, -5, -86, 94, 427, -326, -321, 10, -161, 174, 150, -433, -198, 249, -26, 207, 944, -146, -323, 242, -23, 474, 415, -130, -760, -145, -714, 294, 646, -325, -150, -224, -383, -115, 1136, 59, -365, -540, -373, 205, 90, -280, 132, 29, -457, 363, 1536, -45, -221, 455, -88, 707, 345, -41, -950, -433, -2076, 687, 690, -1047, 27, -455, -1267, -167, 2562, -60, 1082, -490, -1029, 433, 317, 36, 1034, 223, -2472, 398, 1634, -253, 442, 991, -222, 399, 265, -137, -266, -396, -3368, 475, 431, -1580, -94, -374, -1197, -108, 3221, 128, 2764, -370, -1254, 543, -355, 58, 1550, 115, -4051, 216, -118, 22, 1566, 1431, 119, 97, -1300, -253, 1932, -415, -3264, 462, -203, -2621, 222, 325, -408, 156, 2849, -573]
[0, 0, 0, 0, 0, 0, 0, 0, 0, 0, 0, 0, 0, 0, 0, 0, 0, 0, 0, 0, 0, 0, 1, 0, -1, 0, 0, 0, 0, 0, 0, -1, 0, 1, 0, 0, -1, 0, 1, -1, -1, 0, 0, 1, 1, 1, 0, 0, 0, -1, 0, 1, 2, 0, -2, 0, 0, 1, 0, 0, 1, -3, 2, 1, -3, -1, -2, 1, 2, -1, -1, -3, 2, 3, 0, 1, -3, 0, 2, -3, -3, 1, 2, 3, 0, 2, -2, 1, 2, -4, 0, -1, 4, 2, -4, 1, 0, 4, 2, -3, 3, -7, 2, 4, -3, -2, -6, 4, 4, -2, -2, -4, 6, 2, -4, 0, -6, 2, 3, -2, -1, -1, 6, 3, -6, 1, -4, 5, 6, -7, 0, -7, 2, 8, -2, 2, -3, 5, 6, -9, 1, -5, 6, 6, -4, 0, -6, 6, 4, -3, 2, -7, 6, 4, -12, -4, -10, 10, 8, -3, 2, -10, 8, 7, -9, 1, -6, 10, 8, -9, 0, -6, 8, 10, -8, 0, -9, 5, 10, -10, -2, -11, 8, 9, -9, 0, -8, 9, 12, -13, 2, -10, 8, 14, -10, 0, -11, 18, 9, -13, 0, -11, 14, 14, -16, -3, -16, 14, 14, -9, 2]
[0, 0, 0, 0, 0, 0, 0, 0, 0, 0, 0, 0, 0, 0, 0, 0, 0, 0, 0, 0, 0, 0, -1, 0, 0, -1, 0, 1, 1, 0, 1, 0, 0, 0, 0, 0, 0, 1, -1, 0, 0, 0, 0, 0, 0, -1, 1, 0, -2, 0, 2, 0, -1, 0, 0, -1, -1, 0, 1, -1, -9, -11, 0, 7, -1, -8, -4, -9, 6, 30, 17, -2, -6, -4, -3, 33, 24, -17, -4, -19, -13, 33, 21, -49, 12, 18, -59, 29, 8, -55, -7, 21, -51, 2, 14, -67, 50, 22, -49, 32, 51, -17, 32, 58, -63, -5, 50, 9, 66, -27, -84, -18, 36, 24, 86, -21, -159, 54, -7, 9, 66, -58, -93, 35, -56, -45, 171, -126, -98, 179, 7, -46, 94, -37, -8, 178, -33, -116, 122, -76, -108, 49, -58, -99, 100, 12, -176, 111, -51, -57, 113, 112, -34, -24, -145, -57, 306, -43, -32, 27, -2, 76, 125, -78, 73, 142, -178, 74, 64, -235, -125, 22, -100, 29, 71, -286, -141, 242, -58, 18, 129, -73, -84, 271, -120, -196, 386, -136, -21, 190, -40, -196, 178, 18, 64, 299, -309, -74, 155, 22, -80, -39, -111, -75, 2, -146, -49, -21, -180, 179, 247]
[0, 0, 0, 0, 0, 0, 0, 0, 0, 0, 0, 0, 0, 0, 0, 0, 0, 0, 0, 0, 0, 0, 0, 0, 0, 0, -1, 0, 1, 0, -1, 0, 0, -1, 0, 0, 1, 1, 0, -1, 2, 0, 0, 2, 0, 1, 0, 1, 0, 0, 0, 0, 0, 1, 0, -1, 1, 0, 1, -1, -20, -14, -1, -13, 11, -9, -51, -11, 27, 19, 51, 52, -46, 3, 36, 21, 95, 39, -83, -72, 28, -62, 60, 69, -130, -35, 32, -22, -8, 116, -121, -72, 16, -112, 54, 36, -158, -77, 142, -13, 53, 258, -35, -44, 78, 15, 106, 141, -9, -227, -31, -203, 101, 258, -99, -91, -25, -65, -117, 339, 23, -114, -190, -247, 83, 81, -128, -18, 57, -158, 127, 441, -62, 20, 134, -21, 216, 129, 9, -249, -120, -590, 280, 257, -369, -84, -51, -354, -112, 726, -56, 305, -88, -457, 154, 181, -104, 289, 155, -755, 178, 458, -153, 397, 290, -54, 136, 148, -84, -16, -151, -998, 189, -43, -492, -112, -24, -416, -55, 913, -60, 816, -101, -504, 193, -3, -138, 395, 181, -1211, 223, -28, -43, 881, 400, 0, 120, -243, -142, 590, -128, -956, 295, -360, -795, 47, 104, -138, -61, 772, -353]
[0, 0, 0, 0, 0, 0, 0, 0, 0, -1, 0, 0, 0, 0, 1, 0, 0, 1, -1, 0, -1, 0, -1, 1, 0, 0, 0, -1, 1, -1, 0, 0, 1, -1, 0, -1, 0, 0, 0, 0, 0, -1, 1, 1, -1, 0, 0, -1, -1, 0, 0, 0, 1, 0, 0, 0, 0, 0, 1, -1, -26, -25, 1, 11, -11, -17, -52, -23, 18, 58, 57, 32, -45, -21, 33, 59, 119, -11, -63, -83, -11, 4, 94, -33, -73, 9, -93, 30, 46, -10, -79, -21, -87, -22, 51, -91, -33, -4, -37, 50, 136, 158, 22, 9, -40, 17, 196, 96, 84, -221, -216, -186, 150, 180, 74, -96, -334, 32, -17, 259, 159, -175, -320, 11, -84, -79, 214, -172, -188, 174, 90, 220, 172, -130, 132, 309, 129, -132, 216, -330, -287, -360, 74, -3, -103, 28, -448, -91, -131, 462, 210, 408, -208, -244, -187, -47, 550, 175, -13, -505, 29, 463, 215, -84, 378, 205, -238, 167, 139, -481, -324, -694, -78, 181, -263, -509, -376, 156, -134, 748, 322, 466, -260, 223, -129, -427, 706, 122, -35, -594, -74, -364, 379, 286, 496, 568, -584, -464, 246, 428, -217, -768, -127, -139, -668, -181, -6, -78, -273, 937, 300]
[0, 0, 0, 0, 0, 0, 0, 0, 0, 0, 0, 0, 0, 0, 0, 0, 0, 0, 0, 0, 0, 0, 0, 0, 0, 0, 0, 0, 0, 0, -1, 0, 0, -1, 1, 0, -1, -1, 1, 1, 1, 0, -1, 1, 0, 1, 1, 0, -1, 0, 0, 0, -2, 0, 0, 0, -2, 0, 1, 1, -2, -1, -2, -14, 11, 4, -9, -3, 2, -8, 12, 28, -10, 2, 2, -14, 23, 28, -31, -20, 16, -39, 0, 57, -44, -25, 36, -22, -4, 77, -47, -46, 40, -55, 15, 53, -76, -46, 84, -21, -8, 112, -28, -44, 59, -4, 12, 44, -58, -63, 52, -65, -10, 88, -77, -13, 78, -58, -42, 121, -53, -9, 2, -133, 73, 62, -131, 57, 90, -155, 51, 197, -85, 41, 30, -121, 91, 111, -83, -41, 17, -241, 115, 133, -161, -36, 85, -192, -9, 290, -95, 51, 6, -175, 146, 95, -200, 103, 64, -281, 88, 131, -160, 235, 45, -99, 156, 20, -92, 138, 4, -366, 121, -68, -202, 133, 79, -291, 24, 309, -113, 336, 36, -378, 145, 109, -262, 181, 87, -526, 123, 116, -159, 346, 85, -194, 217, -9, -179, 202, -22, -312, 179, -114, -247, 86, 77, -65, 83, 160, -253]
[0, 0, 0, 0, 0, 0, 0, 0, 0, 0, 0, 0, 0, 0, 0, 0, 0, 0, 0, 0, 0, 0, 0, 0, 0, 0, 0, 0, 0, 0, 0, 0, 0, 1, 1, 1, 0, 0, 0, 1, 0, 0, 1, -2, -1, -2, 0, -1, 1, 0, -1, -1, 0, 0, -1, 1, -1, 1, 0, -1, 5, 6, -8, 4, 9, 3, 4, 3, -8, 0, -4, -14, 11, 3, -9, 0, -7, -18, 13, 17, -4, 13, 2, -25, 1, 4, 12, 21, -8, -29, 25, 20, -20, 16, 6, -9, 13, 4, -21, 7, -33, -34, 31, 20, -17, 5, -39, -27, 48, 22, -9, 21, -8, -28, 22, -13, 27, 54, -13, -30, 49, -1, -32, 27, 24, 8, 7, -54, -43, 39, -40, -45, 42, -6, -43, 13, -38, -39, 51, 43, 23, 80, -37, -44, 25, 3, 82, 104, -32, -120, 25, -19, -18, 48, 10, 5, -52, -74, -24, 74, -76, -41, 90, -23, -47, 10, -15, -18, 79, 34, 64, 106, -60, -58, 63, -52, 83, 131, -61, -130, -10, -82, -45, 139, 7, -5, -88, -127, -20, 156, -28, -10, 99, -62, -93, 71, 59, 22, 112, -30, 49, 100, -70, -70, 124, -46, -2, 89, -103, -126, -28]
[0, 0, 0, 0, 0, 0, 0, 0, 0, 0, 0, 0, 1, -1, 0, 0, 0, 1, -1, 0, 1, 0, -1, 0, 0, 0, 0, 0, 1, 0, 0, 0, -1, 0, 0, 0, 0, 0, 0, 0, 1, 0, 0, 1, 0, 0, 1, 0, 2, 0, 0, 1, 1, 0, 0, -1, -2, 0, 0, -1, 1, -6, -6, 18, -5, 2, 7, 4, -6, 8, -8, 8, 8, -23, 0, 0, -5, 4, 26, -14, -6, 5, 6, -24, 19, -3, -25, -8, 6, -1, 29, -13, -21, 79, -12, -16, 28, 22, -49, 18, -1, -1, 5, -30, -3, 12, 19, -3, 14, -12, -25, 8, 5, -74, 7, 39, -46, -36, 62, -6, 21, 0, 19, 118, -31, -62, 45, 48, -60, 31, 3, -2, 35, -84, 18, 20, -5, 1, -6, -62, -26, -2, -38, -8, 37, 59, -85, -16, 58, 39, 48, -6, -36, 163, -55, -59, 120, 34, -44, 46, -38, 0, 80, -268, 22, 23, -42, -76, 54, -91, 1, 14, -28, 177, 33, 44, -107, 47, -15, 51, 107, 3, -39, 154, -55, -78, 182, 114, -90, 6, -137, -38, 83, -358, 38, 82, -112, -151, 114, -58, 0, 21, -90, 266, 1, -7, -33, 70, 67, 83, 185]
[0, 0, 0, 0, 0, 0, 0, 0, 0, 0, 0, 0, 1, 0, 0, 0, 0, 0, 0, 0, 0, 0, -1, 0, 0, 1, 0, 0, 0, -1, 0, 0, 2, 1, -1, 0, 0, 0, 0, -1, 0, 0, 0, -1, 0, 1, -1, -1, 0, 1, 0, 0, 1, 1, 1, 1, 0, -1, -1, 1, 27, 16, 16, 27, -33, 17, 67, 29, -25, -47, -86, -44, 55, -17, -27, -54, -141, -15, 115, 84, -14, 32, -88, -47, 163, 30, -29, -26, 18, -77, 153, 46, 33, 192, -94, 4, 169, 108, -156, -9, -74, -279, -16, -22, -39, -15, -118, -168, -81, 287, 106, 249, -132, -384, 33, 201, 93, -35, 243, -433, -120, 201, 389, 377, -129, -138, 50, 242, 7, 38, -129, -495, -12, -55, -97, -131, -224, -41, -166, 291, 199, 621, -307, -201, 390, 168, 31, 270, 305, -747, -19, -467, 162, 732, -137, -253, 50, -221, -178, 913, -159, -612, 70, -671, -369, -25, -61, -290, -3, 82, 243, 1158, -116, 267, 526, 476, -49, 269, 216, -1023, 63, -925, 256, 476, -220, 82, 108, -149, -246, 1249, -345, 168, -112, -1420, -423, -228, -75, 255, 20, -810, 215, 1156, -301, 842, 863, 128, -125, 142, 416, -946, 435]
[0, 0, 0, 0, 0, 0, 0, 0, 0, 0, 1, 0, 0, 0, 0, 0, 0, 0, -1, 0, -1, 0, 0, 0, 0, 1, 1, -1, 1, 1, 0, 0, 1, -2, 0, 0, 0, 1, -1, 1, 1, 0, 0, 1, 0, 0, 1, 0, 0, 0, 1, 1, 0, 0, -1, 0, 1, 0, 0, 0, -1, 4, 9, 8, -6, 5, 8, 8, 2, -10, -13, 10, 1, -3, 7, -19, -18, 3, 11, 4, 2, -16, -15, 6, 24, 6, -4, -26, 13, 24, 17, -11, 17, 33, -19, 21, 11, 15, -20, -7, 2, 0, -28, -32, 27, -8, 13, -23, -52, 28, 28, 21, -15, -70, -30, 71, 22, -36, 70, -37, -44, 49, 88, 70, -18, -44, -16, 105, 12, -50, 2, -11, -22, -21, 27, -65, 8, 22, -67, 17, 24, 3, -32, 5, 21, 62, -36, -17, 88, 18, -18, -67, 31, 146, 2, -70, 22, 10, -29, 81, 14, -51, -26, -161, -10, -16, 39, -74, -46, 33, 35, 66, 8, 111, 19, 179, -55, -47, 78, -6, 23, -22, 74, 10, -15, 4, 48, 67, -51, 6, -72, 90, -61, -321, 26, -47, -8, 3, -57, -98, 44, 99, -44, 233, 20, 59, 19, -7, 153, -33, 75]
[0, 0, 1, 0, 0, 0, 0, 0, 0, 0, 0, 0, 0, -1, 0, -1, 0, 0, 1, 0, 0, 0, -1, 0, 0, 0, 0, 0, -1, -1, 0, 0, 0, -1, 0, 0, -1, 0, 0, 0, 0, 0, 1, 0, 0, 0, 0, 1, -1, 1, 1, -1, 0, -1, 0, -1, -1, -1, 2, -1, 6, -12, -22, 65, 2, 11, 13, -20, -30, 36, -14, -32, 31, -37, -29, 39, -7, -33, 58, 6, -41, 87, 45, -168, 54, 4, -72, 60, 31, -142, 104, 65, -133, 168, 10, -104, 123, 78, -211, 48, -31, -142, 93, 20, -132, -16, -15, -26, 194, 54, -144, 52, 55, -168, 167, -21, -172, 43, 86, -110, 221, -61, -152, 366, -75, -43, 258, -179, -305, 329, -147, -244, 275, -209, -104, 238, -153, -223, 245, 16, -43, 331, -228, -198, 264, 126, -107, 276, -5, -426, 249, 50, -167, 390, -222, -83, 338, -54, -190, 302, -306, -76, 490, -716, -55, 34, -290, -70, 296, -283, 102, 438, -315, 286, 294, -363, -70, 615, -189, -409, 242, -438, -237, 802, -196, -298, 412, -138, -250, 776, -374, -302, 508, -820, -170, 446, -351, -427, 608, -138, 84, 295, -456, 424, 381, -92, -128, 245, -300, -127, 474]
[0, 0, 0, 0, 0, 0, 0, 0, 0, 0, 0, 1, 0, 0, 0, 0, 0, 0, 0, -1, 0, -1, 0, 1, 0, 0, 0, 1, 1, 0, -1, 0, 1, 0, -1, 0, 1, 0, -1, 0, -1, 1, 0, -1, 0, -1, 0, 0, 0, 0, 1, -1, 0, 0, 0, 2, 1, -1, 1, 0, 26, 21, 8, 13, -20, 10, 63, 23, -23, -40, -68, -58, 56, 3, -35, -39, -139, -21, 101, 88, -17, 47, -86, -51, 144, 34, -11, -1, -2, -97, 138, 71, 24, 127, -77, -11, 164, 88, -120, -13, -79, -301, 12, 37, -58, -21, -154, -154, -37, 294, 101, 246, -135, -306, 57, 144, 115, 26, 152, -422, -91, 169, 323, 253, -81, -73, 48, 123, 18, 85, -138, -503, -10, 16, -142, -81, -246, -60, -104, 319, 200, 653, -279, -216, 371, 92, 131, 333, 208, -816, -32, -434, 180, 555, -105, -175, -34, -288, -132, 882, -142, -592, 50, -414, -384, -15, -58, -195, -4, 118, 229, 1167, -125, 67, 535, 322, 68, 316, 160, -1092, -32, -941, 230, 416, -179, 122, -42, -318, -145, 1307, -194, 134, -103, -998, -499, -200, 10, 377, 23, -744, 204, 1136, -213, 509, 905, 47, -130, 120, 231, -999, 273]
[0, 1, 1, 0, 0, 0, 0, 1, 0, 0, 0, -1, 0, 0, 0, 0, 0, 0, -1, -1, 0, 1, 0, 0, 0, 1, -1, -1, 0, 0, -1, -1, 1, 0, 1, 0, 0, 0, 0, 1, 0, 0, 0, 0, 0, 0, 0, -1, -1, 0, -1, 0, 0, 1, 1, 1, -1, -1, 1, 0, 95, 89, -3, 79, -47, 23, 288, 66, -116, -77, -226, -379, 272, 79, -206, -36, -527, -260, 453, 453, -155, 428, -298, -516, 687, 237, -187, 218, -62, -826, 648, 526, -154, 463, -273, -361, 924, 428, -709, 142, -289, -1610, 333, 542, -582, -51, -728, -744, 330, 1279, 70, 1198, -498, -1300, 720, 374, 85, 633, 375, -1960, 9, 544, 860, 1096, -443, -331, 925, -359, -359, 1199, -726, -2702, 407, 143, -845, 461, -1314, -850, 273, 1442, 629, 3643, -1536, -1504, 2183, 230, 440, 2435, 355, -4531, 420, -1643, 650, 2221, -992, -855, 610, -1865, -657, 4447, -831, -2635, 936, -1595, -1693, 565, -1087, -518, 508, -60, 701, 5913, -1159, -310, 2982, -139, 240, 2772, 69, -5566, 126, -4928, 469, 2993, -1211, 51, 744, -2831, -583, 7468, -888, -168, 429, -3796, -2465, 454, -707, 1788, 1040, -3387, 614, 5604, -1395, 1023, 4797, -640, -614, 847, -389, -4544, 1808]
[0, 0, 0, 0, 0, 0, 0, 0, 0, 0, 0, 0, 0, 0, 0, 0, 0, 0, 0, -1, -1, 1, 0, 1, 0, 0, 1, 1, 1, 0, 0, 0, 1, 0, 0, -1, -1, 0, 0, 0, 0, -1, 1, 0, -1, 1, 0, -1, 2, 0, 1, 0, 0, -1, 1, 1, -1, 0, -1, 0, 0, -9, 1, 10, -4, 4, -5, 0, 1, 2, 0, 35, -6, -23, 7, -4, 18, 27, -3, -39, 7, -28, 16, 24, -17, -21, -7, -25, 14, 62, -10, -55, 18, 47, -9, 24, -40, -1, 10, -2, 5, 87, -33, -73, 46, 5, 48, 36, -35, -72, 5, -54, 21, 6, -55, 33, -16, -91, 51, 104, -9, -22, 11, 52, 1, -23, -53, 113, 12, -92, 38, 152, -20, -65, 69, -62, 80, 76, -64, -115, -33, -211, 64, 105, -101, 55, -79, -185, 66, 300, -10, 46, -44, 32, 31, -2, 10, 164, 13, -221, 32, 123, -19, -139, 83, -54, 65, -47, -18, -34, -20, -300, 77, 185, -152, 135, -108, -171, 41, 332, 66, 275, 1, -92, 37, -36, 48, 327, -33, -449, -67, 12, -11, -119, 146, -47, -3, -210, -12, 113, -32, -278, 33, 245, -259, 91, 12, -10, 157, 287, 53]
[0, 0, -1, 0, 0, 1, 0, 0, 0, 0, 0, 0, 0, 1, 0, -1, 0, 0, -1, 0, 0, 0, 1, 0, 0, 2, 0, 0, 1, 0, 0, 0, -1, 0, 0, 1, -1, 0, -1, 0, -1, 0, 2, 1, 0, 0, 0, 0, 1, 0, 0, 1, 0, 1, 0, 1, 0, 0, 0, 0, -4, 26, 27, -81, 10, -5, -11, 30, 49, -77, 0, 30, -25, 57, 19, -80, -19, 79, -69, 21, 82, -127, -95, 248, -84, -24, 174, -113, -83, 217, -130, -100, 218, -241, -26, 188, -213, -131, 348, -88, -41, 172, -143, -40, 223, 15, -81, 63, -293, -37, 306, -34, -107, 212, -289, 42, 419, -131, -154, 125, -359, 119, 323, -576, 191, 159, -530, 324, 514, -591, 175, 346, -482, 345, 86, -510, 204, 430, -429, 80, 186, -422, 368, 395, -440, -214, 433, -464, 78, 530, -480, -198, 319, -518, 460, 262, -864, 125, 327, -405, 439, -19, -847, 1060, -58, -247, 556, 54, -538, 652, 19, -532, 531, -452, -426, 698, 339, -1073, 301, 407, -558, 606, 423, -1391, 410, 668, -1076, 348, 441, -1123, 622, 566, -914, 1249, 34, -969, 866, 668, -971, 160, -4, -294, 824, -558, -385, 306, 200, -341, 516, -146, -958]
[0, 0, 0, 1, 0, 0, 0, 0, 0, 1, 0, 0, 0, -1, -1, 0, 0, 0, 0, 0, 0, 0, -1, 0, 0, 0, 1, 0, 0, 0, 0, 1, 0, 1, 0, 0, 0, -1, 1, 2, 0, 0, -1, -1, -1, 0, -1, 0, 2, 0, -1, 0, 0, 0, 1, 0, -1, 1, 0, 0, 29, 19, 18, -9, 9, 24, 73, 17, -27, -51, -57, -29, 64, 13, -51, -64, -147, 3, 75, 83, 4, 19, -126, 31, 121, 12, 56, -13, -32, -23, 91, 24, 71, 12, -55, 70, 98, 26, 3, -46, -129, -212, -25, 34, -3, -49, -206, -129, -105, 282, 222, 223, -206, -194, -33, 150, 310, 2, 58, -349, -208, 190, 418, 0, 46, 46, -140, 148, 194, -91, -109, -336, -115, 187, -189, -265, -211, 75, -215, 380, 326, 505, -163, -127, 250, 2, 413, 225, 169, -666, -183, -456, 282, 314, 137, -24, -452, -302, -40, 702, -9, -551, -238, 91, -470, -163, 173, -134, -172, 431, 311, 958, -2, -214, 417, 501, 349, 5, 215, -992, -336, -704, 321, -105, 50, 366, -590, -312, 35, 959, 41, 332, -420, -410, -624, -553, 494, 630, -255, -563, 206, 984, 84, 160, 916, 118, -41, 23, 320, -1110, -133]
[0, 0, 0, 0, 1, 0, 0, 0, -1, 0, 0, 0, -1, 0, -1, 0, 0, 1, 0, 0, 1, -1, 0, -1, 0, 0, 0, -1, -1, 0, 0, -1, 0, 1, 1, -1, 0, 0, -1, -1, -1, -1, 0, -1, 0, 0, -1, 0, -1, 0, -1, 1, 0, -1, 0, -1, 0, 0, 1, -1, -26, 5, -29, -1, 31, -55, -26, -52, -4, 110, 85, -129, 0, 61, -44, 157, 78, -140, -14, 46, -79, 205, 89, -232, 25, 82, -111, 217, -49, -373, -3, 230, -251, -160, 72, -299, 183, 14, -125, 115, 100, -302, 253, 405, -312, 46, -11, 3, 460, 4, -353, 68, 120, 208, 454, -330, -453, 485, -351, -121, 398, -236, -594, -174, -88, 55, 645, -906, -388, 849, -78, -461, 420, 85, -230, 841, -265, -536, 715, 45, -305, 687, -211, -523, 435, -290, -182, 829, -580, -879, 464, 317, -141, -492, -505, 45, 764, -526, -23, 414, -188, 21, 592, 475, 68, 543, -736, 449, 418, -615, -380, 674, -505, -616, 533, -1608, 10, 1230, -561, -728, 226, -778, -517, 992, -371, -417, 838, -1317, 161, 1565, 180, -782, 821, 1094, -223, 1166, -827, 185, 797, -7, -259, 425, -305, -1431, 582, -815, -195, 143, -1379, -82, 413]
[0, 0, 0, 0, 0, 0, 1, 0, 0, 0, 0, -1, 0, 0, 0, 0, -1, 0, 0, 0, 0, 0, -1, -1, 0, -1, -1, -1, 0, 1, 0, 0, 0, 0, 1, -1, 0, 0, 0, -1, 1, 0, -2, -2, -1, 0, 0, 0, -1, 0, 0, 0, -1, 0, 1, 1, 0, 1, -1, -1, -32, 18, -13, -24, 21, -33, -84, -7, 31, 31, 84, -19, -70, 44, 42, 69, 167, -27, -120, -26, 16, -37, 111, 1, -163, -7, 25, 42, -32, 7, -143, 24, -63, -190, 64, -59, -168, -99, 141, 28, 67, 179, 41, 43, 30, 88, 124, 111, 151, -265, -179, -175, 177, 346, 30, -270, -177, 150, -256, 340, 204, -173, -496, -323, 72, 87, 45, -307, -95, 37, 129, 334, 63, 18, 122, 243, 208, -50, 259, -221, -252, -421, 299, 165, -333, -230, -146, -125, -368, 525, 131, 399, -212, -645, -24, 212, 148, 149, 133, -705, 64, 477, 82, 596, 411, 164, -86, 241, 132, -148, -331, -915, 16, -327, -423, -637, -50, -109, -293, 818, 88, 683, -361, -229, 72, -125, 146, -28, 209, -873, 260, -216, 300, 1259, 507, 436, -197, -254, 84, 597, -238, -854, 147, -971, -842, -174, 146, -23, -582, 798, -313]
[0, 0, 0, 0, 0, 0, -1, -1, 1, 0, 0, 0, -1, 0, 0, 0, 0, -1, 1, 1, 0, 0, 1, 1, 0, 0, 0, 1, -1, -1, -1, 0, 1, 0, 0, 0, 0, 0, 0, 0, 0, 1, -1, -2, 1, 1, -1, 0, 0, 0, 1, 0, 0, 0, 0, 2, -1, -1, 0, 0, -49, -145, 20, 2, 9, 50, -132, -62, 41, 63, 102, 485, -170, -211, 149, -75, 304, 313, -259, -485, 122, -416, 164, 486, -438, -252, 27, -306, 190, 854, -411, -653, 218, -27, 177, 426, -651, -235, 360, -126, 214, 1500, -436, -775, 528, -107, 660, 560, -597, -1010, 116, -1024, 270, 644, -786, 150, 13, -1004, 219, 1564, -306, -300, -129, -272, 285, 42, -821, 975, 356, -1222, 520, 2390, -394, -388, 759, -793, 1095, 891, -697, -1353, -316, -3318, 1001, 1283, -1634, 332, -542, -2401, 350, 4108, -482, 1198, -526, -900, 939, 294, -440, 1836, 282, -3529, 699, 2163, -834, -17, 1197, -769, 1059, -13, -601, -6, -215, -4958, 1038, 1259, -2452, 1210, -608, -2580, 398, 4822, 16, 4216, 4, -2406, 958, -193, -436, 3251, -47, -6559, 35, 396, -708, 917, 1994, -834, 691, -1959, -994, 2511, -356, -4674, 812, 1227, -3813, 938, 481, -791, 1474, 3897, -876]
