80 3 57 56 55
[1, 0, -2, 0, 3, 0, -3, 0, 3, 0, -1, 0, -1, 0, -2, 0, 3, 0, -4, 0, 4, 0, -3, 0, -3, 0, -2, 0, -3, 0, 4, 0, 1, 0, -4, 0, -3, 0, -2, 0, -1, 0, -3, 0, -2, 0, 2, 0, -1, 0, 2, 0, 2, 0, 7, 0, -1, 0, 2, 0, -2, 0, 9, 0, -113, 0, 133, 0, -308, 0, 150, 0, -85, 0, 81, 0, 97, 0, -79, 0, 353, 0, -457, 0, 903, 0, -331, 0, -12, 0, 11, 0, -637, 0, 165, 0, -700, 0, 558, 0, -1340, 0, 74, 0, 590, 0, -314, 0, 1458, 0, -69, 0, 485, 0, -269, 0, 1511, 0, 122, 0, -921, 0, -23, 0, -1946, 0, -630, 0, 363, 0, -254, 0, -1537, 0, 119, 0, 620, 0, 359, 0, 2123, 0, 639, 0, -1096, 0, 786, 0, 856, 0, -150, 0, -392, 0, -149, 0, -1964, 0, 104, 0, 1531, 0, -1417, 0, 70, 0, 132, 0, -746, 0, 153, 0, 825, 0, -1014, 0, -1052, 0, 790, 0, 346, 0, -828, 0, 1881, 0, 48, 0, -435, 0, 1596, 0, -1210, 0, 618, 0, -1919, 0, 502, 0, -1183, 0, -1112, 0, 1209, 0, -586, 0, 2493, 0, -996]
[0, 0, 0, 0, 0, 0, 0, 0, 0, 0, 0, 0, 0, 0, 0, 0, 0, 0, 0, 0, 0, 0, 0, 0, 0, 0, 0, 1, 0, 0, 0, 0, 0, 0, 0, -1, 0, 1, 0, 0, 0, 0, 0, 0, 0, 0, 0, 0, 0, 0, 0, 1, 0, 1, 0, 0, 0, 0, 0, 0, 0, 0, 0, 0, 0, 0, 0, 4, 0, -6, 0, 0, 0, 0, 0, 0, 0, 11, 0, 0, 0, 0, 0, -7, 0, 8, 0, 0, 0, 0, 0, 9, 0, -13, 0, 0, 0, 0, 0, -2, 0, -1, 0, 0, 0, 0, 0, 12, 0, 2, 0, 0, 0, 0, 0, 2, 0, 21, 0, 0, 0, 0, 0, -17, 0, 4, 0, 0, 0, 0, 0, 9, 0, -27, 0, 0, 0, 0, 0, 7, 0, 9, 0, 0, 0, 0, 0, 21, 0, 17, 0, 0, 0, 0, 0, 4, 0, 22, 0, 0, 0, 0, 0, -26, 0, -19, 0, 0, 0, 0, 0, 4, 0, -14, 0, 0, 0, 0, 0, 1, 0, 38, 0, 0, 0, 0, 0, 57, 0, -19, 0, 0, 0, 0, 0, 1, 0, 33, 0, 0, 0, 0, 0, -38, 0, 19, 0, 0, 0, 0, 0]
[0, 0, 0, 0, 0, 0, 0, 0, 0, 0, 0, 0, 0, 0, 0, 0, 0, 0, 0, 0, 0, 0, 0, 0, 0, 0, 0, -1, 0, -1, 0, 0, 0, 0, 0, 0, 0, 0, 0, 0, 0, 0, 0, 0, 0, -1, 0, 0, 0, 0, 0, -1, 0, 0, 0, 0, 0, 0, 0, 0, 0, 1, 0, 0, 0, 0, 0, -1, 0, -8, 0, 0, 0, 0, 0, -13, 0, 6, 0, 0, 0, 0, 0, 11, 0, -9, 0, 0, 0, 0, 0, 7, 0, -16, 0, 0, 0, 0, 0, -31, 0, 37, 0, 0, 0, 0, 0, 7, 0, -19, 0, 0, 0, 0, 0, 11, 0, -52, 0, 0, 0, 0, 0, -35, 0, 35, 0, 0, 0, 0, 0, 28, 0, 24, 0, 0, 0, 0, 0, -4, 0, -50, 0, 0, 0, 0, 0, -60, 0, -7, 0, 0, 0, 0, 0, 16, 0, 30, 0, 0, 0, 0, 0, 38, 0, -74, 0, 0, 0, 0, 0, -39, 0, 24, 0, 0, 0, 0, 0, -28, 0, 69, 0, 0, 0, 0, 0, 19, 0, -136, 0, 0, 0, 0, 0, -82, 0, 20, 0, 0, 0, 0, 0, 26, 0, 46, 0, 0, 0, 0, 0]
[0, 0, 0, 0, 0, 0, 0, 0, 0, 0, 0, 0, 0, 0, 0, 0, 0, 0, 0, 0, 0, 0, 0, 0, 0, 0, 0, 0, 0, 1, 0, 0, 0, 0, 0, 1, 0, 0, 0, 0, 0, 0, 0, 0, 0, -1, 0, 0, 0, 0, 0, 1, 0, -1, 0, 0, 0, 0, 0, 0, 0, 0, 0, 0, 0, 0, 0, -3, 0, 16, 0, 0, 0, 0, 0, -1, 0, 0, 0, 0, 0, 0, 0, 19, 0, -44, 0, 0, 0, 0, 0, 5, 0, 16, 0, 0, 0, 0, 0, -30, 0, 89, 0, 0, 0, 0, 0, -3, 0, -40, 0, 0, 0, 0, 0, 31, 0, -117, 0, 0, 0, 0, 0, 7, 0, 82, 0, 0, 0, 0, 0, 23, 0, 110, 0, 0, 0, 0, 0, -12, 0, -82, 0, 0, 0, 0, 0, -83, 0, -42, 0, 0, 0, 0, 0, 28, 0, 39, 0, 0, 0, 0, 0, 122, 0, -14, 0, 0, 0, 0, 0, -4, 0, 57, 0, 0, 0, 0, 0, -44, 0, 37, 0, 0, 0, 0, 0, -46, 0, -102, 0, 0, 0, 0, 0, -72, 0, 49, 0, 0, 0, 0, 0, 135, 0, 64, 0, 0, 0, 0, 0]
[0, 0, 0, 0, 0, 0, 0, 0, 0, 0, 0, 0, 0, 0, 0, 0, 0, 0, 0, 0, 0, 0, 0, 0, 0, 0, 0, 0, 0, 0, 0, 1, 0, 1, 0, 0, 0, 0, 0, 0, 0, 0, 0, 0, 0, 0, 0, -1, 0, 0, 0, 0, 0, 0, 0, 1, 0, 0, 0, 0, 0, 0, 0, -1, 0, -2, 0, 0, 0, 0, 0, 4, 0, 5, 0, 0, 0, 0, 0, 13, 0, 12, 0, 0, 0, 0, 0, -15, 0, -10, 0, 0, 0, 0, 0, -26, 0, -17, 0, 0, 0, 0, 0, 47, 0, 20, 0, 0, 0, 0, 0, 35, 0, 18, 0, 0, 0, 0, 0, -71, 0, -4, 0, 0, 0, 0, 0, -8, 0, 1, 0, 0, 0, 0, 0, 74, 0, -23, 0, 0, 0, 0, 0, -30, 0, -10, 0, 0, 0, 0, 0, -8, 0, 67, 0, 0, 0, 0, 0, 75, 0, 20, 0, 0, 0, 0, 0, -85, 0, -53, 0, 0, 0, 0, 0, -50, 0, -4, 0, 0, 0, 0, 0, 167, 0, -6, 0, 0, 0, 0, 0, -5, 0, 28, 0, 0, 0, 0, 0, -123, 0, 112, 0, 0, 0, 0, 0, 90, 0, -44, 0]
[0, 0, 0, 0, 0, 0, 0, 0, 0, 0, 0, 0, 0, 0, 0, 0, 0, 0, 0, 0, 0, 0, 0, 0, 0, 0, 0, 0, 0, 0, 0, 1, 0, 0, 0, 0, 0, 0, 0, -1, 0, 1, 0, 0, 0, 0, 0, 0, 0, 1, 0, 0, 0, 0, 0, 0, 0, 0, 0, 0, 0, 0, 0, -1, 0, -10, 0, 0, 0, 0, 0, 8, 0, 8, 0, 0, 0, 0, 0, 4, 0, 27, 0, 0, 0, 0, 0, -15, 0, -26, 0, 0, 0, 0, 0, -23, 0, -25, 0, 0, 0, 0, 0, 47, 0, 29, 0, 0, 0, 0, 0, 47, 0, 18, 0, 0, 0, 0, 0, -91, 0, 4, 0, 0, 0, 0, 0, -20, 0, -11, 0, 0, 0, 0, 0, 84, 0, -35, 0, 0, 0, 0, 0, -21, 0, -10, 0, 0, 0, 0, 0, 7, 0, 80, 0, 0, 0, 0, 0, 50, 0, 36, 0, 0, 0, 0, 0, -100, 0, -90, 0, 0, 0, 0, 0, -64, 0, 0, 0, 0, 0, 0, 0, 186, 0, -19, 0, 0, 0, 0, 0, 38, 0, 31, 0, 0, 0, 0, 0, -174, 0, 170, 0, 0, 0, 0, 0, 90, 0, -111, 0]
[0, 0, 0, 0, 0, 0, 0, 0, 0, 0, 0, 0, 0, 0, 0, 0, 0, 0, 0, 0, 0, 0, 0, 0, 0, 0, 0, 0, 0, 0, 0, 0, 0, 0, 0, 0, 0, 0, 0, 1, 0, 1, 0, 0, 0, 0, 0, -1, 0, -1, 0, 0, 0, 0, 0, -1, 0, 0, 0, 0, 0, 0, 0, 0, 0, -2, 0, 0, 0, 0, 0, 2, 0, 2, 0, 0, 0, 0, 0, 13, 0, 13, 0, 0, 0, 0, 0, -16, 0, -12, 0, 0, 0, 0, 0, -29, 0, -19, 0, 0, 0, 0, 0, 48, 0, 21, 0, 0, 0, 0, 0, 34, 0, 16, 0, 0, 0, 0, 0, -76, 0, -8, 0, 0, 0, 0, 0, -12, 0, -1, 0, 0, 0, 0, 0, 76, 0, -27, 0, 0, 0, 0, 0, -33, 0, -12, 0, 0, 0, 0, 0, -13, 0, 68, 0, 0, 0, 0, 0, 73, 0, 16, 0, 0, 0, 0, 0, -89, 0, -60, 0, 0, 0, 0, 0, -54, 0, -6, 0, 0, 0, 0, 0, 161, 0, -17, 0, 0, 0, 0, 0, -11, 0, 25, 0, 0, 0, 0, 0, -127, 0, 110, 0, 0, 0, 0, 0, 88, 0, -49, 0]
[0, 0, 0, 0, 0, 0, 0, -1, 0, 0, 0, 0, 0, 0, 0, 1, 0, 1, 0, 0, 0, 0, 0, 0, 0, 0, 0, 0, 0, 0, 0, 0, 0, 0, 0, 0, 0, 0, 0, 0, 0, 1, 0, 0, 0, 0, 0, 1, 0, 0, 0, 0, 0, 0, 0, 0, 0, 0, 0, 0, 0, 0, 0, -1, 0, -31, 0, 0, 0, 0, 0, 5, 0, 7, 0, 0, 0, 0, 0, 16, 0, 79, 0, 0, 0, 0, 0, -19, 0, -56, 0, 0, 0, 0, 0, -80, 0, -63, 0, 0, 0, 0, 0, 115, 0, 95, 0, 0, 0, 0, 0, 116, 0, 19, 0, 0, 0, 0, 0, -248, 0, -26, 0, 0, 0, 0, 0, -43, 0, 5, 0, 0, 0, 0, 0, 248, 0, -87, 0, 0, 0, 0, 0, -119, 0, -55, 0, 0, 0, 0, 0, -28, 0, 219, 0, 0, 0, 0, 0, 231, 0, 43, 0, 0, 0, 0, 0, -297, 0, -237, 0, 0, 0, 0, 0, -197, 0, 70, 0, 0, 0, 0, 0, 524, 0, -89, 0, 0, 0, 0, 0, 37, 0, 11, 0, 0, 0, 0, 0, -484, 0, 441, 0, 0, 0, 0, 0, 357, 0, -276, 0]
[0, 0, 0, 0, 0, 0, 0, 0, 0, 0, 0, 0, 0, 0, 0, 0, 0, 0, 0, 0, 0, 0, 0, 0, 0, 0, 0, 1, 0, 0, 0, 0, 0, 0, 0, -1, 0, 1, 0, 0, 0, 0, 0, 1, 0, 1, 0, 0, 0, 0, 0, -1, 0, -1, 0, 0, 0, 0, 0, 0, 0, 0, 0, 0, 0, 0, 0, 5, 0, -1, 0, 0, 0, 0, 0, 8, 0, 2, 0, 0, 0, 0, 0, -18, 0, 17, 0, 0, 0, 0, 0, -1, 0, -3, 0, 0, 0, 0, 0, 25, 0, -39, 0, 0, 0, 0, 0, 4, 0, 20, 0, 0, 0, 0, 0, -14, 0, 66, 0, 0, 0, 0, 0, 10, 0, -36, 0, 0, 0, 0, 0, -22, 0, -55, 0, 0, 0, 0, 0, 7, 0, 48, 0, 0, 0, 0, 0, 69, 0, 20, 0, 0, 0, 0, 0, -12, 0, -8, 0, 0, 0, 0, 0, -72, 0, 40, 0, 0, 0, 0, 0, 27, 0, -44, 0, 0, 0, 0, 0, 25, 0, -41, 0, 0, 0, 0, 0, 28, 0, 96, 0, 0, 0, 0, 0, 63, 0, 6, 0, 0, 0, 0, 0, -74, 0, -37, 0, 0, 0, 0, 0]
[0, 0, 0, 0, 0, -1, 0, 0, 0, 0, 0, 1, 0, 0, 0, 0, 0, 0, 0, 0, 0, 1, 0, 0, 0, 0, 0, 1, 0, 0, 0, 0, 0, 0, 0, 0, 0, 0, 0, 0, 0, 0, 0, 1, 0, -1, 0, 0, 0, 0, 0, -1, 0, 0, 0, 0, 0, 0, 0, 0, 0, 0, 0, 0, 0, 0, 0, -36, 0, 45, 0, 0, 0, 0, 0, -28, 0, 16, 0, 0, 0, 0, 0, 113, 0, -202, 0, 0, 0, 0, 0, 69, 0, 31, 0, 0, 0, 0, 0, -205, 0, 461, 0, 0, 0, 0, 0, 21, 0, -230, 0, 0, 0, 0, 0, 140, 0, -614, 0, 0, 0, 0, 0, -47, 0, 431, 0, 0, 0, 0, 0, 161, 0, 510, 0, 0, 0, 0, 0, -70, 0, -438, 0, 0, 0, 0, 0, -506, 0, -205, 0, 0, 0, 0, 0, 161, 0, 224, 0, 0, 0, 0, 0, 606, 0, -250, 0, 0, 0, 0, 0, -72, 0, 324, 0, 0, 0, 0, 0, -290, 0, 400, 0, 0, 0, 0, 0, -152, 0, -765, 0, 0, 0, 0, 0, -471, 0, 210, 0, 0, 0, 0, 0, 641, 0, 381, 0, 0, 0, 0, 0]
[0, 0, 0, -1, 0, 0, 0, 0, 0, 0, 0, 1, 0, 0, 0, 0, 0, 0, 0, 0, 0, 1, 0, 0, 0, 0, 0, 0, 0, 0, 0, 0, 0, 0, 0, -2, 0, 0, 0, 0, 0, 0, 0, 0, 0, 0, 0, 0, 0, 0, 0, 0, 0, 0, 0, 0, 0, 0, 0, 0, 0, 0, 0, 0, 0, 0, 0, 1, 0, -53, 0, 0, 0, 0, 0, 21, 0, -26, 0, 0, 0, 0, 0, -61, 0, 162, 0, 0, 0, 0, 0, -14, 0, 3, 0, 0, 0, 0, 0, 101, 0, -305, 0, 0, 0, 0, 0, -6, 0, 154, 0, 0, 0, 0, 0, -119, 0, 408, 0, 0, 0, 0, 0, 44, 0, -336, 0, 0, 0, 0, 0, -88, 0, -360, 0, 0, 0, 0, 0, 11, 0, 318, 0, 0, 0, 0, 0, 280, 0, 69, 0, 0, 0, 0, 0, -111, 0, -200, 0, 0, 0, 0, 0, -373, 0, 172, 0, 0, 0, 0, 0, 78, 0, -126, 0, 0, 0, 0, 0, 157, 0, -150, 0, 0, 0, 0, 0, 47, 0, 453, 0, 0, 0, 0, 0, 324, 0, -228, 0, 0, 0, 0, 0, -379, 0, -301, 0, 0, 0, 0, 0]
[0, 0, 0, 0, 0, -1, 0, 0, 0, 0, 0, 1, 0, 0, 0, 0, 0, 0, 0, 1, 0, 0, 0, 0, 0, 0, 0, 0, 0, 1, 0, 0, 0, 0, 0, 0, 0, 0, 0, 0, 0, 0, 0, 0, 0, 1, 0, 0, 0, 0, 0, -1, 0, 0, 0, 0, 0, 0, 0, 1, 0, 0, 0, 0, 0, 0, 0, -37, 0, 45, 0, 0, 0, 0, 0, -9, 0, -19, 0, 0, 0, 0, 0, 87, 0, -129, 0, 0, 0, 0, 0, 29, 0, 63, 0, 0, 0, 0, 0, -103, 0, 260, 0, 0, 0, 0, 0, -11, 0, -136, 0, 0, 0, 0, 0, 80, 0, -397, 0, 0, 0, 0, 0, 35, 0, 237, 0, 0, 0, 0, 0, 68, 0, 368, 0, 0, 0, 0, 0, -57, 0, -242, 0, 0, 0, 0, 0, -335, 0, -166, 0, 0, 0, 0, 0, 90, 0, 64, 0, 0, 0, 0, 0, 426, 0, -55, 0, 0, 0, 0, 0, -15, 0, 238, 0, 0, 0, 0, 0, -165, 0, 146, 0, 0, 0, 0, 0, -240, 0, -334, 0, 0, 0, 0, 0, -232, 0, 47, 0, 0, 0, 0, 0, 487, 0, 162, 0, 0, 0, 0, 0]
[0, 0, 0, 1, 0, 0, 0, 0, 0, 0, 0, -1, 0, -1, 0, 0, 0, 0, 0, 1, 0, 0, 0, 0, 0, 0, 0, 0, 0, 0, 0, 0, 0, 0, 0, 0, 0, 0, 0, 0, 0, 0, 0, 0, 0, 0, 0, 0, 0, 0, 0, 1, 0, 0, 0, 0, 0, 0, 0, -1, 0, -1, 0, 0, 0, 0, 0, -4, 0, 53, 0, 0, 0, 0, 0, -43, 0, 56, 0, 0, 0, 0, 0, 101, 0, -233, 0, 0, 0, 0, 0, 47, 0, -24, 0, 0, 0, 0, 0, -197, 0, 504, 0, 0, 0, 0, 0, 21, 0, -255, 0, 0, 0, 0, 0, 184, 0, -645, 0, 0, 0, 0, 0, -104, 0, 527, 0, 0, 0, 0, 0, 178, 0, 527, 0, 0, 0, 0, 0, -22, 0, -519, 0, 0, 0, 0, 0, -471, 0, -106, 0, 0, 0, 0, 0, 172, 0, 331, 0, 0, 0, 0, 0, 577, 0, -360, 0, 0, 0, 0, 0, -141, 0, 247, 0, 0, 0, 0, 0, -288, 0, 385, 0, 0, 0, 0, 0, -5, 0, -857, 0, 0, 0, 0, 0, -551, 0, 359, 0, 0, 0, 0, 0, 573, 0, 517, 0, 0, 0, 0, 0]
[0, 0, 0, 0, 0, 0, 0, -1, 0, 1, 0, 0, 0, 0, 0, 0, 0, 0, 0, 0, 0, 0, 0, -1, 0, 0, 0, 0, 0, 0, 0, 1, 0, -1, 0, 0, 0, 0, 0, 0, 0, 0, 0, 0, 0, 0, 0, -1, 0, 1, 0, 0, 0, 0, 0, 0, 0, 0, 0, 0, 0, 0, 0, 0, 0, -63, 0, 0, 0, 0, 0, 14, 0, 26, 0, 0, 0, 0, 0, 31, 0, 144, 0, 0, 0, 0, 0, -72, 0, -128, 0, 0, 0, 0, 0, -163, 0, -145, 0, 0, 0, 0, 0, 242, 0, 176, 0, 0, 0, 0, 0, 235, 0, 69, 0, 0, 0, 0, 0, -505, 0, -52, 0, 0, 0, 0, 0, -120, 0, 5, 0, 0, 0, 0, 0, 492, 0, -217, 0, 0, 0, 0, 0, -203, 0, -103, 0, 0, 0, 0, 0, -66, 0, 451, 0, 0, 0, 0, 0, 419, 0, 88, 0, 0, 0, 0, 0, -620, 0, -492, 0, 0, 0, 0, 0, -408, 0, 50, 0, 0, 0, 0, 0, 1094, 0, -179, 0, 0, 0, 0, 0, 43, 0, 58, 0, 0, 0, 0, 0, -983, 0, 868, 0, 0, 0, 0, 0, 603, 0, -584, 0]
[0, 1, 0, 0, 0, 0, 0, 0, 0, -1, 0, 0, 0, 0, 0, -1, 0, 0, 0, 0, 0, 0, 0, 0, 0, 1, 0, 0, 0, 0, 0, -1, 0, 0, 0, 0, 0, 0, 0, 0, 0, 0, 0, 0, 0, 0, 0, 0, 0, 1, 0, 0, 0, 0, 0, 1, 0, 0, 0, 0, 0, 0, 0, 0, 0, -34, 0, 0, 0, 0, 0, 33, 0, 20, 0, 0, 0, 0, 0, 81, 0, 115, 0, 0, 0, 0, 0, -120, 0, -114, 0, 0, 0, 0, 0, -212, 0, -130, 0, 0, 0, 0, 0, 280, 0, 164, 0, 0, 0, 0, 0, 217, 0, 80, 0, 0, 0, 0, 0, -543, 0, -31, 0, 0, 0, 0, 0, -50, 0, -16, 0, 0, 0, 0, 0, 583, 0, -170, 0, 0, 0, 0, 0, -180, 0, -96, 0, 0, 0, 0, 0, -36, 0, 470, 0, 0, 0, 0, 0, 462, 0, 106, 0, 0, 0, 0, 0, -650, 0, -453, 0, 0, 0, 0, 0, -501, 0, -20, 0, 0, 0, 0, 0, 1040, 0, -134, 0, 0, 0, 0, 0, -46, 0, 140, 0, 0, 0, 0, 0, -971, 0, 806, 0, 0, 0, 0, 0, 720, 0, -438, 0]
[0, 0, 0, 0, 0, 0, 0, 0, 0, 0, 0, 1, 0, -1, 0, 0, 0, 0, 0, -1, 0, 1, 0, 0, 0, 0, 0, 1, 0, 0, 0, 0, 0, 0, 0, 0, 0, 0, 0, 0, 0, 0, 0, 0, 0, 1, 0, 0, 0, 0, 0, 0, 0, 1, 0, 0, 0, 0, 0, 1, 0, 0, 0, 0, 0, 0, 0, -6, 0, 15, 0, 0, 0, 0, 0, -16, 0, 35, 0, 0, 0, 0, 0, 44, 0, -117, 0, 0, 0, 0, 0, 50, 0, -15, 0, 0, 0, 0, 0, -132, 0, 285, 0, 0, 0, 0, 0, 34, 0, -136, 0, 0, 0, 0, 0, 85, 0, -325, 0, 0, 0, 0, 0, -62, 0, 268, 0, 0, 0, 0, 0, 118, 0, 249, 0, 0, 0, 0, 0, -19, 0, -276, 0, 0, 0, 0, 0, -247, 0, -75, 0, 0, 0, 0, 0, 92, 0, 202, 0, 0, 0, 0, 0, 296, 0, -203, 0, 0, 0, 0, 0, -64, 0, 156, 0, 0, 0, 0, 0, -175, 0, 306, 0, 0, 0, 0, 0, 43, 0, -521, 0, 0, 0, 0, 0, -300, 0, 195, 0, 0, 0, 0, 0, 287, 0, 290, 0, 0, 0, 0, 0]
[0, 0, 0, 0, 0, 0, 0, 0, 0, 0, 0, -1, 0, 1, 0, 0, 0, 0, 0, 0, 0, 0, 0, 0, 0, 0, 0, 1, 0, 0, 0, 0, 0, 0, 0, 1, 0, 0, 0, 0, 0, 0, 0, 0, 0, -1, 0, 0, 0, 0, 0, -1, 0, -1, 0, 0, 0, 0, 0, 0, 0, -1, 0, 0, 0, 0, 0, 12, 0, -12, 0, 0, 0, 0, 0, 15, 0, -11, 0, 0, 0, 0, 0, -44, 0, 90, 0, 0, 0, 0, 0, -31, 0, -5, 0, 0, 0, 0, 0, 101, 0, -209, 0, 0, 0, 0, 0, -6, 0, 109, 0, 0, 0, 0, 0, -63, 0, 271, 0, 0, 0, 0, 0, 22, 0, -189, 0, 0, 0, 0, 0, -85, 0, -219, 0, 0, 0, 0, 0, 29, 0, 203, 0, 0, 0, 0, 0, 221, 0, 84, 0, 0, 0, 0, 0, -61, 0, -108, 0, 0, 0, 0, 0, -256, 0, 129, 0, 0, 0, 0, 0, 46, 0, -146, 0, 0, 0, 0, 0, 147, 0, -196, 0, 0, 0, 0, 0, 53, 0, 377, 0, 0, 0, 0, 0, 228, 0, -93, 0, 0, 0, 0, 0, -267, 0, -181, 0, 0, 0, 0, 0]
[0, 0, 0, 0, 0, -1, 0, 0, 0, 0, 0, 0, 0, 1, 0, 0, 0, 0, 0, 1, 0, 0, 0, 0, 0, 0, 0, 0, 0, -1, 0, 0, 0, 0, 0, -1, 0, 0, 0, 0, 0, 0, 0, 0, 0, -1, 0, 0, 0, 0, 0, 0, 0, -1, 0, 0, 0, 0, 0, 1, 0, 0, 0, 0, 0, 0, 0, -34, 0, 20, 0, 0, 0, 0, 0, -15, 0, -21, 0, 0, 0, 0, 0, 67, 0, -61, 0, 0, 0, 0, 0, 16, 0, 39, 0, 0, 0, 0, 0, -66, 0, 130, 0, 0, 0, 0, 0, -10, 0, -78, 0, 0, 0, 0, 0, 38, 0, -237, 0, 0, 0, 0, 0, 7, 0, 121, 0, 0, 0, 0, 0, 39, 0, 215, 0, 0, 0, 0, 0, -47, 0, -121, 0, 0, 0, 0, 0, -236, 0, -119, 0, 0, 0, 0, 0, 57, 0, -6, 0, 0, 0, 0, 0, 262, 0, -49, 0, 0, 0, 0, 0, -13, 0, 148, 0, 0, 0, 0, 0, -103, 0, 89, 0, 0, 0, 0, 0, -182, 0, -207, 0, 0, 0, 0, 0, -143, 0, -29, 0, 0, 0, 0, 0, 299, 0, 55, 0, 0, 0, 0, 0]
[0, 0, 0, 0, 0, 1, 0, 0, 0, 0, 0, -1, 0, 0, 0, 0, 0, 0, 0, 0, 0, -1, 0, 0, 0, 0, 0, -1, 0, 0, 0, 0, 0, 0, 0, -1, 0, 0, 0, 0, 0, 0, 0, 1, 0, 0, 0, 0, 0, 0, 0, 0, 0, 1, 0, 0, 0, 0, 0, 0, 0, -1, 0, 0, 0, 0, 0, 35, 0, -44, 0, 0, 0, 0, 0, 21, 0, -5, 0, 0, 0, 0, 0, -102, 0, 172, 0, 0, 0, 0, 0, -54, 0, -39, 0, 0, 0, 0, 0, 167, 0, -381, 0, 0, 0, 0, 0, -16, 0, 193, 0, 0, 0, 0, 0, -115, 0, 516, 0, 0, 0, 0, 0, 26, 0, -352, 0, 0, 0, 0, 0, -132, 0, -444, 0, 0, 0, 0, 0, 68, 0, 355, 0, 0, 0, 0, 0, 427, 0, 193, 0, 0, 0, 0, 0, -133, 0, -173, 0, 0, 0, 0, 0, -524, 0, 177, 0, 0, 0, 0, 0, 48, 0, -277, 0, 0, 0, 0, 0, 244, 0, -315, 0, 0, 0, 0, 0, 164, 0, 604, 0, 0, 0, 0, 0, 375, 0, -156, 0, 0, 0, 0, 0, -560, 0, -299, 0, 0, 0, 0, 0]
[0, 0, 0, 0, 0, 0, 0, 0, 0, 0, 0, 0, 0, 0, 0, 0, 0, 0, 0, 0, 0, 0, 0, 0, 0, -1, 0, 0, 0, 0, 0, 0, 0, 1, 0, 0, 0, 0, 0, -1, 0, 0, 0, 0, 0, 0, 0, 0, 0, 0, 0, 0, 0, 0, 0, -2, 0, 0, 0, 0, 0, 0, 0, -1, 0, -11, 0, 0, 0, 0, 0, 7, 0, 5, 0, 0, 0, 0, 0, 1, 0, 26, 0, 0, 0, 0, 0, -17, 0, -28, 0, 0, 0, 0, 0, -26, 0, -29, 0, 0, 0, 0, 0, 43, 0, 30, 0, 0, 0, 0, 0, 48, 0, 10, 0, 0, 0, 0, 0, -96, 0, 0, 0, 0, 0, 0, 0, -28, 0, -13, 0, 0, 0, 0, 0, 85, 0, -43, 0, 0, 0, 0, 0, -31, 0, -17, 0, 0, 0, 0, 0, -3, 0, 81, 0, 0, 0, 0, 0, 50, 0, 26, 0, 0, 0, 0, 0, -108, 0, -101, 0, 0, 0, 0, 0, -73, 0, -4, 0, 0, 0, 0, 0, 180, 0, -33, 0, 0, 0, 0, 0, 20, 0, 18, 0, 0, 0, 0, 0, -189, 0, 170, 0, 0, 0, 0, 0, 86, 0, -128, 0]
[0, 0, 0, 0, 0, 0, 0, 0, 0, 0, 0, 0, 0, 0, 0, 1, 0, -1, 0, 0, 0, 0, 0, -1, 0, 0, 0, 0, 0, 0, 0, -1, 0, 0, 0, 0, 0, 0, 0, -1, 0, 0, 0, 0, 0, 0, 0, 0, 0, 0, 0, 0, 0, 0, 0, -1, 0, 1, 0, 0, 0, 0, 0, -1, 0, 1, 0, 0, 0, 0, 0, -1, 0, -6, 0, 0, 0, 0, 0, -16, 0, -16, 0, 0, 0, 0, 0, 14, 0, 10, 0, 0, 0, 0, 0, 22, 0, 18, 0, 0, 0, 0, 0, -47, 0, -23, 0, 0, 0, 0, 0, -33, 0, -20, 0, 0, 0, 0, 0, 71, 0, -4, 0, 0, 0, 0, 0, 8, 0, -1, 0, 0, 0, 0, 0, -74, 0, 15, 0, 0, 0, 0, 0, 28, 0, 5, 0, 0, 0, 0, 0, -7, 0, -62, 0, 0, 0, 0, 0, -73, 0, -18, 0, 0, 0, 0, 0, 80, 0, 49, 0, 0, 0, 0, 0, 46, 0, 5, 0, 0, 0, 0, 0, -174, 0, 0, 0, 0, 0, 0, 0, -7, 0, -39, 0, 0, 0, 0, 0, 112, 0, -106, 0, 0, 0, 0, 0, -92, 0, 32, 0]
[0, 0, 0, 0, 0, 0, 0, 0, 0, 0, 0, 0, 0, 0, 0, 1, 0, -1, 0, 0, 0, 0, 0, -1, 0, 0, 0, 0, 0, 0, 0, 0, 0, 1, 0, 0, 0, 0, 0, -1, 0, 0, 0, 0, 0, 0, 0, -1, 0, 0, 0, 0, 0, 0, 0, -1, 0, 0, 0, 0, 0, 0, 0, 1, 0, 2, 0, 0, 0, 0, 0, 4, 0, -1, 0, 0, 0, 0, 0, -17, 0, -14, 0, 0, 0, 0, 0, 9, 0, 8, 0, 0, 0, 0, 0, 23, 0, 14, 0, 0, 0, 0, 0, -37, 0, -20, 0, 0, 0, 0, 0, -24, 0, -8, 0, 0, 0, 0, 0, 66, 0, 4, 0, 0, 0, 0, 0, -1, 0, -7, 0, 0, 0, 0, 0, -69, 0, 6, 0, 0, 0, 0, 0, 47, 0, 9, 0, 0, 0, 0, 0, 3, 0, -42, 0, 0, 0, 0, 0, -81, 0, -2, 0, 0, 0, 0, 0, 70, 0, 43, 0, 0, 0, 0, 0, 54, 0, -12, 0, 0, 0, 0, 0, -149, 0, 6, 0, 0, 0, 0, 0, 11, 0, -9, 0, 0, 0, 0, 0, 107, 0, -78, 0, 0, 0, 0, 0, -110, 0, 24, 0]
[0, 0, 0, 0, 0, 0, 0, -1, 0, 0, 0, 0, 0, 0, 0, 0, 0, 1, 0, 0, 0, 0, 0, 2, 0, 1, 0, 0, 0, 0, 0, 0, 0, 0, 0, 0, 0, 0, 0, 0, 0, 1, 0, 0, 0, 0, 0, 0, 0, 0, 0, 0, 0, 0, 0, 0, 0, 0, 0, 0, 0, 0, 0, 0, 0, -42, 0, 0, 0, 0, 0, 6, 0, 17, 0, 0, 0, 0, 0, 42, 0, 115, 0, 0, 0, 0, 0, -48, 0, -86, 0, 0, 0, 0, 0, -128, 0, -103, 0, 0, 0, 0, 0, 200, 0, 141, 0, 0, 0, 0, 0, 180, 0, 45, 0, 0, 0, 0, 0, -390, 0, -38, 0, 0, 0, 0, 0, -67, 0, 17, 0, 0, 0, 0, 0, 399, 0, -141, 0, 0, 0, 0, 0, -185, 0, -76, 0, 0, 0, 0, 0, -44, 0, 349, 0, 0, 0, 0, 0, 376, 0, 63, 0, 0, 0, 0, 0, -478, 0, -353, 0, 0, 0, 0, 0, -320, 0, 68, 0, 0, 0, 0, 0, 875, 0, -114, 0, 0, 0, 0, 0, 34, 0, 65, 0, 0, 0, 0, 0, -750, 0, 665, 0, 0, 0, 0, 0, 539, 0, -384, 0]
[0, 0, 0, 0, 0, 0, 0, 0, 0, -1, 0, 0, 0, 0, 0, 1, 0, 1, 0, 0, 0, 0, 0, 0, 0, 0, 0, 0, 0, 0, 0, 1, 0, 1, 0, 0, 0, 0, 0, -1, 0, 0, 0, 0, 0, 0, 0, 0, 0, -1, 0, 0, 0, 0, 0, 0, 0, 1, 0, 0, 0, 0, 0, 0, 0, 26, 0, 0, 0, 0, 0, -5, 0, -16, 0, 0, 0, 0, 0, -26, 0, -54, 0, 0, 0, 0, 0, 57, 0, 56, 0, 0, 0, 0, 0, 81, 0, 73, 0, 0, 0, 0, 0, -132, 0, -71, 0, 0, 0, 0, 0, -101, 0, -49, 0, 0, 0, 0, 0, 237, 0, 32, 0, 0, 0, 0, 0, 63, 0, -8, 0, 0, 0, 0, 0, -235, 0, 116, 0, 0, 0, 0, 0, 88, 0, 36, 0, 0, 0, 0, 0, 49, 0, -215, 0, 0, 0, 0, 0, -205, 0, -28, 0, 0, 0, 0, 0, 299, 0, 213, 0, 0, 0, 0, 0, 198, 0, 33, 0, 0, 0, 0, 0, -538, 0, 73, 0, 0, 0, 0, 0, 19, 0, -63, 0, 0, 0, 0, 0, 438, 0, -360, 0, 0, 0, 0, 0, -230, 0, 232, 0]
[0, 0, 0, 0, 0, 0, 0, 0, 0, -1, 0, 0, 0, 0, 0, 1, 0, 1, 0, 0, 0, 0, 0, 0, 0, 1, 0, 0, 0, 0, 0, 0, 0, -1, 0, 0, 0, 0, 0, 1, 0, 0, 0, 0, 0, 0, 0, 0, 0, 1, 0, 0, 0, 0, 0, 0, 0, 1, 0, 0, 0, 0, 0, 0, 0, 27, 0, 0, 0, 0, 0, -12, 0, -18, 0, 0, 0, 0, 0, -17, 0, -60, 0, 0, 0, 0, 0, 59, 0, 64, 0, 0, 0, 0, 0, 80, 0, 77, 0, 0, 0, 0, 0, -132, 0, -73, 0, 0, 0, 0, 0, -118, 0, -49, 0, 0, 0, 0, 0, 252, 0, 16, 0, 0, 0, 0, 0, 71, 0, 8, 0, 0, 0, 0, 0, -238, 0, 124, 0, 0, 0, 0, 0, 86, 0, 37, 0, 0, 0, 0, 0, 29, 0, -223, 0, 0, 0, 0, 0, -183, 0, -52, 0, 0, 0, 0, 0, 307, 0, 245, 0, 0, 0, 0, 0, 199, 0, 37, 0, 0, 0, 0, 0, -548, 0, 74, 0, 0, 0, 0, 0, -11, 0, -67, 0, 0, 0, 0, 0, 485, 0, -412, 0, 0, 0, 0, 0, -226, 0, 286, 0]
[0, 0, 0, 0, 0, 0, 0, 0, 0, 0, 0, -1, 0, 0, 0, 0, 0, 0, 0, 1, 0, 1, 0, 0, 0, 0, 0, 1, 0, 1, 0, 0, 0, 0, 0, 0, 0, -1, 0, 0, 0, 0, 0, 0, 0, -1, 0, 0, 0, 0, 0, -1, 0, 0, 0, 0, 0, 0, 0, 1, 0, 0, 0, 0, 0, 0, 0, 6, 0, -9, 0, 0, 0, 0, 0, 4, 0, 1, 0, 0, 0, 0, 0, -9, 0, 46, 0, 0, 0, 0, 0, -15, 0, -6, 0, 0, 0, 0, 0, 43, 0, -87, 0, 0, 0, 0, 0, -4, 0, 48, 0, 0, 0, 0, 0, -21, 0, 114, 0, 0, 0, 0, 0, 5, 0, -74, 0, 0, 0, 0, 0, -30, 0, -91, 0, 0, 0, 0, 0, 26, 0, 81, 0, 0, 0, 0, 0, 85, 0, 58, 0, 0, 0, 0, 0, -24, 0, -49, 0, 0, 0, 0, 0, -102, 0, 29, 0, 0, 0, 0, 0, 9, 0, -41, 0, 0, 0, 0, 0, 72, 0, -65, 0, 0, 0, 0, 0, 47, 0, 150, 0, 0, 0, 0, 0, 97, 0, -38, 0, 0, 0, 0, 0, -104, 0, -44, 0, 0, 0, 0, 0]
[0, 0, 0, 0, 0, 0, 0, 1, 0, -1, 0, 0, 0, 0, 0, 0, 0, 0, 0, 0, 0, 0, 0, 0, 0, 0, 0, 0, 0, 0, 0, 0, 0, -1, 0, 0, 0, 0, 0, -1, 0, 1, 0, 0, 0, 0, 0, -1, 0, -1, 0, 0, 0, 0, 0, 0, 0, -1, 0, 0, 0, 0, 0, 1, 0, 55, 0, 0, 0, 0, 0, -15, 0, -25, 0, 0, 0, 0, 0, -43, 0, -131, 0, 0, 0, 0, 0, 76, 0, 110, 0, 0, 0, 0, 0, 160, 0, 132, 0, 0, 0, 0, 0, -247, 0, -170, 0, 0, 0, 0, 0, -224, 0, -68, 0, 0, 0, 0, 0, 480, 0, 54, 0, 0, 0, 0, 0, 104, 0, -19, 0, 0, 0, 0, 0, -488, 0, 201, 0, 0, 0, 0, 0, 205, 0, 89, 0, 0, 0, 0, 0, 77, 0, -442, 0, 0, 0, 0, 0, -444, 0, -77, 0, 0, 0, 0, 0, 586, 0, 444, 0, 0, 0, 0, 0, 386, 0, -43, 0, 0, 0, 0, 0, -1072, 0, 154, 0, 0, 0, 0, 0, -18, 0, -78, 0, 0, 0, 0, 0, 917, 0, -819, 0, 0, 0, 0, 0, -603, 0, 500, 0]
[0, 0, 0, 0, 0, 0, 0, 0, 0, 0, 0, 0, 0, 0, 0, 0, 0, 0, 0, 0, 0, -1, 0, 0, 0, 0, 0, 1, 0, 1, 0, 0, 0, 0, 0, -2, 0, 0, 0, 0, 0, 0, 0, -1, 0, 0, 0, 0, 0, 0, 0, 0, 0, -1, 0, 0, 0, 0, 0, 0, 0, 1, 0, 0, 0, 0, 0, -4, 0, -2, 0, 0, 0, 0, 0, 25, 0, -33, 0, 0, 0, 0, 0, -37, 0, 68, 0, 0, 0, 0, 0, -32, 0, 28, 0, 0, 0, 0, 0, 89, 0, -195, 0, 0, 0, 0, 0, -27, 0, 81, 0, 0, 0, 0, 0, -65, 0, 220, 0, 0, 0, 0, 0, 79, 0, -193, 0, 0, 0, 0, 0, -93, 0, -152, 0, 0, 0, 0, 0, -1, 0, 208, 0, 0, 0, 0, 0, 174, 0, 14, 0, 0, 0, 0, 0, -76, 0, -163, 0, 0, 0, 0, 0, -198, 0, 199, 0, 0, 0, 0, 0, 81, 0, -109, 0, 0, 0, 0, 0, 89, 0, -244, 0, 0, 0, 0, 0, -80, 0, 411, 0, 0, 0, 0, 0, 233, 0, -154, 0, 0, 0, 0, 0, -179, 0, -233, 0, 0, 0, 0, 0]
[0, 0, 0, 0, 0, 0, 0, 0, 0, 0, 0, 0, 0, 0, 0, 0, 0, 0, 0, 0, 0, 0, 0, 0, 0, 0, 0, 0, 0, 0, 0, 1, 0, 1, 0, 0, 0, 0, 0, -1, 0, 0, 0, 0, 0, 0, 0, 1, 0, -1, 0, 0, 0, 0, 0, 0, 0, -2, 0, 0, 0, 0, 0, -1, 0, 9, 0, 0, 0, 0, 0, 8, 0, 2, 0, 0, 0, 0, 0, -10, 0, -20, 0, 0, 0, 0, 0, 2, 0, 16, 0, 0, 0, 0, 0, 29, 0, 22, 0, 0, 0, 0, 0, -29, 0, -28, 0, 0, 0, 0, 0, -29, 0, 1, 0, 0, 0, 0, 0, 71, 0, 22, 0, 0, 0, 0, 0, 9, 0, -19, 0, 0, 0, 0, 0, -80, 0, 24, 0, 0, 0, 0, 0, 56, 0, 26, 0, 0, 0, 0, 0, 27, 0, -61, 0, 0, 0, 0, 0, -96, 0, 11, 0, 0, 0, 0, 0, 98, 0, 62, 0, 0, 0, 0, 0, 77, 0, -38, 0, 0, 0, 0, 0, -169, 0, 34, 0, 0, 0, 0, 0, 34, 0, 23, 0, 0, 0, 0, 0, 142, 0, -105, 0, 0, 0, 0, 0, -132, 0, 67, 0]
[0, 0, 0, 0, 0, 0, 0, 0, 0, 0, 0, 0, 0, 0, -1, 0, 0, 0, 1, 0, 1, 0, 0, 0, -1, 0, 0, 0, 1, 0, 0, 0, -1, 0, 0, 0, 0, 0, 0, 0, 0, 0, 0, 0, 0, 0, 0, 0, 0, 0, 1, 0, -1, 0, 0, 0, 0, 0, 0, 0, -1, 0, -1, 0, 0, 0, 0, 0, 0, 0, 0, 0, 1, 0, 0, 0, 0, 0, 1, 0, 1, 0, -1, 0, 0, 0, 0, 0, 1, 0, 0, 0, 1, 0, 5, 0, 0, 0, -5, 0, -4, 0, 0, 0, 4, 0, 0, 0, -4, 0, 1, 0, 4, 0, -2, 0, 0, 0, 0, 0, -1, 0, 0, 0, -2, 0, 0, 0, 0, 0, -5, 0, 4, 0, 0, 0, 0, 0, 0, 0, 4, 0, 5, 0, 1, 0, 0, 0, -1, 0, 0, 0, -4, 0, 0, 0, 0, 0, -4, 0, -3, 0, 5, 0, 0, 0, 0, 0, -3, 0, 0, 0, -4, 0, -6, 0, 0, 0, 6, 0, 2, 0, 0, 0, -1, 0, 0, 0, 1, 0, -4, 0, -2, 0, 10, 0, 0, 0, 0, 0, 3, 0, 0, 0, 8, 0, 0, 0, -1, 0, 5]
[0, 0, 0, 0, 0, 0, 0, 0, 0, 0, 0, 0, 0, 0, 0, 0, -1, 0, 1, 0, 0, 0, 0, 0, 0, 0, 0, 0, 1, 0, -1, 0, 1, 0, 0, 0, 0, 0, 0, 0, -1, 0, 0, 0, 0, 0, -1, 0, 0, 0, -1, 0, 1, 0, 0, 0, 1, 0, 0, 0, -1, 0, 1, 0, 0, 0, 0, 0, 0, 0, 0, 0, -1, 0, 0, 0, 0, 0, 1, 0, 0, 0, 1, 0, 0, 0, 0, 0, 1, 0, 0, 0, -1, 0, 0, 0, 4, 0, -5, 0, 0, 0, 0, 0, 0, 0, 0, 0, -4, 0, 5, 0, -4, 0, 0, 0, -2, 0, 0, 0, 4, 0, 0, 0, 0, 0, 5, 0, 0, 0, 5, 0, -4, 0, 0, 0, -4, 0, 0, 0, 4, 0, -5, 0, 0, 0, -2, 0, -1, 0, 0, 0, 4, 0, 0, 0, 2, 0, -4, 0, 1, 0, -5, 0, 0, 0, 0, 0, -3, 0, 0, 0, 4, 0, 0, 0, -2, 0, 6, 0, 1, 0, 0, 0, 0, 0, 0, 0, 1, 0, -6, 0, 2, 0, 0, 0, 8, 0, 0, 0, -1, 0, 0, 0, 0, 0, -5, 0, -1, 0, -7]
[0, 0, 0, 0, 0, 0, 0, 0, 0, 0, 0, 0, 0, 0, 0, 0, 0, 0, 0, 0, 0, 0, 0, 0, 0, 0, 1, 0, 1, 0, 0, 0, 1, 0, 0, 0, 0, 0, 1, 0, -1, 0, -1, 0, 0, 0, 1, 0, 0, 0, 1, 0, 1, 0, 0, 0, 0, 0, -1, 0, 1, 0, -1, 0, 13, 0, 11, 0, -10, 0, -6, 0, -7, 0, -3, 0, 20, 0, 17, 0, -32, 0, -20, 0, 20, 0, 10, 0, 40, 0, 19, 0, -49, 0, -20, 0, 46, 0, 20, 0, -10, 0, -5, 0, -65, 0, -8, 0, 66, 0, 4, 0, -26, 0, -2, 0, 16, 0, 29, 0, 62, 0, -28, 0, -42, 0, 37, 0, 11, 0, 7, 0, -34, 0, -47, 0, -9, 0, 66, 0, 12, 0, -47, 0, 26, 0, 23, 0, 81, 0, 42, 0, -54, 0, -65, 0, 44, 0, 68, 0, -37, 0, -28, 0, -124, 0, -2, 0, 132, 0, 8, 0, -28, 0, -2, 0, 20, 0, 58, 0, 165, 0, -69, 0, -86, 0, 123, 0, -53, 0, -37, 0, 14, 0, -53, 0, -60, 0, 144, 0, -10, 0, -164, 0, 154, 0, 63, 0, 30, 0, 68]
[0, 0, 0, 0, 0, 0, 0, 0, 0, 0, 0, 0, 0, 0, 0, 0, 0, 0, 0, 0, 0, 0, 0, 0, 0, 0, 0, 0, 0, 0, 0, 0, -1, 0, 0, 0, -1, 0, -1, 0, 1, 0, -1, 0, 1, 0, 1, 0, 1, 0, 1, 0, 1, 0, -1, 0, 0, 0, -1, 0, 0, 0, 0, 0, -5, 0, 0, 0, -6, 0, 6, 0, -8, 0, 5, 0, -7, 0, -12, 0, 28, 0, -11, 0, 30, 0, -6, 0, -6, 0, -6, 0, -7, 0, 25, 0, -52, 0, 24, 0, -58, 0, -20, 0, 48, 0, -13, 0, 40, 0, 3, 0, 25, 0, -9, 0, 59, 0, 21, 0, -70, 0, 10, 0, -69, 0, -51, 0, 25, 0, -15, 0, -57, 0, 8, 0, 46, 0, -6, 0, 101, 0, 52, 0, -69, 0, 31, 0, 15, 0, -31, 0, -6, 0, 4, 0, -117, 0, -10, 0, 95, 0, -53, 0, 59, 0, 15, 0, -82, 0, 13, 0, 34, 0, -40, 0, -48, 0, 28, 0, -53, 0, -28, 0, 138, 0, -59, 0, 38, 0, 107, 0, -100, 0, 77, 0, -55, 0, -39, 0, -52, 0, -16, 0, -18, 0, -57, 0, 137, 0, -80]
[0, 0, 0, 0, 0, 0, 0, 0, 0, 0, 0, 0, 0, 0, 0, 0, 0, 0, 0, 0, 0, 0, 0, 0, 0, 0, 0, 0, 1, 0, 0, 0, 1, 0, 1, 0, -1, 0, 1, 0, -1, 0, 0, 0, 0, 0, 0, 0, 0, 0, -1, 0, 1, 0, -1, 0, 1, 0, 1, 0, 1, 0, 1, 0, 2, 0, 1, 0, 0, 0, 2, 0, -1, 0, 1, 0, 2, 0, 1, 0, 1, 0, 2, 0, -1, 0, 0, 0, 1, 0, 0, 0, 1, 0, 1, 0, 2, 0, 0, 0, 3, 0, 2, 0, 2, 0, 3, 0, 0, 0, 3, 0, 0, 0, -1, 0, 4, 0, -1, 0, 4, 0, 3, 0, 4, 0, 2, 0, 4, 0, 8, 0, -2, 0, 8, 0, 0, 0, -1, 0, 2, 0, 1, 0, -1, 0, 1, 0, 5, 0, -3, 0, 8, 0, 4, 0, 0, 0, 4, 0, 5, 0, -2, 0, 9, 0, 9, 0, 1, 0, 8, 0, 8, 0, 4, 0, 4, 0, 12, 0, -3, 0, 2, 0, 4, 0, 1, 0, 1, 0, 4, 0, 2, 0, 5, 0, 11, 0, 7, 0, 11, 0, 6, 0, 2, 0, 10, 0, 5, 0, -1]
[0, 0, 0, 0, 0, 0, 0, 0, 0, 0, 0, 0, 0, 0, 0, 0, -1, 0, 1, 0, 0, 0, 0, 0, 0, 0, 0, 0, 1, 0, 0, 0, 1, 0, 0, 0, 0, 0, -2, 0, 0, 0, 0, 0, 0, 0, 0, 0, 0, 0, 0, 0, 1, 0, 1, 0, -1, 0, 1, 0, 0, 0, -1, 0, -3, 0, -6, 0, 4, 0, 6, 0, 7, 0, -1, 0, -9, 0, 1, 0, 10, 0, 22, 0, -7, 0, -18, 0, -19, 0, -10, 0, 23, 0, 9, 0, -7, 0, -25, 0, 11, 0, 27, 0, 26, 0, 7, 0, -36, 0, -1, 0, 6, 0, 19, 0, -25, 0, -40, 0, -4, 0, 3, 0, 36, 0, 14, 0, -18, 0, 10, 0, 39, 0, 29, 0, -20, 0, -23, 0, -26, 0, 7, 0, 28, 0, -33, 0, -49, 0, -5, 0, 40, 0, 32, 0, 10, 0, -34, 0, -13, 0, 58, 0, 50, 0, -27, 0, -41, 0, -26, 0, 22, 0, 48, 0, -14, 0, -34, 0, -43, 0, 35, 0, 14, 0, -35, 0, -5, 0, -10, 0, 59, 0, 27, 0, 28, 0, -45, 0, 27, 0, 66, 0, -19, 0, -26, 0, -77, 0, 21]
[0, 0, 0, 0, 0, 0, 0, 0, 0, 0, 0, 0, 0, 0, 0, 0, 0, 0, 0, 0, 1, 0, -1, 0, 0, 0, 1, 0, 0, 0, 1, 0, 0, 0, 0, 0, 0, 0, 1, 0, 0, 0, 1, 0, 0, 0, 0, 0, 0, 0, 0, 0, 0, 0, 0, 0, 2, 0, 0, 0, 2, 0, 0, 0, 0, 0, 2, 0, 2, 0, 3, 0, 2, 0, 1, 0, 0, 0, 2, 0, 0, 0, 2, 0, 2, 0, 0, 0, 2, 0, 1, 0, 0, 0, 2, 0, 4, 0, 2, 0, 0, 0, 8, 0, 4, 0, -1, 0, 4, 0, 1, 0, 4, 0, 4, 0, 4, 0, -1, 0, 4, 0, 1, 0, 4, 0, 4, 0, 4, 0, 4, 0, 6, 0, 8, 0, 0, 0, 7, 0, 0, 0, 6, 0, 8, 0, 2, 0, 2, 0, -2, 0, 4, 0, 6, 0, 8, 0, 4, 0, 8, 0, 6, 0, 6, 0, 14, 0, 6, 0, 8, 0, 12, 0, 8, 0, 0, 0, 8, 0, 7, 0, -2, 0, 4, 0, 12, 0, 4, 0, 5, 0, 8, 0, 8, 0, 8, 0, 19, 0, 10, 0, 10, 0, 12, 0, 12, 0, 12, 0, 14]
[0, 0, 0, 0, 0, 0, 0, 0, 0, 0, 0, 0, 0, 0, 0, 0, 0, 0, -1, 0, 0, 0, 0, 0, 1, 0, 1, 0, 0, 0, 1, 0, 0, 0, 0, 0, -1, 0, -1, 0, -1, 0, 0, 0, 0, 0, 1, 0, 0, 0, 0, 0, 0, 0, -1, 0, -1, 0, -2, 0, 0, 0, 0, 0, 2, 0, 2, 0, 2, 0, 2, 0, 0, 0, 0, 0, -2, 0, -2, 0, -2, 0, 0, 0, 1, 0, 2, 0, 2, 0, 1, 0, 0, 0, -3, 0, -2, 0, 1, 0, -1, 0, 0, 0, -2, 0, -1, 0, 4, 0, -2, 0, 0, 0, -1, 0, 0, 0, 1, 0, 1, 0, 0, 0, 2, 0, -1, 0, 4, 0, 2, 0, 0, 0, 0, 0, 0, 0, 2, 0, -2, 0, 0, 0, -4, 0, -1, 0, -2, 0, -3, 0, 0, 0, -3, 0, 0, 0, 2, 0, 2, 0, 0, 0, -1, 0, -1, 0, -2, 0, -1, 0, 0, 0, 6, 0, 0, 0, 2, 0, 0, 0, 0, 0, 1, 0, 0, 0, -4, 0, 2, 0, 0, 0, -1, 0, 3, 0, 1, 0, 2, 0, 0, 0, -2, 0, 1, 0, -4, 0, -1]
[0, 0, 0, 0, 0, 0, 0, 0, 0, 0, 0, 0, 0, 0, -1, 0, 0, 0, 1, 0, 0, 0, 1, 0, -1, 0, -1, 0, 1, 0, 0, 0, 0, 0, 0, 0, 0, 0, -2, 0, -1, 0, 0, 0, 0, 0, 0, 0, 0, 0, 0, 0, 1, 0, 0, 0, 0, 0, -1, 0, -1, 0, -1, 0, -3, 0, 3, 0, -14, 0, 3, 0, 0, 0, -3, 0, 4, 0, -1, 0, 11, 0, -7, 0, 28, 0, -14, 0, -7, 0, 3, 0, -17, 0, 9, 0, -18, 0, 1, 0, -48, 0, 9, 0, 15, 0, -4, 0, 36, 0, -3, 0, 14, 0, -4, 0, 44, 0, -8, 0, -23, 0, -5, 0, -68, 0, -6, 0, -1, 0, -12, 0, -30, 0, -13, 0, 15, 0, 9, 0, 68, 0, 23, 0, -27, 0, 11, 0, 11, 0, 8, 0, -6, 0, -21, 0, -54, 0, -22, 0, 28, 0, -5, 0, -14, 0, -8, 0, -25, 0, -15, 0, 24, 0, -16, 0, -32, 0, 4, 0, 25, 0, -21, 0, 37, 0, 21, 0, -43, 0, 32, 0, -4, 0, 19, 0, -64, 0, 9, 0, -41, 0, -50, 0, 60, 0, -30, 0, 27, 0, -5]
[0, 0, 0, 0, 0, 0, 0, 0, 0, 0, 0, 0, 0, 0, 0, 0, 0, 0, 0, 0, 0, 0, -1, 0, -1, 0, 0, 0, 1, 0, 0, 0, 0, 0, 0, 0, -2, 0, 0, 0, 0, 0, -1, 0, -1, 0, 0, 0, -1, 0, 0, 0, 0, 0, -2, 0, -1, 0, 0, 0, 0, 0, 0, 0, -1, 0, -6, 0, 4, 0, -1, 0, -3, 0, 0, 0, -8, 0, -6, 0, 6, 0, 12, 0, -18, 0, 0, 0, -10, 0, -16, 0, 20, 0, 6, 0, -11, 0, -10, 0, 14, 0, -9, 0, 15, 0, 0, 0, -38, 0, 2, 0, 1, 0, -2, 0, -22, 0, -14, 0, -15, 0, 9, 0, 31, 0, -12, 0, -8, 0, 4, 0, 18, 0, 17, 0, -5, 0, -41, 0, -29, 0, 8, 0, -7, 0, -12, 0, -32, 0, -32, 0, 16, 0, 16, 0, -13, 0, -14, 0, -4, 0, 8, 0, 42, 0, -8, 0, -48, 0, -1, 0, 4, 0, 0, 0, -2, 0, -12, 0, -74, 0, 13, 0, 11, 0, -72, 0, 19, 0, 2, 0, -21, 0, 18, 0, 36, 0, -75, 0, 14, 0, 48, 0, -85, 0, -4, 0, -31, 0, -34]
[0, 0, 0, 0, 0, 0, 0, 0, 0, 0, 0, 0, 0, 0, 0, 0, -1, 0, 1, 0, 0, 0, 0, 0, 1, 0, -1, 0, 1, 0, 0, 0, 0, 0, 1, 0, 0, 0, -1, 0, 0, 0, 1, 0, 0, 0, 0, 0, -1, 0, 0, 0, -1, 0, 0, 0, 0, 0, 1, 0, -2, 0, 0, 0, 1, 0, -12, 0, 24, 0, 4, 0, 6, 0, 1, 0, -21, 0, 0, 0, 4, 0, 38, 0, -49, 0, -8, 0, -21, 0, -17, 0, 65, 0, 10, 0, 4, 0, -39, 0, 71, 0, 9, 0, 27, 0, 10, 0, -108, 0, 6, 0, -7, 0, 24, 0, -89, 0, -41, 0, 11, 0, 20, 0, 130, 0, 18, 0, -21, 0, 21, 0, 95, 0, 51, 0, -41, 0, -60, 0, -110, 0, -6, 0, 51, 0, -55, 0, -95, 0, -28, 0, 60, 0, 65, 0, 68, 0, -32, 0, -42, 0, 90, 0, 106, 0, -24, 0, -51, 0, -22, 0, -18, 0, 78, 0, 20, 0, -44, 0, -125, 0, 73, 0, -9, 0, -109, 0, 63, 0, -42, 0, 64, 0, 31, 0, 120, 0, -116, 0, 79, 0, 162, 0, -127, 0, -6, 0, -134, 0, 26]
[0, 0, 0, 0, 0, 0, 0, 0, 0, 0, 0, 0, 0, 0, 0, 0, 0, 0, 0, 0, 0, 0, -1, 0, 0, 0, 0, 0, 0, 0, 0, 0, -2, 0, -1, 0, -1, 0, 0, 0, 0, 0, -1, 0, 0, 0, 0, 0, -1, 0, 0, 0, -1, 0, 0, 0, 0, 0, 1, 0, 0, 0, -2, 0, 12, 0, 3, 0, -7, 0, -9, 0, -22, 0, -12, 0, -2, 0, -6, 0, -24, 0, -13, 0, 26, 0, 26, 0, 42, 0, 20, 0, -34, 0, 12, 0, 17, 0, 2, 0, -42, 0, -79, 0, -46, 0, -25, 0, 66, 0, -8, 0, -31, 0, 22, 0, 20, 0, 106, 0, 20, 0, -52, 0, -76, 0, -22, 0, 22, 0, -29, 0, -38, 0, -103, 0, 12, 0, 108, 0, 52, 0, 16, 0, -13, 0, -16, 0, 39, 0, 34, 0, -98, 0, -115, 0, -24, 0, -24, 0, 6, 0, 21, 0, -68, 0, 32, 0, 84, 0, 7, 0, -68, 0, 26, 0, -22, 0, -40, 0, 111, 0, -185, 0, -2, 0, 117, 0, 22, 0, 6, 0, -87, 0, 28, 0, -133, 0, 169, 0, -84, 0, -298, 0, 88, 0, -86, 0, 97, 0, 31]
[0, 0, 0, 0, 0, 0, 0, 0, 0, 0, 0, 0, 1, 0, -1, 0, 1, 0, 0, 0, -1, 0, 0, 0, -2, 0, 0, 0, 1, 0, 0, 0, 0, 0, 1, 0, 1, 0, 0, 0, -1, 0, 0, 0, 0, 0, 1, 0, 0, 0, -1, 0, 0, 0, 0, 0, 0, 0, 1, 0, 0, 0, 0, 0, 7, 0, 18, 0, -26, 0, 0, 0, -14, 0, -8, 0, 29, 0, 6, 0, -3, 0, -45, 0, 54, 0, 0, 0, 28, 0, 18, 0, -77, 0, -7, 0, 5, 0, 50, 0, -88, 0, -12, 0, -34, 0, -11, 0, 134, 0, 5, 0, 2, 0, -30, 0, 107, 0, 44, 0, 10, 0, -29, 0, -160, 0, -3, 0, 24, 0, -26, 0, -107, 0, -68, 0, 46, 0, 79, 0, 125, 0, -4, 0, -59, 0, 75, 0, 122, 0, 40, 0, -72, 0, -93, 0, -56, 0, 46, 0, 42, 0, -83, 0, -131, 0, 32, 0, 82, 0, 14, 0, -1, 0, -68, 0, -22, 0, 82, 0, 161, 0, -116, 0, -4, 0, 143, 0, -63, 0, 57, 0, -73, 0, -37, 0, -139, 0, 148, 0, -88, 0, -232, 0, 171, 0, 23, 0, 156, 0, 9]
[0, 0, 0, 0, -1, 0, 0, 0, 0, 0, 1, 0, 1, 0, 0, 0, -1, 0, 0, 0, 0, 0, 0, 0, 0, 0, 0, 0, 1, 0, 0, 0, 0, 0, 0, 0, -1, 0, 1, 0, -1, 0, 0, 0, 0, 0, 1, 0, 0, 0, 0, 0, 0, 0, -1, 0, 1, 0, 0, 0, -2, 0, 0, 0, 0, 0, -39, 0, 48, 0, -14, 0, 16, 0, 9, 0, -41, 0, -18, 0, 6, 0, 101, 0, -145, 0, 28, 0, -57, 0, -33, 0, 163, 0, -3, 0, 27, 0, -102, 0, 204, 0, 26, 0, 31, 0, 48, 0, -296, 0, 11, 0, -16, 0, 11, 0, -225, 0, -65, 0, 22, 0, 60, 0, 332, 0, 31, 0, -61, 0, 34, 0, 239, 0, 96, 0, -67, 0, -184, 0, -293, 0, -42, 0, 78, 0, -122, 0, -224, 0, -67, 0, 162, 0, 171, 0, 170, 0, -96, 0, -156, 0, 203, 0, 202, 0, -27, 0, -119, 0, 10, 0, -9, 0, 114, 0, 122, 0, -154, 0, -304, 0, 266, 0, -80, 0, -236, 0, 111, 0, -141, 0, 157, 0, -26, 0, 355, 0, -329, 0, 203, 0, 474, 0, -429, 0, 41, 0, -367, 0, -34]
[0, 0, 0, 0, 0, 0, 0, 0, 0, 0, 0, 0, 0, 0, -1, 0, 0, 0, 1, 0, 1, 0, 1, 0, -1, 0, -1, 0, 0, 0, -1, 0, 0, 0, 1, 0, 0, 0, 0, 0, 0, 0, 1, 0, 1, 0, 0, 0, -1, 0, -1, 0, 1, 0, -1, 0, 1, 0, 0, 0, -1, 0, 0, 0, -5, 0, 0, 0, -8, 0, 9, 0, 5, 0, 2, 0, 0, 0, -6, 0, 16, 0, -3, 0, 18, 0, -18, 0, -14, 0, 3, 0, -1, 0, 16, 0, -25, 0, -7, 0, -34, 0, 22, 0, 31, 0, 1, 0, 12, 0, -5, 0, 27, 0, -3, 0, 38, 0, -16, 0, -33, 0, 9, 0, -41, 0, -20, 0, -4, 0, -12, 0, -18, 0, 16, 0, 13, 0, -3, 0, 57, 0, 38, 0, -21, 0, 2, 0, -9, 0, -7, 0, 20, 0, 11, 0, -51, 0, -38, 0, 38, 0, 3, 0, 30, 0, 17, 0, -58, 0, -2, 0, 36, 0, -20, 0, -32, 0, -16, 0, -14, 0, 8, 0, 57, 0, 0, 0, -28, 0, 35, 0, 5, 0, 34, 0, -46, 0, -8, 0, -16, 0, 22, 0, 39, 0, -44, 0, 21, 0, -22]
[0, 0, 0, 0, 0, 0, 0, 0, 0, 0, 0, 0, 0, 0, -1, 0, 1, 0, 0, 0, 0, 0, 1, 0, -2, 0, 0, 0, 0, 0, 0, 0, 0, 0, -1, 0, 0, 0, -1, 0, -1, 0, -1, 0, 1, 0, 0, 0, 1, 0, 0, 0, -1, 0, 0, 0, 1, 0, 0, 0, 0, 0, -1, 0, -7, 0, 9, 0, -24, 0, 1, 0, -6, 0, -2, 0, 15, 0, -7, 0, 18, 0, -33, 0, 51, 0, -2, 0, 3, 0, 10, 0, -49, 0, 5, 0, -34, 0, 30, 0, -91, 0, -8, 0, 11, 0, -4, 0, 94, 0, -7, 0, 23, 0, -30, 0, 107, 0, 33, 0, -52, 0, -11, 0, -147, 0, -36, 0, 25, 0, -29, 0, -97, 0, -42, 0, 57, 0, 37, 0, 143, 0, 37, 0, -87, 0, 54, 0, 69, 0, 14, 0, -40, 0, -48, 0, -113, 0, -4, 0, 76, 0, -87, 0, -54, 0, 28, 0, -23, 0, 13, 0, 30, 0, -94, 0, -36, 0, 36, 0, 57, 0, -54, 0, 72, 0, 64, 0, -40, 0, 76, 0, -88, 0, 6, 0, -110, 0, 51, 0, -89, 0, -120, 0, 70, 0, -28, 0, 146, 0, -65]
[0, 0, 0, 0, 0, 0, 0, 0, 0, 0, 0, 0, 0, 0, 1, 0, 0, 0, 0, 0, -1, 0, -1, 0, -1, 0, 0, 0, 1, 0, 0, 0, 2, 0, 0, 0, -1, 0, 1, 0, 1, 0, -1, 0, 0, 0, -1, 0, 0, 0, 0, 0, 1, 0, 0, 0, 0, 0, 0, 0, -1, 0, 0, 0, -4, 0, -4, 0, 6, 0, 1, 0, 0, 0, 12, 0, 4, 0, 6, 0, 17, 0, 2, 0, -25, 0, -12, 0, -19, 0, -30, 0, 15, 0, -11, 0, -16, 0, 28, 0, 31, 0, 28, 0, 29, 0, 6, 0, -40, 0, 21, 0, 6, 0, -34, 0, -16, 0, -65, 0, -19, 0, 45, 0, 54, 0, 1, 0, -3, 0, 28, 0, -4, 0, 82, 0, -5, 0, -103, 0, -42, 0, -38, 0, -11, 0, 38, 0, 11, 0, -52, 0, 50, 0, 86, 0, -14, 0, 74, 0, 10, 0, -94, 0, 43, 0, -34, 0, -57, 0, 13, 0, 44, 0, -58, 0, 16, 0, 100, 0, -106, 0, 114, 0, 17, 0, -154, 0, 21, 0, 17, 0, -26, 0, -22, 0, 103, 0, -167, 0, 59, 0, 202, 0, -112, 0, 103, 0, -7, 0, -84]
[0, 0, 0, 0, 0, 0, 0, 0, 0, 0, 0, 0, 0, 0, -1, 0, 0, 0, 1, 0, 1, 0, 1, 0, -1, 0, 0, 0, 0, 0, -1, 0, 0, 0, 0, 0, 1, 0, 1, 0, 0, 0, 0, 0, 1, 0, -1, 0, 0, 0, 1, 0, 1, 0, -1, 0, 1, 0, 1, 0, -1, 0, 1, 0, -4, 0, 1, 0, -14, 0, 9, 0, 5, 0, 3, 0, 10, 0, -3, 0, 10, 0, -12, 0, 33, 0, -16, 0, -4, 0, 10, 0, -25, 0, 8, 0, -16, 0, 1, 0, -49, 0, 29, 0, 17, 0, 3, 0, 44, 0, -5, 0, 26, 0, -7, 0, 58, 0, -7, 0, -25, 0, -1, 0, -67, 0, -17, 0, 0, 0, -15, 0, -42, 0, 7, 0, 19, 0, 25, 0, 79, 0, 29, 0, -20, 0, 14, 0, 25, 0, 9, 0, 6, 0, -4, 0, -55, 0, -22, 0, 38, 0, -20, 0, -13, 0, 23, 0, -26, 0, 6, 0, 44, 0, -34, 0, -34, 0, -4, 0, 46, 0, -9, 0, 43, 0, 53, 0, -52, 0, 28, 0, 10, 0, 20, 0, -77, 0, 54, 0, -24, 0, -26, 0, 93, 0, -35, 0, 50, 0, -21]
[0, 0, 0, 0, 0, 0, 0, 0, 0, 0, 0, 0, 0, 0, 0, 0, 1, 0, -2, 0, 0, 0, 1, 0, 1, 0, 0, 0, -2, 0, 0, 0, 0, 0, 1, 0, -1, 0, 1, 0, -1, 0, 0, 0, 1, 0, 0, 0, -1, 0, 0, 0, 0, 0, 0, 0, 0, 0, 0, 0, 0, 0, 0, 0, 1, 0, -3, 0, -3, 0, 1, 0, 1, 0, 4, 0, 3, 0, -4, 0, -4, 0, -5, 0, 3, 0, 2, 0, 1, 0, 8, 0, -5, 0, -8, 0, -4, 0, 0, 0, 1, 0, 6, 0, -6, 0, 4, 0, 8, 0, -12, 0, 3, 0, -10, 0, 9, 0, 7, 0, -5, 0, 4, 0, -3, 0, -16, 0, 7, 0, -3, 0, -13, 0, 4, 0, 2, 0, 8, 0, 7, 0, -4, 0, -9, 0, -8, 0, 10, 0, 6, 0, 2, 0, 8, 0, -17, 0, 0, 0, -2, 0, -19, 0, -10, 0, 12, 0, -1, 0, 12, 0, 6, 0, -16, 0, 2, 0, -16, 0, 10, 0, 16, 0, -1, 0, 16, 0, -24, 0, -12, 0, 0, 0, -16, 0, -27, 0, 19, 0, -1, 0, 12, 0, 16, 0, -8, 0, -2, 0, -25]
[0, 0, 0, 0, 0, 0, 0, 0, 0, 0, 0, 0, 0, 0, 0, 0, 0, 0, 0, 0, 1, 0, -1, 0, -1, 0, 1, 0, 0, 0, 0, 0, 1, 0, 0, 0, -1, 0, 1, 0, 0, 0, 0, 0, 1, 0, 0, 0, -2, 0, 0, 0, -1, 0, 1, 0, 0, 0, -1, 0, 1, 0, -1, 0, 8, 0, 3, 0, 0, 0, -5, 0, -3, 0, 0, 0, 6, 0, 7, 0, -21, 0, -5, 0, -5, 0, 8, 0, 21, 0, 5, 0, -13, 0, -9, 0, 28, 0, 2, 0, 15, 0, -3, 0, -36, 0, -6, 0, 6, 0, 1, 0, -14, 0, 1, 0, -16, 0, 13, 0, 39, 0, -9, 0, 11, 0, 14, 0, 0, 0, 6, 0, 4, 0, -17, 0, -20, 0, 19, 0, -29, 0, -25, 0, 29, 0, -2, 0, 25, 0, 11, 0, -20, 0, -18, 0, 39, 0, 32, 0, -37, 0, -7, 0, -51, 0, 1, 0, 61, 0, 11, 0, -20, 0, 0, 0, 16, 0, 18, 0, 64, 0, -21, 0, -57, 0, 37, 0, -18, 0, -40, 0, 6, 0, -26, 0, -11, 0, 46, 0, 15, 0, -50, 0, 51, 0, 38, 0, -17, 0, 30]
[0, 0, 0, 0, 0, 0, 0, 0, 0, 0, -1, 0, 1, 0, -1, 0, 1, 0, 1, 0, 0, 0, 0, 0, -1, 0, 0, 0, 0, 0, 0, 0, 0, 0, 1, 0, 0, 0, 1, 0, 0, 0, 0, 0, -1, 0, 0, 0, -1, 0, -1, 0, 0, 0, 1, 0, 2, 0, 0, 0, 1, 0, 0, 0, -2, 0, 18, 0, -30, 0, 6, 0, -21, 0, -1, 0, 24, 0, -2, 0, 24, 0, -55, 0, 88, 0, -10, 0, 23, 0, 15, 0, -83, 0, 20, 0, -39, 0, 73, 0, -146, 0, -32, 0, 14, 0, -26, 0, 174, 0, 10, 0, 25, 0, -35, 0, 168, 0, 59, 0, -55, 0, -20, 0, -229, 0, -48, 0, 49, 0, -40, 0, -158, 0, -64, 0, 88, 0, 82, 0, 228, 0, 48, 0, -119, 0, 104, 0, 132, 0, 11, 0, -78, 0, -89, 0, -167, 0, 32, 0, 144, 0, -133, 0, -78, 0, 61, 0, 1, 0, 28, 0, 33, 0, -104, 0, -82, 0, 112, 0, 114, 0, -136, 0, 131, 0, 94, 0, -22, 0, 158, 0, -167, 0, 40, 0, -190, 0, 131, 0, -141, 0, -248, 0, 173, 0, -32, 0, 308, 0, -58]
[0, 0, 0, 0, 0, 0, 0, 0, 0, 0, 0, 0, 0, 0, 0, 0, 0, 0, 1, 0, 0, 0, 0, 0, -1, 0, -1, 0, 0, 0, -1, 0, 0, 0, -1, 0, 0, 0, 0, 0, 0, 0, 1, 0, 1, 0, 0, 0, 1, 0, 1, 0, 0, 0, 2, 0, 1, 0, 0, 0, 0, 0, -2, 0, -2, 0, -3, 0, -3, 0, -4, 0, -2, 0, -1, 0, -1, 0, 2, 0, 0, 0, 2, 0, 0, 0, 2, 0, 0, 0, 1, 0, 3, 0, 2, 0, 4, 0, -5, 0, 0, 0, -6, 0, 0, 0, -3, 0, -6, 0, -1, 0, -5, 0, 2, 0, -5, 0, 4, 0, -3, 0, 1, 0, -5, 0, 4, 0, -2, 0, -2, 0, 5, 0, -8, 0, 2, 0, -3, 0, 5, 0, -4, 0, 3, 0, -4, 0, -2, 0, 6, 0, -6, 0, 0, 0, -5, 0, -2, 0, -6, 0, 2, 0, -5, 0, -4, 0, 2, 0, 0, 0, -2, 0, -8, 0, 0, 0, -6, 0, 6, 0, 2, 0, 1, 0, -4, 0, 0, 0, -7, 0, -6, 0, 0, 0, -6, 0, -8, 0, -8, 0, -2, 0, -2, 0, -4, 0, -3, 0, -2]
[0, 0, 0, 0, 0, 0, 0, 0, 0, 0, 0, 0, 0, 0, 0, 0, 0, 0, 0, 0, 1, 0, -1, 0, 0, 0, 0, 0, -1, 0, 0, 0, -1, 0, 1, 0, 1, 0, 1, 0, 0, 0, 0, 0, -1, 0, 1, 0, 1, 0, -1, 0, -2, 0, -1, 0, -1, 0, 0, 0, -1, 0, 0, 0, -2, 0, 3, 0, 12, 0, -9, 0, 13, 0, -9, 0, 3, 0, 14, 0, -23, 0, 12, 0, -40, 0, 4, 0, -1, 0, 0, 0, 12, 0, -19, 0, 46, 0, -20, 0, 66, 0, 15, 0, -38, 0, 10, 0, -52, 0, -1, 0, -23, 0, 13, 0, -65, 0, -31, 0, 60, 0, -24, 0, 81, 0, 55, 0, -22, 0, 20, 0, 55, 0, -11, 0, -46, 0, -6, 0, -113, 0, -42, 0, 68, 0, -23, 0, -20, 0, 13, 0, 2, 0, -3, 0, 123, 0, 20, 0, -99, 0, 64, 0, -49, 0, -29, 0, 77, 0, -36, 0, -42, 0, 46, 0, 54, 0, -16, 0, 27, 0, 13, 0, -148, 0, 30, 0, -23, 0, -89, 0, 86, 0, -63, 0, 71, 0, 16, 0, 53, 0, 22, 0, -10, 0, 73, 0, -138, 0, 99]
[0, 0, 0, 0, 0, 0, 1, 0, -1, 0, 1, 0, -1, 0, -1, 0, 0, 0, 1, 0, 0, 0, 1, 0, 0, 0, -1, 0, 2, 0, 0, 0, 0, 0, 1, 0, 0, 0, -1, 0, -1, 0, 0, 0, 0, 0, 0, 0, -1, 0, 0, 0, 0, 0, 1, 0, 0, 0, 1, 0, 0, 0, 0, 0, 55, 0, 1, 0, 29, 0, -48, 0, -1, 0, -46, 0, 24, 0, 46, 0, -178, 0, 55, 0, -119, 0, 97, 0, 102, 0, 66, 0, 14, 0, -70, 0, 267, 0, -127, 0, 227, 0, -77, 0, -296, 0, 32, 0, -130, 0, -16, 0, -165, 0, 101, 0, -286, 0, 107, 0, 372, 0, -115, 0, 248, 0, 206, 0, -64, 0, 39, 0, 256, 0, -216, 0, -192, 0, 195, 0, -403, 0, -174, 0, 319, 0, -179, 0, -16, 0, 202, 0, -124, 0, -216, 0, 526, 0, 8, 0, -454, 0, 369, 0, -333, 0, -50, 0, 522, 0, -69, 0, -281, 0, 282, 0, 252, 0, -202, 0, 428, 0, -163, 0, -628, 0, 405, 0, -92, 0, -468, 0, 351, 0, -231, 0, 88, 0, 410, 0, 155, 0, -414, 0, 216, 0, 158, 0, -539, 0, 474]
[0, 0, 0, 0, 0, 0, 0, 0, -1, 0, 0, 0, 0, 0, 1, 0, 1, 0, 0, 0, 0, 0, -1, 0, 0, 0, 1, 0, -1, 0, -1, 0, -1, 0, -1, 0, 0, 0, 0, 0, 0, 0, 1, 0, 1, 0, -1, 0, -1, 0, 0, 0, -1, 0, -1, 0, 0, 0, -1, 0, -1, 0, 1, 0, 16, 0, -2, 0, 3, 0, -21, 0, -11, 0, -22, 0, 13, 0, 9, 0, -61, 0, 10, 0, -34, 0, 54, 0, 50, 0, 25, 0, -10, 0, -20, 0, 94, 0, -22, 0, 54, 0, -72, 0, -116, 0, -2, 0, -12, 0, -5, 0, -67, 0, 29, 0, -69, 0, 84, 0, 110, 0, -58, 0, 31, 0, 43, 0, -11, 0, -3, 0, 47, 0, -122, 0, -34, 0, 92, 0, -107, 0, -43, 0, 72, 0, -36, 0, 29, 0, 65, 0, -84, 0, -124, 0, 133, 0, 6, 0, -123, 0, 94, 0, -149, 0, 13, 0, 184, 0, -8, 0, -102, 0, 54, 0, 76, 0, -82, 0, 177, 0, -122, 0, -200, 0, 169, 0, -11, 0, -124, 0, 32, 0, -82, 0, -14, 0, 174, 0, 7, 0, -234, 0, 62, 0, 49, 0, -99, 0, 123]
[0, 0, 1, 0, 0, 0, 0, 0, 0, 0, -1, 0, -1, 0, 1, 0, 0, 0, 0, 0, 0, 0, 0, 0, 0, 0, 0, 0, -1, 0, 0, 0, -1, 0, -1, 0, 1, 0, 0, 0, 0, 0, 1, 0, 1, 0, 0, 0, 1, 0, 2, 0, -1, 0, 1, 0, 0, 0, 1, 0, 1, 0, 0, 0, -16, 0, -28, 0, 70, 0, -10, 0, 53, 0, 7, 0, -41, 0, 6, 0, 18, 0, 97, 0, -198, 0, 6, 0, -82, 0, -65, 0, 174, 0, -22, 0, 22, 0, -88, 0, 258, 0, 57, 0, 27, 0, 69, 0, -358, 0, 24, 0, -31, 0, 9, 0, -255, 0, -182, 0, 20, 0, 82, 0, 445, 0, 98, 0, -77, 0, 84, 0, 311, 0, 159, 0, -79, 0, -268, 0, -388, 0, -54, 0, 167, 0, -90, 0, -245, 0, -85, 0, 224, 0, 232, 0, 247, 0, -4, 0, -159, 0, 166, 0, 167, 0, -91, 0, -138, 0, -51, 0, -55, 0, 70, 0, 148, 0, -76, 0, -411, 0, 401, 0, -212, 0, -345, 0, 131, 0, -204, 0, 166, 0, -64, 0, 559, 0, -461, 0, 270, 0, 686, 0, -476, 0, 170, 0, -469, 0, 30]
[0, 0, 0, 0, 0, 0, 0, 0, 0, 0, 0, 0, 0, 0, 0, 0, -1, 0, 1, 0, 0, 0, 0, 0, 1, 0, 0, 0, 1, 0, -1, 0, -1, 0, -1, 0, 0, 0, -1, 0, 0, 0, 1, 0, 0, 0, 2, 0, -1, 0, 0, 0, 0, 0, 1, 0, -1, 0, 0, 0, -2, 0, -1, 0, 18, 0, 3, 0, 9, 0, -12, 0, -12, 0, -15, 0, -5, 0, 3, 0, -45, 0, 9, 0, -14, 0, 36, 0, 46, 0, 24, 0, 1, 0, -1, 0, 64, 0, -31, 0, 32, 0, -66, 0, -78, 0, -10, 0, -4, 0, -2, 0, -51, 0, 41, 0, -59, 0, 85, 0, 85, 0, -45, 0, 24, 0, 34, 0, -3, 0, -7, 0, 47, 0, -98, 0, -28, 0, 95, 0, -56, 0, -21, 0, 62, 0, -47, 0, -6, 0, 57, 0, -70, 0, -101, 0, 108, 0, -22, 0, -77, 0, 107, 0, -77, 0, 15, 0, 134, 0, -7, 0, -102, 0, 86, 0, 40, 0, -70, 0, 124, 0, -122, 0, -107, 0, 134, 0, 27, 0, -79, 0, 24, 0, -15, 0, -28, 0, 155, 0, -8, 0, -218, 0, 69, 0, -34, 0, -51, 0, 116]
