88 3 21 26 25
[1, 0, 0, -1, 0, -1, 0, 0, 0, 1, -1, -1, 1, 0, 1, -2, 1, 0, -1, -1, -1, 0, 0, -1, 1, -3, 0, -1, -1, 0, 1, 1, 0, 0, -1, -1, 1, 1, -2, 0, 0, 0, -17, -8, 10, 6, 0, -9, 2, -6, -3, -9, -3, 10, -5, -8, -16, 6, -15, -1, -13, -16, -4, 12, -19, 6, 3, 17, 1, 3, 1, -17, -10, 6, 7, 6, 1, -8, -31, 12, -14, -36, 3, -10, -1, -16, 3, 0, -11, -7, 4, 8, 7, -11, -7, 12, -13, -17, -14, -19, -33, -24, -1, -55, 22, 6, -4, -15, -9, -24, 0, -8, -6, -35, 17, -5, -22, -24, 10, -34, -3, -19, -15, -23, -31, -33, -8, 24, -7, 12, -51, -43, 28, 32, 4, -32, 0, -81, 3, -47, -19, 0, -22, -27, -45, 30, -51, -33, -55, -56, -5, 36, -62, 36, -29, 21, -13, 25, 0, -94, -9, 36, -14, 50, -15, -39, -131, 36, -40, -102, -1, -62, -14, -80, -26, 36, -43, -61, -27, 33, -16, 33, 6, 36, -11, -95, -9, -39, -112, -72, -5, -125, 28, 42, -33, -75, -60, -80, 4, -105, -12, -97, -34, 16, -1, -96, -37, -103, -6, -53, -37]
[0, 0, 0, 0, 0, 0, 0, 0, 0, 0, 0, 0, 0, 0, 0, 0, 0, 0, 0, -1, 0, 0, 0, 0, 1, 0, 0, 0, 1, 0, 0, 0, -1, 0, 0, 1, 0, 0, 0, 0, 0, 2, 0, 0, -1, 0, -2, 0, 0, 0, -2, 1, -1, 0, 2, 0, 0, -2, 0, 0, 0, 0, 0, -4, 0, 0, 2, 0, 3, 0, 0, 0, 2, -2, 2, 0, -3, 0, 0, 4, 0, 0, 0, 0, 1, 8, 0, 0, -3, 0, -6, 0, 0, 0, -4, 4, -3, 0, 6, -1, 0, -8, 0, 0, 0, 0, -2, -7, 0, 0, 6, 0, 6, 0, 0, 0, 2, -8, 6, 0, -5, 2, 0, 7, 0, 0, 0, 0, 4, 10, 0, -1, -5, 0, -8, 0, 0, 0, 0, 7, -5, 0, 6, -4, 0, -10, 0, 0, 0, 0, -8, -12, 0, 2, 6, 0, 13, 0, 0, 0, 5, -10, 6, 0, -9, 8, 0, 12, 0, 0, 0, 0, 8, 8, 0, -4, -10, 0, -14, 0, 0, 0, -2, 12, -11, 0, 6, -7, 0, -8, 0, 0, 0, 0, -12, -17, 0, 8, 8, 0, 16, 0, 0, 0, 1, -8, 10, 0, -8, 10, 0]
[0, 0, 0, 0, 0, 0, 0, 0, 0, 0, 0, 0, 0, 1, 0, 0, 0, -1, 0, 0, 0, 0, -1, 0, 1, 0, 0, 0, -1, 1, 0, 0, -1, 0, 0, 0, 0, 0, 0, 0, 0, -1, 0, -2, 3, 0, 4, 0, 0, 0, -2, -2, 1, 0, -4, 2, 0, 3, 0, 0, 0, -3, 2, 4, 0, -1, 0, 0, -3, 0, 0, 0, -2, 3, 2, 0, 3, 0, 0, 0, 0, 0, 0, -2, -5, -4, 0, -4, 5, 0, 6, 0, 0, 0, -2, -8, 1, 0, -6, 6, 0, 5, 0, 0, 0, -3, 2, 14, 0, -3, -2, 0, -6, 0, 0, 0, -6, 5, -2, 0, 7, -1, 0, -4, 0, 0, 0, -4, -8, -8, 0, 6, 5, 0, 8, 0, 0, 0, 4, -10, 9, 0, -4, 2, 0, 12, 0, 0, 0, -3, 6, 12, 0, -4, -10, 0, -5, 0, 0, 0, -11, 11, -10, 0, 1, -4, 0, -16, 0, 0, 0, 4, -4, -15, 0, 12, 10, 0, 18, 0, 0, 0, 6, -4, 17, 0, -14, -2, 0, 16, 0, 0, 0, 2, 16, 2, 0, -7, -7, 0, -20, 0, 0, 0, 3, 12, -16, 0, 12, -8, 0]
[0, 0, 0, 0, 0, 0, 0, 0, 0, 0, 0, 0, 0, 0, 0, 0, -1, 0, 0, 0, 0, 0, 0, 1, 0, -1, 1, 1, 0, 0, 0, 0, 0, 1, 1, 0, 0, -1, 0, 0, 0, 0, -1, 0, 0, -1, 0, -2, 1, -1, 0, 0, 0, 1, 0, 1, 0, 0, 0, -1, -2, 0, 0, 0, 0, 0, -1, 0, 0, 0, 2, 1, 0, 0, 0, 0, 0, 1, 2, 0, 1, -1, -1, 0, 0, 0, -2, 0, 0, 1, 0, -1, 2, 1, 0, 0, 0, 2, 0, 0, 0, 0, 0, -1, 2, 0, 0, 0, 0, 0, -2, -3, 0, 2, -3, -1, 0, 0, 0, -1, 0, -2, -4, 0, 2, 2, -2, 0, 0, 0, 3, 0, 0, 3, 0, 5, -2, 5, 0, 0, 0, -2, 0, -3, 0, 0, 1, 1, 4, 0, 0, 0, 0, 0, 3, 0, 0, -1, -6, -1, 0, 0, 0, 0, 0, -2, -8, 0, -2, 1, 3, 0, 0, 0, 6, 0, -1, -5, 0, 1, -4, -2, 0, 0, 0, -6, 0, 1, 0, 0, 2, 1, 2, 0, 0, 0, 0, 0, 6, -2, 0, 4, 3, -6, 0, 0, 0, 5, 0, -3, 5]
[0, 0, 0, 0, 0, 0, 0, 0, 0, -1, 0, 0, 0, 0, 1, 0, 0, 0, 0, 0, 1, 0, 0, -1, 0, 0, 0, 1, 0, 0, 0, 0, 0, 0, 0, 0, -1, 1, -1, 0, 0, 0, 4, 0, -3, -3, 0, 2, -4, 3, 0, 0, 0, -1, 0, 3, 4, 0, -2, 3, 0, 0, 0, 0, -2, 0, -4, -4, 0, 0, -7, -1, 0, 0, 0, -4, 0, 3, 7, 0, 6, 5, -2, 0, 0, 0, 0, 0, -2, -6, 0, -1, -2, 3, 0, 0, 0, -5, 0, 4, 7, 0, 5, 9, -4, 0, 0, 0, 12, 0, -1, -13, 0, -3, -6, 3, 0, 0, 0, -7, 0, 6, 10, 0, -4, 10, -6, 0, 0, 0, 8, 0, -3, -7, 0, -13, -8, 0, 0, 0, 0, -10, 0, -1, 14, 0, 2, 9, -7, 0, 0, 0, 12, 0, -6, -12, 0, -3, -10, 17, 0, 0, 0, -8, 0, 6, 12, 0, -4, 13, -8, 0, 0, 0, 8, 0, -2, -14, 0, -3, -18, 6, 0, 0, 0, 1, 0, 9, 12, 0, -7, 7, -10, 0, 0, 0, -2, 0, -13, 10, 0, 1, -12, 2, 0, 0, 0, -13, 0, 9, 16]
[0, 0, 0, 0, 0, 0, 0, 0, 0, 0, 0, 0, 0, 0, 0, 0, 0, -1, 0, 0, 0, 0, 0, 1, 0, 0, 1, 0, -1, 0, 1, 1, -1, 0, 0, 0, 0, 0, 1, 0, -1, -1, 0, -2, 2, 2, 0, 1, 2, 0, -2, -2, -3, 2, -3, 0, 0, -1, 1, 0, 2, -4, -2, 0, 0, -1, 1, 4, -1, 2, 4, 1, -3, -1, 0, 4, -1, 0, 0, 0, 2, 0, 4, -2, -3, -4, 1, -8, 5, 8, -2, 4, 8, 2, -5, -8, -7, 8, -8, -2, 0, -4, 4, 1, 8, -7, -6, -2, 2, -4, 1, 8, -4, 8, 8, 4, -8, -4, -4, 8, -2, -1, 1, -4, 8, 2, 8, -8, -6, -8, 4, -10, 3, 12, -8, 8, 12, 8, -6, -10, -7, 12, -10, -7, 2, -8, 8, 4, 12, -12, -9, -8, 8, -8, 0, 16, -9, 12, 16, 8, -17, -9, -6, 16, -13, -2, 5, -16, 12, 8, 16, -12, -12, -16, 8, -8, 2, 16, -14, 16, 16, 12, -12, -8, -16, 16, -18, -6, 10, -16, 16, 9, 16, -18, -18, -14, 12, -16, 5, 25, -19, 16, 25, 16, -17, -20, -21, 25, -18, 0, 12]
[0, 0, 0, 0, 0, 0, 0, 0, 0, 0, 0, 0, 0, -1, 0, 0, 1, 0, 0, -1, 0, 0, 0, 0, 0, 1, 1, 0, 0, -1, 0, 1, 0, 0, 1, 0, 0, 1, 0, 0, 0, 0, 3, -1, -4, 3, -8, 3, 3, 3, 0, 0, -8, 1, 0, -3, 4, -8, 4, 3, 2, -1, -8, -8, 4, 0, 3, 4, 0, 2, 2, 4, 0, -8, 0, 5, -8, 3, 2, 0, 7, 5, 7, -1, 0, 0, 6, -8, -4, 7, -16, 7, 6, 9, -8, 0, -16, 8, 0, -9, 8, -25, 8, 10, 10, -8, -16, -25, 8, -1, 6, 11, 0, 10, 13, 12, -8, -25, 0, 13, -16, 7, 16, 0, 14, 16, 14, -8, 0, 0, 11, -25, -8, 9, -32, 11, 14, 13, -16, -1, -32, 22, -8, -10, 16, -40, 17, 17, 20, -25, -32, -40, 20, -8, 7, 19, 0, 29, 26, 21, -16, -40, 0, 23, -32, 8, 32, 0, 22, 27, 23, -25, -8, -1, 22, -40, -19, 27, -64, 29, 28, 22, -32, -8, -64, 32, -16, -11, 32, -48, 34, 32, 26, -40, -64, -48, 40, -25, 14, 39, 0, 32, 27, 42, -32, -48, -8, 32, -64, 22, 29]
[0, 0, 0, 0, 0, 0, 0, 0, 0, 0, 0, 0, 0, -1, 0, 0, 0, 0, 0, 0, 0, 0, 0, -1, -1, 0, -1, 0, 0, -1, 1, -1, 0, 0, 0, 0, 0, 0, -1, 0, -1, 0, 0, 0, -3, -2, -4, -1, -2, 0, 0, 0, -4, -2, 1, -2, 0, -4, -1, 0, -2, -1, -4, -4, 0, 0, -3, -4, 2, -2, -4, -1, -1, -4, -2, -4, -4, 0, 0, 0, -2, 0, -4, 0, 2, 0, -1, -4, -8, -8, -8, -4, -8, -2, -3, 0, -8, -8, -2, -8, 0, -9, -4, -1, -8, -4, -8, -16, -2, -1, -5, -8, 2, -8, -8, -4, -2, -9, -2, -8, -9, 0, -1, 0, -8, -2, -8, -4, 2, 0, -4, -16, -14, -12, -16, -8, -12, -8, -10, 0, -16, -12, -6, -11, -2, -20, -8, -4, -12, -9, -15, -20, -8, -4, -6, -16, -4, -12, -16, -8, -6, -20, 4, -16, -14, -2, -5, 0, -12, -8, -16, -16, -8, -1, -8, -20, -24, -16, -32, -16, -16, -12, -18, -4, -33, -16, -4, -12, -10, -32, -16, -9, -16, -20, -34, -16, -12, -9, -13, -25, 1, -16, -25, -16, -20, -32, -5, -25, -30, -8, -12]
[0, 0, 0, 0, 0, 0, 0, 0, -1, 0, -1, 0, 0, 0, 0, 0, 0, 0, -1, -1, 0, 0, -1, 0, 0, 0, 0, 0, -1, 0, 0, 0, -1, 0, 0, 1, 0, 0, 0, 0, -1, -6, 0, -8, -1, 0, -4, 0, 0, 0, -3, -7, -9, 0, -6, -8, 0, -10, 0, 0, 0, -16, -8, -4, 0, 0, -5, 0, -5, 0, 0, 0, -12, -10, 1, 0, -5, 0, 0, -12, 0, 0, 0, -8, -7, -8, 0, -16, -4, 0, -20, 0, 0, 0, -12, -12, -29, 0, -20, -9, 0, -24, 0, 0, 0, -16, -28, -15, 0, -16, -12, 0, -20, 0, 0, 0, -34, -24, -4, 0, -20, -6, 0, -9, 0, 0, 0, -16, -22, -30, 0, -41, -13, 0, -44, 0, 0, 0, -27, -33, -51, 0, -40, -28, 0, -50, 0, 0, 0, -48, -54, -44, 0, -22, -16, 0, -33, 0, 0, 0, -39, -50, -34, 0, -53, -8, 0, -36, 0, 0, 0, -48, -40, -56, 0, -68, -36, 0, -59, 0, 0, 0, -56, -52, -70, 0, -53, -47, 0, -72, 0, 0, 0, -80, -71, -73, 0, -56, -19, 0, -44, 0, 0, 0, -53, -88, -72, 0, -78, -30, 0]
[0, 0, 1, 0, 0, 0, 1, 0, 1, 0, 0, 0, 0, 0, 0, 0, 0, 0, 1, -1, 0, 0, 0, 0, 0, 0, 0, 0, 1, 0, -1, 0, 1, 0, 0, 1, 0, 0, 0, 0, 1, -6, 0, 8, 1, 0, 7, 0, 0, 0, 5, 9, 9, 0, 3, 8, 0, 22, 0, 0, 0, 16, 9, 28, 0, 0, 2, 0, -3, 0, 0, 0, 4, 22, -4, 0, 13, 0, 0, -12, 0, 0, 0, 8, 7, 24, 0, 16, 12, 0, 28, 0, 0, 0, 16, -12, 37, 0, 13, 7, 0, 8, 0, 0, 0, 16, 32, 1, 0, 16, 5, 0, -4, 0, 0, 0, 18, 8, -3, 0, 44, -6, 0, 23, 0, 0, 0, 16, 14, -30, 0, 39, 37, 0, 63, 0, 0, 0, 36, 47, 75, 0, 25, 52, 0, 110, 0, 0, 0, 48, 64, 116, 0, 10, 0, 0, 17, 0, 0, 0, 55, 110, 17, 0, 61, 24, 0, -36, 0, 0, 0, 48, 8, 72, 0, 92, 44, 0, 86, 0, 0, 0, 60, -20, 78, 0, 36, 33, 0, 56, 0, 0, 0, 80, 94, 39, 0, 72, -1, 0, 36, 0, 0, 0, 77, 72, 48, 0, 54, -30, 0]
[0, 0, 0, 0, 0, 0, 0, 0, 0, 0, 0, -1, 0, -1, 0, 0, 0, -1, 0, -1, 0, 0, -1, 0, 0, 0, 0, 0, -2, -1, 0, 0, 0, 0, 0, -1, 0, 0, 0, 0, 0, -3, 0, -4, -4, 0, -10, 0, 0, 0, 0, -3, -14, 0, -6, -6, 0, -11, 0, 0, 0, -5, -14, -8, 0, -1, -2, 0, -6, 0, 0, 0, -4, -11, 0, 0, -10, 0, 0, -4, 0, 0, 0, -4, -6, -12, 0, -20, -8, 0, -20, 0, 0, 0, -14, -12, -28, 0, -12, -18, 0, -37, 0, 0, 0, -19, -28, -29, 0, -5, -8, 0, -12, 0, 0, 0, -24, -37, -8, 0, -20, -3, 0, -11, 0, 0, 0, -20, -12, -18, 0, -43, -22, 0, -48, 0, 0, 0, -28, -19, -50, 0, -26, -34, 0, -58, 0, 0, 0, -53, -50, -56, 0, -22, -16, 0, -18, 0, 0, 0, -48, -59, -16, 0, -54, -12, 0, -28, 0, 0, 0, -46, -28, -25, 0, -64, -44, 0, -96, 0, 0, 0, -56, -32, -100, 0, -52, -43, 0, -72, 0, 0, 0, -78, -100, -77, 0, -65, -15, 0, -36, 0, 0, 0, -62, -76, -42, 0, -108, -18, 0]
[0, 1, 0, 0, 1, 0, 1, 0, 0, 1, 0, 0, 0, 0, 0, 0, 1, 0, 0, 0, 0, 0, 0, 0, -1, 1, 0, 0, 0, 0, -1, 0, 1, 0, 0, 0, 1, 0, 0, 0, 1, -8, 0, 8, 7, 20, -1, 0, 20, 1, 6, 8, 0, 20, 1, -8, 0, -8, 0, 0, 20, 16, -1, 0, 1, 0, 20, 40, -6, 20, 40, 0, 1, -8, -6, 40, 6, 0, 0, -16, 20, 1, 40, 8, 6, 16, 0, -16, 0, 10, -6, 40, 10, 20, 10, -16, 0, 10, 6, 8, 1, 16, 40, 0, 10, -16, -6, 8, 20, 16, 15, 32, -10, 10, 32, 40, 6, 16, -9, 32, 9, -7, 0, 16, 10, 20, 32, -16, 9, -40, 40, 40, 62, 120, -9, 32, 120, 10, -4, 40, 0, 120, 9, -24, 21, -40, 32, 40, 120, 48, -8, -32, 10, -24, 74, 160, 4, 120, 160, 32, 10, -40, 10, 160, -10, 36, 40, -48, 120, 11, 160, 48, -10, 64, 32, -64, 29, 40, 10, 160, 40, 120, -18, -64, -1, 40, -10, 80, 30, 64, 160, 32, 40, -80, 16, 56, 121, 64, -9, 0, 19, 40, 0, 160, -4, 80, 28, 0, -28, -30, 72]
[0, 0, 0, 0, 0, 0, 0, 0, 0, 0, 0, 0, 0, 0, 0, 1, 0, 0, 0, 0, -1, 0, 1, 0, 0, -1, -1, -1, 0, 0, 0, 1, 0, -1, 1, 0, -1, 1, 0, 0, 0, 0, 1, 0, 1, 1, 0, 0, -2, -1, 0, 0, 0, -1, 0, 0, 2, 0, 0, 1, 2, 0, 0, 0, 0, 0, 1, 0, 0, 0, 0, -2, 0, 0, 0, 0, 0, -1, -2, 0, -2, 3, -1, 0, 0, 0, 0, 0, 0, 1, 0, 1, 0, -1, 0, 0, 0, -2, 0, 0, -1, 0, -2, -3, 2, 0, 0, 0, 4, 0, -2, 0, 0, 6, 1, 1, 0, 0, 0, -5, 0, 4, -4, 0, 2, -2, 2, 0, 0, 0, -1, 0, -3, -3, 0, 2, 6, 5, 0, 0, 0, 2, 0, -1, -6, 0, -3, -1, -5, 0, 0, 0, 2, 0, -3, 0, 0, 1, -2, 3, 0, 0, 0, 0, 0, 2, 6, 0, 6, -11, 5, 0, 0, 0, 2, 0, 0, -1, 0, -1, -2, 2, 0, 0, 0, 6, 0, -1, 4, 0, 6, 0, -4, 0, 0, 0, -2, 0, -3, 0, 0, -8, 5, 6, 0, 0, 0, 3, 0, -5, 1]
[0, 0, 0, 0, 0, 0, 0, 0, 0, 0, 0, 0, 0, 0, 0, 0, 0, 1, 0, -1, 0, 0, 0, 0, 0, 0, 0, 0, 2, 0, -2, 0, 0, -1, 0, -1, 0, 0, 0, 0, 0, 1, 0, 2, -2, 0, -2, 0, 0, 0, 0, 1, 2, 0, 4, 0, 0, -1, 0, 0, 0, 4, 2, -4, 0, -1, 0, 0, -2, 0, 0, 0, 4, -1, -4, 0, -2, -4, 0, -4, 0, 0, 0, 0, -2, 4, 0, 8, -4, 0, -4, 0, 0, 0, 0, 4, 4, 0, 8, 1, 0, -4, 0, 0, 0, 5, 4, -5, 0, -4, 2, 0, -4, 0, 0, 0, 4, -4, -4, 0, -4, -4, 0, -3, 0, 0, 0, 0, -4, 4, 0, 7, -2, 0, 0, 0, 0, 0, 0, 3, 2, 0, 2, 4, 0, -2, 0, 0, 0, 4, 0, -4, 0, -4, 4, 0, 2, 0, 0, 0, 8, -3, -8, 0, -2, 0, 0, 4, 0, 0, 0, -2, 0, 0, 0, -4, -4, 0, 0, 0, 0, 0, -4, -4, 4, 0, 4, 3, 0, 8, 0, 0, 0, 4, 0, -5, 0, 0, 0, 0, 4, 0, 0, 0, -2, 4, 0, 0, -4, -1, 0]
[0, 0, 0, 0, 0, 0, 0, 0, 0, 0, 0, 0, 0, 0, 0, 0, 0, 0, 1, 1, 0, -1, 0, -1, 0, 0, -1, 0, -1, 1, 0, -1, 1, 0, 0, 1, 0, 0, -1, 0, -1, 0, 0, 2, 0, -2, 3, -1, -2, 0, 1, -1, 3, -2, -1, 2, 0, 4, -1, 0, -2, 1, 3, 4, 0, 0, -2, -4, 1, -2, -4, -1, 1, 4, 0, -4, 3, 1, 0, 0, -2, 0, -4, 0, -1, -1, -1, 4, 1, -8, 10, -4, -8, -2, 3, 0, 11, -8, 0, 7, 0, 14, -4, -1, -8, 4, 6, 9, -2, 5, -6, -8, 0, -8, -8, -4, 8, 11, 0, -8, 6, 0, -1, -5, -8, -2, -8, 4, 6, 0, -4, 5, 5, -12, 16, -8, -12, -8, 6, 5, 17, -12, 7, 9, -2, 20, -8, -4, -12, 10, 17, 20, -8, 4, -8, -16, -5, -12, -16, -8, 5, 20, 0, -16, 17, -7, -5, 0, -12, -8, -16, 14, 8, 7, -8, 20, 6, -16, 29, -16, -16, -12, 16, 4, 24, -16, 10, 9, -10, 27, -16, -9, -16, 20, 29, 33, -12, 9, -13, -25, 1, -16, -25, -16, 11, 23, 3, -25, 30, -8, -12]
[0, -1, 0, 0, 0, 0, 0, 0, 0, -1, 0, 0, 0, 0, 0, 0, 0, -1, 0, 0, 0, 0, 0, -1, 0, -1, 1, 0, -1, 0, 1, -1, -1, 0, 0, 0, 0, 0, 1, 0, -1, -1, 0, -2, -6, -6, 0, -1, -14, -1, -2, -2, -3, -6, -3, 0, 0, -1, 1, 0, -14, -4, -2, 0, 0, -1, -15, -12, -1, -6, -28, -1, -3, -1, 0, -12, -1, 0, 0, 0, -14, -1, -28, -2, -3, -4, 1, -8, 5, -18, -2, -12, 8, -6, -5, -8, -7, -18, -8, -2, 0, -4, -28, -1, 8, -7, -6, -2, -14, -4, 1, -40, -4, -18, 8, -12, -8, -4, -4, -40, -2, -2, 1, -4, 8, -6, 8, -8, -6, -8, -28, -10, -45, -36, -8, -40, -84, -18, -6, -10, -7, -36, -10, -9, -14, -8, 8, -12, -84, -12, -9, -8, 8, -8, -64, -48, -9, -36, -112, -40, -17, -9, -6, -48, -13, -10, -27, -16, -84, -19, -112, -12, -12, -16, 8, -8, 2, -56, -14, -48, 16, -36, -12, -8, -16, -56, -18, -22, -6, -16, -112, -41, 16, -18, -18, -14, -84, -16, 5, -25, -19, -56, 25, -48, -17, -20, -21, -25, -18, -26, -20]
[0, 0, 0, 0, 0, 0, 0, 0, 0, 0, 1, 0, 0, 0, 0, 0, 0, 0, 1, 1, 0, -1, 1, 0, 0, 0, 0, 0, 0, -1, 0, 0, 0, -1, 0, 1, 0, 0, 0, 2, 0, 4, 0, 4, 0, 0, 2, 0, 0, 0, 1, 5, 4, 0, 4, 4, 0, 2, 0, 0, 0, 7, 4, -2, 0, 2, 3, 0, 4, 0, 0, 0, 8, 6, 1, 0, 0, 3, 0, 6, 0, 0, 0, -2, 4, 7, 0, 10, 0, 0, 6, 0, 0, 0, 4, 6, 16, 0, 10, 5, 0, 14, 0, 0, 0, 10, 10, 3, 0, 9, 6, 0, 16, 0, 0, 0, 24, 9, 6, 0, 8, 3, 0, 7, 0, 0, 0, 10, 16, 20, 0, 15, 4, 0, 12, 0, 0, 0, 11, 19, 24, 0, 22, 10, 0, 18, 0, 0, 0, 24, 22, 16, 0, 12, 14, 0, 24, 0, 0, 0, 16, 20, 16, 0, 28, 5, 0, 24, 0, 0, 0, 30, 24, 39, 0, 32, 16, 0, 29, 0, 0, 0, 26, 34, 24, 0, 35, 19, 0, 25, 0, 0, 0, 42, 35, 31, 0, 29, 19, 0, 24, 0, 0, 0, 16, 37, 34, 0, 32, 23, 0]
[0, 0, 0, 0, 0, 0, 0, 0, 0, 0, 0, 0, 0, 0, 0, 0, 0, -1, 0, 0, 0, 1, -1, 0, 0, 0, 0, 0, 0, 1, 2, 0, 0, 0, 0, 0, 0, 0, 0, 2, 0, -1, 0, -2, 2, 0, 0, 0, 0, 0, 0, -2, -4, 0, -2, 0, 0, -1, 0, 0, 0, -3, 0, 2, 0, 3, -2, 0, 0, 0, 0, 0, 0, 3, 4, 0, 4, 1, 0, 2, 0, 0, 0, 6, 0, -3, 0, -6, 4, 0, 0, 0, 0, 0, 2, -6, -8, 0, -4, -2, 0, -2, 0, 0, 0, -3, 0, 6, 0, 3, -2, 0, 0, 0, 0, 0, -4, 3, 4, 0, 8, 3, 0, 4, 0, 0, 0, 2, 0, -4, 0, -2, 0, 0, 0, 0, 0, 0, 4, -2, 0, 0, -4, -6, 0, 0, 0, 0, 0, -4, -2, 4, 0, 4, -4, 0, 0, 0, 0, 0, -8, 3, 8, 0, 0, 3, 0, -4, 0, 0, 0, -4, 4, -7, 0, 4, 0, 0, 0, 0, 0, 0, 4, 6, 0, 0, -8, -2, 0, -1, 0, 0, 0, -2, -4, 2, 0, 3, 1, 0, 0, 0, 0, 0, 0, -1, -2, 0, 0, 4, 0]
[0, 0, 0, 0, 0, 0, 1, 0, 0, 0, 0, 0, 0, 0, 0, -1, 0, 0, 0, 0, 0, 0, 0, 0, -1, -1, 1, 1, 0, 0, -1, -1, 1, -1, -1, 0, 0, 1, 0, 0, 1, -8, -3, 8, -2, 5, -1, -4, 3, -5, 6, 8, 0, 7, 1, -12, -4, -8, -2, 3, 0, 16, -1, 0, -3, 0, 3, 12, -6, 8, 2, -10, 1, -8, -6, 12, 6, 3, -2, -16, -1, -17, 5, 8, 6, 16, -6, -16, -2, -7, -6, 15, 6, 11, 10, -16, 0, -10, 6, 12, -8, 16, -4, -25, 4, -16, -6, 8, -6, 16, 5, -12, -10, -22, 11, 19, 6, 16, -9, -19, 9, -28, -14, 16, -2, 18, 10, -16, 9, -40, 1, 40, 8, 41, -9, -26, 6, -39, -4, 40, 0, 38, 9, -47, -9, -40, 7, 25, 8, 48, -8, -32, -6, -24, -5, 52, 4, 45, 22, -47, 10, -40, 10, 56, -10, 30, -28, -48, -2, -55, -7, 48, -10, 64, 2, -64, 12, -41, 10, 61, 12, 54, -18, -64, -1, -58, -10, 65, -18, 64, 14, -76, 6, -80, 16, 56, -12, 64, -7, -60, 19, -60, -9, 66, -4, 80, 28, -59, -28, -81, 7]
[0, 0, 0, 0, 0, 0, 0, 0, 0, 0, 0, 0, 0, 0, 0, 0, 0, -1, 0, 0, -1, 0, 0, 0, 0, -1, 0, -1, -1, 0, 1, 1, -1, -1, -1, 0, -1, -1, -1, 0, -1, -1, -1, -2, 1, 1, 0, -1, 0, -1, -2, -2, -3, -1, -3, -1, -2, -1, -1, -3, 0, -4, -2, 0, -4, -1, 0, 0, -1, -2, 0, -4, -3, -1, 0, 0, -1, -3, -6, 0, -4, -5, -3, -2, -3, -4, -5, -8, 1, 1, -2, -3, 0, -5, -5, -8, -7, -2, -8, -6, -9, -4, -6, -10, -2, -7, -6, -2, -6, -4, -5, -1, -4, -2, -1, -7, -8, -4, -4, -7, -2, -5, -13, -4, -6, -12, -2, -8, -6, -8, -11, -10, -4, -5, -8, -5, -2, -11, -6, -10, -7, -2, -10, -16, -16, -8, -13, -13, -9, -12, -9, -8, -10, -8, -13, -4, -9, -9, -6, -11, -17, -9, -6, -8, -13, -12, -15, -16, -10, -19, -5, -12, -12, -16, -18, -8, -10, -9, -14, -13, -10, -18, -12, -8, -16, -10, -18, -23, -22, -16, -14, -20, -16, -18, -18, -14, -22, -16, -11, -9, -19, -16, -14, -18, -17, -20, -21, -12, -18, -21, -21]
[0, 0, 0, 1, 0, 1, 0, 0, 0, 0, 0, 1, 0, 0, -1, 1, 0, 0, 0, 0, -1, 0, 0, 0, 0, 1, 0, 0, 0, 0, 0, 1, 0, 1, 0, 0, 1, 2, 1, 0, 0, 0, 12, 0, -5, 3, 0, 4, 4, 5, 0, 0, 0, -3, 0, 4, 12, 0, 18, 6, 16, 0, 0, 0, 18, 0, 4, -1, 0, 7, 7, 10, 0, 0, 0, 10, 0, 5, 25, 0, 10, 17, 2, 0, 0, 0, 0, 0, 18, 7, 0, 13, 2, 22, 0, 0, 0, 10, 0, 14, 25, 0, -5, 25, -12, 0, 0, 0, 4, 0, 1, 12, 0, 22, 6, 30, 0, 0, 0, 19, 0, 20, 6, 0, 36, 49, 38, 0, 0, 0, 56, 0, -13, 15, 0, 26, 24, 39, 0, 0, 0, 54, 0, 23, 34, 0, 62, 60, 71, 0, 0, 0, 68, 0, 22, 47, 0, 34, 42, 47, 0, 0, 0, 22, 0, 39, 116, 0, 52, 55, 24, 0, 0, 0, 24, 0, 50, 41, 0, 42, 50, 37, 0, 0, 0, 58, 0, 19, 100, 0, 39, 76, -6, 0, 0, 0, 66, 0, 13, 60, 0, 60, 44, 78, 0, 0, 0, 59, 0, 41, 48]
[0, 0, 0, 0, 0, 0, 0, 0, 0, 0, 0, 0, 0, -1, -1, 0, 0, 0, 0, -1, 0, 0, 0, 1, 0, 0, 1, -1, 0, -1, 0, -1, 0, 1, 1, 0, -2, 0, -1, 0, 0, 0, 1, -1, -4, 2, -8, -1, 2, -2, 0, 0, -8, -2, 0, -4, 2, -8, 0, 0, -2, -1, -8, -8, 2, 0, 1, 0, 0, -2, -1, 1, 0, -8, 0, 1, -8, 0, -1, 0, 0, 0, 1, -1, 0, 0, -2, -8, -6, 0, -16, 0, -2, 2, -8, 0, -16, 2, 0, -13, -2, -25, 1, 1, 2, -8, -16, -25, -4, -1, -1, -2, 0, 0, -1, 1, -8, -25, 0, 2, -16, -3, 0, 0, 6, 2, 0, -8, 0, 0, -1, -25, -18, -8, -32, 2, -6, 6, -16, -1, -32, 8, -8, -21, -4, -40, 3, 0, 4, -25, -32, -40, -6, -8, -1, -1, 0, 8, 0, -2, -16, -40, 0, -1, -32, -2, 0, 0, 6, 0, 1, -25, -8, -1, 2, -40, -38, -2, -64, 0, 4, -8, -32, -8, -64, -6, -16, -28, 4, -48, 5, -3, -2, -40, -64, -48, 12, -25, 1, -5, 0, 0, -5, 8, -32, -48, -8, 5, -64, -1, -7]
[0, 0, 0, 0, 0, -1, 0, 0, 0, 0, 0, 0, 1, 1, 1, -1, 0, 0, 0, 1, 0, 0, -1, -1, 0, -1, 0, 0, 0, 1, 0, 0, 0, 0, 0, 0, -2, 0, 1, 0, 0, 0, -4, 1, 5, -3, 8, -3, -4, 1, 0, 0, 8, -1, 0, 4, -10, 8, -10, 1, -7, 1, 8, 8, -4, 0, 2, 0, 0, -1, -7, -3, 0, 8, 0, -9, 8, -3, -9, 0, 4, -9, -14, 1, 0, 0, -2, 8, -2, -7, 16, -7, -1, -10, 8, 0, 16, -8, 0, 5, 4, 25, 5, -10, -2, 8, 16, 25, -9, 1, -13, -10, 0, -14, -6, -16, 8, 25, 0, -13, 16, -7, 2, 0, -33, -15, 2, 8, 0, 0, -12, 25, 20, -9, 32, -12, -22, -25, 16, 1, 32, -22, 8, 10, -24, 40, -30, -33, -26, 25, 32, 40, -14, 8, -6, -39, 0, -28, -26, -21, 16, 40, 0, -7, 32, -9, -50, 0, -14, -15, -32, 25, 8, 1, -32, 40, 12, -27, 64, -25, -22, -13, 32, 8, 64, -32, 16, 27, -28, 48, -23, -25, -16, 40, 64, 48, -50, 25, -18, -31, 0, -20, -28, -26, 32, 48, 8, -40, 64, -18, -28]
[0, 0, 1, 0, 0, 0, -1, 0, 0, 0, 0, 0, 1, 1, 0, 0, -1, 0, 0, 1, 1, 1, -1, 1, -1, 0, 0, -1, 0, 0, 0, 1, -1, 0, 0, 0, 1, 0, 0, 0, -1, 0, 0, -9, 8, -6, 14, 1, -2, 6, -4, -6, 10, -6, -3, 24, 2, 30, 0, -2, -1, -16, 12, 24, 1, -6, -9, -12, -4, -6, 0, 13, -5, 30, -2, -13, 6, -1, 8, -12, 0, 12, -8, -5, -12, -15, 8, 36, 20, 8, 34, -14, -3, -14, 4, -12, 32, 14, -17, -5, 7, 3, 8, 25, -4, 30, 34, 15, 5, -12, -18, 8, -10, 20, -16, -19, -10, 6, -11, 20, 29, 0, 16, -4, 3, -22, -8, 12, -33, -12, 8, -17, 27, -36, 65, 32, -10, 38, 24, -37, 68, -44, -22, 97, 11, 150, 0, -26, -5, -25, 62, 144, 8, 0, -10, -51, -32, -52, -24, 44, 6, 144, -35, -55, 76, -17, 8, -36, 2, 68, 16, -23, -14, -54, -8, 144, 29, 34, 97, -62, -16, -44, 54, 0, 83, 46, 6, -44, 14, -35, -24, 81, -2, 138, 83, -22, 8, -32, -6, 61, -67, 76, 16, -68, 52, -39, -58, 61, 88, 14, -8]
[0, 0, 0, 0, 0, 0, -1, 0, 0, 0, 1, -1, 0, -1, 0, 0, 0, -1, 1, 1, 0, 0, 0, 0, 0, 0, 0, 0, -2, -1, 1, 0, 0, -2, 0, 1, 0, 0, 0, 0, 0, 5, 0, -4, -2, 0, -7, 0, 0, 0, -1, -1, -10, 0, -3, 2, 0, -7, 0, 0, 0, -5, -9, -16, 0, -5, 1, 0, 2, 0, 0, 0, 4, -7, 3, 0, -14, 8, 0, 4, 0, 0, 0, 0, -6, -12, 0, -4, -4, 0, -12, 0, 0, 0, -12, -4, -12, 0, -4, -16, 0, -21, 0, 0, 0, -7, -16, -15, 0, 11, -1, 0, 12, 0, 0, 0, -4, -21, -1, 0, -20, -5, 0, 3, 0, 0, 0, -20, -4, 14, 0, -37, -22, 0, -35, 0, 0, 0, -21, -5, -26, 0, -5, -18, 0, -38, 0, 0, 0, -37, -28, -48, 0, -22, 0, 0, -2, 0, 0, 0, -40, -43, 2, 0, -14, -4, 0, -4, 0, 0, 0, -18, 8, 7, 0, -24, -36, 0, -65, 0, 0, 0, -28, 8, -76, 0, -19, -29, 0, -56, 0, 0, 0, -26, -65, -39, 0, -33, 5, 0, -28, 0, 0, 0, -38, -44, -12, 0, -52, 4, 0]
[0, 0, 0, 0, 0, 0, -1, -1, 0, 0, 1, 0, 0, 0, 0, 0, 0, 0, -1, 1, 0, 1, 1, 0, 1, 0, 0, 0, 1, -1, 1, 0, 1, -1, 0, 1, 0, 0, 0, -1, -2, 8, 0, -4, 3, 0, -3, 0, 0, 0, -5, 1, -1, 0, -3, 5, 0, -2, 0, 0, 0, -5, 5, -12, 0, -6, -1, 0, 3, 0, 0, 0, 0, 2, 5, 0, -15, 7, 0, 8, 0, 0, 0, 2, 5, -3, 0, 6, -5, 0, 2, 0, 0, 0, -2, 5, -1, 0, 10, -7, 0, -2, 0, 0, 0, -6, -6, 3, 0, 7, 9, 0, 26, 0, 0, 0, 6, 1, 5, 0, -5, -9, 0, 15, 0, 0, 0, -7, -12, 16, 0, -9, -9, 0, -11, 0, 0, 0, -9, -1, -9, 0, -1, 3, 0, -2, 0, 0, 0, -6, -2, -20, 0, -8, 6, 0, 5, 0, 0, 0, -9, -32, 8, 0, 7, 9, 0, 11, 0, 0, 0, 2, 16, 9, 0, 2, -10, 0, -9, 0, 0, 0, 2, 22, -15, 0, 7, -9, 0, -27, 0, 0, 0, 34, -15, -9, 0, 7, 12, 0, -18, 0, 0, 0, -3, -11, 4, 0, 8, 27, 0]
